//alpha
1
//NbLocations
91
//NbProducts
36
//NbPickers
2
//CapaPicker
4
//TimeToTravelOneDistanceUnit
3
//SetupTime
5400
//PickTime
300
//Products
//Idx Location Size
1 1 1
2 2 1
3 3 1
4 4 1
5 5 1
6 6 1
7 7 1
8 8 1
9 9 1
10 10 1
11 11 1
12 12 1
13 13 1
14 14 1
15 15 1
16 16 1
17 17 1
18 18 1
19 19 1
20 20 1
21 21 1
22 22 1
23 23 1
24 24 1
25 25 1
26 26 1
27 27 1
28 28 1
29 29 1
30 30 1
31 31 1
32 32 1
33 33 1
34 34 1
35 35 1
36 36 1
//Orders
//NbOrders
18
//Idx DueDate TardinessPenalty NbProdInOrder ProdIdx1 Qty1 ProdIdx2 Qty2 ...
1 126000 0 1 1 1
2 90000 0 2 2 1 3 1
3 126000 0 2 4 1 5 1
4 90000 0 2 6 1 7 1
5 144000 0 1 8 1
6 54000 0 1 9 1
7 72000 0 2 10 1 11 1
8 72000 0 3 12 1 13 1 14 1
9 36000 0 2 15 1 16 1
10 72000 0 4 17 1 18 1 19 1 20 1
11 126000 0 1 21 1
12 108000 0 1 22 1
13 72000 0 3 23 1 24 1 25 1
14 72000 0 2 26 1 27 1
15 126000 0 3 28 1 29 1 30 1
16 72000 0 3 31 1 32 1 33 1
17 108000 0 2 34 1 35 1
18 36000 0 1 36 1
//Graph (Products are vertices indexed from 1 to NbProducts)
//NbVerticesIntersections
54
//DepartingDepot
0
//ArrivalDepot
91
//Arcs
//Start End Distance
0 37 120
1 77 219
1 78 1012
2 61 219
2 62 1012
3 62 1142
3 63 89
4 15 416
4 80 700
5 30 130
5 90 505
6 82 128
6 83 1103
7 56 778
7 57 453
8 30 247
8 89 349
9 43 258
9 44 973
10 46 869
10 47 362
11 13 65
11 33 390
12 28 312
12 69 557
13 11 65
13 83 180
14 29 390
14 59 245
15 4 416
15 81 115
16 27 676
16 51 141
17 35 624
17 37 570
18 34 52
18 74 206
19 38 349
19 39 882
20 26 91
20 59 1064
21 32 13
21 74 1168
22 65 934
22 66 297
23 52 531
23 53 700
24 67 414
24 68 817
25 53 752
25 54 479
26 20 91
26 58 76
27 16 676
27 50 414
28 12 312
28 36 104
29 14 390
29 60 596
30 5 130
30 8 247
31 55 76
31 56 1155
32 21 13
32 73 50
33 11 390
33 84 596
34 18 52
34 75 973
35 17 624
35 38 37
36 28 104
36 68 258
37 17 570
37 40 48
37 91 120
38 19 349
38 35 37
38 41 48
39 19 882
39 42 48
40 37 48
40 41 1231
40 43 48
41 38 48
41 40 1231
41 42 1231
41 44 48
42 39 48
42 41 1231
42 45 48
43 9 258
43 40 48
43 46 48
44 9 973
44 41 48
44 45 1231
44 47 48
45 42 48
45 44 1231
45 48 48
46 10 869
46 43 48
46 49 48
47 10 362
47 44 48
47 48 1231
47 50 48
48 45 48
48 47 1231
48 51 48
49 46 48
49 50 1231
49 52 48
50 27 414
50 47 48
50 49 1231
50 53 48
51 16 141
51 48 48
51 54 48
52 23 531
52 49 48
52 55 48
53 23 700
53 25 752
53 50 48
53 56 48
54 25 479
54 51 48
54 57 48
55 31 76
55 52 48
55 58 48
56 7 778
56 31 1155
56 53 48
56 59 48
57 7 453
57 54 48
57 60 48
58 26 76
58 55 48
58 61 48
59 14 245
59 20 1064
59 56 48
59 62 48
60 29 596
60 57 48
60 63 48
61 2 219
61 58 48
61 64 48
62 2 1012
62 3 1142
62 59 48
62 65 48
63 3 89
63 60 48
63 66 48
64 61 48
64 65 1231
64 67 48
65 22 934
65 62 48
65 64 1231
65 68 48
66 22 297
66 63 48
66 69 48
67 24 414
67 64 48
67 70 48
68 24 817
68 36 258
68 65 48
68 71 48
69 12 557
69 66 48
69 72 48
70 67 48
70 71 1231
70 73 48
71 68 48
71 70 1231
71 72 1231
71 74 48
72 69 48
72 71 1231
72 75 48
73 32 50
73 70 48
73 76 48
74 18 206
74 21 1168
74 71 48
74 77 48
75 34 973
75 72 48
75 78 48
76 73 48
76 77 1231
76 79 48
77 1 219
77 74 48
77 76 1231
77 80 48
78 1 1012
78 75 48
78 81 48
79 76 48
79 80 1231
79 82 48
80 4 700
80 77 48
80 79 1231
80 83 48
81 15 115
81 78 48
81 84 48
82 6 128
82 79 48
82 85 48
83 6 1103
83 13 180
83 80 48
83 86 48
84 33 596
84 81 48
84 87 48
85 82 48
85 86 1231
85 88 48
86 83 48
86 85 1231
86 87 1231
86 89 48
87 84 48
87 86 1231
87 90 48
88 85 48
88 89 1231
89 8 349
89 86 48
89 88 1231
90 5 505
90 87 48
//LocStart LocEnd ShortestPath
0 0 0
0 1 2194
0 2 723
0 3 2877
0 4 2723
0 5 2893
0 6 968
0 7 2417
0 8 2516
0 9 474
0 10 1133
0 11 2316
0 12 2505
0 13 2251
0 14 1932
0 15 3139
0 16 2633
0 17 690
0 18 2133
0 19 1700
0 20 623
0 21 759
0 22 2717
0 23 891
0 24 1014
0 25 2343
0 26 532
0 27 1957
0 28 2193
0 29 2322
0 30 2763
0 31 484
0 32 746
0 33 2706
0 34 2185
0 35 1314
0 36 2089
0 37 120
0 38 1351
0 39 2582
0 40 168
0 41 1399
0 42 2630
0 43 216
0 44 1447
0 45 2678
0 46 264
0 47 1495
0 48 2726
0 49 312
0 50 1543
0 51 2774
0 52 360
0 53 1591
0 54 2822
0 55 408
0 56 1639
0 57 2870
0 58 456
0 59 1687
0 60 2918
0 61 504
0 62 1735
0 63 2966
0 64 552
0 65 1783
0 66 3014
0 67 600
0 68 1831
0 69 3062
0 70 648
0 71 1879
0 72 3110
0 73 696
0 74 1927
0 75 3158
0 76 744
0 77 1975
0 78 3206
0 79 792
0 80 2023
0 81 3254
0 82 840
0 83 2071
0 84 3302
0 85 888
0 86 2119
0 87 3350
0 88 936
0 89 2167
0 90 3398
0 91 0
1 0 2194
1 1 0
1 2 1471
1 3 1341
1 4 967
1 5 1137
1 6 1418
1 7 1333
1 8 760
1 9 1720
1 10 1061
1 11 560
1 12 1037
1 13 495
1 14 752
1 15 1175
1 16 1585
1 17 1504
1 18 473
1 19 1192
1 20 1571
1 21 1435
1 22 1345
1 23 1303
1 24 1180
1 25 1355
1 26 1662
1 27 1065
1 28 725
1 29 1142
1 30 1007
1 31 1710
1 32 1448
1 33 950
1 34 525
1 35 880
1 36 621
1 37 2074
1 38 843
1 39 1636
1 40 2026
1 41 795
1 42 1588
1 43 1978
1 44 747
1 45 1540
1 46 1930
1 47 699
1 48 1492
1 49 1882
1 50 651
1 51 1444
1 52 1834
1 53 603
1 54 1396
1 55 1786
1 56 555
1 57 1348
1 58 1738
1 59 507
1 60 1300
1 61 1690
1 62 459
1 63 1252
1 64 1642
1 65 411
1 66 1204
1 67 1594
1 68 363
1 69 1156
1 70 1546
1 71 315
1 72 1108
1 73 1498
1 74 267
1 75 1060
1 76 1450
1 77 219
1 78 1012
1 79 1498
1 80 267
1 81 1060
1 82 1546
1 83 315
1 84 1108
1 85 1594
1 86 363
1 87 1156
1 88 1642
1 89 411
1 90 1204
1 91 2194
2 0 723
2 1 1471
2 2 0
2 3 2154
2 4 2000
2 5 2170
2 6 683
2 7 1886
2 8 1793
2 9 765
2 10 1328
2 11 1593
2 12 1782
2 13 1528
2 14 1305
2 15 2416
2 16 2294
2 17 1173
2 18 1410
2 19 1745
2 20 434
2 21 474
2 22 1994
2 23 894
2 24 729
2 25 1908
2 26 343
2 27 1618
2 28 1470
2 29 1695
2 30 2040
2 31 391
2 32 461
2 33 1983
2 34 1462
2 35 1433
2 36 1366
2 37 603
2 38 1396
2 39 2627
2 40 555
2 41 1348
2 42 2579
2 43 507
2 44 1300
2 45 2531
2 46 459
2 47 1252
2 48 2483
2 49 411
2 50 1204
2 51 2435
2 52 363
2 53 1156
2 54 2387
2 55 315
2 56 1108
2 57 2339
2 58 267
2 59 1060
2 60 2291
2 61 219
2 62 1012
2 63 2243
2 64 267
2 65 1060
2 66 2291
2 67 315
2 68 1108
2 69 2339
2 70 363
2 71 1156
2 72 2387
2 73 411
2 74 1204
2 75 2435
2 76 459
2 77 1252
2 78 2483
2 79 507
2 80 1300
2 81 2531
2 82 555
2 83 1348
2 84 2579
2 85 603
2 86 1396
2 87 2627
2 88 651
2 89 1444
2 90 2675
2 91 723
3 0 2877
3 1 1341
3 2 2154
3 3 0
3 4 908
3 5 1026
3 6 2581
3 7 638
3 8 1403
3 9 2403
3 10 1744
3 11 1411
3 12 742
3 13 1476
3 14 1123
3 15 492
3 16 422
3 17 2187
3 18 1306
3 19 1355
3 20 2254
3 21 2502
3 22 434
3 23 1986
3 24 2055
3 25 712
3 26 2345
3 27 1098
3 28 1054
3 29 733
3 30 1156
3 31 2393
3 32 2515
3 33 1021
3 34 1254
3 35 1563
3 36 1158
3 37 2757
3 38 1526
3 39 473
3 40 2709
3 41 1478
3 42 425
3 43 2661
3 44 1430
3 45 377
3 46 2613
3 47 1382
3 48 329
3 49 2565
3 50 1334
3 51 281
3 52 2517
3 53 1286
3 54 233
3 55 2469
3 56 1238
3 57 185
3 58 2421
3 59 1190
3 60 137
3 61 2373
3 62 1142
3 63 89
3 64 2421
3 65 1190
3 66 137
3 67 2469
3 68 1238
3 69 185
3 70 2517
3 71 1286
3 72 233
3 73 2565
3 74 1334
3 75 281
3 76 2613
3 77 1382
3 78 329
3 79 2661
3 80 1430
3 81 377
3 82 2709
3 83 1478
3 84 425
3 85 2757
3 86 1526
3 87 473
3 88 2805
3 89 1574
3 90 521
3 91 2877
4 0 2723
4 1 967
4 2 2000
4 3 908
4 4 0
4 5 1180
4 6 1851
4 7 1368
4 8 1193
4 9 2249
4 10 1590
4 11 993
4 12 1280
4 13 928
4 14 1281
4 15 416
4 16 1152
4 17 2033
4 18 1002
4 19 1721
4 20 2100
4 21 1964
4 22 1068
4 23 1832
4 24 1709
4 25 1442
4 26 2191
4 27 1594
4 28 1254
4 29 1463
4 30 1310
4 31 2239
4 32 1977
4 33 1175
4 34 1054
4 35 1409
4 36 1150
4 37 2603
4 38 1372
4 39 1203
4 40 2555
4 41 1324
4 42 1155
4 43 2507
4 44 1276
4 45 1107
4 46 2459
4 47 1228
4 48 1059
4 49 2411
4 50 1180
4 51 1011
4 52 2363
4 53 1132
4 54 963
4 55 2315
4 56 1084
4 57 915
4 58 2267
4 59 1036
4 60 867
4 61 2219
4 62 988
4 63 819
4 64 2171
4 65 940
4 66 771
4 67 2123
4 68 892
4 69 723
4 70 2075
4 71 844
4 72 675
4 73 2027
4 74 796
4 75 627
4 76 1979
4 77 748
4 78 579
4 79 1931
4 80 700
4 81 531
4 82 1979
4 83 748
4 84 579
4 85 2027
4 86 796
4 87 627
4 88 2075
4 89 844
4 90 675
4 91 2723
5 0 2893
5 1 1137
5 2 2170
5 3 1026
5 4 1180
5 5 0
5 6 1925
5 7 1486
5 8 377
5 9 2419
5 10 1760
5 11 1067
5 12 1398
5 13 1002
5 14 1451
5 15 764
5 16 1270
5 17 2203
5 18 1172
5 19 1891
5 20 2270
5 21 2134
5 22 1186
5 23 2002
5 24 1879
5 25 1560
5 26 2361
5 27 1764
5 28 1424
5 29 1581
5 30 130
5 31 2409
5 32 2147
5 33 1197
5 34 1224
5 35 1579
5 36 1320
5 37 2773
5 38 1542
5 39 1321
5 40 2725
5 41 1494
5 42 1273
5 43 2677
5 44 1446
5 45 1225
5 46 2629
5 47 1398
5 48 1177
5 49 2581
5 50 1350
5 51 1129
5 52 2533
5 53 1302
5 54 1081
5 55 2485
5 56 1254
5 57 1033
5 58 2437
5 59 1206
5 60 985
5 61 2389
5 62 1158
5 63 937
5 64 2341
5 65 1110
5 66 889
5 67 2293
5 68 1062
5 69 841
5 70 2245
5 71 1014
5 72 793
5 73 2197
5 74 966
5 75 745
5 76 2149
5 77 918
5 78 697
5 79 2101
5 80 870
5 81 649
5 82 2053
5 83 822
5 84 601
5 85 2005
5 86 774
5 87 553
5 88 1957
5 89 726
5 90 505
5 91 2893
6 0 968
6 1 1418
6 2 683
6 3 2581
6 4 1851
6 5 1925
6 6 0
6 7 2313
6 8 1548
6 9 1010
6 10 1573
6 11 1348
6 12 2017
6 13 1283
6 14 1732
6 15 2267
6 16 2721
6 17 1418
6 18 1453
6 19 2172
6 20 679
6 21 335
6 22 2325
6 23 1139
6 24 782
6 25 2335
6 26 588
6 27 2045
6 28 1705
6 29 2122
6 30 1795
6 31 636
6 32 322
6 33 1738
6 34 1505
6 35 1860
6 36 1601
6 37 848
6 38 1823
6 39 3054
6 40 800
6 41 1775
6 42 3006
6 43 752
6 44 1727
6 45 2958
6 46 704
6 47 1679
6 48 2910
6 49 656
6 50 1631
6 51 2862
6 52 608
6 53 1583
6 54 2814
6 55 560
6 56 1535
6 57 2766
6 58 512
6 59 1487
6 60 2718
6 61 464
6 62 1439
6 63 2670
6 64 416
6 65 1391
6 66 2622
6 67 368
6 68 1343
6 69 2574
6 70 320
6 71 1295
6 72 2526
6 73 272
6 74 1247
6 75 2478
6 76 224
6 77 1199
6 78 2430
6 79 176
6 80 1151
6 81 2382
6 82 128
6 83 1103
6 84 2334
6 85 176
6 86 1151
6 87 2382
6 88 224
6 89 1199
6 90 2430
6 91 968
7 0 2417
7 1 1333
7 2 1886
7 3 638
7 4 1368
7 5 1486
7 6 2313
7 7 0
7 8 1655
7 9 1943
7 10 1284
7 11 1455
7 12 1202
7 13 1390
7 14 1071
7 15 952
7 16 690
7 17 1727
7 18 1272
7 19 1415
7 20 1890
7 21 2234
7 22 894
7 23 1526
7 24 1787
7 25 980
7 26 1981
7 27 1288
7 28 1332
7 29 1097
7 30 1616
7 31 1933
7 32 2247
7 33 1481
7 34 1324
7 35 1103
7 36 1228
7 37 2297
7 38 1066
7 39 741
7 40 2249
7 41 1018
7 42 693
7 43 2201
7 44 970
7 45 645
7 46 2153
7 47 922
7 48 597
7 49 2105
7 50 874
7 51 549
7 52 2057
7 53 826
7 54 501
7 55 2009
7 56 778
7 57 453
7 58 2057
7 59 826
7 60 501
7 61 2105
7 62 874
7 63 549
7 64 2153
7 65 922
7 66 597
7 67 2201
7 68 970
7 69 645
7 70 2249
7 71 1018
7 72 693
7 73 2297
7 74 1066
7 75 741
7 76 2345
7 77 1114
7 78 789
7 79 2393
7 80 1162
7 81 837
7 82 2441
7 83 1210
7 84 885
7 85 2489
7 86 1258
7 87 933
7 88 2537
7 89 1306
7 90 981
7 91 2417
8 0 2516
8 1 760
8 2 1793
8 3 1403
8 4 1193
8 5 377
8 6 1548
8 7 1655
8 8 0
8 9 2042
8 10 1383
8 11 690
8 12 1359
8 13 625
8 14 1074
8 15 1141
8 16 1647
8 17 1826
8 18 795
8 19 1514
8 20 1893
8 21 1757
8 22 1563
8 23 1625
8 24 1502
8 25 1677
8 26 1984
8 27 1387
8 28 1047
8 29 1464
8 30 247
8 31 2032
8 32 1770
8 33 1080
8 34 847
8 35 1202
8 36 943
8 37 2396
8 38 1165
8 39 1698
8 40 2348
8 41 1117
8 42 1650
8 43 2300
8 44 1069
8 45 1602
8 46 2252
8 47 1021
8 48 1554
8 49 2204
8 50 973
8 51 1506
8 52 2156
8 53 925
8 54 1458
8 55 2108
8 56 877
8 57 1410
8 58 2060
8 59 829
8 60 1362
8 61 2012
8 62 781
8 63 1314
8 64 1964
8 65 733
8 66 1266
8 67 1916
8 68 685
8 69 1218
8 70 1868
8 71 637
8 72 1170
8 73 1820
8 74 589
8 75 1122
8 76 1772
8 77 541
8 78 1074
8 79 1724
8 80 493
8 81 1026
8 82 1676
8 83 445
8 84 978
8 85 1628
8 86 397
8 87 930
8 88 1580
8 89 349
8 90 882
8 91 2516
9 0 474
9 1 1720
9 2 765
9 3 2403
9 4 2249
9 5 2419
9 6 1010
9 7 1943
9 8 2042
9 9 0
9 10 1175
9 11 1842
9 12 2031
9 13 1777
9 14 1458
9 15 2665
9 16 2159
9 17 924
9 18 1659
9 19 1418
9 20 665
9 21 801
9 22 2243
9 23 933
9 24 1056
9 25 1869
9 26 574
9 27 1483
9 28 1719
9 29 1848
9 30 2289
9 31 526
9 32 788
9 33 2232
9 34 1711
9 35 1106
9 36 1615
9 37 354
9 38 1069
9 39 2300
9 40 306
9 41 1021
9 42 2252
9 43 258
9 44 973
9 45 2204
9 46 306
9 47 1021
9 48 2252
9 49 354
9 50 1069
9 51 2300
9 52 402
9 53 1117
9 54 2348
9 55 450
9 56 1165
9 57 2396
9 58 498
9 59 1213
9 60 2444
9 61 546
9 62 1261
9 63 2492
9 64 594
9 65 1309
9 66 2540
9 67 642
9 68 1357
9 69 2588
9 70 690
9 71 1405
9 72 2636
9 73 738
9 74 1453
9 75 2684
9 76 786
9 77 1501
9 78 2732
9 79 834
9 80 1549
9 81 2780
9 82 882
9 83 1597
9 84 2828
9 85 930
9 86 1645
9 87 2876
9 88 978
9 89 1693
9 90 2924
9 91 474
10 0 1133
10 1 1061
10 2 1328
10 3 1744
10 4 1590
10 5 1760
10 6 1573
10 7 1284
10 8 1383
10 9 1175
10 10 0
10 11 1183
10 12 1372
10 13 1118
10 14 799
10 15 2006
10 16 1500
10 17 1167
10 18 1000
10 19 855
10 20 1228
10 21 1364
10 22 1584
10 23 1158
10 24 1515
10 25 1210
10 26 1137
10 27 824
10 28 1060
10 29 1189
10 30 1630
10 31 1089
10 32 1351
10 33 1573
10 34 1052
10 35 543
10 36 956
10 37 1013
10 38 506
10 39 1737
10 40 965
10 41 458
10 42 1689
10 43 917
10 44 410
10 45 1641
10 46 869
10 47 362
10 48 1593
10 49 917
10 50 410
10 51 1641
10 52 965
10 53 458
10 54 1689
10 55 1013
10 56 506
10 57 1737
10 58 1061
10 59 554
10 60 1785
10 61 1109
10 62 602
10 63 1833
10 64 1157
10 65 650
10 66 1881
10 67 1205
10 68 698
10 69 1929
10 70 1253
10 71 746
10 72 1977
10 73 1301
10 74 794
10 75 2025
10 76 1349
10 77 842
10 78 2073
10 79 1397
10 80 890
10 81 2121
10 82 1445
10 83 938
10 84 2169
10 85 1493
10 86 986
10 87 2217
10 88 1541
10 89 1034
10 90 2265
10 91 1133
11 0 2316
11 1 560
11 2 1593
11 3 1411
11 4 993
11 5 1067
11 6 1348
11 7 1455
11 8 690
11 9 1842
11 10 1183
11 11 0
11 12 1159
11 13 65
11 14 874
11 15 1149
11 16 1655
11 17 1626
11 18 595
11 19 1314
11 20 1693
11 21 1557
11 22 1467
11 23 1425
11 24 1302
11 25 1477
11 26 1784
11 27 1187
11 28 847
11 29 1264
11 30 937
11 31 1832
11 32 1570
11 33 390
11 34 647
11 35 1002
11 36 743
11 37 2196
11 38 965
11 39 1706
11 40 2148
11 41 917
11 42 1658
11 43 2100
11 44 869
11 45 1610
11 46 2052
11 47 821
11 48 1562
11 49 2004
11 50 773
11 51 1514
11 52 1956
11 53 725
11 54 1466
11 55 1908
11 56 677
11 57 1418
11 58 1860
11 59 629
11 60 1370
11 61 1812
11 62 581
11 63 1322
11 64 1764
11 65 533
11 66 1274
11 67 1716
11 68 485
11 69 1226
11 70 1668
11 71 437
11 72 1178
11 73 1620
11 74 389
11 75 1130
11 76 1572
11 77 341
11 78 1082
11 79 1524
11 80 293
11 81 1034
11 82 1476
11 83 245
11 84 986
11 85 1524
11 86 293
11 87 1034
11 88 1572
11 89 341
11 90 1082
11 91 2316
12 0 2505
12 1 1037
12 2 1782
12 3 742
12 4 1280
12 5 1398
12 6 2017
12 7 1202
12 8 1359
12 9 2031
12 10 1372
12 11 1159
12 12 0
12 13 1094
12 14 1063
12 15 864
12 16 986
12 17 1815
12 18 976
12 19 1503
12 20 1882
12 21 1938
12 22 902
12 23 1614
12 24 1491
12 25 1276
12 26 1973
12 27 1376
12 28 312
12 29 1297
12 30 1528
12 31 2021
12 32 1951
12 33 1393
12 34 1028
12 35 1191
12 36 416
12 37 2385
12 38 1154
12 39 1037
12 40 2337
12 41 1106
12 42 989
12 43 2289
12 44 1058
12 45 941
12 46 2241
12 47 1010
12 48 893
12 49 2193
12 50 962
12 51 845
12 52 2145
12 53 914
12 54 797
12 55 2097
12 56 866
12 57 749
12 58 2049
12 59 818
12 60 701
12 61 2001
12 62 770
12 63 653
12 64 1953
12 65 722
12 66 605
12 67 1905
12 68 674
12 69 557
12 70 1953
12 71 722
12 72 605
12 73 2001
12 74 770
12 75 653
12 76 2049
12 77 818
12 78 701
12 79 2097
12 80 866
12 81 749
12 82 2145
12 83 914
12 84 797
12 85 2193
12 86 962
12 87 845
12 88 2241
12 89 1010
12 90 893
12 91 2505
13 0 2251
13 1 495
13 2 1528
13 3 1476
13 4 928
13 5 1002
13 6 1283
13 7 1390
13 8 625
13 9 1777
13 10 1118
13 11 65
13 12 1094
13 13 0
13 14 809
13 15 1214
13 16 1720
13 17 1561
13 18 530
13 19 1249
13 20 1628
13 21 1492
13 22 1402
13 23 1360
13 24 1237
13 25 1412
13 26 1719
13 27 1122
13 28 782
13 29 1199
13 30 872
13 31 1767
13 32 1505
13 33 455
13 34 582
13 35 937
13 36 678
13 37 2131
13 38 900
13 39 1771
13 40 2083
13 41 852
13 42 1723
13 43 2035
13 44 804
13 45 1675
13 46 1987
13 47 756
13 48 1627
13 49 1939
13 50 708
13 51 1579
13 52 1891
13 53 660
13 54 1531
13 55 1843
13 56 612
13 57 1483
13 58 1795
13 59 564
13 60 1435
13 61 1747
13 62 516
13 63 1387
13 64 1699
13 65 468
13 66 1339
13 67 1651
13 68 420
13 69 1291
13 70 1603
13 71 372
13 72 1243
13 73 1555
13 74 324
13 75 1195
13 76 1507
13 77 276
13 78 1147
13 79 1459
13 80 228
13 81 1099
13 82 1411
13 83 180
13 84 1051
13 85 1459
13 86 228
13 87 1099
13 88 1507
13 89 276
13 90 1147
13 91 2251
14 0 1932
14 1 752
14 2 1305
14 3 1123
14 4 1281
14 5 1451
14 6 1732
14 7 1071
14 8 1074
14 9 1458
14 10 799
14 11 874
14 12 1063
14 13 809
14 14 0
14 15 1437
14 16 1271
14 17 1242
14 18 691
14 19 930
14 20 1309
14 21 1653
14 22 1275
14 23 1041
14 24 1206
14 25 1093
14 26 1400
14 27 803
14 28 751
14 29 390
14 30 1321
14 31 1448
14 32 1666
14 33 1264
14 34 743
14 35 618
14 36 647
14 37 1812
14 38 581
14 39 1322
14 40 1764
14 41 533
14 42 1274
14 43 1716
14 44 485
14 45 1226
14 46 1668
14 47 437
14 48 1178
14 49 1620
14 50 389
14 51 1130
14 52 1572
14 53 341
14 54 1082
14 55 1524
14 56 293
14 57 1034
14 58 1476
14 59 245
14 60 986
14 61 1524
14 62 293
14 63 1034
14 64 1572
14 65 341
14 66 1082
14 67 1620
14 68 389
14 69 1130
14 70 1668
14 71 437
14 72 1178
14 73 1716
14 74 485
14 75 1226
14 76 1764
14 77 533
14 78 1274
14 79 1812
14 80 581
14 81 1322
14 82 1860
14 83 629
14 84 1370
14 85 1908
14 86 677
14 87 1418
14 88 1956
14 89 725
14 90 1466
14 91 1932
15 0 3139
15 1 1175
15 2 2416
15 3 492
15 4 416
15 5 764
15 6 2267
15 7 952
15 8 1141
15 9 2665
15 10 2006
15 11 1149
15 12 864
15 13 1214
15 14 1437
15 15 0
15 16 736
15 17 2449
15 18 1236
15 19 1669
15 20 2516
15 21 2380
15 22 652
15 23 2248
15 24 2125
15 25 1026
15 26 2607
15 27 1412
15 28 1176
15 29 1047
15 30 894
15 31 2655
15 32 2393
15 33 759
15 34 1184
15 35 1825
15 36 1280
15 37 3019
15 38 1788
15 39 787
15 40 2971
15 41 1740
15 42 739
15 43 2923
15 44 1692
15 45 691
15 46 2875
15 47 1644
15 48 643
15 49 2827
15 50 1596
15 51 595
15 52 2779
15 53 1548
15 54 547
15 55 2731
15 56 1500
15 57 499
15 58 2683
15 59 1452
15 60 451
15 61 2635
15 62 1404
15 63 403
15 64 2587
15 65 1356
15 66 355
15 67 2539
15 68 1308
15 69 307
15 70 2491
15 71 1260
15 72 259
15 73 2443
15 74 1212
15 75 211
15 76 2395
15 77 1164
15 78 163
15 79 2347
15 80 1116
15 81 115
15 82 2395
15 83 1164
15 84 163
15 85 2443
15 86 1212
15 87 211
15 88 2491
15 89 1260
15 90 259
15 91 3139
16 0 2633
16 1 1585
16 2 2294
16 3 422
16 4 1152
16 5 1270
16 6 2721
16 7 690
16 8 1647
16 9 2159
16 10 1500
16 11 1655
16 12 986
16 13 1720
16 14 1271
16 15 736
16 16 0
16 17 1943
16 18 1550
16 19 1215
16 20 2298
16 21 2642
16 22 678
16 23 1838
16 24 2195
16 25 668
16 26 2389
16 27 676
16 28 1298
16 29 881
16 30 1400
16 31 2341
16 32 2655
16 33 1265
16 34 1498
16 35 1319
16 36 1402
16 37 2513
16 38 1282
16 39 333
16 40 2465
16 41 1234
16 42 285
16 43 2417
16 44 1186
16 45 237
16 46 2369
16 47 1138
16 48 189
16 49 2321
16 50 1090
16 51 141
16 52 2369
16 53 1138
16 54 189
16 55 2417
16 56 1186
16 57 237
16 58 2465
16 59 1234
16 60 285
16 61 2513
16 62 1282
16 63 333
16 64 2561
16 65 1330
16 66 381
16 67 2609
16 68 1378
16 69 429
16 70 2657
16 71 1426
16 72 477
16 73 2705
16 74 1474
16 75 525
16 76 2753
16 77 1522
16 78 573
16 79 2801
16 80 1570
16 81 621
16 82 2849
16 83 1618
16 84 669
16 85 2897
16 86 1666
16 87 717
16 88 2945
16 89 1714
16 90 765
16 91 2633
17 0 690
17 1 1504
17 2 1173
17 3 2187
17 4 2033
17 5 2203
17 6 1418
17 7 1727
17 8 1826
17 9 924
17 10 1167
17 11 1626
17 12 1815
17 13 1561
17 14 1242
17 15 2449
17 16 1943
17 17 0
17 18 1443
17 19 1010
17 20 1073
17 21 1209
17 22 2027
17 23 1341
17 24 1464
17 25 1653
17 26 982
17 27 1267
17 28 1503
17 29 1632
17 30 2073
17 31 934
17 32 1196
17 33 2016
17 34 1495
17 35 624
17 36 1399
17 37 570
17 38 661
17 39 1892
17 40 618
17 41 709
17 42 1940
17 43 666
17 44 757
17 45 1988
17 46 714
17 47 805
17 48 2036
17 49 762
17 50 853
17 51 2084
17 52 810
17 53 901
17 54 2132
17 55 858
17 56 949
17 57 2180
17 58 906
17 59 997
17 60 2228
17 61 954
17 62 1045
17 63 2276
17 64 1002
17 65 1093
17 66 2324
17 67 1050
17 68 1141
17 69 2372
17 70 1098
17 71 1189
17 72 2420
17 73 1146
17 74 1237
17 75 2468
17 76 1194
17 77 1285
17 78 2516
17 79 1242
17 80 1333
17 81 2564
17 82 1290
17 83 1381
17 84 2612
17 85 1338
17 86 1429
17 87 2660
17 88 1386
17 89 1477
17 90 2708
17 91 690
18 0 2133
18 1 473
18 2 1410
18 3 1306
18 4 1002
18 5 1172
18 6 1453
18 7 1272
18 8 795
18 9 1659
18 10 1000
18 11 595
18 12 976
18 13 530
18 14 691
18 15 1236
18 16 1550
18 17 1443
18 18 0
18 19 1131
18 20 1510
18 21 1374
18 22 1284
18 23 1242
18 24 1119
18 25 1294
18 26 1601
18 27 1004
18 28 664
18 29 1081
18 30 1042
18 31 1649
18 32 1387
18 33 985
18 34 52
18 35 819
18 36 560
18 37 2013
18 38 782
18 39 1601
18 40 1965
18 41 734
18 42 1553
18 43 1917
18 44 686
18 45 1505
18 46 1869
18 47 638
18 48 1457
18 49 1821
18 50 590
18 51 1409
18 52 1773
18 53 542
18 54 1361
18 55 1725
18 56 494
18 57 1313
18 58 1677
18 59 446
18 60 1265
18 61 1629
18 62 398
18 63 1217
18 64 1581
18 65 350
18 66 1169
18 67 1533
18 68 302
18 69 1121
18 70 1485
18 71 254
18 72 1073
18 73 1437
18 74 206
18 75 1025
18 76 1485
18 77 254
18 78 1073
18 79 1533
18 80 302
18 81 1121
18 82 1581
18 83 350
18 84 1169
18 85 1629
18 86 398
18 87 1217
18 88 1677
18 89 446
18 90 1265
18 91 2133
19 0 1700
19 1 1192
19 2 1745
19 3 1355
19 4 1721
19 5 1891
19 6 2172
19 7 1415
19 8 1514
19 9 1418
19 10 855
19 11 1314
19 12 1503
19 13 1249
19 14 930
19 15 1669
19 16 1215
19 17 1010
19 18 1131
19 19 0
19 20 1749
19 21 2093
19 22 1611
19 23 1289
19 24 1646
19 25 1341
19 26 1840
19 27 955
19 28 1191
19 29 1320
19 30 1761
19 31 1792
19 32 2106
19 33 1704
19 34 1183
19 35 386
19 36 1087
19 37 1580
19 38 349
19 39 882
19 40 1628
19 41 397
19 42 930
19 43 1676
19 44 445
19 45 978
19 46 1724
19 47 493
19 48 1026
19 49 1772
19 50 541
19 51 1074
19 52 1820
19 53 589
19 54 1122
19 55 1868
19 56 637
19 57 1170
19 58 1916
19 59 685
19 60 1218
19 61 1964
19 62 733
19 63 1266
19 64 2012
19 65 781
19 66 1314
19 67 2060
19 68 829
19 69 1362
19 70 2108
19 71 877
19 72 1410
19 73 2156
19 74 925
19 75 1458
19 76 2204
19 77 973
19 78 1506
19 79 2252
19 80 1021
19 81 1554
19 82 2300
19 83 1069
19 84 1602
19 85 2348
19 86 1117
19 87 1650
19 88 2396
19 89 1165
19 90 1698
19 91 1700
20 0 623
20 1 1571
20 2 434
20 3 2254
20 4 2100
20 5 2270
20 6 679
20 7 1890
20 8 1893
20 9 665
20 10 1228
20 11 1693
20 12 1882
20 13 1628
20 14 1309
20 15 2516
20 16 2298
20 17 1073
20 18 1510
20 19 1749
20 20 0
20 21 470
20 22 2094
20 23 794
20 24 725
20 25 1912
20 26 91
20 27 1622
20 28 1570
20 29 1699
20 30 2140
20 31 291
20 32 457
20 33 2083
20 34 1562
20 35 1437
20 36 1466
20 37 503
20 38 1400
20 39 2631
20 40 455
20 41 1352
20 42 2583
20 43 407
20 44 1304
20 45 2535
20 46 359
20 47 1256
20 48 2487
20 49 311
20 50 1208
20 51 2439
20 52 263
20 53 1160
20 54 2391
20 55 215
20 56 1112
20 57 2343
20 58 167
20 59 1064
20 60 2295
20 61 215
20 62 1112
20 63 2343
20 64 263
20 65 1160
20 66 2391
20 67 311
20 68 1208
20 69 2439
20 70 359
20 71 1256
20 72 2487
20 73 407
20 74 1304
20 75 2535
20 76 455
20 77 1352
20 78 2583
20 79 503
20 80 1400
20 81 2631
20 82 551
20 83 1448
20 84 2679
20 85 599
20 86 1496
20 87 2727
20 88 647
20 89 1544
20 90 2775
20 91 623
21 0 759
21 1 1435
21 2 474
21 3 2502
21 4 1964
21 5 2134
21 6 335
21 7 2234
21 8 1757
21 9 801
21 10 1364
21 11 1557
21 12 1938
21 13 1492
21 14 1653
21 15 2380
21 16 2642
21 17 1209
21 18 1374
21 19 2093
21 20 470
21 21 0
21 22 2246
21 23 930
21 24 573
21 25 2256
21 26 379
21 27 1966
21 28 1626
21 29 2043
21 30 2004
21 31 427
21 32 13
21 33 1947
21 34 1426
21 35 1781
21 36 1522
21 37 639
21 38 1744
21 39 2975
21 40 591
21 41 1696
21 42 2927
21 43 543
21 44 1648
21 45 2879
21 46 495
21 47 1600
21 48 2831
21 49 447
21 50 1552
21 51 2783
21 52 399
21 53 1504
21 54 2735
21 55 351
21 56 1456
21 57 2687
21 58 303
21 59 1408
21 60 2639
21 61 255
21 62 1360
21 63 2591
21 64 207
21 65 1312
21 66 2543
21 67 159
21 68 1264
21 69 2495
21 70 111
21 71 1216
21 72 2447
21 73 63
21 74 1168
21 75 2399
21 76 111
21 77 1216
21 78 2447
21 79 159
21 80 1264
21 81 2495
21 82 207
21 83 1312
21 84 2543
21 85 255
21 86 1360
21 87 2591
21 88 303
21 89 1408
21 90 2639
21 91 759
22 0 2717
22 1 1345
22 2 1994
22 3 434
22 4 1068
22 5 1186
22 6 2325
22 7 894
22 8 1563
22 9 2243
22 10 1584
22 11 1467
22 12 902
22 13 1402
22 14 1275
22 15 652
22 16 678
22 17 2027
22 18 1284
22 19 1611
22 20 2094
22 21 2246
22 22 0
22 23 1826
22 24 1799
22 25 968
22 26 2185
22 27 1354
22 28 1214
22 29 989
22 30 1316
22 31 2233
22 32 2259
22 33 1181
22 34 1336
22 35 1403
22 36 1240
22 37 2597
22 38 1366
22 39 729
22 40 2549
22 41 1318
22 42 681
22 43 2501
22 44 1270
22 45 633
22 46 2453
22 47 1222
22 48 585
22 49 2405
22 50 1174
22 51 537
22 52 2357
22 53 1126
22 54 489
22 55 2309
22 56 1078
22 57 441
22 58 2261
22 59 1030
22 60 393
22 61 2213
22 62 982
22 63 345
22 64 2165
22 65 934
22 66 297
22 67 2213
22 68 982
22 69 345
22 70 2261
22 71 1030
22 72 393
22 73 2309
22 74 1078
22 75 441
22 76 2357
22 77 1126
22 78 489
22 79 2405
22 80 1174
22 81 537
22 82 2453
22 83 1222
22 84 585
22 85 2501
22 86 1270
22 87 633
22 88 2549
22 89 1318
22 90 681
22 91 2717
23 0 891
23 1 1303
23 2 894
23 3 1986
23 4 1832
23 5 2002
23 6 1139
23 7 1526
23 8 1625
23 9 933
23 10 1158
23 11 1425
23 12 1614
23 13 1360
23 14 1041
23 15 2248
23 16 1838
23 17 1341
23 18 1242
23 19 1289
23 20 794
23 21 930
23 22 1826
23 23 0
23 24 1185
23 25 1452
23 26 703
23 27 1162
23 28 1302
23 29 1431
23 30 1872
23 31 655
23 32 917
23 33 1815
23 34 1294
23 35 977
23 36 1198
23 37 771
23 38 940
23 39 2171
23 40 723
23 41 892
23 42 2123
23 43 675
23 44 844
23 45 2075
23 46 627
23 47 796
23 48 2027
23 49 579
23 50 748
23 51 1979
23 52 531
23 53 700
23 54 1931
23 55 579
23 56 748
23 57 1979
23 58 627
23 59 796
23 60 2027
23 61 675
23 62 844
23 63 2075
23 64 723
23 65 892
23 66 2123
23 67 771
23 68 940
23 69 2171
23 70 819
23 71 988
23 72 2219
23 73 867
23 74 1036
23 75 2267
23 76 915
23 77 1084
23 78 2315
23 79 963
23 80 1132
23 81 2363
23 82 1011
23 83 1180
23 84 2411
23 85 1059
23 86 1228
23 87 2459
23 88 1107
23 89 1276
23 90 2507
23 91 891
24 0 1014
24 1 1180
24 2 729
24 3 2055
24 4 1709
24 5 1879
24 6 782
24 7 1787
24 8 1502
24 9 1056
24 10 1515
24 11 1302
24 12 1491
24 13 1237
24 14 1206
24 15 2125
24 16 2195
24 17 1464
24 18 1119
24 19 1646
24 20 725
24 21 573
24 22 1799
24 23 1185
24 24 0
24 25 1809
24 26 634
24 27 1519
24 28 1179
24 29 1596
24 30 1749
24 31 682
24 32 560
24 33 1692
24 34 1171
24 35 1334
24 36 1075
24 37 894
24 38 1297
24 39 2528
24 40 846
24 41 1249
24 42 2480
24 43 798
24 44 1201
24 45 2432
24 46 750
24 47 1153
24 48 2384
24 49 702
24 50 1105
24 51 2336
24 52 654
24 53 1057
24 54 2288
24 55 606
24 56 1009
24 57 2240
24 58 558
24 59 961
24 60 2192
24 61 510
24 62 913
24 63 2144
24 64 462
24 65 865
24 66 2096
24 67 414
24 68 817
24 69 2048
24 70 462
24 71 865
24 72 2096
24 73 510
24 74 913
24 75 2144
24 76 558
24 77 961
24 78 2192
24 79 606
24 80 1009
24 81 2240
24 82 654
24 83 1057
24 84 2288
24 85 702
24 86 1105
24 87 2336
24 88 750
24 89 1153
24 90 2384
24 91 1014
25 0 2343
25 1 1355
25 2 1908
25 3 712
25 4 1442
25 5 1560
25 6 2335
25 7 980
25 8 1677
25 9 1869
25 10 1210
25 11 1477
25 12 1276
25 13 1412
25 14 1093
25 15 1026
25 16 668
25 17 1653
25 18 1294
25 19 1341
25 20 1912
25 21 2256
25 22 968
25 23 1452
25 24 1809
25 25 0
25 26 2003
25 27 1214
25 28 1354
25 29 1171
25 30 1690
25 31 1955
25 32 2269
25 33 1555
25 34 1346
25 35 1029
25 36 1250
25 37 2223
25 38 992
25 39 719
25 40 2175
25 41 944
25 42 671
25 43 2127
25 44 896
25 45 623
25 46 2079
25 47 848
25 48 575
25 49 2031
25 50 800
25 51 527
25 52 1983
25 53 752
25 54 479
25 55 2031
25 56 800
25 57 527
25 58 2079
25 59 848
25 60 575
25 61 2127
25 62 896
25 63 623
25 64 2175
25 65 944
25 66 671
25 67 2223
25 68 992
25 69 719
25 70 2271
25 71 1040
25 72 767
25 73 2319
25 74 1088
25 75 815
25 76 2367
25 77 1136
25 78 863
25 79 2415
25 80 1184
25 81 911
25 82 2463
25 83 1232
25 84 959
25 85 2511
25 86 1280
25 87 1007
25 88 2559
25 89 1328
25 90 1055
25 91 2343
26 0 532
26 1 1662
26 2 343
26 3 2345
26 4 2191
26 5 2361
26 6 588
26 7 1981
26 8 1984
26 9 574
26 10 1137
26 11 1784
26 12 1973
26 13 1719
26 14 1400
26 15 2607
26 16 2389
26 17 982
26 18 1601
26 19 1840
26 20 91
26 21 379
26 22 2185
26 23 703
26 24 634
26 25 2003
26 26 0
26 27 1713
26 28 1661
26 29 1790
26 30 2231
26 31 200
26 32 366
26 33 2174
26 34 1653
26 35 1528
26 36 1557
26 37 412
26 38 1491
26 39 2722
26 40 364
26 41 1443
26 42 2674
26 43 316
26 44 1395
26 45 2626
26 46 268
26 47 1347
26 48 2578
26 49 220
26 50 1299
26 51 2530
26 52 172
26 53 1251
26 54 2482
26 55 124
26 56 1203
26 57 2434
26 58 76
26 59 1155
26 60 2386
26 61 124
26 62 1203
26 63 2434
26 64 172
26 65 1251
26 66 2482
26 67 220
26 68 1299
26 69 2530
26 70 268
26 71 1347
26 72 2578
26 73 316
26 74 1395
26 75 2626
26 76 364
26 77 1443
26 78 2674
26 79 412
26 80 1491
26 81 2722
26 82 460
26 83 1539
26 84 2770
26 85 508
26 86 1587
26 87 2818
26 88 556
26 89 1635
26 90 2866
26 91 532
27 0 1957
27 1 1065
27 2 1618
27 3 1098
27 4 1594
27 5 1764
27 6 2045
27 7 1288
27 8 1387
27 9 1483
27 10 824
27 11 1187
27 12 1376
27 13 1122
27 14 803
27 15 1412
27 16 676
27 17 1267
27 18 1004
27 19 955
27 20 1622
27 21 1966
27 22 1354
27 23 1162
27 24 1519
27 25 1214
27 26 1713
27 27 0
27 28 1064
27 29 1193
27 30 1634
27 31 1665
27 32 1979
27 33 1577
27 34 1056
27 35 643
27 36 960
27 37 1837
27 38 606
27 39 1009
27 40 1789
27 41 558
27 42 961
27 43 1741
27 44 510
27 45 913
27 46 1693
27 47 462
27 48 865
27 49 1645
27 50 414
27 51 817
27 52 1693
27 53 462
27 54 865
27 55 1741
27 56 510
27 57 913
27 58 1789
27 59 558
27 60 961
27 61 1837
27 62 606
27 63 1009
27 64 1885
27 65 654
27 66 1057
27 67 1933
27 68 702
27 69 1105
27 70 1981
27 71 750
27 72 1153
27 73 2029
27 74 798
27 75 1201
27 76 2077
27 77 846
27 78 1249
27 79 2125
27 80 894
27 81 1297
27 82 2173
27 83 942
27 84 1345
27 85 2221
27 86 990
27 87 1393
27 88 2269
27 89 1038
27 90 1441
27 91 1957
28 0 2193
28 1 725
28 2 1470
28 3 1054
28 4 1254
28 5 1424
28 6 1705
28 7 1332
28 8 1047
28 9 1719
28 10 1060
28 11 847
28 12 312
28 13 782
28 14 751
28 15 1176
28 16 1298
28 17 1503
28 18 664
28 19 1191
28 20 1570
28 21 1626
28 22 1214
28 23 1302
28 24 1179
28 25 1354
28 26 1661
28 27 1064
28 28 0
28 29 1141
28 30 1294
28 31 1709
28 32 1639
28 33 1237
28 34 716
28 35 879
28 36 104
28 37 2073
28 38 842
28 39 1349
28 40 2025
28 41 794
28 42 1301
28 43 1977
28 44 746
28 45 1253
28 46 1929
28 47 698
28 48 1205
28 49 1881
28 50 650
28 51 1157
28 52 1833
28 53 602
28 54 1109
28 55 1785
28 56 554
28 57 1061
28 58 1737
28 59 506
28 60 1013
28 61 1689
28 62 458
28 63 965
28 64 1641
28 65 410
28 66 917
28 67 1593
28 68 362
28 69 869
28 70 1641
28 71 410
28 72 917
28 73 1689
28 74 458
28 75 965
28 76 1737
28 77 506
28 78 1013
28 79 1785
28 80 554
28 81 1061
28 82 1833
28 83 602
28 84 1109
28 85 1881
28 86 650
28 87 1157
28 88 1929
28 89 698
28 90 1205
28 91 2193
29 0 2322
29 1 1142
29 2 1695
29 3 733
29 4 1463
29 5 1581
29 6 2122
29 7 1097
29 8 1464
29 9 1848
29 10 1189
29 11 1264
29 12 1297
29 13 1199
29 14 390
29 15 1047
29 16 881
29 17 1632
29 18 1081
29 19 1320
29 20 1699
29 21 2043
29 22 989
29 23 1431
29 24 1596
29 25 1171
29 26 1790
29 27 1193
29 28 1141
29 29 0
29 30 1711
29 31 1838
29 32 2056
29 33 1576
29 34 1133
29 35 1008
29 36 1037
29 37 2202
29 38 971
29 39 932
29 40 2154
29 41 923
29 42 884
29 43 2106
29 44 875
29 45 836
29 46 2058
29 47 827
29 48 788
29 49 2010
29 50 779
29 51 740
29 52 1962
29 53 731
29 54 692
29 55 1914
29 56 683
29 57 644
29 58 1866
29 59 635
29 60 596
29 61 1914
29 62 683
29 63 644
29 64 1962
29 65 731
29 66 692
29 67 2010
29 68 779
29 69 740
29 70 2058
29 71 827
29 72 788
29 73 2106
29 74 875
29 75 836
29 76 2154
29 77 923
29 78 884
29 79 2202
29 80 971
29 81 932
29 82 2250
29 83 1019
29 84 980
29 85 2298
29 86 1067
29 87 1028
29 88 2346
29 89 1115
29 90 1076
29 91 2322
30 0 2763
30 1 1007
30 2 2040
30 3 1156
30 4 1310
30 5 130
30 6 1795
30 7 1616
30 8 247
30 9 2289
30 10 1630
30 11 937
30 12 1528
30 13 872
30 14 1321
30 15 894
30 16 1400
30 17 2073
30 18 1042
30 19 1761
30 20 2140
30 21 2004
30 22 1316
30 23 1872
30 24 1749
30 25 1690
30 26 2231
30 27 1634
30 28 1294
30 29 1711
30 30 0
30 31 2279
30 32 2017
30 33 1327
30 34 1094
30 35 1449
30 36 1190
30 37 2643
30 38 1412
30 39 1451
30 40 2595
30 41 1364
30 42 1403
30 43 2547
30 44 1316
30 45 1355
30 46 2499
30 47 1268
30 48 1307
30 49 2451
30 50 1220
30 51 1259
30 52 2403
30 53 1172
30 54 1211
30 55 2355
30 56 1124
30 57 1163
30 58 2307
30 59 1076
30 60 1115
30 61 2259
30 62 1028
30 63 1067
30 64 2211
30 65 980
30 66 1019
30 67 2163
30 68 932
30 69 971
30 70 2115
30 71 884
30 72 923
30 73 2067
30 74 836
30 75 875
30 76 2019
30 77 788
30 78 827
30 79 1971
30 80 740
30 81 779
30 82 1923
30 83 692
30 84 731
30 85 1875
30 86 644
30 87 683
30 88 1827
30 89 596
30 90 635
30 91 2763
31 0 484
31 1 1710
31 2 391
31 3 2393
31 4 2239
31 5 2409
31 6 636
31 7 1933
31 8 2032
31 9 526
31 10 1089
31 11 1832
31 12 2021
31 13 1767
31 14 1448
31 15 2655
31 16 2341
31 17 934
31 18 1649
31 19 1792
31 20 291
31 21 427
31 22 2233
31 23 655
31 24 682
31 25 1955
31 26 200
31 27 1665
31 28 1709
31 29 1838
31 30 2279
31 31 0
31 32 414
31 33 2222
31 34 1701
31 35 1480
31 36 1605
31 37 364
31 38 1443
31 39 2674
31 40 316
31 41 1395
31 42 2626
31 43 268
31 44 1347
31 45 2578
31 46 220
31 47 1299
31 48 2530
31 49 172
31 50 1251
31 51 2482
31 52 124
31 53 1203
31 54 2434
31 55 76
31 56 1155
31 57 2386
31 58 124
31 59 1203
31 60 2434
31 61 172
31 62 1251
31 63 2482
31 64 220
31 65 1299
31 66 2530
31 67 268
31 68 1347
31 69 2578
31 70 316
31 71 1395
31 72 2626
31 73 364
31 74 1443
31 75 2674
31 76 412
31 77 1491
31 78 2722
31 79 460
31 80 1539
31 81 2770
31 82 508
31 83 1587
31 84 2818
31 85 556
31 86 1635
31 87 2866
31 88 604
31 89 1683
31 90 2914
31 91 484
32 0 746
32 1 1448
32 2 461
32 3 2515
32 4 1977
32 5 2147
32 6 322
32 7 2247
32 8 1770
32 9 788
32 10 1351
32 11 1570
32 12 1951
32 13 1505
32 14 1666
32 15 2393
32 16 2655
32 17 1196
32 18 1387
32 19 2106
32 20 457
32 21 13
32 22 2259
32 23 917
32 24 560
32 25 2269
32 26 366
32 27 1979
32 28 1639
32 29 2056
32 30 2017
32 31 414
32 32 0
32 33 1960
32 34 1439
32 35 1794
32 36 1535
32 37 626
32 38 1757
32 39 2988
32 40 578
32 41 1709
32 42 2940
32 43 530
32 44 1661
32 45 2892
32 46 482
32 47 1613
32 48 2844
32 49 434
32 50 1565
32 51 2796
32 52 386
32 53 1517
32 54 2748
32 55 338
32 56 1469
32 57 2700
32 58 290
32 59 1421
32 60 2652
32 61 242
32 62 1373
32 63 2604
32 64 194
32 65 1325
32 66 2556
32 67 146
32 68 1277
32 69 2508
32 70 98
32 71 1229
32 72 2460
32 73 50
32 74 1181
32 75 2412
32 76 98
32 77 1229
32 78 2460
32 79 146
32 80 1277
32 81 2508
32 82 194
32 83 1325
32 84 2556
32 85 242
32 86 1373
32 87 2604
32 88 290
32 89 1421
32 90 2652
32 91 746
33 0 2706
33 1 950
33 2 1983
33 3 1021
33 4 1175
33 5 1197
33 6 1738
33 7 1481
33 8 1080
33 9 2232
33 10 1573
33 11 390
33 12 1393
33 13 455
33 14 1264
33 15 759
33 16 1265
33 17 2016
33 18 985
33 19 1704
33 20 2083
33 21 1947
33 22 1181
33 23 1815
33 24 1692
33 25 1555
33 26 2174
33 27 1577
33 28 1237
33 29 1576
33 30 1327
33 31 2222
33 32 1960
33 33 0
33 34 1037
33 35 1392
33 36 1133
33 37 2586
33 38 1355
33 39 1316
33 40 2538
33 41 1307
33 42 1268
33 43 2490
33 44 1259
33 45 1220
33 46 2442
33 47 1211
33 48 1172
33 49 2394
33 50 1163
33 51 1124
33 52 2346
33 53 1115
33 54 1076
33 55 2298
33 56 1067
33 57 1028
33 58 2250
33 59 1019
33 60 980
33 61 2202
33 62 971
33 63 932
33 64 2154
33 65 923
33 66 884
33 67 2106
33 68 875
33 69 836
33 70 2058
33 71 827
33 72 788
33 73 2010
33 74 779
33 75 740
33 76 1962
33 77 731
33 78 692
33 79 1914
33 80 683
33 81 644
33 82 1866
33 83 635
33 84 596
33 85 1914
33 86 683
33 87 644
33 88 1962
33 89 731
33 90 692
33 91 2706
34 0 2185
34 1 525
34 2 1462
34 3 1254
34 4 1054
34 5 1224
34 6 1505
34 7 1324
34 8 847
34 9 1711
34 10 1052
34 11 647
34 12 1028
34 13 582
34 14 743
34 15 1184
34 16 1498
34 17 1495
34 18 52
34 19 1183
34 20 1562
34 21 1426
34 22 1336
34 23 1294
34 24 1171
34 25 1346
34 26 1653
34 27 1056
34 28 716
34 29 1133
34 30 1094
34 31 1701
34 32 1439
34 33 1037
34 34 0
34 35 871
34 36 612
34 37 2065
34 38 834
34 39 1549
34 40 2017
34 41 786
34 42 1501
34 43 1969
34 44 738
34 45 1453
34 46 1921
34 47 690
34 48 1405
34 49 1873
34 50 642
34 51 1357
34 52 1825
34 53 594
34 54 1309
34 55 1777
34 56 546
34 57 1261
34 58 1729
34 59 498
34 60 1213
34 61 1681
34 62 450
34 63 1165
34 64 1633
34 65 402
34 66 1117
34 67 1585
34 68 354
34 69 1069
34 70 1537
34 71 306
34 72 1021
34 73 1489
34 74 258
34 75 973
34 76 1537
34 77 306
34 78 1021
34 79 1585
34 80 354
34 81 1069
34 82 1633
34 83 402
34 84 1117
34 85 1681
34 86 450
34 87 1165
34 88 1729
34 89 498
34 90 1213
34 91 2185
35 0 1314
35 1 880
35 2 1433
35 3 1563
35 4 1409
35 5 1579
35 6 1860
35 7 1103
35 8 1202
35 9 1106
35 10 543
35 11 1002
35 12 1191
35 13 937
35 14 618
35 15 1825
35 16 1319
35 17 624
35 18 819
35 19 386
35 20 1437
35 21 1781
35 22 1403
35 23 977
35 24 1334
35 25 1029
35 26 1528
35 27 643
35 28 879
35 29 1008
35 30 1449
35 31 1480
35 32 1794
35 33 1392
35 34 871
35 35 0
35 36 775
35 37 1194
35 38 37
35 39 1268
35 40 1242
35 41 85
35 42 1316
35 43 1290
35 44 133
35 45 1364
35 46 1338
35 47 181
35 48 1412
35 49 1386
35 50 229
35 51 1460
35 52 1434
35 53 277
35 54 1508
35 55 1482
35 56 325
35 57 1556
35 58 1530
35 59 373
35 60 1604
35 61 1578
35 62 421
35 63 1652
35 64 1626
35 65 469
35 66 1700
35 67 1674
35 68 517
35 69 1748
35 70 1722
35 71 565
35 72 1796
35 73 1770
35 74 613
35 75 1844
35 76 1818
35 77 661
35 78 1892
35 79 1866
35 80 709
35 81 1940
35 82 1914
35 83 757
35 84 1988
35 85 1962
35 86 805
35 87 2036
35 88 2010
35 89 853
35 90 2084
35 91 1314
36 0 2089
36 1 621
36 2 1366
36 3 1158
36 4 1150
36 5 1320
36 6 1601
36 7 1228
36 8 943
36 9 1615
36 10 956
36 11 743
36 12 416
36 13 678
36 14 647
36 15 1280
36 16 1402
36 17 1399
36 18 560
36 19 1087
36 20 1466
36 21 1522
36 22 1240
36 23 1198
36 24 1075
36 25 1250
36 26 1557
36 27 960
36 28 104
36 29 1037
36 30 1190
36 31 1605
36 32 1535
36 33 1133
36 34 612
36 35 775
36 36 0
36 37 1969
36 38 738
36 39 1453
36 40 1921
36 41 690
36 42 1405
36 43 1873
36 44 642
36 45 1357
36 46 1825
36 47 594
36 48 1309
36 49 1777
36 50 546
36 51 1261
36 52 1729
36 53 498
36 54 1213
36 55 1681
36 56 450
36 57 1165
36 58 1633
36 59 402
36 60 1117
36 61 1585
36 62 354
36 63 1069
36 64 1537
36 65 306
36 66 1021
36 67 1489
36 68 258
36 69 973
36 70 1537
36 71 306
36 72 1021
36 73 1585
36 74 354
36 75 1069
36 76 1633
36 77 402
36 78 1117
36 79 1681
36 80 450
36 81 1165
36 82 1729
36 83 498
36 84 1213
36 85 1777
36 86 546
36 87 1261
36 88 1825
36 89 594
36 90 1309
36 91 2089
37 0 120
37 1 2074
37 2 603
37 3 2757
37 4 2603
37 5 2773
37 6 848
37 7 2297
37 8 2396
37 9 354
37 10 1013
37 11 2196
37 12 2385
37 13 2131
37 14 1812
37 15 3019
37 16 2513
37 17 570
37 18 2013
37 19 1580
37 20 503
37 21 639
37 22 2597
37 23 771
37 24 894
37 25 2223
37 26 412
37 27 1837
37 28 2073
37 29 2202
37 30 2643
37 31 364
37 32 626
37 33 2586
37 34 2065
37 35 1194
37 36 1969
37 37 0
37 38 1231
37 39 2462
37 40 48
37 41 1279
37 42 2510
37 43 96
37 44 1327
37 45 2558
37 46 144
37 47 1375
37 48 2606
37 49 192
37 50 1423
37 51 2654
37 52 240
37 53 1471
37 54 2702
37 55 288
37 56 1519
37 57 2750
37 58 336
37 59 1567
37 60 2798
37 61 384
37 62 1615
37 63 2846
37 64 432
37 65 1663
37 66 2894
37 67 480
37 68 1711
37 69 2942
37 70 528
37 71 1759
37 72 2990
37 73 576
37 74 1807
37 75 3038
37 76 624
37 77 1855
37 78 3086
37 79 672
37 80 1903
37 81 3134
37 82 720
37 83 1951
37 84 3182
37 85 768
37 86 1999
37 87 3230
37 88 816
37 89 2047
37 90 3278
37 91 120
38 0 1351
38 1 843
38 2 1396
38 3 1526
38 4 1372
38 5 1542
38 6 1823
38 7 1066
38 8 1165
38 9 1069
38 10 506
38 11 965
38 12 1154
38 13 900
38 14 581
38 15 1788
38 16 1282
38 17 661
38 18 782
38 19 349
38 20 1400
38 21 1744
38 22 1366
38 23 940
38 24 1297
38 25 992
38 26 1491
38 27 606
38 28 842
38 29 971
38 30 1412
38 31 1443
38 32 1757
38 33 1355
38 34 834
38 35 37
38 36 738
38 37 1231
38 38 0
38 39 1231
38 40 1279
38 41 48
38 42 1279
38 43 1327
38 44 96
38 45 1327
38 46 1375
38 47 144
38 48 1375
38 49 1423
38 50 192
38 51 1423
38 52 1471
38 53 240
38 54 1471
38 55 1519
38 56 288
38 57 1519
38 58 1567
38 59 336
38 60 1567
38 61 1615
38 62 384
38 63 1615
38 64 1663
38 65 432
38 66 1663
38 67 1711
38 68 480
38 69 1711
38 70 1759
38 71 528
38 72 1759
38 73 1807
38 74 576
38 75 1807
38 76 1855
38 77 624
38 78 1855
38 79 1903
38 80 672
38 81 1903
38 82 1951
38 83 720
38 84 1951
38 85 1999
38 86 768
38 87 1999
38 88 2047
38 89 816
38 90 2047
38 91 1351
39 0 2582
39 1 1636
39 2 2627
39 3 473
39 4 1203
39 5 1321
39 6 3054
39 7 741
39 8 1698
39 9 2300
39 10 1737
39 11 1706
39 12 1037
39 13 1771
39 14 1322
39 15 787
39 16 333
39 17 1892
39 18 1601
39 19 882
39 20 2631
39 21 2975
39 22 729
39 23 2171
39 24 2528
39 25 719
39 26 2722
39 27 1009
39 28 1349
39 29 932
39 30 1451
39 31 2674
39 32 2988
39 33 1316
39 34 1549
39 35 1268
39 36 1453
39 37 2462
39 38 1231
39 39 0
39 40 2510
39 41 1279
39 42 48
39 43 2558
39 44 1327
39 45 96
39 46 2606
39 47 1375
39 48 144
39 49 2654
39 50 1423
39 51 192
39 52 2702
39 53 1471
39 54 240
39 55 2750
39 56 1519
39 57 288
39 58 2798
39 59 1567
39 60 336
39 61 2846
39 62 1615
39 63 384
39 64 2894
39 65 1663
39 66 432
39 67 2942
39 68 1711
39 69 480
39 70 2990
39 71 1759
39 72 528
39 73 3038
39 74 1807
39 75 576
39 76 3086
39 77 1855
39 78 624
39 79 3134
39 80 1903
39 81 672
39 82 3182
39 83 1951
39 84 720
39 85 3230
39 86 1999
39 87 768
39 88 3278
39 89 2047
39 90 816
39 91 2582
40 0 168
40 1 2026
40 2 555
40 3 2709
40 4 2555
40 5 2725
40 6 800
40 7 2249
40 8 2348
40 9 306
40 10 965
40 11 2148
40 12 2337
40 13 2083
40 14 1764
40 15 2971
40 16 2465
40 17 618
40 18 1965
40 19 1628
40 20 455
40 21 591
40 22 2549
40 23 723
40 24 846
40 25 2175
40 26 364
40 27 1789
40 28 2025
40 29 2154
40 30 2595
40 31 316
40 32 578
40 33 2538
40 34 2017
40 35 1242
40 36 1921
40 37 48
40 38 1279
40 39 2510
40 40 0
40 41 1231
40 42 2462
40 43 48
40 44 1279
40 45 2510
40 46 96
40 47 1327
40 48 2558
40 49 144
40 50 1375
40 51 2606
40 52 192
40 53 1423
40 54 2654
40 55 240
40 56 1471
40 57 2702
40 58 288
40 59 1519
40 60 2750
40 61 336
40 62 1567
40 63 2798
40 64 384
40 65 1615
40 66 2846
40 67 432
40 68 1663
40 69 2894
40 70 480
40 71 1711
40 72 2942
40 73 528
40 74 1759
40 75 2990
40 76 576
40 77 1807
40 78 3038
40 79 624
40 80 1855
40 81 3086
40 82 672
40 83 1903
40 84 3134
40 85 720
40 86 1951
40 87 3182
40 88 768
40 89 1999
40 90 3230
40 91 168
41 0 1399
41 1 795
41 2 1348
41 3 1478
41 4 1324
41 5 1494
41 6 1775
41 7 1018
41 8 1117
41 9 1021
41 10 458
41 11 917
41 12 1106
41 13 852
41 14 533
41 15 1740
41 16 1234
41 17 709
41 18 734
41 19 397
41 20 1352
41 21 1696
41 22 1318
41 23 892
41 24 1249
41 25 944
41 26 1443
41 27 558
41 28 794
41 29 923
41 30 1364
41 31 1395
41 32 1709
41 33 1307
41 34 786
41 35 85
41 36 690
41 37 1279
41 38 48
41 39 1279
41 40 1231
41 41 0
41 42 1231
41 43 1279
41 44 48
41 45 1279
41 46 1327
41 47 96
41 48 1327
41 49 1375
41 50 144
41 51 1375
41 52 1423
41 53 192
41 54 1423
41 55 1471
41 56 240
41 57 1471
41 58 1519
41 59 288
41 60 1519
41 61 1567
41 62 336
41 63 1567
41 64 1615
41 65 384
41 66 1615
41 67 1663
41 68 432
41 69 1663
41 70 1711
41 71 480
41 72 1711
41 73 1759
41 74 528
41 75 1759
41 76 1807
41 77 576
41 78 1807
41 79 1855
41 80 624
41 81 1855
41 82 1903
41 83 672
41 84 1903
41 85 1951
41 86 720
41 87 1951
41 88 1999
41 89 768
41 90 1999
41 91 1399
42 0 2630
42 1 1588
42 2 2579
42 3 425
42 4 1155
42 5 1273
42 6 3006
42 7 693
42 8 1650
42 9 2252
42 10 1689
42 11 1658
42 12 989
42 13 1723
42 14 1274
42 15 739
42 16 285
42 17 1940
42 18 1553
42 19 930
42 20 2583
42 21 2927
42 22 681
42 23 2123
42 24 2480
42 25 671
42 26 2674
42 27 961
42 28 1301
42 29 884
42 30 1403
42 31 2626
42 32 2940
42 33 1268
42 34 1501
42 35 1316
42 36 1405
42 37 2510
42 38 1279
42 39 48
42 40 2462
42 41 1231
42 42 0
42 43 2510
42 44 1279
42 45 48
42 46 2558
42 47 1327
42 48 96
42 49 2606
42 50 1375
42 51 144
42 52 2654
42 53 1423
42 54 192
42 55 2702
42 56 1471
42 57 240
42 58 2750
42 59 1519
42 60 288
42 61 2798
42 62 1567
42 63 336
42 64 2846
42 65 1615
42 66 384
42 67 2894
42 68 1663
42 69 432
42 70 2942
42 71 1711
42 72 480
42 73 2990
42 74 1759
42 75 528
42 76 3038
42 77 1807
42 78 576
42 79 3086
42 80 1855
42 81 624
42 82 3134
42 83 1903
42 84 672
42 85 3182
42 86 1951
42 87 720
42 88 3230
42 89 1999
42 90 768
42 91 2630
43 0 216
43 1 1978
43 2 507
43 3 2661
43 4 2507
43 5 2677
43 6 752
43 7 2201
43 8 2300
43 9 258
43 10 917
43 11 2100
43 12 2289
43 13 2035
43 14 1716
43 15 2923
43 16 2417
43 17 666
43 18 1917
43 19 1676
43 20 407
43 21 543
43 22 2501
43 23 675
43 24 798
43 25 2127
43 26 316
43 27 1741
43 28 1977
43 29 2106
43 30 2547
43 31 268
43 32 530
43 33 2490
43 34 1969
43 35 1290
43 36 1873
43 37 96
43 38 1327
43 39 2558
43 40 48
43 41 1279
43 42 2510
43 43 0
43 44 1231
43 45 2462
43 46 48
43 47 1279
43 48 2510
43 49 96
43 50 1327
43 51 2558
43 52 144
43 53 1375
43 54 2606
43 55 192
43 56 1423
43 57 2654
43 58 240
43 59 1471
43 60 2702
43 61 288
43 62 1519
43 63 2750
43 64 336
43 65 1567
43 66 2798
43 67 384
43 68 1615
43 69 2846
43 70 432
43 71 1663
43 72 2894
43 73 480
43 74 1711
43 75 2942
43 76 528
43 77 1759
43 78 2990
43 79 576
43 80 1807
43 81 3038
43 82 624
43 83 1855
43 84 3086
43 85 672
43 86 1903
43 87 3134
43 88 720
43 89 1951
43 90 3182
43 91 216
44 0 1447
44 1 747
44 2 1300
44 3 1430
44 4 1276
44 5 1446
44 6 1727
44 7 970
44 8 1069
44 9 973
44 10 410
44 11 869
44 12 1058
44 13 804
44 14 485
44 15 1692
44 16 1186
44 17 757
44 18 686
44 19 445
44 20 1304
44 21 1648
44 22 1270
44 23 844
44 24 1201
44 25 896
44 26 1395
44 27 510
44 28 746
44 29 875
44 30 1316
44 31 1347
44 32 1661
44 33 1259
44 34 738
44 35 133
44 36 642
44 37 1327
44 38 96
44 39 1327
44 40 1279
44 41 48
44 42 1279
44 43 1231
44 44 0
44 45 1231
44 46 1279
44 47 48
44 48 1279
44 49 1327
44 50 96
44 51 1327
44 52 1375
44 53 144
44 54 1375
44 55 1423
44 56 192
44 57 1423
44 58 1471
44 59 240
44 60 1471
44 61 1519
44 62 288
44 63 1519
44 64 1567
44 65 336
44 66 1567
44 67 1615
44 68 384
44 69 1615
44 70 1663
44 71 432
44 72 1663
44 73 1711
44 74 480
44 75 1711
44 76 1759
44 77 528
44 78 1759
44 79 1807
44 80 576
44 81 1807
44 82 1855
44 83 624
44 84 1855
44 85 1903
44 86 672
44 87 1903
44 88 1951
44 89 720
44 90 1951
44 91 1447
45 0 2678
45 1 1540
45 2 2531
45 3 377
45 4 1107
45 5 1225
45 6 2958
45 7 645
45 8 1602
45 9 2204
45 10 1641
45 11 1610
45 12 941
45 13 1675
45 14 1226
45 15 691
45 16 237
45 17 1988
45 18 1505
45 19 978
45 20 2535
45 21 2879
45 22 633
45 23 2075
45 24 2432
45 25 623
45 26 2626
45 27 913
45 28 1253
45 29 836
45 30 1355
45 31 2578
45 32 2892
45 33 1220
45 34 1453
45 35 1364
45 36 1357
45 37 2558
45 38 1327
45 39 96
45 40 2510
45 41 1279
45 42 48
45 43 2462
45 44 1231
45 45 0
45 46 2510
45 47 1279
45 48 48
45 49 2558
45 50 1327
45 51 96
45 52 2606
45 53 1375
45 54 144
45 55 2654
45 56 1423
45 57 192
45 58 2702
45 59 1471
45 60 240
45 61 2750
45 62 1519
45 63 288
45 64 2798
45 65 1567
45 66 336
45 67 2846
45 68 1615
45 69 384
45 70 2894
45 71 1663
45 72 432
45 73 2942
45 74 1711
45 75 480
45 76 2990
45 77 1759
45 78 528
45 79 3038
45 80 1807
45 81 576
45 82 3086
45 83 1855
45 84 624
45 85 3134
45 86 1903
45 87 672
45 88 3182
45 89 1951
45 90 720
45 91 2678
46 0 264
46 1 1930
46 2 459
46 3 2613
46 4 2459
46 5 2629
46 6 704
46 7 2153
46 8 2252
46 9 306
46 10 869
46 11 2052
46 12 2241
46 13 1987
46 14 1668
46 15 2875
46 16 2369
46 17 714
46 18 1869
46 19 1724
46 20 359
46 21 495
46 22 2453
46 23 627
46 24 750
46 25 2079
46 26 268
46 27 1693
46 28 1929
46 29 2058
46 30 2499
46 31 220
46 32 482
46 33 2442
46 34 1921
46 35 1338
46 36 1825
46 37 144
46 38 1375
46 39 2606
46 40 96
46 41 1327
46 42 2558
46 43 48
46 44 1279
46 45 2510
46 46 0
46 47 1231
46 48 2462
46 49 48
46 50 1279
46 51 2510
46 52 96
46 53 1327
46 54 2558
46 55 144
46 56 1375
46 57 2606
46 58 192
46 59 1423
46 60 2654
46 61 240
46 62 1471
46 63 2702
46 64 288
46 65 1519
46 66 2750
46 67 336
46 68 1567
46 69 2798
46 70 384
46 71 1615
46 72 2846
46 73 432
46 74 1663
46 75 2894
46 76 480
46 77 1711
46 78 2942
46 79 528
46 80 1759
46 81 2990
46 82 576
46 83 1807
46 84 3038
46 85 624
46 86 1855
46 87 3086
46 88 672
46 89 1903
46 90 3134
46 91 264
47 0 1495
47 1 699
47 2 1252
47 3 1382
47 4 1228
47 5 1398
47 6 1679
47 7 922
47 8 1021
47 9 1021
47 10 362
47 11 821
47 12 1010
47 13 756
47 14 437
47 15 1644
47 16 1138
47 17 805
47 18 638
47 19 493
47 20 1256
47 21 1600
47 22 1222
47 23 796
47 24 1153
47 25 848
47 26 1347
47 27 462
47 28 698
47 29 827
47 30 1268
47 31 1299
47 32 1613
47 33 1211
47 34 690
47 35 181
47 36 594
47 37 1375
47 38 144
47 39 1375
47 40 1327
47 41 96
47 42 1327
47 43 1279
47 44 48
47 45 1279
47 46 1231
47 47 0
47 48 1231
47 49 1279
47 50 48
47 51 1279
47 52 1327
47 53 96
47 54 1327
47 55 1375
47 56 144
47 57 1375
47 58 1423
47 59 192
47 60 1423
47 61 1471
47 62 240
47 63 1471
47 64 1519
47 65 288
47 66 1519
47 67 1567
47 68 336
47 69 1567
47 70 1615
47 71 384
47 72 1615
47 73 1663
47 74 432
47 75 1663
47 76 1711
47 77 480
47 78 1711
47 79 1759
47 80 528
47 81 1759
47 82 1807
47 83 576
47 84 1807
47 85 1855
47 86 624
47 87 1855
47 88 1903
47 89 672
47 90 1903
47 91 1495
48 0 2726
48 1 1492
48 2 2483
48 3 329
48 4 1059
48 5 1177
48 6 2910
48 7 597
48 8 1554
48 9 2252
48 10 1593
48 11 1562
48 12 893
48 13 1627
48 14 1178
48 15 643
48 16 189
48 17 2036
48 18 1457
48 19 1026
48 20 2487
48 21 2831
48 22 585
48 23 2027
48 24 2384
48 25 575
48 26 2578
48 27 865
48 28 1205
48 29 788
48 30 1307
48 31 2530
48 32 2844
48 33 1172
48 34 1405
48 35 1412
48 36 1309
48 37 2606
48 38 1375
48 39 144
48 40 2558
48 41 1327
48 42 96
48 43 2510
48 44 1279
48 45 48
48 46 2462
48 47 1231
48 48 0
48 49 2510
48 50 1279
48 51 48
48 52 2558
48 53 1327
48 54 96
48 55 2606
48 56 1375
48 57 144
48 58 2654
48 59 1423
48 60 192
48 61 2702
48 62 1471
48 63 240
48 64 2750
48 65 1519
48 66 288
48 67 2798
48 68 1567
48 69 336
48 70 2846
48 71 1615
48 72 384
48 73 2894
48 74 1663
48 75 432
48 76 2942
48 77 1711
48 78 480
48 79 2990
48 80 1759
48 81 528
48 82 3038
48 83 1807
48 84 576
48 85 3086
48 86 1855
48 87 624
48 88 3134
48 89 1903
48 90 672
48 91 2726
49 0 312
49 1 1882
49 2 411
49 3 2565
49 4 2411
49 5 2581
49 6 656
49 7 2105
49 8 2204
49 9 354
49 10 917
49 11 2004
49 12 2193
49 13 1939
49 14 1620
49 15 2827
49 16 2321
49 17 762
49 18 1821
49 19 1772
49 20 311
49 21 447
49 22 2405
49 23 579
49 24 702
49 25 2031
49 26 220
49 27 1645
49 28 1881
49 29 2010
49 30 2451
49 31 172
49 32 434
49 33 2394
49 34 1873
49 35 1386
49 36 1777
49 37 192
49 38 1423
49 39 2654
49 40 144
49 41 1375
49 42 2606
49 43 96
49 44 1327
49 45 2558
49 46 48
49 47 1279
49 48 2510
49 49 0
49 50 1231
49 51 2462
49 52 48
49 53 1279
49 54 2510
49 55 96
49 56 1327
49 57 2558
49 58 144
49 59 1375
49 60 2606
49 61 192
49 62 1423
49 63 2654
49 64 240
49 65 1471
49 66 2702
49 67 288
49 68 1519
49 69 2750
49 70 336
49 71 1567
49 72 2798
49 73 384
49 74 1615
49 75 2846
49 76 432
49 77 1663
49 78 2894
49 79 480
49 80 1711
49 81 2942
49 82 528
49 83 1759
49 84 2990
49 85 576
49 86 1807
49 87 3038
49 88 624
49 89 1855
49 90 3086
49 91 312
50 0 1543
50 1 651
50 2 1204
50 3 1334
50 4 1180
50 5 1350
50 6 1631
50 7 874
50 8 973
50 9 1069
50 10 410
50 11 773
50 12 962
50 13 708
50 14 389
50 15 1596
50 16 1090
50 17 853
50 18 590
50 19 541
50 20 1208
50 21 1552
50 22 1174
50 23 748
50 24 1105
50 25 800
50 26 1299
50 27 414
50 28 650
50 29 779
50 30 1220
50 31 1251
50 32 1565
50 33 1163
50 34 642
50 35 229
50 36 546
50 37 1423
50 38 192
50 39 1423
50 40 1375
50 41 144
50 42 1375
50 43 1327
50 44 96
50 45 1327
50 46 1279
50 47 48
50 48 1279
50 49 1231
50 50 0
50 51 1231
50 52 1279
50 53 48
50 54 1279
50 55 1327
50 56 96
50 57 1327
50 58 1375
50 59 144
50 60 1375
50 61 1423
50 62 192
50 63 1423
50 64 1471
50 65 240
50 66 1471
50 67 1519
50 68 288
50 69 1519
50 70 1567
50 71 336
50 72 1567
50 73 1615
50 74 384
50 75 1615
50 76 1663
50 77 432
50 78 1663
50 79 1711
50 80 480
50 81 1711
50 82 1759
50 83 528
50 84 1759
50 85 1807
50 86 576
50 87 1807
50 88 1855
50 89 624
50 90 1855
50 91 1543
51 0 2774
51 1 1444
51 2 2435
51 3 281
51 4 1011
51 5 1129
51 6 2862
51 7 549
51 8 1506
51 9 2300
51 10 1641
51 11 1514
51 12 845
51 13 1579
51 14 1130
51 15 595
51 16 141
51 17 2084
51 18 1409
51 19 1074
51 20 2439
51 21 2783
51 22 537
51 23 1979
51 24 2336
51 25 527
51 26 2530
51 27 817
51 28 1157
51 29 740
51 30 1259
51 31 2482
51 32 2796
51 33 1124
51 34 1357
51 35 1460
51 36 1261
51 37 2654
51 38 1423
51 39 192
51 40 2606
51 41 1375
51 42 144
51 43 2558
51 44 1327
51 45 96
51 46 2510
51 47 1279
51 48 48
51 49 2462
51 50 1231
51 51 0
51 52 2510
51 53 1279
51 54 48
51 55 2558
51 56 1327
51 57 96
51 58 2606
51 59 1375
51 60 144
51 61 2654
51 62 1423
51 63 192
51 64 2702
51 65 1471
51 66 240
51 67 2750
51 68 1519
51 69 288
51 70 2798
51 71 1567
51 72 336
51 73 2846
51 74 1615
51 75 384
51 76 2894
51 77 1663
51 78 432
51 79 2942
51 80 1711
51 81 480
51 82 2990
51 83 1759
51 84 528
51 85 3038
51 86 1807
51 87 576
51 88 3086
51 89 1855
51 90 624
51 91 2774
52 0 360
52 1 1834
52 2 363
52 3 2517
52 4 2363
52 5 2533
52 6 608
52 7 2057
52 8 2156
52 9 402
52 10 965
52 11 1956
52 12 2145
52 13 1891
52 14 1572
52 15 2779
52 16 2369
52 17 810
52 18 1773
52 19 1820
52 20 263
52 21 399
52 22 2357
52 23 531
52 24 654
52 25 1983
52 26 172
52 27 1693
52 28 1833
52 29 1962
52 30 2403
52 31 124
52 32 386
52 33 2346
52 34 1825
52 35 1434
52 36 1729
52 37 240
52 38 1471
52 39 2702
52 40 192
52 41 1423
52 42 2654
52 43 144
52 44 1375
52 45 2606
52 46 96
52 47 1327
52 48 2558
52 49 48
52 50 1279
52 51 2510
52 52 0
52 53 1231
52 54 2462
52 55 48
52 56 1279
52 57 2510
52 58 96
52 59 1327
52 60 2558
52 61 144
52 62 1375
52 63 2606
52 64 192
52 65 1423
52 66 2654
52 67 240
52 68 1471
52 69 2702
52 70 288
52 71 1519
52 72 2750
52 73 336
52 74 1567
52 75 2798
52 76 384
52 77 1615
52 78 2846
52 79 432
52 80 1663
52 81 2894
52 82 480
52 83 1711
52 84 2942
52 85 528
52 86 1759
52 87 2990
52 88 576
52 89 1807
52 90 3038
52 91 360
53 0 1591
53 1 603
53 2 1156
53 3 1286
53 4 1132
53 5 1302
53 6 1583
53 7 826
53 8 925
53 9 1117
53 10 458
53 11 725
53 12 914
53 13 660
53 14 341
53 15 1548
53 16 1138
53 17 901
53 18 542
53 19 589
53 20 1160
53 21 1504
53 22 1126
53 23 700
53 24 1057
53 25 752
53 26 1251
53 27 462
53 28 602
53 29 731
53 30 1172
53 31 1203
53 32 1517
53 33 1115
53 34 594
53 35 277
53 36 498
53 37 1471
53 38 240
53 39 1471
53 40 1423
53 41 192
53 42 1423
53 43 1375
53 44 144
53 45 1375
53 46 1327
53 47 96
53 48 1327
53 49 1279
53 50 48
53 51 1279
53 52 1231
53 53 0
53 54 1231
53 55 1279
53 56 48
53 57 1279
53 58 1327
53 59 96
53 60 1327
53 61 1375
53 62 144
53 63 1375
53 64 1423
53 65 192
53 66 1423
53 67 1471
53 68 240
53 69 1471
53 70 1519
53 71 288
53 72 1519
53 73 1567
53 74 336
53 75 1567
53 76 1615
53 77 384
53 78 1615
53 79 1663
53 80 432
53 81 1663
53 82 1711
53 83 480
53 84 1711
53 85 1759
53 86 528
53 87 1759
53 88 1807
53 89 576
53 90 1807
53 91 1591
54 0 2822
54 1 1396
54 2 2387
54 3 233
54 4 963
54 5 1081
54 6 2814
54 7 501
54 8 1458
54 9 2348
54 10 1689
54 11 1466
54 12 797
54 13 1531
54 14 1082
54 15 547
54 16 189
54 17 2132
54 18 1361
54 19 1122
54 20 2391
54 21 2735
54 22 489
54 23 1931
54 24 2288
54 25 479
54 26 2482
54 27 865
54 28 1109
54 29 692
54 30 1211
54 31 2434
54 32 2748
54 33 1076
54 34 1309
54 35 1508
54 36 1213
54 37 2702
54 38 1471
54 39 240
54 40 2654
54 41 1423
54 42 192
54 43 2606
54 44 1375
54 45 144
54 46 2558
54 47 1327
54 48 96
54 49 2510
54 50 1279
54 51 48
54 52 2462
54 53 1231
54 54 0
54 55 2510
54 56 1279
54 57 48
54 58 2558
54 59 1327
54 60 96
54 61 2606
54 62 1375
54 63 144
54 64 2654
54 65 1423
54 66 192
54 67 2702
54 68 1471
54 69 240
54 70 2750
54 71 1519
54 72 288
54 73 2798
54 74 1567
54 75 336
54 76 2846
54 77 1615
54 78 384
54 79 2894
54 80 1663
54 81 432
54 82 2942
54 83 1711
54 84 480
54 85 2990
54 86 1759
54 87 528
54 88 3038
54 89 1807
54 90 576
54 91 2822
55 0 408
55 1 1786
55 2 315
55 3 2469
55 4 2315
55 5 2485
55 6 560
55 7 2009
55 8 2108
55 9 450
55 10 1013
55 11 1908
55 12 2097
55 13 1843
55 14 1524
55 15 2731
55 16 2417
55 17 858
55 18 1725
55 19 1868
55 20 215
55 21 351
55 22 2309
55 23 579
55 24 606
55 25 2031
55 26 124
55 27 1741
55 28 1785
55 29 1914
55 30 2355
55 31 76
55 32 338
55 33 2298
55 34 1777
55 35 1482
55 36 1681
55 37 288
55 38 1519
55 39 2750
55 40 240
55 41 1471
55 42 2702
55 43 192
55 44 1423
55 45 2654
55 46 144
55 47 1375
55 48 2606
55 49 96
55 50 1327
55 51 2558
55 52 48
55 53 1279
55 54 2510
55 55 0
55 56 1231
55 57 2462
55 58 48
55 59 1279
55 60 2510
55 61 96
55 62 1327
55 63 2558
55 64 144
55 65 1375
55 66 2606
55 67 192
55 68 1423
55 69 2654
55 70 240
55 71 1471
55 72 2702
55 73 288
55 74 1519
55 75 2750
55 76 336
55 77 1567
55 78 2798
55 79 384
55 80 1615
55 81 2846
55 82 432
55 83 1663
55 84 2894
55 85 480
55 86 1711
55 87 2942
55 88 528
55 89 1759
55 90 2990
55 91 408
56 0 1639
56 1 555
56 2 1108
56 3 1238
56 4 1084
56 5 1254
56 6 1535
56 7 778
56 8 877
56 9 1165
56 10 506
56 11 677
56 12 866
56 13 612
56 14 293
56 15 1500
56 16 1186
56 17 949
56 18 494
56 19 637
56 20 1112
56 21 1456
56 22 1078
56 23 748
56 24 1009
56 25 800
56 26 1203
56 27 510
56 28 554
56 29 683
56 30 1124
56 31 1155
56 32 1469
56 33 1067
56 34 546
56 35 325
56 36 450
56 37 1519
56 38 288
56 39 1519
56 40 1471
56 41 240
56 42 1471
56 43 1423
56 44 192
56 45 1423
56 46 1375
56 47 144
56 48 1375
56 49 1327
56 50 96
56 51 1327
56 52 1279
56 53 48
56 54 1279
56 55 1231
56 56 0
56 57 1231
56 58 1279
56 59 48
56 60 1279
56 61 1327
56 62 96
56 63 1327
56 64 1375
56 65 144
56 66 1375
56 67 1423
56 68 192
56 69 1423
56 70 1471
56 71 240
56 72 1471
56 73 1519
56 74 288
56 75 1519
56 76 1567
56 77 336
56 78 1567
56 79 1615
56 80 384
56 81 1615
56 82 1663
56 83 432
56 84 1663
56 85 1711
56 86 480
56 87 1711
56 88 1759
56 89 528
56 90 1759
56 91 1639
57 0 2870
57 1 1348
57 2 2339
57 3 185
57 4 915
57 5 1033
57 6 2766
57 7 453
57 8 1410
57 9 2396
57 10 1737
57 11 1418
57 12 749
57 13 1483
57 14 1034
57 15 499
57 16 237
57 17 2180
57 18 1313
57 19 1170
57 20 2343
57 21 2687
57 22 441
57 23 1979
57 24 2240
57 25 527
57 26 2434
57 27 913
57 28 1061
57 29 644
57 30 1163
57 31 2386
57 32 2700
57 33 1028
57 34 1261
57 35 1556
57 36 1165
57 37 2750
57 38 1519
57 39 288
57 40 2702
57 41 1471
57 42 240
57 43 2654
57 44 1423
57 45 192
57 46 2606
57 47 1375
57 48 144
57 49 2558
57 50 1327
57 51 96
57 52 2510
57 53 1279
57 54 48
57 55 2462
57 56 1231
57 57 0
57 58 2510
57 59 1279
57 60 48
57 61 2558
57 62 1327
57 63 96
57 64 2606
57 65 1375
57 66 144
57 67 2654
57 68 1423
57 69 192
57 70 2702
57 71 1471
57 72 240
57 73 2750
57 74 1519
57 75 288
57 76 2798
57 77 1567
57 78 336
57 79 2846
57 80 1615
57 81 384
57 82 2894
57 83 1663
57 84 432
57 85 2942
57 86 1711
57 87 480
57 88 2990
57 89 1759
57 90 528
57 91 2870
58 0 456
58 1 1738
58 2 267
58 3 2421
58 4 2267
58 5 2437
58 6 512
58 7 2057
58 8 2060
58 9 498
58 10 1061
58 11 1860
58 12 2049
58 13 1795
58 14 1476
58 15 2683
58 16 2465
58 17 906
58 18 1677
58 19 1916
58 20 167
58 21 303
58 22 2261
58 23 627
58 24 558
58 25 2079
58 26 76
58 27 1789
58 28 1737
58 29 1866
58 30 2307
58 31 124
58 32 290
58 33 2250
58 34 1729
58 35 1530
58 36 1633
58 37 336
58 38 1567
58 39 2798
58 40 288
58 41 1519
58 42 2750
58 43 240
58 44 1471
58 45 2702
58 46 192
58 47 1423
58 48 2654
58 49 144
58 50 1375
58 51 2606
58 52 96
58 53 1327
58 54 2558
58 55 48
58 56 1279
58 57 2510
58 58 0
58 59 1231
58 60 2462
58 61 48
58 62 1279
58 63 2510
58 64 96
58 65 1327
58 66 2558
58 67 144
58 68 1375
58 69 2606
58 70 192
58 71 1423
58 72 2654
58 73 240
58 74 1471
58 75 2702
58 76 288
58 77 1519
58 78 2750
58 79 336
58 80 1567
58 81 2798
58 82 384
58 83 1615
58 84 2846
58 85 432
58 86 1663
58 87 2894
58 88 480
58 89 1711
58 90 2942
58 91 456
59 0 1687
59 1 507
59 2 1060
59 3 1190
59 4 1036
59 5 1206
59 6 1487
59 7 826
59 8 829
59 9 1213
59 10 554
59 11 629
59 12 818
59 13 564
59 14 245
59 15 1452
59 16 1234
59 17 997
59 18 446
59 19 685
59 20 1064
59 21 1408
59 22 1030
59 23 796
59 24 961
59 25 848
59 26 1155
59 27 558
59 28 506
59 29 635
59 30 1076
59 31 1203
59 32 1421
59 33 1019
59 34 498
59 35 373
59 36 402
59 37 1567
59 38 336
59 39 1567
59 40 1519
59 41 288
59 42 1519
59 43 1471
59 44 240
59 45 1471
59 46 1423
59 47 192
59 48 1423
59 49 1375
59 50 144
59 51 1375
59 52 1327
59 53 96
59 54 1327
59 55 1279
59 56 48
59 57 1279
59 58 1231
59 59 0
59 60 1231
59 61 1279
59 62 48
59 63 1279
59 64 1327
59 65 96
59 66 1327
59 67 1375
59 68 144
59 69 1375
59 70 1423
59 71 192
59 72 1423
59 73 1471
59 74 240
59 75 1471
59 76 1519
59 77 288
59 78 1519
59 79 1567
59 80 336
59 81 1567
59 82 1615
59 83 384
59 84 1615
59 85 1663
59 86 432
59 87 1663
59 88 1711
59 89 480
59 90 1711
59 91 1687
60 0 2918
60 1 1300
60 2 2291
60 3 137
60 4 867
60 5 985
60 6 2718
60 7 501
60 8 1362
60 9 2444
60 10 1785
60 11 1370
60 12 701
60 13 1435
60 14 986
60 15 451
60 16 285
60 17 2228
60 18 1265
60 19 1218
60 20 2295
60 21 2639
60 22 393
60 23 2027
60 24 2192
60 25 575
60 26 2386
60 27 961
60 28 1013
60 29 596
60 30 1115
60 31 2434
60 32 2652
60 33 980
60 34 1213
60 35 1604
60 36 1117
60 37 2798
60 38 1567
60 39 336
60 40 2750
60 41 1519
60 42 288
60 43 2702
60 44 1471
60 45 240
60 46 2654
60 47 1423
60 48 192
60 49 2606
60 50 1375
60 51 144
60 52 2558
60 53 1327
60 54 96
60 55 2510
60 56 1279
60 57 48
60 58 2462
60 59 1231
60 60 0
60 61 2510
60 62 1279
60 63 48
60 64 2558
60 65 1327
60 66 96
60 67 2606
60 68 1375
60 69 144
60 70 2654
60 71 1423
60 72 192
60 73 2702
60 74 1471
60 75 240
60 76 2750
60 77 1519
60 78 288
60 79 2798
60 80 1567
60 81 336
60 82 2846
60 83 1615
60 84 384
60 85 2894
60 86 1663
60 87 432
60 88 2942
60 89 1711
60 90 480
60 91 2918
61 0 504
61 1 1690
61 2 219
61 3 2373
61 4 2219
61 5 2389
61 6 464
61 7 2105
61 8 2012
61 9 546
61 10 1109
61 11 1812
61 12 2001
61 13 1747
61 14 1524
61 15 2635
61 16 2513
61 17 954
61 18 1629
61 19 1964
61 20 215
61 21 255
61 22 2213
61 23 675
61 24 510
61 25 2127
61 26 124
61 27 1837
61 28 1689
61 29 1914
61 30 2259
61 31 172
61 32 242
61 33 2202
61 34 1681
61 35 1578
61 36 1585
61 37 384
61 38 1615
61 39 2846
61 40 336
61 41 1567
61 42 2798
61 43 288
61 44 1519
61 45 2750
61 46 240
61 47 1471
61 48 2702
61 49 192
61 50 1423
61 51 2654
61 52 144
61 53 1375
61 54 2606
61 55 96
61 56 1327
61 57 2558
61 58 48
61 59 1279
61 60 2510
61 61 0
61 62 1231
61 63 2462
61 64 48
61 65 1279
61 66 2510
61 67 96
61 68 1327
61 69 2558
61 70 144
61 71 1375
61 72 2606
61 73 192
61 74 1423
61 75 2654
61 76 240
61 77 1471
61 78 2702
61 79 288
61 80 1519
61 81 2750
61 82 336
61 83 1567
61 84 2798
61 85 384
61 86 1615
61 87 2846
61 88 432
61 89 1663
61 90 2894
61 91 504
62 0 1735
62 1 459
62 2 1012
62 3 1142
62 4 988
62 5 1158
62 6 1439
62 7 874
62 8 781
62 9 1261
62 10 602
62 11 581
62 12 770
62 13 516
62 14 293
62 15 1404
62 16 1282
62 17 1045
62 18 398
62 19 733
62 20 1112
62 21 1360
62 22 982
62 23 844
62 24 913
62 25 896
62 26 1203
62 27 606
62 28 458
62 29 683
62 30 1028
62 31 1251
62 32 1373
62 33 971
62 34 450
62 35 421
62 36 354
62 37 1615
62 38 384
62 39 1615
62 40 1567
62 41 336
62 42 1567
62 43 1519
62 44 288
62 45 1519
62 46 1471
62 47 240
62 48 1471
62 49 1423
62 50 192
62 51 1423
62 52 1375
62 53 144
62 54 1375
62 55 1327
62 56 96
62 57 1327
62 58 1279
62 59 48
62 60 1279
62 61 1231
62 62 0
62 63 1231
62 64 1279
62 65 48
62 66 1279
62 67 1327
62 68 96
62 69 1327
62 70 1375
62 71 144
62 72 1375
62 73 1423
62 74 192
62 75 1423
62 76 1471
62 77 240
62 78 1471
62 79 1519
62 80 288
62 81 1519
62 82 1567
62 83 336
62 84 1567
62 85 1615
62 86 384
62 87 1615
62 88 1663
62 89 432
62 90 1663
62 91 1735
63 0 2966
63 1 1252
63 2 2243
63 3 89
63 4 819
63 5 937
63 6 2670
63 7 549
63 8 1314
63 9 2492
63 10 1833
63 11 1322
63 12 653
63 13 1387
63 14 1034
63 15 403
63 16 333
63 17 2276
63 18 1217
63 19 1266
63 20 2343
63 21 2591
63 22 345
63 23 2075
63 24 2144
63 25 623
63 26 2434
63 27 1009
63 28 965
63 29 644
63 30 1067
63 31 2482
63 32 2604
63 33 932
63 34 1165
63 35 1652
63 36 1069
63 37 2846
63 38 1615
63 39 384
63 40 2798
63 41 1567
63 42 336
63 43 2750
63 44 1519
63 45 288
63 46 2702
63 47 1471
63 48 240
63 49 2654
63 50 1423
63 51 192
63 52 2606
63 53 1375
63 54 144
63 55 2558
63 56 1327
63 57 96
63 58 2510
63 59 1279
63 60 48
63 61 2462
63 62 1231
63 63 0
63 64 2510
63 65 1279
63 66 48
63 67 2558
63 68 1327
63 69 96
63 70 2606
63 71 1375
63 72 144
63 73 2654
63 74 1423
63 75 192
63 76 2702
63 77 1471
63 78 240
63 79 2750
63 80 1519
63 81 288
63 82 2798
63 83 1567
63 84 336
63 85 2846
63 86 1615
63 87 384
63 88 2894
63 89 1663
63 90 432
63 91 2966
64 0 552
64 1 1642
64 2 267
64 3 2421
64 4 2171
64 5 2341
64 6 416
64 7 2153
64 8 1964
64 9 594
64 10 1157
64 11 1764
64 12 1953
64 13 1699
64 14 1572
64 15 2587
64 16 2561
64 17 1002
64 18 1581
64 19 2012
64 20 263
64 21 207
64 22 2165
64 23 723
64 24 462
64 25 2175
64 26 172
64 27 1885
64 28 1641
64 29 1962
64 30 2211
64 31 220
64 32 194
64 33 2154
64 34 1633
64 35 1626
64 36 1537
64 37 432
64 38 1663
64 39 2894
64 40 384
64 41 1615
64 42 2846
64 43 336
64 44 1567
64 45 2798
64 46 288
64 47 1519
64 48 2750
64 49 240
64 50 1471
64 51 2702
64 52 192
64 53 1423
64 54 2654
64 55 144
64 56 1375
64 57 2606
64 58 96
64 59 1327
64 60 2558
64 61 48
64 62 1279
64 63 2510
64 64 0
64 65 1231
64 66 2462
64 67 48
64 68 1279
64 69 2510
64 70 96
64 71 1327
64 72 2558
64 73 144
64 74 1375
64 75 2606
64 76 192
64 77 1423
64 78 2654
64 79 240
64 80 1471
64 81 2702
64 82 288
64 83 1519
64 84 2750
64 85 336
64 86 1567
64 87 2798
64 88 384
64 89 1615
64 90 2846
64 91 552
65 0 1783
65 1 411
65 2 1060
65 3 1190
65 4 940
65 5 1110
65 6 1391
65 7 922
65 8 733
65 9 1309
65 10 650
65 11 533
65 12 722
65 13 468
65 14 341
65 15 1356
65 16 1330
65 17 1093
65 18 350
65 19 781
65 20 1160
65 21 1312
65 22 934
65 23 892
65 24 865
65 25 944
65 26 1251
65 27 654
65 28 410
65 29 731
65 30 980
65 31 1299
65 32 1325
65 33 923
65 34 402
65 35 469
65 36 306
65 37 1663
65 38 432
65 39 1663
65 40 1615
65 41 384
65 42 1615
65 43 1567
65 44 336
65 45 1567
65 46 1519
65 47 288
65 48 1519
65 49 1471
65 50 240
65 51 1471
65 52 1423
65 53 192
65 54 1423
65 55 1375
65 56 144
65 57 1375
65 58 1327
65 59 96
65 60 1327
65 61 1279
65 62 48
65 63 1279
65 64 1231
65 65 0
65 66 1231
65 67 1279
65 68 48
65 69 1279
65 70 1327
65 71 96
65 72 1327
65 73 1375
65 74 144
65 75 1375
65 76 1423
65 77 192
65 78 1423
65 79 1471
65 80 240
65 81 1471
65 82 1519
65 83 288
65 84 1519
65 85 1567
65 86 336
65 87 1567
65 88 1615
65 89 384
65 90 1615
65 91 1783
66 0 3014
66 1 1204
66 2 2291
66 3 137
66 4 771
66 5 889
66 6 2622
66 7 597
66 8 1266
66 9 2540
66 10 1881
66 11 1274
66 12 605
66 13 1339
66 14 1082
66 15 355
66 16 381
66 17 2324
66 18 1169
66 19 1314
66 20 2391
66 21 2543
66 22 297
66 23 2123
66 24 2096
66 25 671
66 26 2482
66 27 1057
66 28 917
66 29 692
66 30 1019
66 31 2530
66 32 2556
66 33 884
66 34 1117
66 35 1700
66 36 1021
66 37 2894
66 38 1663
66 39 432
66 40 2846
66 41 1615
66 42 384
66 43 2798
66 44 1567
66 45 336
66 46 2750
66 47 1519
66 48 288
66 49 2702
66 50 1471
66 51 240
66 52 2654
66 53 1423
66 54 192
66 55 2606
66 56 1375
66 57 144
66 58 2558
66 59 1327
66 60 96
66 61 2510
66 62 1279
66 63 48
66 64 2462
66 65 1231
66 66 0
66 67 2510
66 68 1279
66 69 48
66 70 2558
66 71 1327
66 72 96
66 73 2606
66 74 1375
66 75 144
66 76 2654
66 77 1423
66 78 192
66 79 2702
66 80 1471
66 81 240
66 82 2750
66 83 1519
66 84 288
66 85 2798
66 86 1567
66 87 336
66 88 2846
66 89 1615
66 90 384
66 91 3014
67 0 600
67 1 1594
67 2 315
67 3 2469
67 4 2123
67 5 2293
67 6 368
67 7 2201
67 8 1916
67 9 642
67 10 1205
67 11 1716
67 12 1905
67 13 1651
67 14 1620
67 15 2539
67 16 2609
67 17 1050
67 18 1533
67 19 2060
67 20 311
67 21 159
67 22 2213
67 23 771
67 24 414
67 25 2223
67 26 220
67 27 1933
67 28 1593
67 29 2010
67 30 2163
67 31 268
67 32 146
67 33 2106
67 34 1585
67 35 1674
67 36 1489
67 37 480
67 38 1711
67 39 2942
67 40 432
67 41 1663
67 42 2894
67 43 384
67 44 1615
67 45 2846
67 46 336
67 47 1567
67 48 2798
67 49 288
67 50 1519
67 51 2750
67 52 240
67 53 1471
67 54 2702
67 55 192
67 56 1423
67 57 2654
67 58 144
67 59 1375
67 60 2606
67 61 96
67 62 1327
67 63 2558
67 64 48
67 65 1279
67 66 2510
67 67 0
67 68 1231
67 69 2462
67 70 48
67 71 1279
67 72 2510
67 73 96
67 74 1327
67 75 2558
67 76 144
67 77 1375
67 78 2606
67 79 192
67 80 1423
67 81 2654
67 82 240
67 83 1471
67 84 2702
67 85 288
67 86 1519
67 87 2750
67 88 336
67 89 1567
67 90 2798
67 91 600
68 0 1831
68 1 363
68 2 1108
68 3 1238
68 4 892
68 5 1062
68 6 1343
68 7 970
68 8 685
68 9 1357
68 10 698
68 11 485
68 12 674
68 13 420
68 14 389
68 15 1308
68 16 1378
68 17 1141
68 18 302
68 19 829
68 20 1208
68 21 1264
68 22 982
68 23 940
68 24 817
68 25 992
68 26 1299
68 27 702
68 28 362
68 29 779
68 30 932
68 31 1347
68 32 1277
68 33 875
68 34 354
68 35 517
68 36 258
68 37 1711
68 38 480
68 39 1711
68 40 1663
68 41 432
68 42 1663
68 43 1615
68 44 384
68 45 1615
68 46 1567
68 47 336
68 48 1567
68 49 1519
68 50 288
68 51 1519
68 52 1471
68 53 240
68 54 1471
68 55 1423
68 56 192
68 57 1423
68 58 1375
68 59 144
68 60 1375
68 61 1327
68 62 96
68 63 1327
68 64 1279
68 65 48
68 66 1279
68 67 1231
68 68 0
68 69 1231
68 70 1279
68 71 48
68 72 1279
68 73 1327
68 74 96
68 75 1327
68 76 1375
68 77 144
68 78 1375
68 79 1423
68 80 192
68 81 1423
68 82 1471
68 83 240
68 84 1471
68 85 1519
68 86 288
68 87 1519
68 88 1567
68 89 336
68 90 1567
68 91 1831
69 0 3062
69 1 1156
69 2 2339
69 3 185
69 4 723
69 5 841
69 6 2574
69 7 645
69 8 1218
69 9 2588
69 10 1929
69 11 1226
69 12 557
69 13 1291
69 14 1130
69 15 307
69 16 429
69 17 2372
69 18 1121
69 19 1362
69 20 2439
69 21 2495
69 22 345
69 23 2171
69 24 2048
69 25 719
69 26 2530
69 27 1105
69 28 869
69 29 740
69 30 971
69 31 2578
69 32 2508
69 33 836
69 34 1069
69 35 1748
69 36 973
69 37 2942
69 38 1711
69 39 480
69 40 2894
69 41 1663
69 42 432
69 43 2846
69 44 1615
69 45 384
69 46 2798
69 47 1567
69 48 336
69 49 2750
69 50 1519
69 51 288
69 52 2702
69 53 1471
69 54 240
69 55 2654
69 56 1423
69 57 192
69 58 2606
69 59 1375
69 60 144
69 61 2558
69 62 1327
69 63 96
69 64 2510
69 65 1279
69 66 48
69 67 2462
69 68 1231
69 69 0
69 70 2510
69 71 1279
69 72 48
69 73 2558
69 74 1327
69 75 96
69 76 2606
69 77 1375
69 78 144
69 79 2654
69 80 1423
69 81 192
69 82 2702
69 83 1471
69 84 240
69 85 2750
69 86 1519
69 87 288
69 88 2798
69 89 1567
69 90 336
69 91 3062
70 0 648
70 1 1546
70 2 363
70 3 2517
70 4 2075
70 5 2245
70 6 320
70 7 2249
70 8 1868
70 9 690
70 10 1253
70 11 1668
70 12 1953
70 13 1603
70 14 1668
70 15 2491
70 16 2657
70 17 1098
70 18 1485
70 19 2108
70 20 359
70 21 111
70 22 2261
70 23 819
70 24 462
70 25 2271
70 26 268
70 27 1981
70 28 1641
70 29 2058
70 30 2115
70 31 316
70 32 98
70 33 2058
70 34 1537
70 35 1722
70 36 1537
70 37 528
70 38 1759
70 39 2990
70 40 480
70 41 1711
70 42 2942
70 43 432
70 44 1663
70 45 2894
70 46 384
70 47 1615
70 48 2846
70 49 336
70 50 1567
70 51 2798
70 52 288
70 53 1519
70 54 2750
70 55 240
70 56 1471
70 57 2702
70 58 192
70 59 1423
70 60 2654
70 61 144
70 62 1375
70 63 2606
70 64 96
70 65 1327
70 66 2558
70 67 48
70 68 1279
70 69 2510
70 70 0
70 71 1231
70 72 2462
70 73 48
70 74 1279
70 75 2510
70 76 96
70 77 1327
70 78 2558
70 79 144
70 80 1375
70 81 2606
70 82 192
70 83 1423
70 84 2654
70 85 240
70 86 1471
70 87 2702
70 88 288
70 89 1519
70 90 2750
70 91 648
71 0 1879
71 1 315
71 2 1156
71 3 1286
71 4 844
71 5 1014
71 6 1295
71 7 1018
71 8 637
71 9 1405
71 10 746
71 11 437
71 12 722
71 13 372
71 14 437
71 15 1260
71 16 1426
71 17 1189
71 18 254
71 19 877
71 20 1256
71 21 1216
71 22 1030
71 23 988
71 24 865
71 25 1040
71 26 1347
71 27 750
71 28 410
71 29 827
71 30 884
71 31 1395
71 32 1229
71 33 827
71 34 306
71 35 565
71 36 306
71 37 1759
71 38 528
71 39 1759
71 40 1711
71 41 480
71 42 1711
71 43 1663
71 44 432
71 45 1663
71 46 1615
71 47 384
71 48 1615
71 49 1567
71 50 336
71 51 1567
71 52 1519
71 53 288
71 54 1519
71 55 1471
71 56 240
71 57 1471
71 58 1423
71 59 192
71 60 1423
71 61 1375
71 62 144
71 63 1375
71 64 1327
71 65 96
71 66 1327
71 67 1279
71 68 48
71 69 1279
71 70 1231
71 71 0
71 72 1231
71 73 1279
71 74 48
71 75 1279
71 76 1327
71 77 96
71 78 1327
71 79 1375
71 80 144
71 81 1375
71 82 1423
71 83 192
71 84 1423
71 85 1471
71 86 240
71 87 1471
71 88 1519
71 89 288
71 90 1519
71 91 1879
72 0 3110
72 1 1108
72 2 2387
72 3 233
72 4 675
72 5 793
72 6 2526
72 7 693
72 8 1170
72 9 2636
72 10 1977
72 11 1178
72 12 605
72 13 1243
72 14 1178
72 15 259
72 16 477
72 17 2420
72 18 1073
72 19 1410
72 20 2487
72 21 2447
72 22 393
72 23 2219
72 24 2096
72 25 767
72 26 2578
72 27 1153
72 28 917
72 29 788
72 30 923
72 31 2626
72 32 2460
72 33 788
72 34 1021
72 35 1796
72 36 1021
72 37 2990
72 38 1759
72 39 528
72 40 2942
72 41 1711
72 42 480
72 43 2894
72 44 1663
72 45 432
72 46 2846
72 47 1615
72 48 384
72 49 2798
72 50 1567
72 51 336
72 52 2750
72 53 1519
72 54 288
72 55 2702
72 56 1471
72 57 240
72 58 2654
72 59 1423
72 60 192
72 61 2606
72 62 1375
72 63 144
72 64 2558
72 65 1327
72 66 96
72 67 2510
72 68 1279
72 69 48
72 70 2462
72 71 1231
72 72 0
72 73 2510
72 74 1279
72 75 48
72 76 2558
72 77 1327
72 78 96
72 79 2606
72 80 1375
72 81 144
72 82 2654
72 83 1423
72 84 192
72 85 2702
72 86 1471
72 87 240
72 88 2750
72 89 1519
72 90 288
72 91 3110
73 0 696
73 1 1498
73 2 411
73 3 2565
73 4 2027
73 5 2197
73 6 272
73 7 2297
73 8 1820
73 9 738
73 10 1301
73 11 1620
73 12 2001
73 13 1555
73 14 1716
73 15 2443
73 16 2705
73 17 1146
73 18 1437
73 19 2156
73 20 407
73 21 63
73 22 2309
73 23 867
73 24 510
73 25 2319
73 26 316
73 27 2029
73 28 1689
73 29 2106
73 30 2067
73 31 364
73 32 50
73 33 2010
73 34 1489
73 35 1770
73 36 1585
73 37 576
73 38 1807
73 39 3038
73 40 528
73 41 1759
73 42 2990
73 43 480
73 44 1711
73 45 2942
73 46 432
73 47 1663
73 48 2894
73 49 384
73 50 1615
73 51 2846
73 52 336
73 53 1567
73 54 2798
73 55 288
73 56 1519
73 57 2750
73 58 240
73 59 1471
73 60 2702
73 61 192
73 62 1423
73 63 2654
73 64 144
73 65 1375
73 66 2606
73 67 96
73 68 1327
73 69 2558
73 70 48
73 71 1279
73 72 2510
73 73 0
73 74 1231
73 75 2462
73 76 48
73 77 1279
73 78 2510
73 79 96
73 80 1327
73 81 2558
73 82 144
73 83 1375
73 84 2606
73 85 192
73 86 1423
73 87 2654
73 88 240
73 89 1471
73 90 2702
73 91 696
74 0 1927
74 1 267
74 2 1204
74 3 1334
74 4 796
74 5 966
74 6 1247
74 7 1066
74 8 589
74 9 1453
74 10 794
74 11 389
74 12 770
74 13 324
74 14 485
74 15 1212
74 16 1474
74 17 1237
74 18 206
74 19 925
74 20 1304
74 21 1168
74 22 1078
74 23 1036
74 24 913
74 25 1088
74 26 1395
74 27 798
74 28 458
74 29 875
74 30 836
74 31 1443
74 32 1181
74 33 779
74 34 258
74 35 613
74 36 354
74 37 1807
74 38 576
74 39 1807
74 40 1759
74 41 528
74 42 1759
74 43 1711
74 44 480
74 45 1711
74 46 1663
74 47 432
74 48 1663
74 49 1615
74 50 384
74 51 1615
74 52 1567
74 53 336
74 54 1567
74 55 1519
74 56 288
74 57 1519
74 58 1471
74 59 240
74 60 1471
74 61 1423
74 62 192
74 63 1423
74 64 1375
74 65 144
74 66 1375
74 67 1327
74 68 96
74 69 1327
74 70 1279
74 71 48
74 72 1279
74 73 1231
74 74 0
74 75 1231
74 76 1279
74 77 48
74 78 1279
74 79 1327
74 80 96
74 81 1327
74 82 1375
74 83 144
74 84 1375
74 85 1423
74 86 192
74 87 1423
74 88 1471
74 89 240
74 90 1471
74 91 1927
75 0 3158
75 1 1060
75 2 2435
75 3 281
75 4 627
75 5 745
75 6 2478
75 7 741
75 8 1122
75 9 2684
75 10 2025
75 11 1130
75 12 653
75 13 1195
75 14 1226
75 15 211
75 16 525
75 17 2468
75 18 1025
75 19 1458
75 20 2535
75 21 2399
75 22 441
75 23 2267
75 24 2144
75 25 815
75 26 2626
75 27 1201
75 28 965
75 29 836
75 30 875
75 31 2674
75 32 2412
75 33 740
75 34 973
75 35 1844
75 36 1069
75 37 3038
75 38 1807
75 39 576
75 40 2990
75 41 1759
75 42 528
75 43 2942
75 44 1711
75 45 480
75 46 2894
75 47 1663
75 48 432
75 49 2846
75 50 1615
75 51 384
75 52 2798
75 53 1567
75 54 336
75 55 2750
75 56 1519
75 57 288
75 58 2702
75 59 1471
75 60 240
75 61 2654
75 62 1423
75 63 192
75 64 2606
75 65 1375
75 66 144
75 67 2558
75 68 1327
75 69 96
75 70 2510
75 71 1279
75 72 48
75 73 2462
75 74 1231
75 75 0
75 76 2510
75 77 1279
75 78 48
75 79 2558
75 80 1327
75 81 96
75 82 2606
75 83 1375
75 84 144
75 85 2654
75 86 1423
75 87 192
75 88 2702
75 89 1471
75 90 240
75 91 3158
76 0 744
76 1 1450
76 2 459
76 3 2613
76 4 1979
76 5 2149
76 6 224
76 7 2345
76 8 1772
76 9 786
76 10 1349
76 11 1572
76 12 2049
76 13 1507
76 14 1764
76 15 2395
76 16 2753
76 17 1194
76 18 1485
76 19 2204
76 20 455
76 21 111
76 22 2357
76 23 915
76 24 558
76 25 2367
76 26 364
76 27 2077
76 28 1737
76 29 2154
76 30 2019
76 31 412
76 32 98
76 33 1962
76 34 1537
76 35 1818
76 36 1633
76 37 624
76 38 1855
76 39 3086
76 40 576
76 41 1807
76 42 3038
76 43 528
76 44 1759
76 45 2990
76 46 480
76 47 1711
76 48 2942
76 49 432
76 50 1663
76 51 2894
76 52 384
76 53 1615
76 54 2846
76 55 336
76 56 1567
76 57 2798
76 58 288
76 59 1519
76 60 2750
76 61 240
76 62 1471
76 63 2702
76 64 192
76 65 1423
76 66 2654
76 67 144
76 68 1375
76 69 2606
76 70 96
76 71 1327
76 72 2558
76 73 48
76 74 1279
76 75 2510
76 76 0
76 77 1231
76 78 2462
76 79 48
76 80 1279
76 81 2510
76 82 96
76 83 1327
76 84 2558
76 85 144
76 86 1375
76 87 2606
76 88 192
76 89 1423
76 90 2654
76 91 744
77 0 1975
77 1 219
77 2 1252
77 3 1382
77 4 748
77 5 918
77 6 1199
77 7 1114
77 8 541
77 9 1501
77 10 842
77 11 341
77 12 818
77 13 276
77 14 533
77 15 1164
77 16 1522
77 17 1285
77 18 254
77 19 973
77 20 1352
77 21 1216
77 22 1126
77 23 1084
77 24 961
77 25 1136
77 26 1443
77 27 846
77 28 506
77 29 923
77 30 788
77 31 1491
77 32 1229
77 33 731
77 34 306
77 35 661
77 36 402
77 37 1855
77 38 624
77 39 1855
77 40 1807
77 41 576
77 42 1807
77 43 1759
77 44 528
77 45 1759
77 46 1711
77 47 480
77 48 1711
77 49 1663
77 50 432
77 51 1663
77 52 1615
77 53 384
77 54 1615
77 55 1567
77 56 336
77 57 1567
77 58 1519
77 59 288
77 60 1519
77 61 1471
77 62 240
77 63 1471
77 64 1423
77 65 192
77 66 1423
77 67 1375
77 68 144
77 69 1375
77 70 1327
77 71 96
77 72 1327
77 73 1279
77 74 48
77 75 1279
77 76 1231
77 77 0
77 78 1231
77 79 1279
77 80 48
77 81 1279
77 82 1327
77 83 96
77 84 1327
77 85 1375
77 86 144
77 87 1375
77 88 1423
77 89 192
77 90 1423
77 91 1975
78 0 3206
78 1 1012
78 2 2483
78 3 329
78 4 579
78 5 697
78 6 2430
78 7 789
78 8 1074
78 9 2732
78 10 2073
78 11 1082
78 12 701
78 13 1147
78 14 1274
78 15 163
78 16 573
78 17 2516
78 18 1073
78 19 1506
78 20 2583
78 21 2447
78 22 489
78 23 2315
78 24 2192
78 25 863
78 26 2674
78 27 1249
78 28 1013
78 29 884
78 30 827
78 31 2722
78 32 2460
78 33 692
78 34 1021
78 35 1892
78 36 1117
78 37 3086
78 38 1855
78 39 624
78 40 3038
78 41 1807
78 42 576
78 43 2990
78 44 1759
78 45 528
78 46 2942
78 47 1711
78 48 480
78 49 2894
78 50 1663
78 51 432
78 52 2846
78 53 1615
78 54 384
78 55 2798
78 56 1567
78 57 336
78 58 2750
78 59 1519
78 60 288
78 61 2702
78 62 1471
78 63 240
78 64 2654
78 65 1423
78 66 192
78 67 2606
78 68 1375
78 69 144
78 70 2558
78 71 1327
78 72 96
78 73 2510
78 74 1279
78 75 48
78 76 2462
78 77 1231
78 78 0
78 79 2510
78 80 1279
78 81 48
78 82 2558
78 83 1327
78 84 96
78 85 2606
78 86 1375
78 87 144
78 88 2654
78 89 1423
78 90 192
78 91 3206
79 0 792
79 1 1498
79 2 507
79 3 2661
79 4 1931
79 5 2101
79 6 176
79 7 2393
79 8 1724
79 9 834
79 10 1397
79 11 1524
79 12 2097
79 13 1459
79 14 1812
79 15 2347
79 16 2801
79 17 1242
79 18 1533
79 19 2252
79 20 503
79 21 159
79 22 2405
79 23 963
79 24 606
79 25 2415
79 26 412
79 27 2125
79 28 1785
79 29 2202
79 30 1971
79 31 460
79 32 146
79 33 1914
79 34 1585
79 35 1866
79 36 1681
79 37 672
79 38 1903
79 39 3134
79 40 624
79 41 1855
79 42 3086
79 43 576
79 44 1807
79 45 3038
79 46 528
79 47 1759
79 48 2990
79 49 480
79 50 1711
79 51 2942
79 52 432
79 53 1663
79 54 2894
79 55 384
79 56 1615
79 57 2846
79 58 336
79 59 1567
79 60 2798
79 61 288
79 62 1519
79 63 2750
79 64 240
79 65 1471
79 66 2702
79 67 192
79 68 1423
79 69 2654
79 70 144
79 71 1375
79 72 2606
79 73 96
79 74 1327
79 75 2558
79 76 48
79 77 1279
79 78 2510
79 79 0
79 80 1231
79 81 2462
79 82 48
79 83 1279
79 84 2510
79 85 96
79 86 1327
79 87 2558
79 88 144
79 89 1375
79 90 2606
79 91 792
80 0 2023
80 1 267
80 2 1300
80 3 1430
80 4 700
80 5 870
80 6 1151
80 7 1162
80 8 493
80 9 1549
80 10 890
80 11 293
80 12 866
80 13 228
80 14 581
80 15 1116
80 16 1570
80 17 1333
80 18 302
80 19 1021
80 20 1400
80 21 1264
80 22 1174
80 23 1132
80 24 1009
80 25 1184
80 26 1491
80 27 894
80 28 554
80 29 971
80 30 740
80 31 1539
80 32 1277
80 33 683
80 34 354
80 35 709
80 36 450
80 37 1903
80 38 672
80 39 1903
80 40 1855
80 41 624
80 42 1855
80 43 1807
80 44 576
80 45 1807
80 46 1759
80 47 528
80 48 1759
80 49 1711
80 50 480
80 51 1711
80 52 1663
80 53 432
80 54 1663
80 55 1615
80 56 384
80 57 1615
80 58 1567
80 59 336
80 60 1567
80 61 1519
80 62 288
80 63 1519
80 64 1471
80 65 240
80 66 1471
80 67 1423
80 68 192
80 69 1423
80 70 1375
80 71 144
80 72 1375
80 73 1327
80 74 96
80 75 1327
80 76 1279
80 77 48
80 78 1279
80 79 1231
80 80 0
80 81 1231
80 82 1279
80 83 48
80 84 1279
80 85 1327
80 86 96
80 87 1327
80 88 1375
80 89 144
80 90 1375
80 91 2023
81 0 3254
81 1 1060
81 2 2531
81 3 377
81 4 531
81 5 649
81 6 2382
81 7 837
81 8 1026
81 9 2780
81 10 2121
81 11 1034
81 12 749
81 13 1099
81 14 1322
81 15 115
81 16 621
81 17 2564
81 18 1121
81 19 1554
81 20 2631
81 21 2495
81 22 537
81 23 2363
81 24 2240
81 25 911
81 26 2722
81 27 1297
81 28 1061
81 29 932
81 30 779
81 31 2770
81 32 2508
81 33 644
81 34 1069
81 35 1940
81 36 1165
81 37 3134
81 38 1903
81 39 672
81 40 3086
81 41 1855
81 42 624
81 43 3038
81 44 1807
81 45 576
81 46 2990
81 47 1759
81 48 528
81 49 2942
81 50 1711
81 51 480
81 52 2894
81 53 1663
81 54 432
81 55 2846
81 56 1615
81 57 384
81 58 2798
81 59 1567
81 60 336
81 61 2750
81 62 1519
81 63 288
81 64 2702
81 65 1471
81 66 240
81 67 2654
81 68 1423
81 69 192
81 70 2606
81 71 1375
81 72 144
81 73 2558
81 74 1327
81 75 96
81 76 2510
81 77 1279
81 78 48
81 79 2462
81 80 1231
81 81 0
81 82 2510
81 83 1279
81 84 48
81 85 2558
81 86 1327
81 87 96
81 88 2606
81 89 1375
81 90 144
81 91 3254
82 0 840
82 1 1546
82 2 555
82 3 2709
82 4 1979
82 5 2053
82 6 128
82 7 2441
82 8 1676
82 9 882
82 10 1445
82 11 1476
82 12 2145
82 13 1411
82 14 1860
82 15 2395
82 16 2849
82 17 1290
82 18 1581
82 19 2300
82 20 551
82 21 207
82 22 2453
82 23 1011
82 24 654
82 25 2463
82 26 460
82 27 2173
82 28 1833
82 29 2250
82 30 1923
82 31 508
82 32 194
82 33 1866
82 34 1633
82 35 1914
82 36 1729
82 37 720
82 38 1951
82 39 3182
82 40 672
82 41 1903
82 42 3134
82 43 624
82 44 1855
82 45 3086
82 46 576
82 47 1807
82 48 3038
82 49 528
82 50 1759
82 51 2990
82 52 480
82 53 1711
82 54 2942
82 55 432
82 56 1663
82 57 2894
82 58 384
82 59 1615
82 60 2846
82 61 336
82 62 1567
82 63 2798
82 64 288
82 65 1519
82 66 2750
82 67 240
82 68 1471
82 69 2702
82 70 192
82 71 1423
82 72 2654
82 73 144
82 74 1375
82 75 2606
82 76 96
82 77 1327
82 78 2558
82 79 48
82 80 1279
82 81 2510
82 82 0
82 83 1231
82 84 2462
82 85 48
82 86 1279
82 87 2510
82 88 96
82 89 1327
82 90 2558
82 91 840
83 0 2071
83 1 315
83 2 1348
83 3 1478
83 4 748
83 5 822
83 6 1103
83 7 1210
83 8 445
83 9 1597
83 10 938
83 11 245
83 12 914
83 13 180
83 14 629
83 15 1164
83 16 1618
83 17 1381
83 18 350
83 19 1069
83 20 1448
83 21 1312
83 22 1222
83 23 1180
83 24 1057
83 25 1232
83 26 1539
83 27 942
83 28 602
83 29 1019
83 30 692
83 31 1587
83 32 1325
83 33 635
83 34 402
83 35 757
83 36 498
83 37 1951
83 38 720
83 39 1951
83 40 1903
83 41 672
83 42 1903
83 43 1855
83 44 624
83 45 1855
83 46 1807
83 47 576
83 48 1807
83 49 1759
83 50 528
83 51 1759
83 52 1711
83 53 480
83 54 1711
83 55 1663
83 56 432
83 57 1663
83 58 1615
83 59 384
83 60 1615
83 61 1567
83 62 336
83 63 1567
83 64 1519
83 65 288
83 66 1519
83 67 1471
83 68 240
83 69 1471
83 70 1423
83 71 192
83 72 1423
83 73 1375
83 74 144
83 75 1375
83 76 1327
83 77 96
83 78 1327
83 79 1279
83 80 48
83 81 1279
83 82 1231
83 83 0
83 84 1231
83 85 1279
83 86 48
83 87 1279
83 88 1327
83 89 96
83 90 1327
83 91 2071
84 0 3302
84 1 1108
84 2 2579
84 3 425
84 4 579
84 5 601
84 6 2334
84 7 885
84 8 978
84 9 2828
84 10 2169
84 11 986
84 12 797
84 13 1051
84 14 1370
84 15 163
84 16 669
84 17 2612
84 18 1169
84 19 1602
84 20 2679
84 21 2543
84 22 585
84 23 2411
84 24 2288
84 25 959
84 26 2770
84 27 1345
84 28 1109
84 29 980
84 30 731
84 31 2818
84 32 2556
84 33 596
84 34 1117
84 35 1988
84 36 1213
84 37 3182
84 38 1951
84 39 720
84 40 3134
84 41 1903
84 42 672
84 43 3086
84 44 1855
84 45 624
84 46 3038
84 47 1807
84 48 576
84 49 2990
84 50 1759
84 51 528
84 52 2942
84 53 1711
84 54 480
84 55 2894
84 56 1663
84 57 432
84 58 2846
84 59 1615
84 60 384
84 61 2798
84 62 1567
84 63 336
84 64 2750
84 65 1519
84 66 288
84 67 2702
84 68 1471
84 69 240
84 70 2654
84 71 1423
84 72 192
84 73 2606
84 74 1375
84 75 144
84 76 2558
84 77 1327
84 78 96
84 79 2510
84 80 1279
84 81 48
84 82 2462
84 83 1231
84 84 0
84 85 2510
84 86 1279
84 87 48
84 88 2558
84 89 1327
84 90 96
84 91 3302
85 0 888
85 1 1594
85 2 603
85 3 2757
85 4 2027
85 5 2005
85 6 176
85 7 2489
85 8 1628
85 9 930
85 10 1493
85 11 1524
85 12 2193
85 13 1459
85 14 1908
85 15 2443
85 16 2897
85 17 1338
85 18 1629
85 19 2348
85 20 599
85 21 255
85 22 2501
85 23 1059
85 24 702
85 25 2511
85 26 508
85 27 2221
85 28 1881
85 29 2298
85 30 1875
85 31 556
85 32 242
85 33 1914
85 34 1681
85 35 1962
85 36 1777
85 37 768
85 38 1999
85 39 3230
85 40 720
85 41 1951
85 42 3182
85 43 672
85 44 1903
85 45 3134
85 46 624
85 47 1855
85 48 3086
85 49 576
85 50 1807
85 51 3038
85 52 528
85 53 1759
85 54 2990
85 55 480
85 56 1711
85 57 2942
85 58 432
85 59 1663
85 60 2894
85 61 384
85 62 1615
85 63 2846
85 64 336
85 65 1567
85 66 2798
85 67 288
85 68 1519
85 69 2750
85 70 240
85 71 1471
85 72 2702
85 73 192
85 74 1423
85 75 2654
85 76 144
85 77 1375
85 78 2606
85 79 96
85 80 1327
85 81 2558
85 82 48
85 83 1279
85 84 2510
85 85 0
85 86 1231
85 87 2462
85 88 48
85 89 1279
85 90 2510
85 91 888
86 0 2119
86 1 363
86 2 1396
86 3 1526
86 4 796
86 5 774
86 6 1151
86 7 1258
86 8 397
86 9 1645
86 10 986
86 11 293
86 12 962
86 13 228
86 14 677
86 15 1212
86 16 1666
86 17 1429
86 18 398
86 19 1117
86 20 1496
86 21 1360
86 22 1270
86 23 1228
86 24 1105
86 25 1280
86 26 1587
86 27 990
86 28 650
86 29 1067
86 30 644
86 31 1635
86 32 1373
86 33 683
86 34 450
86 35 805
86 36 546
86 37 1999
86 38 768
86 39 1999
86 40 1951
86 41 720
86 42 1951
86 43 1903
86 44 672
86 45 1903
86 46 1855
86 47 624
86 48 1855
86 49 1807
86 50 576
86 51 1807
86 52 1759
86 53 528
86 54 1759
86 55 1711
86 56 480
86 57 1711
86 58 1663
86 59 432
86 60 1663
86 61 1615
86 62 384
86 63 1615
86 64 1567
86 65 336
86 66 1567
86 67 1519
86 68 288
86 69 1519
86 70 1471
86 71 240
86 72 1471
86 73 1423
86 74 192
86 75 1423
86 76 1375
86 77 144
86 78 1375
86 79 1327
86 80 96
86 81 1327
86 82 1279
86 83 48
86 84 1279
86 85 1231
86 86 0
86 87 1231
86 88 1279
86 89 48
86 90 1279
86 91 2119
87 0 3350
87 1 1156
87 2 2627
87 3 473
87 4 627
87 5 553
87 6 2382
87 7 933
87 8 930
87 9 2876
87 10 2217
87 11 1034
87 12 845
87 13 1099
87 14 1418
87 15 211
87 16 717
87 17 2660
87 18 1217
87 19 1650
87 20 2727
87 21 2591
87 22 633
87 23 2459
87 24 2336
87 25 1007
87 26 2818
87 27 1393
87 28 1157
87 29 1028
87 30 683
87 31 2866
87 32 2604
87 33 644
87 34 1165
87 35 2036
87 36 1261
87 37 3230
87 38 1999
87 39 768
87 40 3182
87 41 1951
87 42 720
87 43 3134
87 44 1903
87 45 672
87 46 3086
87 47 1855
87 48 624
87 49 3038
87 50 1807
87 51 576
87 52 2990
87 53 1759
87 54 528
87 55 2942
87 56 1711
87 57 480
87 58 2894
87 59 1663
87 60 432
87 61 2846
87 62 1615
87 63 384
87 64 2798
87 65 1567
87 66 336
87 67 2750
87 68 1519
87 69 288
87 70 2702
87 71 1471
87 72 240
87 73 2654
87 74 1423
87 75 192
87 76 2606
87 77 1375
87 78 144
87 79 2558
87 80 1327
87 81 96
87 82 2510
87 83 1279
87 84 48
87 85 2462
87 86 1231
87 87 0
87 88 2510
87 89 1279
87 90 48
87 91 3350
88 0 936
88 1 1642
88 2 651
88 3 2805
88 4 2075
88 5 1957
88 6 224
88 7 2537
88 8 1580
88 9 978
88 10 1541
88 11 1572
88 12 2241
88 13 1507
88 14 1956
88 15 2491
88 16 2945
88 17 1386
88 18 1677
88 19 2396
88 20 647
88 21 303
88 22 2549
88 23 1107
88 24 750
88 25 2559
88 26 556
88 27 2269
88 28 1929
88 29 2346
88 30 1827
88 31 604
88 32 290
88 33 1962
88 34 1729
88 35 2010
88 36 1825
88 37 816
88 38 2047
88 39 3278
88 40 768
88 41 1999
88 42 3230
88 43 720
88 44 1951
88 45 3182
88 46 672
88 47 1903
88 48 3134
88 49 624
88 50 1855
88 51 3086
88 52 576
88 53 1807
88 54 3038
88 55 528
88 56 1759
88 57 2990
88 58 480
88 59 1711
88 60 2942
88 61 432
88 62 1663
88 63 2894
88 64 384
88 65 1615
88 66 2846
88 67 336
88 68 1567
88 69 2798
88 70 288
88 71 1519
88 72 2750
88 73 240
88 74 1471
88 75 2702
88 76 192
88 77 1423
88 78 2654
88 79 144
88 80 1375
88 81 2606
88 82 96
88 83 1327
88 84 2558
88 85 48
88 86 1279
88 87 2510
88 88 0
88 89 1231
88 90 2462
88 91 936
89 0 2167
89 1 411
89 2 1444
89 3 1574
89 4 844
89 5 726
89 6 1199
89 7 1306
89 8 349
89 9 1693
89 10 1034
89 11 341
89 12 1010
89 13 276
89 14 725
89 15 1260
89 16 1714
89 17 1477
89 18 446
89 19 1165
89 20 1544
89 21 1408
89 22 1318
89 23 1276
89 24 1153
89 25 1328
89 26 1635
89 27 1038
89 28 698
89 29 1115
89 30 596
89 31 1683
89 32 1421
89 33 731
89 34 498
89 35 853
89 36 594
89 37 2047
89 38 816
89 39 2047
89 40 1999
89 41 768
89 42 1999
89 43 1951
89 44 720
89 45 1951
89 46 1903
89 47 672
89 48 1903
89 49 1855
89 50 624
89 51 1855
89 52 1807
89 53 576
89 54 1807
89 55 1759
89 56 528
89 57 1759
89 58 1711
89 59 480
89 60 1711
89 61 1663
89 62 432
89 63 1663
89 64 1615
89 65 384
89 66 1615
89 67 1567
89 68 336
89 69 1567
89 70 1519
89 71 288
89 72 1519
89 73 1471
89 74 240
89 75 1471
89 76 1423
89 77 192
89 78 1423
89 79 1375
89 80 144
89 81 1375
89 82 1327
89 83 96
89 84 1327
89 85 1279
89 86 48
89 87 1279
89 88 1231
89 89 0
89 90 1231
89 91 2167
90 0 3398
90 1 1204
90 2 2675
90 3 521
90 4 675
90 5 505
90 6 2430
90 7 981
90 8 882
90 9 2924
90 10 2265
90 11 1082
90 12 893
90 13 1147
90 14 1466
90 15 259
90 16 765
90 17 2708
90 18 1265
90 19 1698
90 20 2775
90 21 2639
90 22 681
90 23 2507
90 24 2384
90 25 1055
90 26 2866
90 27 1441
90 28 1205
90 29 1076
90 30 635
90 31 2914
90 32 2652
90 33 692
90 34 1213
90 35 2084
90 36 1309
90 37 3278
90 38 2047
90 39 816
90 40 3230
90 41 1999
90 42 768
90 43 3182
90 44 1951
90 45 720
90 46 3134
90 47 1903
90 48 672
90 49 3086
90 50 1855
90 51 624
90 52 3038
90 53 1807
90 54 576
90 55 2990
90 56 1759
90 57 528
90 58 2942
90 59 1711
90 60 480
90 61 2894
90 62 1663
90 63 432
90 64 2846
90 65 1615
90 66 384
90 67 2798
90 68 1567
90 69 336
90 70 2750
90 71 1519
90 72 288
90 73 2702
90 74 1471
90 75 240
90 76 2654
90 77 1423
90 78 192
90 79 2606
90 80 1375
90 81 144
90 82 2558
90 83 1327
90 84 96
90 85 2510
90 86 1279
90 87 48
90 88 2462
90 89 1231
90 90 0
90 91 3398
91 0 0
91 1 2194
91 2 723
91 3 2877
91 4 2723
91 5 2893
91 6 968
91 7 2417
91 8 2516
91 9 474
91 10 1133
91 11 2316
91 12 2505
91 13 2251
91 14 1932
91 15 3139
91 16 2633
91 17 690
91 18 2133
91 19 1700
91 20 623
91 21 759
91 22 2717
91 23 891
91 24 1014
91 25 2343
91 26 532
91 27 1957
91 28 2193
91 29 2322
91 30 2763
91 31 484
91 32 746
91 33 2706
91 34 2185
91 35 1314
91 36 2089
91 37 120
91 38 1351
91 39 2582
91 40 168
91 41 1399
91 42 2630
91 43 216
91 44 1447
91 45 2678
91 46 264
91 47 1495
91 48 2726
91 49 312
91 50 1543
91 51 2774
91 52 360
91 53 1591
91 54 2822
91 55 408
91 56 1639
91 57 2870
91 58 456
91 59 1687
91 60 2918
91 61 504
91 62 1735
91 63 2966
91 64 552
91 65 1783
91 66 3014
91 67 600
91 68 1831
91 69 3062
91 70 648
91 71 1879
91 72 3110
91 73 696
91 74 1927
91 75 3158
91 76 744
91 77 1975
91 78 3206
91 79 792
91 80 2023
91 81 3254
91 82 840
91 83 2071
91 84 3302
91 85 888
91 86 2119
91 87 3350
91 88 936
91 89 2167
91 90 3398
91 91 0
//Location coordinates LocationName
//Loc x y
0 0.0 0.0 "depot"
1 624.0 1570.0 "product aisle 13 bloc 1 rank 30"
2 384.0 339.0 "product aisle 8 bloc 0 rank 30"
3 384.0 2493.0 "product aisle 8 bloc 1 rank 171"
4 672.0 2051.0 "product aisle 14 bloc 1 rank 104"
5 816.0 2077.0 "product aisle 17 bloc 1 rank 107"
6 720.0 248.0 "product aisle 15 bloc 0 rank 15"
7 288.0 2129.0 "product aisle 6 bloc 1 rank 115"
8 816.0 1700.0 "product aisle 17 bloc 1 rank 50"
9 96.0 378.0 "product aisle 2 bloc 0 rank 35"
10 144.0 989.0 "product aisle 3 bloc 0 rank 130"
11 720.0 1596.0 "product aisle 15 bloc 1 rank 33"
12 480.0 2025.0 "product aisle 10 bloc 1 rank 100"
13 720.0 1531.0 "product aisle 15 bloc 1 rank 24"
14 336.0 1596.0 "product aisle 7 bloc 1 rank 33"
15 672.0 2467.0 "product aisle 14 bloc 1 rank 168"
16 192.0 2441.0 "product aisle 4 bloc 1 rank 163"
17 0.0 690.0 "product aisle 0 bloc 0 rank 83"
18 576.0 1557.0 "product aisle 12 bloc 1 rank 28"
19 0.0 1700.0 "product aisle 0 bloc 1 rank 49"
20 336.0 287.0 "product aisle 7 bloc 0 rank 22"
21 576.0 183.0 "product aisle 12 bloc 0 rank 6"
22 432.0 2285.0 "product aisle 9 bloc 1 rank 139"
23 240.0 651.0 "product aisle 5 bloc 0 rank 77"
24 480.0 534.0 "product aisle 10 bloc 0 rank 59"
25 240.0 2103.0 "product aisle 5 bloc 1 rank 111"
26 336.0 196.0 "product aisle 7 bloc 0 rank 8"
27 192.0 1765.0 "product aisle 4 bloc 1 rank 59"
28 480.0 1713.0 "product aisle 10 bloc 1 rank 51"
29 336.0 1986.0 "product aisle 7 bloc 1 rank 93"
30 816.0 1947.0 "product aisle 17 bloc 1 rank 88"
31 288.0 196.0 "product aisle 6 bloc 0 rank 8"
32 576.0 170.0 "product aisle 12 bloc 0 rank 3"
33 720.0 1986.0 "product aisle 15 bloc 1 rank 93"
34 576.0 1609.0 "product aisle 12 bloc 1 rank 36"
35 0.0 1314.0 "product aisle 0 bloc 0 rank 180"
36 480.0 1609.0 "product aisle 10 bloc 1 rank 35"
37 24.0 120.0 "intersection aisle 0 bloc 0 rank 0"
38 24.0 1351.0 "intersection aisle 0 bloc 1 rank 1"
39 24.0 2582.0 "intersection aisle 0 bloc 2 rank 2"
40 72.0 120.0 "intersection aisle 1 bloc 0 rank 0"
41 72.0 1351.0 "intersection aisle 1 bloc 1 rank 1"
42 72.0 2582.0 "intersection aisle 1 bloc 2 rank 2"
43 120.0 120.0 "intersection aisle 2 bloc 0 rank 0"
44 120.0 1351.0 "intersection aisle 2 bloc 1 rank 1"
45 120.0 2582.0 "intersection aisle 2 bloc 2 rank 2"
46 168.0 120.0 "intersection aisle 3 bloc 0 rank 0"
47 168.0 1351.0 "intersection aisle 3 bloc 1 rank 1"
48 168.0 2582.0 "intersection aisle 3 bloc 2 rank 2"
49 216.0 120.0 "intersection aisle 4 bloc 0 rank 0"
50 216.0 1351.0 "intersection aisle 4 bloc 1 rank 1"
51 216.0 2582.0 "intersection aisle 4 bloc 2 rank 2"
52 264.0 120.0 "intersection aisle 5 bloc 0 rank 0"
53 264.0 1351.0 "intersection aisle 5 bloc 1 rank 1"
54 264.0 2582.0 "intersection aisle 5 bloc 2 rank 2"
55 312.0 120.0 "intersection aisle 6 bloc 0 rank 0"
56 312.0 1351.0 "intersection aisle 6 bloc 1 rank 1"
57 312.0 2582.0 "intersection aisle 6 bloc 2 rank 2"
58 360.0 120.0 "intersection aisle 7 bloc 0 rank 0"
59 360.0 1351.0 "intersection aisle 7 bloc 1 rank 1"
60 360.0 2582.0 "intersection aisle 7 bloc 2 rank 2"
61 408.0 120.0 "intersection aisle 8 bloc 0 rank 0"
62 408.0 1351.0 "intersection aisle 8 bloc 1 rank 1"
63 408.0 2582.0 "intersection aisle 8 bloc 2 rank 2"
64 456.0 120.0 "intersection aisle 9 bloc 0 rank 0"
65 456.0 1351.0 "intersection aisle 9 bloc 1 rank 1"
66 456.0 2582.0 "intersection aisle 9 bloc 2 rank 2"
67 504.0 120.0 "intersection aisle 10 bloc 0 rank 0"
68 504.0 1351.0 "intersection aisle 10 bloc 1 rank 1"
69 504.0 2582.0 "intersection aisle 10 bloc 2 rank 2"
70 552.0 120.0 "intersection aisle 11 bloc 0 rank 0"
71 552.0 1351.0 "intersection aisle 11 bloc 1 rank 1"
72 552.0 2582.0 "intersection aisle 11 bloc 2 rank 2"
73 600.0 120.0 "intersection aisle 12 bloc 0 rank 0"
74 600.0 1351.0 "intersection aisle 12 bloc 1 rank 1"
75 600.0 2582.0 "intersection aisle 12 bloc 2 rank 2"
76 648.0 120.0 "intersection aisle 13 bloc 0 rank 0"
77 648.0 1351.0 "intersection aisle 13 bloc 1 rank 1"
78 648.0 2582.0 "intersection aisle 13 bloc 2 rank 2"
79 696.0 120.0 "intersection aisle 14 bloc 0 rank 0"
80 696.0 1351.0 "intersection aisle 14 bloc 1 rank 1"
81 696.0 2582.0 "intersection aisle 14 bloc 2 rank 2"
82 744.0 120.0 "intersection aisle 15 bloc 0 rank 0"
83 744.0 1351.0 "intersection aisle 15 bloc 1 rank 1"
84 744.0 2582.0 "intersection aisle 15 bloc 2 rank 2"
85 792.0 120.0 "intersection aisle 16 bloc 0 rank 0"
86 792.0 1351.0 "intersection aisle 16 bloc 1 rank 1"
87 792.0 2582.0 "intersection aisle 16 bloc 2 rank 2"
88 840.0 120.0 "intersection aisle 17 bloc 0 rank 0"
89 840.0 1351.0 "intersection aisle 17 bloc 1 rank 1"
90 840.0 2582.0 "intersection aisle 17 bloc 2 rank 2"
91 0.0 0.0 "depot"
