//alpha
1
//NbLocations
79
//NbProducts
24
//NbPickers
2
//CapaPicker
4
//TimeToTravelOneDistanceUnit
3
//SetupTime
5400
//PickTime
300
//Products
//Idx Location Size
1 1 1
2 2 1
3 3 1
4 4 1
5 5 1
6 6 1
7 7 1
8 8 1
9 9 1
10 10 1
11 11 1
12 12 1
13 13 1
14 14 1
15 15 1
16 16 1
17 17 1
18 18 1
19 19 1
20 20 1
21 21 1
22 22 1
23 23 1
24 24 1
//Orders
//NbOrders
12
//Idx DueDate TardinessPenalty NbProdInOrder ProdIdx1 Qty1 ProdIdx2 Qty2 ...
1 126000 0 3 1 1 2 1 3 1
2 90000 0 2 4 1 5 1
3 108000 0 2 6 1 7 1
4 72000 0 1 8 1
5 108000 0 2 9 1 10 1
6 108000 0 1 11 1
7 72000 0 2 12 1 13 1
8 108000 0 3 14 1 15 1 16 1
9 126000 0 1 17 1
10 144000 0 3 18 1 19 1 20 1
11 144000 0 2 21 1 22 1
12 72000 0 2 23 1 24 1
//Graph (Products are vertices indexed from 1 to NbProducts)
//NbVerticesIntersections
54
//DepartingDepot
0
//ArrivalDepot
79
//Arcs
//Start End Distance
0 25 120
1 5 52
1 13 351
2 58 752
2 59 479
3 20 468
3 40 349
4 26 336
4 27 895
5 1 52
5 32 297
6 10 858
6 35 37
7 8 728
7 32 154
8 7 728
8 33 349
9 15 286
9 26 180
10 6 858
10 34 336
11 37 986
11 38 245
12 18 143
12 23 26
13 1 351
13 31 531
14 20 247
14 41 167
15 9 286
15 25 765
16 18 533
16 30 89
17 43 739
17 44 492
18 12 143
18 16 533
19 46 973
19 47 258
20 3 468
20 14 247
21 52 1168
21 53 63
22 38 661
22 39 570
23 12 26
23 29 440
24 77 1025
24 78 206
25 15 765
25 28 48
25 79 120
26 4 336
26 9 180
26 29 48
27 4 895
27 30 48
28 25 48
28 29 1231
28 31 48
29 23 440
29 26 48
29 28 1231
29 32 48
30 16 89
30 27 48
30 33 48
31 13 531
31 28 48
31 34 48
32 5 297
32 7 154
32 29 48
32 35 48
33 8 349
33 30 48
33 36 48
34 10 336
34 31 48
34 37 48
35 6 37
35 32 48
35 36 1231
35 38 48
36 33 48
36 35 1231
36 39 48
37 11 986
37 34 48
37 40 48
38 11 245
38 22 661
38 35 48
38 41 48
39 22 570
39 36 48
39 42 48
40 3 349
40 37 48
40 43 48
41 14 167
41 38 48
41 42 1231
41 44 48
42 39 48
42 41 1231
42 45 48
43 17 739
43 40 48
43 46 48
44 17 492
44 41 48
44 45 1231
44 47 48
45 42 48
45 44 1231
45 48 48
46 19 973
46 43 48
46 49 48
47 19 258
47 44 48
47 48 1231
47 50 48
48 45 48
48 47 1231
48 51 48
49 46 48
49 50 1231
49 52 48
50 47 48
50 49 1231
50 51 1231
50 53 48
51 48 48
51 50 1231
51 54 48
52 21 1168
52 49 48
52 55 48
53 21 63
53 50 48
53 54 1231
53 56 48
54 51 48
54 53 1231
54 57 48
55 52 48
55 56 1231
55 58 48
56 53 48
56 55 1231
56 57 1231
56 59 48
57 54 48
57 56 1231
57 60 48
58 2 752
58 55 48
58 61 48
59 2 479
59 56 48
59 60 1231
59 62 48
60 57 48
60 59 1231
60 63 48
61 58 48
61 62 1231
61 64 48
62 59 48
62 61 1231
62 63 1231
62 65 48
63 60 48
63 62 1231
63 66 48
64 61 48
64 65 1231
64 67 48
65 62 48
65 64 1231
65 66 1231
65 68 48
66 63 48
66 65 1231
66 69 48
67 64 48
67 68 1231
67 70 48
68 65 48
68 67 1231
68 69 1231
68 71 48
69 66 48
69 68 1231
69 72 48
70 67 48
70 71 1231
70 73 48
71 68 48
71 70 1231
71 72 1231
71 74 48
72 69 48
72 71 1231
72 75 48
73 70 48
73 74 1231
73 76 48
74 71 48
74 73 1231
74 75 1231
74 77 48
75 72 48
75 74 1231
75 78 48
76 73 48
76 77 1231
77 24 1025
77 74 48
77 76 1231
78 24 206
78 75 48
//LocStart LocEnd ShortestPath
0 0 0
0 1 1098
0 2 1400
0 3 709
0 4 1687
0 5 1150
0 6 1458
0 7 1601
0 8 2329
0 9 1171
0 10 600
0 11 1298
0 12 1865
0 13 747
0 14 1424
0 15 885
0 16 2541
0 17 1147
0 18 2008
0 19 1429
0 20 1177
0 21 1720
0 22 2204
0 23 1839
0 24 3192
0 25 120
0 26 1351
0 27 2582
0 28 168
0 29 1399
0 30 2630
0 31 216
0 32 1447
0 33 2678
0 34 264
0 35 1495
0 36 2726
0 37 312
0 38 1543
0 39 2774
0 40 360
0 41 1591
0 42 2822
0 43 408
0 44 1639
0 45 2870
0 46 456
0 47 1687
0 48 2918
0 49 504
0 50 1735
0 51 2966
0 52 552
0 53 1783
0 54 3014
0 55 600
0 56 1831
0 57 3062
0 58 648
0 59 1879
0 60 3110
0 61 696
0 62 1927
0 63 3158
0 64 744
0 65 1975
0 66 3206
0 67 792
0 68 2023
0 69 3254
0 70 840
0 71 2071
0 72 3302
0 73 888
0 74 2119
0 75 3350
0 76 936
0 77 2167
0 78 3398
0 79 0
1 0 1098
1 1 0
1 2 1260
1 3 1375
1 4 781
1 5 52
1 6 434
1 7 503
1 8 1231
1 9 625
1 10 1266
1 11 690
1 12 863
1 13 351
1 14 660
1 15 911
1 16 1539
1 17 1033
1 18 1006
1 19 847
1 20 907
1 21 748
1 22 1106
1 23 837
1 24 2094
1 25 978
1 26 445
1 27 1676
1 28 930
1 29 397
1 30 1628
1 31 882
1 32 349
1 33 1580
1 34 930
1 35 397
1 36 1628
1 37 978
1 38 445
1 39 1676
1 40 1026
1 41 493
1 42 1724
1 43 1074
1 44 541
1 45 1772
1 46 1122
1 47 589
1 48 1820
1 49 1170
1 50 637
1 51 1868
1 52 1218
1 53 685
1 54 1916
1 55 1266
1 56 733
1 57 1964
1 58 1314
1 59 781
1 60 2012
1 61 1362
1 62 829
1 63 2060
1 64 1410
1 65 877
1 66 2108
1 67 1458
1 68 925
1 69 2156
1 70 1506
1 71 973
1 72 2204
1 73 1554
1 74 1021
1 75 2252
1 76 1602
1 77 1069
1 78 2300
1 79 1098
2 0 1400
2 1 1260
2 2 0
2 3 1389
2 4 1343
2 5 1208
2 6 900
2 7 1065
2 8 1793
2 9 1187
2 10 1472
2 11 1060
2 12 1425
2 13 1611
2 14 934
2 15 1473
2 16 2101
2 17 1211
2 18 1568
2 19 929
2 20 1181
2 21 638
2 22 1476
2 23 1399
2 24 1792
2 25 1280
2 26 1007
2 27 2238
2 28 1232
2 29 959
2 30 2190
2 31 1184
2 32 911
2 33 2142
2 34 1136
2 35 863
2 36 2094
2 37 1088
2 38 815
2 39 2046
2 40 1040
2 41 767
2 42 1998
2 43 992
2 44 719
2 45 1950
2 46 944
2 47 671
2 48 1902
2 49 896
2 50 623
2 51 1854
2 52 848
2 53 575
2 54 1806
2 55 800
2 56 527
2 57 1758
2 58 752
2 59 479
2 60 1710
2 61 800
2 62 527
2 63 1758
2 64 848
2 65 575
2 66 1806
2 67 896
2 68 623
2 69 1854
2 70 944
2 71 671
2 72 1902
2 73 992
2 74 719
2 75 1950
2 76 1040
2 77 767
2 78 1998
2 79 1400
3 0 709
3 1 1375
3 2 1389
3 3 0
3 4 1458
3 5 1323
3 6 1015
3 7 1180
3 8 1908
3 9 1302
3 10 781
3 11 1175
3 12 1540
3 13 1024
3 14 715
3 15 1354
3 16 2216
3 17 1136
3 18 1683
3 19 1236
3 20 468
3 21 1137
3 22 1591
3 23 1514
3 24 2483
3 25 589
3 26 1122
3 27 2353
3 28 541
3 29 1074
3 30 2305
3 31 493
3 32 1026
3 33 2257
3 34 445
3 35 978
3 36 2209
3 37 397
3 38 930
3 39 2161
3 40 349
3 41 882
3 42 2113
3 43 397
3 44 930
3 45 2161
3 46 445
3 47 978
3 48 2209
3 49 493
3 50 1026
3 51 2257
3 52 541
3 53 1074
3 54 2305
3 55 589
3 56 1122
3 57 2353
3 58 637
3 59 1170
3 60 2401
3 61 685
3 62 1218
3 63 2449
3 64 733
3 65 1266
3 66 2497
3 67 781
3 68 1314
3 69 2545
3 70 829
3 71 1362
3 72 2593
3 73 877
3 74 1410
3 75 2641
3 76 925
3 77 1458
3 78 2689
3 79 709
4 0 1687
4 1 781
4 2 1343
4 3 1458
4 4 0
4 5 729
4 6 517
4 7 586
4 8 1314
4 9 516
4 10 1375
4 11 773
4 12 850
4 13 1132
4 14 743
4 15 802
4 16 1032
4 17 1116
4 18 993
4 19 930
4 20 990
4 21 831
4 22 1189
4 23 824
4 24 1917
4 25 1567
4 26 336
4 27 895
4 28 1615
4 29 384
4 30 943
4 31 1663
4 32 432
4 33 991
4 34 1711
4 35 480
4 36 1039
4 37 1759
4 38 528
4 39 1087
4 40 1807
4 41 576
4 42 1135
4 43 1855
4 44 624
4 45 1183
4 46 1903
4 47 672
4 48 1231
4 49 1951
4 50 720
4 51 1279
4 52 1999
4 53 768
4 54 1327
4 55 2047
4 56 816
4 57 1375
4 58 2095
4 59 864
4 60 1423
4 61 2143
4 62 912
4 63 1471
4 64 2191
4 65 960
4 66 1519
4 67 2239
4 68 1008
4 69 1567
4 70 2287
4 71 1056
4 72 1615
4 73 2335
4 74 1104
4 75 1663
4 76 2383
4 77 1152
4 78 1711
4 79 1687
5 0 1150
5 1 52
5 2 1208
5 3 1323
5 4 729
5 5 0
5 6 382
5 7 451
5 8 1179
5 9 573
5 10 1240
5 11 638
5 12 811
5 13 403
5 14 608
5 15 859
5 16 1487
5 17 981
5 18 954
5 19 795
5 20 855
5 21 696
5 22 1054
5 23 785
5 24 2042
5 25 1030
5 26 393
5 27 1624
5 28 982
5 29 345
5 30 1576
5 31 934
5 32 297
5 33 1528
5 34 982
5 35 345
5 36 1576
5 37 1030
5 38 393
5 39 1624
5 40 1078
5 41 441
5 42 1672
5 43 1126
5 44 489
5 45 1720
5 46 1174
5 47 537
5 48 1768
5 49 1222
5 50 585
5 51 1816
5 52 1270
5 53 633
5 54 1864
5 55 1318
5 56 681
5 57 1912
5 58 1366
5 59 729
5 60 1960
5 61 1414
5 62 777
5 63 2008
5 64 1462
5 65 825
5 66 2056
5 67 1510
5 68 873
5 69 2104
5 70 1558
5 71 921
5 72 2152
5 73 1606
5 74 969
5 75 2200
5 76 1654
5 77 1017
5 78 2248
5 79 1150
6 0 1458
6 1 434
6 2 900
6 3 1015
6 4 517
6 5 382
6 6 0
6 7 239
6 8 967
6 9 361
6 10 858
6 11 330
6 12 599
6 13 785
6 14 300
6 15 647
6 16 1275
6 17 673
6 18 742
6 19 487
6 20 547
6 21 388
6 22 746
6 23 573
6 24 1734
6 25 1338
6 26 181
6 27 1412
6 28 1290
6 29 133
6 30 1364
6 31 1242
6 32 85
6 33 1316
6 34 1194
6 35 37
6 36 1268
6 37 1242
6 38 85
6 39 1316
6 40 1290
6 41 133
6 42 1364
6 43 1338
6 44 181
6 45 1412
6 46 1386
6 47 229
6 48 1460
6 49 1434
6 50 277
6 51 1508
6 52 1482
6 53 325
6 54 1556
6 55 1530
6 56 373
6 57 1604
6 58 1578
6 59 421
6 60 1652
6 61 1626
6 62 469
6 63 1700
6 64 1674
6 65 517
6 66 1748
6 67 1722
6 68 565
6 69 1796
6 70 1770
6 71 613
6 72 1844
6 73 1818
6 74 661
6 75 1892
6 76 1866
6 77 709
6 78 1940
6 79 1458
7 0 1601
7 1 503
7 2 1065
7 3 1180
7 4 586
7 5 451
7 6 239
7 7 0
7 8 728
7 9 430
7 10 1097
7 11 495
7 12 668
7 13 854
7 14 465
7 15 716
7 16 1214
7 17 838
7 18 811
7 19 652
7 20 712
7 21 553
7 22 911
7 23 642
7 24 1899
7 25 1481
7 26 250
7 27 1173
7 28 1433
7 29 202
7 30 1125
7 31 1385
7 32 154
7 33 1077
7 34 1433
7 35 202
7 36 1125
7 37 1481
7 38 250
7 39 1173
7 40 1529
7 41 298
7 42 1221
7 43 1577
7 44 346
7 45 1269
7 46 1625
7 47 394
7 48 1317
7 49 1673
7 50 442
7 51 1365
7 52 1721
7 53 490
7 54 1413
7 55 1769
7 56 538
7 57 1461
7 58 1817
7 59 586
7 60 1509
7 61 1865
7 62 634
7 63 1557
7 64 1913
7 65 682
7 66 1605
7 67 1961
7 68 730
7 69 1653
7 70 2009
7 71 778
7 72 1701
7 73 2057
7 74 826
7 75 1749
7 76 2105
7 77 874
7 78 1797
7 79 1601
8 0 2329
8 1 1231
8 2 1793
8 3 1908
8 4 1314
8 5 1179
8 6 967
8 7 728
8 8 0
8 9 1158
8 10 1825
8 11 1223
8 12 1162
8 13 1582
8 14 1193
8 15 1444
8 16 486
8 17 1566
8 18 1019
8 19 1380
8 20 1440
8 21 1281
8 22 1015
8 23 1188
8 24 1275
8 25 2209
8 26 978
8 27 445
8 28 2161
8 29 930
8 30 397
8 31 2113
8 32 882
8 33 349
8 34 2161
8 35 930
8 36 397
8 37 2209
8 38 978
8 39 445
8 40 2257
8 41 1026
8 42 493
8 43 2305
8 44 1074
8 45 541
8 46 2353
8 47 1122
8 48 589
8 49 2401
8 50 1170
8 51 637
8 52 2449
8 53 1218
8 54 685
8 55 2497
8 56 1266
8 57 733
8 58 2545
8 59 1314
8 60 781
8 61 2593
8 62 1362
8 63 829
8 64 2641
8 65 1410
8 66 877
8 67 2689
8 68 1458
8 69 925
8 70 2737
8 71 1506
8 72 973
8 73 2785
8 74 1554
8 75 1021
8 76 2833
8 77 1602
8 78 1069
8 79 2329
9 0 1171
9 1 625
9 2 1187
9 3 1302
9 4 516
9 5 573
9 6 361
9 7 430
9 8 1158
9 9 0
9 10 1219
9 11 617
9 12 694
9 13 976
9 14 587
9 15 286
9 16 1370
9 17 960
9 18 837
9 19 774
9 20 834
9 21 675
9 22 1033
9 23 668
9 24 2021
9 25 1051
9 26 180
9 27 1411
9 28 1099
9 29 228
9 30 1459
9 31 1147
9 32 276
9 33 1507
9 34 1195
9 35 324
9 36 1555
9 37 1243
9 38 372
9 39 1603
9 40 1291
9 41 420
9 42 1651
9 43 1339
9 44 468
9 45 1699
9 46 1387
9 47 516
9 48 1747
9 49 1435
9 50 564
9 51 1795
9 52 1483
9 53 612
9 54 1843
9 55 1531
9 56 660
9 57 1891
9 58 1579
9 59 708
9 60 1939
9 61 1627
9 62 756
9 63 1987
9 64 1675
9 65 804
9 66 2035
9 67 1723
9 68 852
9 69 2083
9 70 1771
9 71 900
9 72 2131
9 73 1819
9 74 948
9 75 2179
9 76 1867
9 77 996
9 78 2227
9 79 1171
10 0 600
10 1 1266
10 2 1472
10 3 781
10 4 1375
10 5 1240
10 6 858
10 7 1097
10 8 1825
10 9 1219
10 10 0
10 11 1188
10 12 1457
10 13 915
10 14 1158
10 15 1245
10 16 2133
10 17 1219
10 18 1600
10 19 1345
10 20 1249
10 21 1246
10 22 1604
10 23 1431
10 24 2592
10 25 480
10 26 1039
10 27 2270
10 28 432
10 29 991
10 30 2222
10 31 384
10 32 943
10 33 2174
10 34 336
10 35 895
10 36 2126
10 37 384
10 38 943
10 39 2174
10 40 432
10 41 991
10 42 2222
10 43 480
10 44 1039
10 45 2270
10 46 528
10 47 1087
10 48 2318
10 49 576
10 50 1135
10 51 2366
10 52 624
10 53 1183
10 54 2414
10 55 672
10 56 1231
10 57 2462
10 58 720
10 59 1279
10 60 2510
10 61 768
10 62 1327
10 63 2558
10 64 816
10 65 1375
10 66 2606
10 67 864
10 68 1423
10 69 2654
10 70 912
10 71 1471
10 72 2702
10 73 960
10 74 1519
10 75 2750
10 76 1008
10 77 1567
10 78 2798
10 79 600
11 0 1298
11 1 690
11 2 1060
11 3 1175
11 4 773
11 5 638
11 6 330
11 7 495
11 8 1223
11 9 617
11 10 1188
11 11 0
11 12 855
11 13 1041
11 14 460
11 15 903
11 16 1531
11 17 833
11 18 998
11 19 647
11 20 707
11 21 548
11 22 906
11 23 829
11 24 1894
11 25 1178
11 26 437
11 27 1668
11 28 1130
11 29 389
11 30 1620
11 31 1082
11 32 341
11 33 1572
11 34 1034
11 35 293
11 36 1524
11 37 986
11 38 245
11 39 1476
11 40 1034
11 41 293
11 42 1524
11 43 1082
11 44 341
11 45 1572
11 46 1130
11 47 389
11 48 1620
11 49 1178
11 50 437
11 51 1668
11 52 1226
11 53 485
11 54 1716
11 55 1274
11 56 533
11 57 1764
11 58 1322
11 59 581
11 60 1812
11 61 1370
11 62 629
11 63 1860
11 64 1418
11 65 677
11 66 1908
11 67 1466
11 68 725
11 69 1956
11 70 1514
11 71 773
11 72 2004
11 73 1562
11 74 821
11 75 2052
11 76 1610
11 77 869
11 78 2100
11 79 1298
12 0 1865
12 1 863
12 2 1425
12 3 1540
12 4 850
12 5 811
12 6 599
12 7 668
12 8 1162
12 9 694
12 10 1457
12 11 855
12 12 0
12 13 1214
12 14 825
12 15 980
12 16 676
12 17 1198
12 18 143
12 19 1012
12 20 1072
12 21 913
12 22 1271
12 23 26
12 24 1739
12 25 1745
12 26 514
12 27 813
12 28 1697
12 29 466
12 30 765
12 31 1745
12 32 514
12 33 813
12 34 1793
12 35 562
12 36 861
12 37 1841
12 38 610
12 39 909
12 40 1889
12 41 658
12 42 957
12 43 1937
12 44 706
12 45 1005
12 46 1985
12 47 754
12 48 1053
12 49 2033
12 50 802
12 51 1101
12 52 2081
12 53 850
12 54 1149
12 55 2129
12 56 898
12 57 1197
12 58 2177
12 59 946
12 60 1245
12 61 2225
12 62 994
12 63 1293
12 64 2273
12 65 1042
12 66 1341
12 67 2321
12 68 1090
12 69 1389
12 70 2369
12 71 1138
12 72 1437
12 73 2417
12 74 1186
12 75 1485
12 76 2465
12 77 1234
12 78 1533
12 79 1865
13 0 747
13 1 351
13 2 1611
13 3 1024
13 4 1132
13 5 403
13 6 785
13 7 854
13 8 1582
13 9 976
13 10 915
13 11 1041
13 12 1214
13 13 0
13 14 1011
13 15 1262
13 16 1890
13 17 1384
13 18 1357
13 19 1198
13 20 1258
13 21 1099
13 22 1457
13 23 1188
13 24 2445
13 25 627
13 26 796
13 27 2027
13 28 579
13 29 748
13 30 1979
13 31 531
13 32 700
13 33 1931
13 34 579
13 35 748
13 36 1979
13 37 627
13 38 796
13 39 2027
13 40 675
13 41 844
13 42 2075
13 43 723
13 44 892
13 45 2123
13 46 771
13 47 940
13 48 2171
13 49 819
13 50 988
13 51 2219
13 52 867
13 53 1036
13 54 2267
13 55 915
13 56 1084
13 57 2315
13 58 963
13 59 1132
13 60 2363
13 61 1011
13 62 1180
13 63 2411
13 64 1059
13 65 1228
13 66 2459
13 67 1107
13 68 1276
13 69 2507
13 70 1155
13 71 1324
13 72 2555
13 73 1203
13 74 1372
13 75 2603
13 76 1251
13 77 1420
13 78 2651
13 79 747
14 0 1424
14 1 660
14 2 934
14 3 715
14 4 743
14 5 608
14 6 300
14 7 465
14 8 1193
14 9 587
14 10 1158
14 11 460
14 12 825
14 13 1011
14 14 0
14 15 873
14 16 1501
14 17 707
14 18 968
14 19 521
14 20 247
14 21 422
14 22 876
14 23 799
14 24 1768
14 25 1304
14 26 407
14 27 1638
14 28 1256
14 29 359
14 30 1590
14 31 1208
14 32 311
14 33 1542
14 34 1160
14 35 263
14 36 1494
14 37 1112
14 38 215
14 39 1446
14 40 1064
14 41 167
14 42 1398
14 43 1112
14 44 215
14 45 1446
14 46 1160
14 47 263
14 48 1494
14 49 1208
14 50 311
14 51 1542
14 52 1256
14 53 359
14 54 1590
14 55 1304
14 56 407
14 57 1638
14 58 1352
14 59 455
14 60 1686
14 61 1400
14 62 503
14 63 1734
14 64 1448
14 65 551
14 66 1782
14 67 1496
14 68 599
14 69 1830
14 70 1544
14 71 647
14 72 1878
14 73 1592
14 74 695
14 75 1926
14 76 1640
14 77 743
14 78 1974
14 79 1424
15 0 885
15 1 911
15 2 1473
15 3 1354
15 4 802
15 5 859
15 6 647
15 7 716
15 8 1444
15 9 286
15 10 1245
15 11 903
15 12 980
15 13 1262
15 14 873
15 15 0
15 16 1656
15 17 1246
15 18 1123
15 19 1060
15 20 1120
15 21 961
15 22 1319
15 23 954
15 24 2307
15 25 765
15 26 466
15 27 1697
15 28 813
15 29 514
15 30 1745
15 31 861
15 32 562
15 33 1793
15 34 909
15 35 610
15 36 1841
15 37 957
15 38 658
15 39 1889
15 40 1005
15 41 706
15 42 1937
15 43 1053
15 44 754
15 45 1985
15 46 1101
15 47 802
15 48 2033
15 49 1149
15 50 850
15 51 2081
15 52 1197
15 53 898
15 54 2129
15 55 1245
15 56 946
15 57 2177
15 58 1293
15 59 994
15 60 2225
15 61 1341
15 62 1042
15 63 2273
15 64 1389
15 65 1090
15 66 2321
15 67 1437
15 68 1138
15 69 2369
15 70 1485
15 71 1186
15 72 2417
15 73 1533
15 74 1234
15 75 2465
15 76 1581
15 77 1282
15 78 2513
15 79 885
16 0 2541
16 1 1539
16 2 2101
16 3 2216
16 4 1032
16 5 1487
16 6 1275
16 7 1214
16 8 486
16 9 1370
16 10 2133
16 11 1531
16 12 676
16 13 1890
16 14 1501
16 15 1656
16 16 0
16 17 1874
16 18 533
16 19 1688
16 20 1748
16 21 1589
16 22 803
16 23 702
16 24 1063
16 25 2421
16 26 1190
16 27 137
16 28 2373
16 29 1142
16 30 89
16 31 2421
16 32 1190
16 33 137
16 34 2469
16 35 1238
16 36 185
16 37 2517
16 38 1286
16 39 233
16 40 2565
16 41 1334
16 42 281
16 43 2613
16 44 1382
16 45 329
16 46 2661
16 47 1430
16 48 377
16 49 2709
16 50 1478
16 51 425
16 52 2757
16 53 1526
16 54 473
16 55 2805
16 56 1574
16 57 521
16 58 2853
16 59 1622
16 60 569
16 61 2901
16 62 1670
16 63 617
16 64 2949
16 65 1718
16 66 665
16 67 2997
16 68 1766
16 69 713
16 70 3045
16 71 1814
16 72 761
16 73 3093
16 74 1862
16 75 809
16 76 3141
16 77 1910
16 78 857
16 79 2541
17 0 1147
17 1 1033
17 2 1211
17 3 1136
17 4 1116
17 5 981
17 6 673
17 7 838
17 8 1566
17 9 960
17 10 1219
17 11 833
17 12 1198
17 13 1384
17 14 707
17 15 1246
17 16 1874
17 17 0
17 18 1341
17 19 798
17 20 954
17 21 699
17 22 1249
17 23 1172
17 24 2045
17 25 1027
17 26 780
17 27 2011
17 28 979
17 29 732
17 30 1963
17 31 931
17 32 684
17 33 1915
17 34 883
17 35 636
17 36 1867
17 37 835
17 38 588
17 39 1819
17 40 787
17 41 540
17 42 1771
17 43 739
17 44 492
17 45 1723
17 46 787
17 47 540
17 48 1771
17 49 835
17 50 588
17 51 1819
17 52 883
17 53 636
17 54 1867
17 55 931
17 56 684
17 57 1915
17 58 979
17 59 732
17 60 1963
17 61 1027
17 62 780
17 63 2011
17 64 1075
17 65 828
17 66 2059
17 67 1123
17 68 876
17 69 2107
17 70 1171
17 71 924
17 72 2155
17 73 1219
17 74 972
17 75 2203
17 76 1267
17 77 1020
17 78 2251
17 79 1147
18 0 2008
18 1 1006
18 2 1568
18 3 1683
18 4 993
18 5 954
18 6 742
18 7 811
18 8 1019
18 9 837
18 10 1600
18 11 998
18 12 143
18 13 1357
18 14 968
18 15 1123
18 16 533
18 17 1341
18 18 0
18 19 1155
18 20 1215
18 21 1056
18 22 1336
18 23 169
18 24 1596
18 25 1888
18 26 657
18 27 670
18 28 1840
18 29 609
18 30 622
18 31 1888
18 32 657
18 33 670
18 34 1936
18 35 705
18 36 718
18 37 1984
18 38 753
18 39 766
18 40 2032
18 41 801
18 42 814
18 43 2080
18 44 849
18 45 862
18 46 2128
18 47 897
18 48 910
18 49 2176
18 50 945
18 51 958
18 52 2224
18 53 993
18 54 1006
18 55 2272
18 56 1041
18 57 1054
18 58 2320
18 59 1089
18 60 1102
18 61 2368
18 62 1137
18 63 1150
18 64 2416
18 65 1185
18 66 1198
18 67 2464
18 68 1233
18 69 1246
18 70 2512
18 71 1281
18 72 1294
18 73 2560
18 74 1329
18 75 1342
18 76 2608
18 77 1377
18 78 1390
18 79 2008
19 0 1429
19 1 847
19 2 929
19 3 1236
19 4 930
19 5 795
19 6 487
19 7 652
19 8 1380
19 9 774
19 10 1345
19 11 647
19 12 1012
19 13 1198
19 14 521
19 15 1060
19 16 1688
19 17 798
19 18 1155
19 19 0
19 20 768
19 21 417
19 22 1063
19 23 986
19 24 1763
19 25 1309
19 26 594
19 27 1825
19 28 1261
19 29 546
19 30 1777
19 31 1213
19 32 498
19 33 1729
19 34 1165
19 35 450
19 36 1681
19 37 1117
19 38 402
19 39 1633
19 40 1069
19 41 354
19 42 1585
19 43 1021
19 44 306
19 45 1537
19 46 973
19 47 258
19 48 1489
19 49 1021
19 50 306
19 51 1537
19 52 1069
19 53 354
19 54 1585
19 55 1117
19 56 402
19 57 1633
19 58 1165
19 59 450
19 60 1681
19 61 1213
19 62 498
19 63 1729
19 64 1261
19 65 546
19 66 1777
19 67 1309
19 68 594
19 69 1825
19 70 1357
19 71 642
19 72 1873
19 73 1405
19 74 690
19 75 1921
19 76 1453
19 77 738
19 78 1969
19 79 1429
20 0 1177
20 1 907
20 2 1181
20 3 468
20 4 990
20 5 855
20 6 547
20 7 712
20 8 1440
20 9 834
20 10 1249
20 11 707
20 12 1072
20 13 1258
20 14 247
20 15 1120
20 16 1748
20 17 954
20 18 1215
20 19 768
20 20 0
20 21 669
20 22 1123
20 23 1046
20 24 2015
20 25 1057
20 26 654
20 27 1885
20 28 1009
20 29 606
20 30 1837
20 31 961
20 32 558
20 33 1789
20 34 913
20 35 510
20 36 1741
20 37 865
20 38 462
20 39 1693
20 40 817
20 41 414
20 42 1645
20 43 865
20 44 462
20 45 1693
20 46 913
20 47 510
20 48 1741
20 49 961
20 50 558
20 51 1789
20 52 1009
20 53 606
20 54 1837
20 55 1057
20 56 654
20 57 1885
20 58 1105
20 59 702
20 60 1933
20 61 1153
20 62 750
20 63 1981
20 64 1201
20 65 798
20 66 2029
20 67 1249
20 68 846
20 69 2077
20 70 1297
20 71 894
20 72 2125
20 73 1345
20 74 942
20 75 2173
20 76 1393
20 77 990
20 78 2221
20 79 1177
21 0 1720
21 1 748
21 2 638
21 3 1137
21 4 831
21 5 696
21 6 388
21 7 553
21 8 1281
21 9 675
21 10 1246
21 11 548
21 12 913
21 13 1099
21 14 422
21 15 961
21 16 1589
21 17 699
21 18 1056
21 19 417
21 20 669
21 21 0
21 22 964
21 23 887
21 24 1472
21 25 1600
21 26 495
21 27 1726
21 28 1552
21 29 447
21 30 1678
21 31 1504
21 32 399
21 33 1630
21 34 1456
21 35 351
21 36 1582
21 37 1408
21 38 303
21 39 1534
21 40 1360
21 41 255
21 42 1486
21 43 1312
21 44 207
21 45 1438
21 46 1264
21 47 159
21 48 1390
21 49 1216
21 50 111
21 51 1342
21 52 1168
21 53 63
21 54 1294
21 55 1216
21 56 111
21 57 1342
21 58 1264
21 59 159
21 60 1390
21 61 1312
21 62 207
21 63 1438
21 64 1360
21 65 255
21 66 1486
21 67 1408
21 68 303
21 69 1534
21 70 1456
21 71 351
21 72 1582
21 73 1504
21 74 399
21 75 1630
21 76 1552
21 77 447
21 78 1678
21 79 1720
22 0 2204
22 1 1106
22 2 1476
22 3 1591
22 4 1189
22 5 1054
22 6 746
22 7 911
22 8 1015
22 9 1033
22 10 1604
22 11 906
22 12 1271
22 13 1457
22 14 876
22 15 1319
22 16 803
22 17 1249
22 18 1336
22 19 1063
22 20 1123
22 21 964
22 22 0
22 23 1245
22 24 1400
22 25 2084
22 26 853
22 27 762
22 28 2036
22 29 805
22 30 714
22 31 1988
22 32 757
22 33 666
22 34 1940
22 35 709
22 36 618
22 37 1892
22 38 661
22 39 570
22 40 1940
22 41 709
22 42 618
22 43 1988
22 44 757
22 45 666
22 46 2036
22 47 805
22 48 714
22 49 2084
22 50 853
22 51 762
22 52 2132
22 53 901
22 54 810
22 55 2180
22 56 949
22 57 858
22 58 2228
22 59 997
22 60 906
22 61 2276
22 62 1045
22 63 954
22 64 2324
22 65 1093
22 66 1002
22 67 2372
22 68 1141
22 69 1050
22 70 2420
22 71 1189
22 72 1098
22 73 2468
22 74 1237
22 75 1146
22 76 2516
22 77 1285
22 78 1194
22 79 2204
23 0 1839
23 1 837
23 2 1399
23 3 1514
23 4 824
23 5 785
23 6 573
23 7 642
23 8 1188
23 9 668
23 10 1431
23 11 829
23 12 26
23 13 1188
23 14 799
23 15 954
23 16 702
23 17 1172
23 18 169
23 19 986
23 20 1046
23 21 887
23 22 1245
23 23 0
23 24 1765
23 25 1719
23 26 488
23 27 839
23 28 1671
23 29 440
23 30 791
23 31 1719
23 32 488
23 33 839
23 34 1767
23 35 536
23 36 887
23 37 1815
23 38 584
23 39 935
23 40 1863
23 41 632
23 42 983
23 43 1911
23 44 680
23 45 1031
23 46 1959
23 47 728
23 48 1079
23 49 2007
23 50 776
23 51 1127
23 52 2055
23 53 824
23 54 1175
23 55 2103
23 56 872
23 57 1223
23 58 2151
23 59 920
23 60 1271
23 61 2199
23 62 968
23 63 1319
23 64 2247
23 65 1016
23 66 1367
23 67 2295
23 68 1064
23 69 1415
23 70 2343
23 71 1112
23 72 1463
23 73 2391
23 74 1160
23 75 1511
23 76 2439
23 77 1208
23 78 1559
23 79 1839
24 0 3192
24 1 2094
24 2 1792
24 3 2483
24 4 1917
24 5 2042
24 6 1734
24 7 1899
24 8 1275
24 9 2021
24 10 2592
24 11 1894
24 12 1739
24 13 2445
24 14 1768
24 15 2307
24 16 1063
24 17 2045
24 18 1596
24 19 1763
24 20 2015
24 21 1472
24 22 1400
24 23 1765
24 24 0
24 25 3072
24 26 1841
24 27 1022
24 28 3024
24 29 1793
24 30 974
24 31 2976
24 32 1745
24 33 926
24 34 2928
24 35 1697
24 36 878
24 37 2880
24 38 1649
24 39 830
24 40 2832
24 41 1601
24 42 782
24 43 2784
24 44 1553
24 45 734
24 46 2736
24 47 1505
24 48 686
24 49 2688
24 50 1457
24 51 638
24 52 2640
24 53 1409
24 54 590
24 55 2592
24 56 1361
24 57 542
24 58 2544
24 59 1313
24 60 494
24 61 2496
24 62 1265
24 63 446
24 64 2448
24 65 1217
24 66 398
24 67 2400
24 68 1169
24 69 350
24 70 2352
24 71 1121
24 72 302
24 73 2304
24 74 1073
24 75 254
24 76 2256
24 77 1025
24 78 206
24 79 3192
25 0 120
25 1 978
25 2 1280
25 3 589
25 4 1567
25 5 1030
25 6 1338
25 7 1481
25 8 2209
25 9 1051
25 10 480
25 11 1178
25 12 1745
25 13 627
25 14 1304
25 15 765
25 16 2421
25 17 1027
25 18 1888
25 19 1309
25 20 1057
25 21 1600
25 22 2084
25 23 1719
25 24 3072
25 25 0
25 26 1231
25 27 2462
25 28 48
25 29 1279
25 30 2510
25 31 96
25 32 1327
25 33 2558
25 34 144
25 35 1375
25 36 2606
25 37 192
25 38 1423
25 39 2654
25 40 240
25 41 1471
25 42 2702
25 43 288
25 44 1519
25 45 2750
25 46 336
25 47 1567
25 48 2798
25 49 384
25 50 1615
25 51 2846
25 52 432
25 53 1663
25 54 2894
25 55 480
25 56 1711
25 57 2942
25 58 528
25 59 1759
25 60 2990
25 61 576
25 62 1807
25 63 3038
25 64 624
25 65 1855
25 66 3086
25 67 672
25 68 1903
25 69 3134
25 70 720
25 71 1951
25 72 3182
25 73 768
25 74 1999
25 75 3230
25 76 816
25 77 2047
25 78 3278
25 79 120
26 0 1351
26 1 445
26 2 1007
26 3 1122
26 4 336
26 5 393
26 6 181
26 7 250
26 8 978
26 9 180
26 10 1039
26 11 437
26 12 514
26 13 796
26 14 407
26 15 466
26 16 1190
26 17 780
26 18 657
26 19 594
26 20 654
26 21 495
26 22 853
26 23 488
26 24 1841
26 25 1231
26 26 0
26 27 1231
26 28 1279
26 29 48
26 30 1279
26 31 1327
26 32 96
26 33 1327
26 34 1375
26 35 144
26 36 1375
26 37 1423
26 38 192
26 39 1423
26 40 1471
26 41 240
26 42 1471
26 43 1519
26 44 288
26 45 1519
26 46 1567
26 47 336
26 48 1567
26 49 1615
26 50 384
26 51 1615
26 52 1663
26 53 432
26 54 1663
26 55 1711
26 56 480
26 57 1711
26 58 1759
26 59 528
26 60 1759
26 61 1807
26 62 576
26 63 1807
26 64 1855
26 65 624
26 66 1855
26 67 1903
26 68 672
26 69 1903
26 70 1951
26 71 720
26 72 1951
26 73 1999
26 74 768
26 75 1999
26 76 2047
26 77 816
26 78 2047
26 79 1351
27 0 2582
27 1 1676
27 2 2238
27 3 2353
27 4 895
27 5 1624
27 6 1412
27 7 1173
27 8 445
27 9 1411
27 10 2270
27 11 1668
27 12 813
27 13 2027
27 14 1638
27 15 1697
27 16 137
27 17 2011
27 18 670
27 19 1825
27 20 1885
27 21 1726
27 22 762
27 23 839
27 24 1022
27 25 2462
27 26 1231
27 27 0
27 28 2510
27 29 1279
27 30 48
27 31 2558
27 32 1327
27 33 96
27 34 2606
27 35 1375
27 36 144
27 37 2654
27 38 1423
27 39 192
27 40 2702
27 41 1471
27 42 240
27 43 2750
27 44 1519
27 45 288
27 46 2798
27 47 1567
27 48 336
27 49 2846
27 50 1615
27 51 384
27 52 2894
27 53 1663
27 54 432
27 55 2942
27 56 1711
27 57 480
27 58 2990
27 59 1759
27 60 528
27 61 3038
27 62 1807
27 63 576
27 64 3086
27 65 1855
27 66 624
27 67 3134
27 68 1903
27 69 672
27 70 3182
27 71 1951
27 72 720
27 73 3230
27 74 1999
27 75 768
27 76 3278
27 77 2047
27 78 816
27 79 2582
28 0 168
28 1 930
28 2 1232
28 3 541
28 4 1615
28 5 982
28 6 1290
28 7 1433
28 8 2161
28 9 1099
28 10 432
28 11 1130
28 12 1697
28 13 579
28 14 1256
28 15 813
28 16 2373
28 17 979
28 18 1840
28 19 1261
28 20 1009
28 21 1552
28 22 2036
28 23 1671
28 24 3024
28 25 48
28 26 1279
28 27 2510
28 28 0
28 29 1231
28 30 2462
28 31 48
28 32 1279
28 33 2510
28 34 96
28 35 1327
28 36 2558
28 37 144
28 38 1375
28 39 2606
28 40 192
28 41 1423
28 42 2654
28 43 240
28 44 1471
28 45 2702
28 46 288
28 47 1519
28 48 2750
28 49 336
28 50 1567
28 51 2798
28 52 384
28 53 1615
28 54 2846
28 55 432
28 56 1663
28 57 2894
28 58 480
28 59 1711
28 60 2942
28 61 528
28 62 1759
28 63 2990
28 64 576
28 65 1807
28 66 3038
28 67 624
28 68 1855
28 69 3086
28 70 672
28 71 1903
28 72 3134
28 73 720
28 74 1951
28 75 3182
28 76 768
28 77 1999
28 78 3230
28 79 168
29 0 1399
29 1 397
29 2 959
29 3 1074
29 4 384
29 5 345
29 6 133
29 7 202
29 8 930
29 9 228
29 10 991
29 11 389
29 12 466
29 13 748
29 14 359
29 15 514
29 16 1142
29 17 732
29 18 609
29 19 546
29 20 606
29 21 447
29 22 805
29 23 440
29 24 1793
29 25 1279
29 26 48
29 27 1279
29 28 1231
29 29 0
29 30 1231
29 31 1279
29 32 48
29 33 1279
29 34 1327
29 35 96
29 36 1327
29 37 1375
29 38 144
29 39 1375
29 40 1423
29 41 192
29 42 1423
29 43 1471
29 44 240
29 45 1471
29 46 1519
29 47 288
29 48 1519
29 49 1567
29 50 336
29 51 1567
29 52 1615
29 53 384
29 54 1615
29 55 1663
29 56 432
29 57 1663
29 58 1711
29 59 480
29 60 1711
29 61 1759
29 62 528
29 63 1759
29 64 1807
29 65 576
29 66 1807
29 67 1855
29 68 624
29 69 1855
29 70 1903
29 71 672
29 72 1903
29 73 1951
29 74 720
29 75 1951
29 76 1999
29 77 768
29 78 1999
29 79 1399
30 0 2630
30 1 1628
30 2 2190
30 3 2305
30 4 943
30 5 1576
30 6 1364
30 7 1125
30 8 397
30 9 1459
30 10 2222
30 11 1620
30 12 765
30 13 1979
30 14 1590
30 15 1745
30 16 89
30 17 1963
30 18 622
30 19 1777
30 20 1837
30 21 1678
30 22 714
30 23 791
30 24 974
30 25 2510
30 26 1279
30 27 48
30 28 2462
30 29 1231
30 30 0
30 31 2510
30 32 1279
30 33 48
30 34 2558
30 35 1327
30 36 96
30 37 2606
30 38 1375
30 39 144
30 40 2654
30 41 1423
30 42 192
30 43 2702
30 44 1471
30 45 240
30 46 2750
30 47 1519
30 48 288
30 49 2798
30 50 1567
30 51 336
30 52 2846
30 53 1615
30 54 384
30 55 2894
30 56 1663
30 57 432
30 58 2942
30 59 1711
30 60 480
30 61 2990
30 62 1759
30 63 528
30 64 3038
30 65 1807
30 66 576
30 67 3086
30 68 1855
30 69 624
30 70 3134
30 71 1903
30 72 672
30 73 3182
30 74 1951
30 75 720
30 76 3230
30 77 1999
30 78 768
30 79 2630
31 0 216
31 1 882
31 2 1184
31 3 493
31 4 1663
31 5 934
31 6 1242
31 7 1385
31 8 2113
31 9 1147
31 10 384
31 11 1082
31 12 1745
31 13 531
31 14 1208
31 15 861
31 16 2421
31 17 931
31 18 1888
31 19 1213
31 20 961
31 21 1504
31 22 1988
31 23 1719
31 24 2976
31 25 96
31 26 1327
31 27 2558
31 28 48
31 29 1279
31 30 2510
31 31 0
31 32 1231
31 33 2462
31 34 48
31 35 1279
31 36 2510
31 37 96
31 38 1327
31 39 2558
31 40 144
31 41 1375
31 42 2606
31 43 192
31 44 1423
31 45 2654
31 46 240
31 47 1471
31 48 2702
31 49 288
31 50 1519
31 51 2750
31 52 336
31 53 1567
31 54 2798
31 55 384
31 56 1615
31 57 2846
31 58 432
31 59 1663
31 60 2894
31 61 480
31 62 1711
31 63 2942
31 64 528
31 65 1759
31 66 2990
31 67 576
31 68 1807
31 69 3038
31 70 624
31 71 1855
31 72 3086
31 73 672
31 74 1903
31 75 3134
31 76 720
31 77 1951
31 78 3182
31 79 216
32 0 1447
32 1 349
32 2 911
32 3 1026
32 4 432
32 5 297
32 6 85
32 7 154
32 8 882
32 9 276
32 10 943
32 11 341
32 12 514
32 13 700
32 14 311
32 15 562
32 16 1190
32 17 684
32 18 657
32 19 498
32 20 558
32 21 399
32 22 757
32 23 488
32 24 1745
32 25 1327
32 26 96
32 27 1327
32 28 1279
32 29 48
32 30 1279
32 31 1231
32 32 0
32 33 1231
32 34 1279
32 35 48
32 36 1279
32 37 1327
32 38 96
32 39 1327
32 40 1375
32 41 144
32 42 1375
32 43 1423
32 44 192
32 45 1423
32 46 1471
32 47 240
32 48 1471
32 49 1519
32 50 288
32 51 1519
32 52 1567
32 53 336
32 54 1567
32 55 1615
32 56 384
32 57 1615
32 58 1663
32 59 432
32 60 1663
32 61 1711
32 62 480
32 63 1711
32 64 1759
32 65 528
32 66 1759
32 67 1807
32 68 576
32 69 1807
32 70 1855
32 71 624
32 72 1855
32 73 1903
32 74 672
32 75 1903
32 76 1951
32 77 720
32 78 1951
32 79 1447
33 0 2678
33 1 1580
33 2 2142
33 3 2257
33 4 991
33 5 1528
33 6 1316
33 7 1077
33 8 349
33 9 1507
33 10 2174
33 11 1572
33 12 813
33 13 1931
33 14 1542
33 15 1793
33 16 137
33 17 1915
33 18 670
33 19 1729
33 20 1789
33 21 1630
33 22 666
33 23 839
33 24 926
33 25 2558
33 26 1327
33 27 96
33 28 2510
33 29 1279
33 30 48
33 31 2462
33 32 1231
33 33 0
33 34 2510
33 35 1279
33 36 48
33 37 2558
33 38 1327
33 39 96
33 40 2606
33 41 1375
33 42 144
33 43 2654
33 44 1423
33 45 192
33 46 2702
33 47 1471
33 48 240
33 49 2750
33 50 1519
33 51 288
33 52 2798
33 53 1567
33 54 336
33 55 2846
33 56 1615
33 57 384
33 58 2894
33 59 1663
33 60 432
33 61 2942
33 62 1711
33 63 480
33 64 2990
33 65 1759
33 66 528
33 67 3038
33 68 1807
33 69 576
33 70 3086
33 71 1855
33 72 624
33 73 3134
33 74 1903
33 75 672
33 76 3182
33 77 1951
33 78 720
33 79 2678
34 0 264
34 1 930
34 2 1136
34 3 445
34 4 1711
34 5 982
34 6 1194
34 7 1433
34 8 2161
34 9 1195
34 10 336
34 11 1034
34 12 1793
34 13 579
34 14 1160
34 15 909
34 16 2469
34 17 883
34 18 1936
34 19 1165
34 20 913
34 21 1456
34 22 1940
34 23 1767
34 24 2928
34 25 144
34 26 1375
34 27 2606
34 28 96
34 29 1327
34 30 2558
34 31 48
34 32 1279
34 33 2510
34 34 0
34 35 1231
34 36 2462
34 37 48
34 38 1279
34 39 2510
34 40 96
34 41 1327
34 42 2558
34 43 144
34 44 1375
34 45 2606
34 46 192
34 47 1423
34 48 2654
34 49 240
34 50 1471
34 51 2702
34 52 288
34 53 1519
34 54 2750
34 55 336
34 56 1567
34 57 2798
34 58 384
34 59 1615
34 60 2846
34 61 432
34 62 1663
34 63 2894
34 64 480
34 65 1711
34 66 2942
34 67 528
34 68 1759
34 69 2990
34 70 576
34 71 1807
34 72 3038
34 73 624
34 74 1855
34 75 3086
34 76 672
34 77 1903
34 78 3134
34 79 264
35 0 1495
35 1 397
35 2 863
35 3 978
35 4 480
35 5 345
35 6 37
35 7 202
35 8 930
35 9 324
35 10 895
35 11 293
35 12 562
35 13 748
35 14 263
35 15 610
35 16 1238
35 17 636
35 18 705
35 19 450
35 20 510
35 21 351
35 22 709
35 23 536
35 24 1697
35 25 1375
35 26 144
35 27 1375
35 28 1327
35 29 96
35 30 1327
35 31 1279
35 32 48
35 33 1279
35 34 1231
35 35 0
35 36 1231
35 37 1279
35 38 48
35 39 1279
35 40 1327
35 41 96
35 42 1327
35 43 1375
35 44 144
35 45 1375
35 46 1423
35 47 192
35 48 1423
35 49 1471
35 50 240
35 51 1471
35 52 1519
35 53 288
35 54 1519
35 55 1567
35 56 336
35 57 1567
35 58 1615
35 59 384
35 60 1615
35 61 1663
35 62 432
35 63 1663
35 64 1711
35 65 480
35 66 1711
35 67 1759
35 68 528
35 69 1759
35 70 1807
35 71 576
35 72 1807
35 73 1855
35 74 624
35 75 1855
35 76 1903
35 77 672
35 78 1903
35 79 1495
36 0 2726
36 1 1628
36 2 2094
36 3 2209
36 4 1039
36 5 1576
36 6 1268
36 7 1125
36 8 397
36 9 1555
36 10 2126
36 11 1524
36 12 861
36 13 1979
36 14 1494
36 15 1841
36 16 185
36 17 1867
36 18 718
36 19 1681
36 20 1741
36 21 1582
36 22 618
36 23 887
36 24 878
36 25 2606
36 26 1375
36 27 144
36 28 2558
36 29 1327
36 30 96
36 31 2510
36 32 1279
36 33 48
36 34 2462
36 35 1231
36 36 0
36 37 2510
36 38 1279
36 39 48
36 40 2558
36 41 1327
36 42 96
36 43 2606
36 44 1375
36 45 144
36 46 2654
36 47 1423
36 48 192
36 49 2702
36 50 1471
36 51 240
36 52 2750
36 53 1519
36 54 288
36 55 2798
36 56 1567
36 57 336
36 58 2846
36 59 1615
36 60 384
36 61 2894
36 62 1663
36 63 432
36 64 2942
36 65 1711
36 66 480
36 67 2990
36 68 1759
36 69 528
36 70 3038
36 71 1807
36 72 576
36 73 3086
36 74 1855
36 75 624
36 76 3134
36 77 1903
36 78 672
36 79 2726
37 0 312
37 1 978
37 2 1088
37 3 397
37 4 1759
37 5 1030
37 6 1242
37 7 1481
37 8 2209
37 9 1243
37 10 384
37 11 986
37 12 1841
37 13 627
37 14 1112
37 15 957
37 16 2517
37 17 835
37 18 1984
37 19 1117
37 20 865
37 21 1408
37 22 1892
37 23 1815
37 24 2880
37 25 192
37 26 1423
37 27 2654
37 28 144
37 29 1375
37 30 2606
37 31 96
37 32 1327
37 33 2558
37 34 48
37 35 1279
37 36 2510
37 37 0
37 38 1231
37 39 2462
37 40 48
37 41 1279
37 42 2510
37 43 96
37 44 1327
37 45 2558
37 46 144
37 47 1375
37 48 2606
37 49 192
37 50 1423
37 51 2654
37 52 240
37 53 1471
37 54 2702
37 55 288
37 56 1519
37 57 2750
37 58 336
37 59 1567
37 60 2798
37 61 384
37 62 1615
37 63 2846
37 64 432
37 65 1663
37 66 2894
37 67 480
37 68 1711
37 69 2942
37 70 528
37 71 1759
37 72 2990
37 73 576
37 74 1807
37 75 3038
37 76 624
37 77 1855
37 78 3086
37 79 312
38 0 1543
38 1 445
38 2 815
38 3 930
38 4 528
38 5 393
38 6 85
38 7 250
38 8 978
38 9 372
38 10 943
38 11 245
38 12 610
38 13 796
38 14 215
38 15 658
38 16 1286
38 17 588
38 18 753
38 19 402
38 20 462
38 21 303
38 22 661
38 23 584
38 24 1649
38 25 1423
38 26 192
38 27 1423
38 28 1375
38 29 144
38 30 1375
38 31 1327
38 32 96
38 33 1327
38 34 1279
38 35 48
38 36 1279
38 37 1231
38 38 0
38 39 1231
38 40 1279
38 41 48
38 42 1279
38 43 1327
38 44 96
38 45 1327
38 46 1375
38 47 144
38 48 1375
38 49 1423
38 50 192
38 51 1423
38 52 1471
38 53 240
38 54 1471
38 55 1519
38 56 288
38 57 1519
38 58 1567
38 59 336
38 60 1567
38 61 1615
38 62 384
38 63 1615
38 64 1663
38 65 432
38 66 1663
38 67 1711
38 68 480
38 69 1711
38 70 1759
38 71 528
38 72 1759
38 73 1807
38 74 576
38 75 1807
38 76 1855
38 77 624
38 78 1855
38 79 1543
39 0 2774
39 1 1676
39 2 2046
39 3 2161
39 4 1087
39 5 1624
39 6 1316
39 7 1173
39 8 445
39 9 1603
39 10 2174
39 11 1476
39 12 909
39 13 2027
39 14 1446
39 15 1889
39 16 233
39 17 1819
39 18 766
39 19 1633
39 20 1693
39 21 1534
39 22 570
39 23 935
39 24 830
39 25 2654
39 26 1423
39 27 192
39 28 2606
39 29 1375
39 30 144
39 31 2558
39 32 1327
39 33 96
39 34 2510
39 35 1279
39 36 48
39 37 2462
39 38 1231
39 39 0
39 40 2510
39 41 1279
39 42 48
39 43 2558
39 44 1327
39 45 96
39 46 2606
39 47 1375
39 48 144
39 49 2654
39 50 1423
39 51 192
39 52 2702
39 53 1471
39 54 240
39 55 2750
39 56 1519
39 57 288
39 58 2798
39 59 1567
39 60 336
39 61 2846
39 62 1615
39 63 384
39 64 2894
39 65 1663
39 66 432
39 67 2942
39 68 1711
39 69 480
39 70 2990
39 71 1759
39 72 528
39 73 3038
39 74 1807
39 75 576
39 76 3086
39 77 1855
39 78 624
39 79 2774
40 0 360
40 1 1026
40 2 1040
40 3 349
40 4 1807
40 5 1078
40 6 1290
40 7 1529
40 8 2257
40 9 1291
40 10 432
40 11 1034
40 12 1889
40 13 675
40 14 1064
40 15 1005
40 16 2565
40 17 787
40 18 2032
40 19 1069
40 20 817
40 21 1360
40 22 1940
40 23 1863
40 24 2832
40 25 240
40 26 1471
40 27 2702
40 28 192
40 29 1423
40 30 2654
40 31 144
40 32 1375
40 33 2606
40 34 96
40 35 1327
40 36 2558
40 37 48
40 38 1279
40 39 2510
40 40 0
40 41 1231
40 42 2462
40 43 48
40 44 1279
40 45 2510
40 46 96
40 47 1327
40 48 2558
40 49 144
40 50 1375
40 51 2606
40 52 192
40 53 1423
40 54 2654
40 55 240
40 56 1471
40 57 2702
40 58 288
40 59 1519
40 60 2750
40 61 336
40 62 1567
40 63 2798
40 64 384
40 65 1615
40 66 2846
40 67 432
40 68 1663
40 69 2894
40 70 480
40 71 1711
40 72 2942
40 73 528
40 74 1759
40 75 2990
40 76 576
40 77 1807
40 78 3038
40 79 360
41 0 1591
41 1 493
41 2 767
41 3 882
41 4 576
41 5 441
41 6 133
41 7 298
41 8 1026
41 9 420
41 10 991
41 11 293
41 12 658
41 13 844
41 14 167
41 15 706
41 16 1334
41 17 540
41 18 801
41 19 354
41 20 414
41 21 255
41 22 709
41 23 632
41 24 1601
41 25 1471
41 26 240
41 27 1471
41 28 1423
41 29 192
41 30 1423
41 31 1375
41 32 144
41 33 1375
41 34 1327
41 35 96
41 36 1327
41 37 1279
41 38 48
41 39 1279
41 40 1231
41 41 0
41 42 1231
41 43 1279
41 44 48
41 45 1279
41 46 1327
41 47 96
41 48 1327
41 49 1375
41 50 144
41 51 1375
41 52 1423
41 53 192
41 54 1423
41 55 1471
41 56 240
41 57 1471
41 58 1519
41 59 288
41 60 1519
41 61 1567
41 62 336
41 63 1567
41 64 1615
41 65 384
41 66 1615
41 67 1663
41 68 432
41 69 1663
41 70 1711
41 71 480
41 72 1711
41 73 1759
41 74 528
41 75 1759
41 76 1807
41 77 576
41 78 1807
41 79 1591
42 0 2822
42 1 1724
42 2 1998
42 3 2113
42 4 1135
42 5 1672
42 6 1364
42 7 1221
42 8 493
42 9 1651
42 10 2222
42 11 1524
42 12 957
42 13 2075
42 14 1398
42 15 1937
42 16 281
42 17 1771
42 18 814
42 19 1585
42 20 1645
42 21 1486
42 22 618
42 23 983
42 24 782
42 25 2702
42 26 1471
42 27 240
42 28 2654
42 29 1423
42 30 192
42 31 2606
42 32 1375
42 33 144
42 34 2558
42 35 1327
42 36 96
42 37 2510
42 38 1279
42 39 48
42 40 2462
42 41 1231
42 42 0
42 43 2510
42 44 1279
42 45 48
42 46 2558
42 47 1327
42 48 96
42 49 2606
42 50 1375
42 51 144
42 52 2654
42 53 1423
42 54 192
42 55 2702
42 56 1471
42 57 240
42 58 2750
42 59 1519
42 60 288
42 61 2798
42 62 1567
42 63 336
42 64 2846
42 65 1615
42 66 384
42 67 2894
42 68 1663
42 69 432
42 70 2942
42 71 1711
42 72 480
42 73 2990
42 74 1759
42 75 528
42 76 3038
42 77 1807
42 78 576
42 79 2822
43 0 408
43 1 1074
43 2 992
43 3 397
43 4 1855
43 5 1126
43 6 1338
43 7 1577
43 8 2305
43 9 1339
43 10 480
43 11 1082
43 12 1937
43 13 723
43 14 1112
43 15 1053
43 16 2613
43 17 739
43 18 2080
43 19 1021
43 20 865
43 21 1312
43 22 1988
43 23 1911
43 24 2784
43 25 288
43 26 1519
43 27 2750
43 28 240
43 29 1471
43 30 2702
43 31 192
43 32 1423
43 33 2654
43 34 144
43 35 1375
43 36 2606
43 37 96
43 38 1327
43 39 2558
43 40 48
43 41 1279
43 42 2510
43 43 0
43 44 1231
43 45 2462
43 46 48
43 47 1279
43 48 2510
43 49 96
43 50 1327
43 51 2558
43 52 144
43 53 1375
43 54 2606
43 55 192
43 56 1423
43 57 2654
43 58 240
43 59 1471
43 60 2702
43 61 288
43 62 1519
43 63 2750
43 64 336
43 65 1567
43 66 2798
43 67 384
43 68 1615
43 69 2846
43 70 432
43 71 1663
43 72 2894
43 73 480
43 74 1711
43 75 2942
43 76 528
43 77 1759
43 78 2990
43 79 408
44 0 1639
44 1 541
44 2 719
44 3 930
44 4 624
44 5 489
44 6 181
44 7 346
44 8 1074
44 9 468
44 10 1039
44 11 341
44 12 706
44 13 892
44 14 215
44 15 754
44 16 1382
44 17 492
44 18 849
44 19 306
44 20 462
44 21 207
44 22 757
44 23 680
44 24 1553
44 25 1519
44 26 288
44 27 1519
44 28 1471
44 29 240
44 30 1471
44 31 1423
44 32 192
44 33 1423
44 34 1375
44 35 144
44 36 1375
44 37 1327
44 38 96
44 39 1327
44 40 1279
44 41 48
44 42 1279
44 43 1231
44 44 0
44 45 1231
44 46 1279
44 47 48
44 48 1279
44 49 1327
44 50 96
44 51 1327
44 52 1375
44 53 144
44 54 1375
44 55 1423
44 56 192
44 57 1423
44 58 1471
44 59 240
44 60 1471
44 61 1519
44 62 288
44 63 1519
44 64 1567
44 65 336
44 66 1567
44 67 1615
44 68 384
44 69 1615
44 70 1663
44 71 432
44 72 1663
44 73 1711
44 74 480
44 75 1711
44 76 1759
44 77 528
44 78 1759
44 79 1639
45 0 2870
45 1 1772
45 2 1950
45 3 2161
45 4 1183
45 5 1720
45 6 1412
45 7 1269
45 8 541
45 9 1699
45 10 2270
45 11 1572
45 12 1005
45 13 2123
45 14 1446
45 15 1985
45 16 329
45 17 1723
45 18 862
45 19 1537
45 20 1693
45 21 1438
45 22 666
45 23 1031
45 24 734
45 25 2750
45 26 1519
45 27 288
45 28 2702
45 29 1471
45 30 240
45 31 2654
45 32 1423
45 33 192
45 34 2606
45 35 1375
45 36 144
45 37 2558
45 38 1327
45 39 96
45 40 2510
45 41 1279
45 42 48
45 43 2462
45 44 1231
45 45 0
45 46 2510
45 47 1279
45 48 48
45 49 2558
45 50 1327
45 51 96
45 52 2606
45 53 1375
45 54 144
45 55 2654
45 56 1423
45 57 192
45 58 2702
45 59 1471
45 60 240
45 61 2750
45 62 1519
45 63 288
45 64 2798
45 65 1567
45 66 336
45 67 2846
45 68 1615
45 69 384
45 70 2894
45 71 1663
45 72 432
45 73 2942
45 74 1711
45 75 480
45 76 2990
45 77 1759
45 78 528
45 79 2870
46 0 456
46 1 1122
46 2 944
46 3 445
46 4 1903
46 5 1174
46 6 1386
46 7 1625
46 8 2353
46 9 1387
46 10 528
46 11 1130
46 12 1985
46 13 771
46 14 1160
46 15 1101
46 16 2661
46 17 787
46 18 2128
46 19 973
46 20 913
46 21 1264
46 22 2036
46 23 1959
46 24 2736
46 25 336
46 26 1567
46 27 2798
46 28 288
46 29 1519
46 30 2750
46 31 240
46 32 1471
46 33 2702
46 34 192
46 35 1423
46 36 2654
46 37 144
46 38 1375
46 39 2606
46 40 96
46 41 1327
46 42 2558
46 43 48
46 44 1279
46 45 2510
46 46 0
46 47 1231
46 48 2462
46 49 48
46 50 1279
46 51 2510
46 52 96
46 53 1327
46 54 2558
46 55 144
46 56 1375
46 57 2606
46 58 192
46 59 1423
46 60 2654
46 61 240
46 62 1471
46 63 2702
46 64 288
46 65 1519
46 66 2750
46 67 336
46 68 1567
46 69 2798
46 70 384
46 71 1615
46 72 2846
46 73 432
46 74 1663
46 75 2894
46 76 480
46 77 1711
46 78 2942
46 79 456
47 0 1687
47 1 589
47 2 671
47 3 978
47 4 672
47 5 537
47 6 229
47 7 394
47 8 1122
47 9 516
47 10 1087
47 11 389
47 12 754
47 13 940
47 14 263
47 15 802
47 16 1430
47 17 540
47 18 897
47 19 258
47 20 510
47 21 159
47 22 805
47 23 728
47 24 1505
47 25 1567
47 26 336
47 27 1567
47 28 1519
47 29 288
47 30 1519
47 31 1471
47 32 240
47 33 1471
47 34 1423
47 35 192
47 36 1423
47 37 1375
47 38 144
47 39 1375
47 40 1327
47 41 96
47 42 1327
47 43 1279
47 44 48
47 45 1279
47 46 1231
47 47 0
47 48 1231
47 49 1279
47 50 48
47 51 1279
47 52 1327
47 53 96
47 54 1327
47 55 1375
47 56 144
47 57 1375
47 58 1423
47 59 192
47 60 1423
47 61 1471
47 62 240
47 63 1471
47 64 1519
47 65 288
47 66 1519
47 67 1567
47 68 336
47 69 1567
47 70 1615
47 71 384
47 72 1615
47 73 1663
47 74 432
47 75 1663
47 76 1711
47 77 480
47 78 1711
47 79 1687
48 0 2918
48 1 1820
48 2 1902
48 3 2209
48 4 1231
48 5 1768
48 6 1460
48 7 1317
48 8 589
48 9 1747
48 10 2318
48 11 1620
48 12 1053
48 13 2171
48 14 1494
48 15 2033
48 16 377
48 17 1771
48 18 910
48 19 1489
48 20 1741
48 21 1390
48 22 714
48 23 1079
48 24 686
48 25 2798
48 26 1567
48 27 336
48 28 2750
48 29 1519
48 30 288
48 31 2702
48 32 1471
48 33 240
48 34 2654
48 35 1423
48 36 192
48 37 2606
48 38 1375
48 39 144
48 40 2558
48 41 1327
48 42 96
48 43 2510
48 44 1279
48 45 48
48 46 2462
48 47 1231
48 48 0
48 49 2510
48 50 1279
48 51 48
48 52 2558
48 53 1327
48 54 96
48 55 2606
48 56 1375
48 57 144
48 58 2654
48 59 1423
48 60 192
48 61 2702
48 62 1471
48 63 240
48 64 2750
48 65 1519
48 66 288
48 67 2798
48 68 1567
48 69 336
48 70 2846
48 71 1615
48 72 384
48 73 2894
48 74 1663
48 75 432
48 76 2942
48 77 1711
48 78 480
48 79 2918
49 0 504
49 1 1170
49 2 896
49 3 493
49 4 1951
49 5 1222
49 6 1434
49 7 1673
49 8 2401
49 9 1435
49 10 576
49 11 1178
49 12 2033
49 13 819
49 14 1208
49 15 1149
49 16 2709
49 17 835
49 18 2176
49 19 1021
49 20 961
49 21 1216
49 22 2084
49 23 2007
49 24 2688
49 25 384
49 26 1615
49 27 2846
49 28 336
49 29 1567
49 30 2798
49 31 288
49 32 1519
49 33 2750
49 34 240
49 35 1471
49 36 2702
49 37 192
49 38 1423
49 39 2654
49 40 144
49 41 1375
49 42 2606
49 43 96
49 44 1327
49 45 2558
49 46 48
49 47 1279
49 48 2510
49 49 0
49 50 1231
49 51 2462
49 52 48
49 53 1279
49 54 2510
49 55 96
49 56 1327
49 57 2558
49 58 144
49 59 1375
49 60 2606
49 61 192
49 62 1423
49 63 2654
49 64 240
49 65 1471
49 66 2702
49 67 288
49 68 1519
49 69 2750
49 70 336
49 71 1567
49 72 2798
49 73 384
49 74 1615
49 75 2846
49 76 432
49 77 1663
49 78 2894
49 79 504
50 0 1735
50 1 637
50 2 623
50 3 1026
50 4 720
50 5 585
50 6 277
50 7 442
50 8 1170
50 9 564
50 10 1135
50 11 437
50 12 802
50 13 988
50 14 311
50 15 850
50 16 1478
50 17 588
50 18 945
50 19 306
50 20 558
50 21 111
50 22 853
50 23 776
50 24 1457
50 25 1615
50 26 384
50 27 1615
50 28 1567
50 29 336
50 30 1567
50 31 1519
50 32 288
50 33 1519
50 34 1471
50 35 240
50 36 1471
50 37 1423
50 38 192
50 39 1423
50 40 1375
50 41 144
50 42 1375
50 43 1327
50 44 96
50 45 1327
50 46 1279
50 47 48
50 48 1279
50 49 1231
50 50 0
50 51 1231
50 52 1279
50 53 48
50 54 1279
50 55 1327
50 56 96
50 57 1327
50 58 1375
50 59 144
50 60 1375
50 61 1423
50 62 192
50 63 1423
50 64 1471
50 65 240
50 66 1471
50 67 1519
50 68 288
50 69 1519
50 70 1567
50 71 336
50 72 1567
50 73 1615
50 74 384
50 75 1615
50 76 1663
50 77 432
50 78 1663
50 79 1735
51 0 2966
51 1 1868
51 2 1854
51 3 2257
51 4 1279
51 5 1816
51 6 1508
51 7 1365
51 8 637
51 9 1795
51 10 2366
51 11 1668
51 12 1101
51 13 2219
51 14 1542
51 15 2081
51 16 425
51 17 1819
51 18 958
51 19 1537
51 20 1789
51 21 1342
51 22 762
51 23 1127
51 24 638
51 25 2846
51 26 1615
51 27 384
51 28 2798
51 29 1567
51 30 336
51 31 2750
51 32 1519
51 33 288
51 34 2702
51 35 1471
51 36 240
51 37 2654
51 38 1423
51 39 192
51 40 2606
51 41 1375
51 42 144
51 43 2558
51 44 1327
51 45 96
51 46 2510
51 47 1279
51 48 48
51 49 2462
51 50 1231
51 51 0
51 52 2510
51 53 1279
51 54 48
51 55 2558
51 56 1327
51 57 96
51 58 2606
51 59 1375
51 60 144
51 61 2654
51 62 1423
51 63 192
51 64 2702
51 65 1471
51 66 240
51 67 2750
51 68 1519
51 69 288
51 70 2798
51 71 1567
51 72 336
51 73 2846
51 74 1615
51 75 384
51 76 2894
51 77 1663
51 78 432
51 79 2966
52 0 552
52 1 1218
52 2 848
52 3 541
52 4 1999
52 5 1270
52 6 1482
52 7 1721
52 8 2449
52 9 1483
52 10 624
52 11 1226
52 12 2081
52 13 867
52 14 1256
52 15 1197
52 16 2757
52 17 883
52 18 2224
52 19 1069
52 20 1009
52 21 1168
52 22 2132
52 23 2055
52 24 2640
52 25 432
52 26 1663
52 27 2894
52 28 384
52 29 1615
52 30 2846
52 31 336
52 32 1567
52 33 2798
52 34 288
52 35 1519
52 36 2750
52 37 240
52 38 1471
52 39 2702
52 40 192
52 41 1423
52 42 2654
52 43 144
52 44 1375
52 45 2606
52 46 96
52 47 1327
52 48 2558
52 49 48
52 50 1279
52 51 2510
52 52 0
52 53 1231
52 54 2462
52 55 48
52 56 1279
52 57 2510
52 58 96
52 59 1327
52 60 2558
52 61 144
52 62 1375
52 63 2606
52 64 192
52 65 1423
52 66 2654
52 67 240
52 68 1471
52 69 2702
52 70 288
52 71 1519
52 72 2750
52 73 336
52 74 1567
52 75 2798
52 76 384
52 77 1615
52 78 2846
52 79 552
53 0 1783
53 1 685
53 2 575
53 3 1074
53 4 768
53 5 633
53 6 325
53 7 490
53 8 1218
53 9 612
53 10 1183
53 11 485
53 12 850
53 13 1036
53 14 359
53 15 898
53 16 1526
53 17 636
53 18 993
53 19 354
53 20 606
53 21 63
53 22 901
53 23 824
53 24 1409
53 25 1663
53 26 432
53 27 1663
53 28 1615
53 29 384
53 30 1615
53 31 1567
53 32 336
53 33 1567
53 34 1519
53 35 288
53 36 1519
53 37 1471
53 38 240
53 39 1471
53 40 1423
53 41 192
53 42 1423
53 43 1375
53 44 144
53 45 1375
53 46 1327
53 47 96
53 48 1327
53 49 1279
53 50 48
53 51 1279
53 52 1231
53 53 0
53 54 1231
53 55 1279
53 56 48
53 57 1279
53 58 1327
53 59 96
53 60 1327
53 61 1375
53 62 144
53 63 1375
53 64 1423
53 65 192
53 66 1423
53 67 1471
53 68 240
53 69 1471
53 70 1519
53 71 288
53 72 1519
53 73 1567
53 74 336
53 75 1567
53 76 1615
53 77 384
53 78 1615
53 79 1783
54 0 3014
54 1 1916
54 2 1806
54 3 2305
54 4 1327
54 5 1864
54 6 1556
54 7 1413
54 8 685
54 9 1843
54 10 2414
54 11 1716
54 12 1149
54 13 2267
54 14 1590
54 15 2129
54 16 473
54 17 1867
54 18 1006
54 19 1585
54 20 1837
54 21 1294
54 22 810
54 23 1175
54 24 590
54 25 2894
54 26 1663
54 27 432
54 28 2846
54 29 1615
54 30 384
54 31 2798
54 32 1567
54 33 336
54 34 2750
54 35 1519
54 36 288
54 37 2702
54 38 1471
54 39 240
54 40 2654
54 41 1423
54 42 192
54 43 2606
54 44 1375
54 45 144
54 46 2558
54 47 1327
54 48 96
54 49 2510
54 50 1279
54 51 48
54 52 2462
54 53 1231
54 54 0
54 55 2510
54 56 1279
54 57 48
54 58 2558
54 59 1327
54 60 96
54 61 2606
54 62 1375
54 63 144
54 64 2654
54 65 1423
54 66 192
54 67 2702
54 68 1471
54 69 240
54 70 2750
54 71 1519
54 72 288
54 73 2798
54 74 1567
54 75 336
54 76 2846
54 77 1615
54 78 384
54 79 3014
55 0 600
55 1 1266
55 2 800
55 3 589
55 4 2047
55 5 1318
55 6 1530
55 7 1769
55 8 2497
55 9 1531
55 10 672
55 11 1274
55 12 2129
55 13 915
55 14 1304
55 15 1245
55 16 2805
55 17 931
55 18 2272
55 19 1117
55 20 1057
55 21 1216
55 22 2180
55 23 2103
55 24 2592
55 25 480
55 26 1711
55 27 2942
55 28 432
55 29 1663
55 30 2894
55 31 384
55 32 1615
55 33 2846
55 34 336
55 35 1567
55 36 2798
55 37 288
55 38 1519
55 39 2750
55 40 240
55 41 1471
55 42 2702
55 43 192
55 44 1423
55 45 2654
55 46 144
55 47 1375
55 48 2606
55 49 96
55 50 1327
55 51 2558
55 52 48
55 53 1279
55 54 2510
55 55 0
55 56 1231
55 57 2462
55 58 48
55 59 1279
55 60 2510
55 61 96
55 62 1327
55 63 2558
55 64 144
55 65 1375
55 66 2606
55 67 192
55 68 1423
55 69 2654
55 70 240
55 71 1471
55 72 2702
55 73 288
55 74 1519
55 75 2750
55 76 336
55 77 1567
55 78 2798
55 79 600
56 0 1831
56 1 733
56 2 527
56 3 1122
56 4 816
56 5 681
56 6 373
56 7 538
56 8 1266
56 9 660
56 10 1231
56 11 533
56 12 898
56 13 1084
56 14 407
56 15 946
56 16 1574
56 17 684
56 18 1041
56 19 402
56 20 654
56 21 111
56 22 949
56 23 872
56 24 1361
56 25 1711
56 26 480
56 27 1711
56 28 1663
56 29 432
56 30 1663
56 31 1615
56 32 384
56 33 1615
56 34 1567
56 35 336
56 36 1567
56 37 1519
56 38 288
56 39 1519
56 40 1471
56 41 240
56 42 1471
56 43 1423
56 44 192
56 45 1423
56 46 1375
56 47 144
56 48 1375
56 49 1327
56 50 96
56 51 1327
56 52 1279
56 53 48
56 54 1279
56 55 1231
56 56 0
56 57 1231
56 58 1279
56 59 48
56 60 1279
56 61 1327
56 62 96
56 63 1327
56 64 1375
56 65 144
56 66 1375
56 67 1423
56 68 192
56 69 1423
56 70 1471
56 71 240
56 72 1471
56 73 1519
56 74 288
56 75 1519
56 76 1567
56 77 336
56 78 1567
56 79 1831
57 0 3062
57 1 1964
57 2 1758
57 3 2353
57 4 1375
57 5 1912
57 6 1604
57 7 1461
57 8 733
57 9 1891
57 10 2462
57 11 1764
57 12 1197
57 13 2315
57 14 1638
57 15 2177
57 16 521
57 17 1915
57 18 1054
57 19 1633
57 20 1885
57 21 1342
57 22 858
57 23 1223
57 24 542
57 25 2942
57 26 1711
57 27 480
57 28 2894
57 29 1663
57 30 432
57 31 2846
57 32 1615
57 33 384
57 34 2798
57 35 1567
57 36 336
57 37 2750
57 38 1519
57 39 288
57 40 2702
57 41 1471
57 42 240
57 43 2654
57 44 1423
57 45 192
57 46 2606
57 47 1375
57 48 144
57 49 2558
57 50 1327
57 51 96
57 52 2510
57 53 1279
57 54 48
57 55 2462
57 56 1231
57 57 0
57 58 2510
57 59 1279
57 60 48
57 61 2558
57 62 1327
57 63 96
57 64 2606
57 65 1375
57 66 144
57 67 2654
57 68 1423
57 69 192
57 70 2702
57 71 1471
57 72 240
57 73 2750
57 74 1519
57 75 288
57 76 2798
57 77 1567
57 78 336
57 79 3062
58 0 648
58 1 1314
58 2 752
58 3 637
58 4 2095
58 5 1366
58 6 1578
58 7 1817
58 8 2545
58 9 1579
58 10 720
58 11 1322
58 12 2177
58 13 963
58 14 1352
58 15 1293
58 16 2853
58 17 979
58 18 2320
58 19 1165
58 20 1105
58 21 1264
58 22 2228
58 23 2151
58 24 2544
58 25 528
58 26 1759
58 27 2990
58 28 480
58 29 1711
58 30 2942
58 31 432
58 32 1663
58 33 2894
58 34 384
58 35 1615
58 36 2846
58 37 336
58 38 1567
58 39 2798
58 40 288
58 41 1519
58 42 2750
58 43 240
58 44 1471
58 45 2702
58 46 192
58 47 1423
58 48 2654
58 49 144
58 50 1375
58 51 2606
58 52 96
58 53 1327
58 54 2558
58 55 48
58 56 1279
58 57 2510
58 58 0
58 59 1231
58 60 2462
58 61 48
58 62 1279
58 63 2510
58 64 96
58 65 1327
58 66 2558
58 67 144
58 68 1375
58 69 2606
58 70 192
58 71 1423
58 72 2654
58 73 240
58 74 1471
58 75 2702
58 76 288
58 77 1519
58 78 2750
58 79 648
59 0 1879
59 1 781
59 2 479
59 3 1170
59 4 864
59 5 729
59 6 421
59 7 586
59 8 1314
59 9 708
59 10 1279
59 11 581
59 12 946
59 13 1132
59 14 455
59 15 994
59 16 1622
59 17 732
59 18 1089
59 19 450
59 20 702
59 21 159
59 22 997
59 23 920
59 24 1313
59 25 1759
59 26 528
59 27 1759
59 28 1711
59 29 480
59 30 1711
59 31 1663
59 32 432
59 33 1663
59 34 1615
59 35 384
59 36 1615
59 37 1567
59 38 336
59 39 1567
59 40 1519
59 41 288
59 42 1519
59 43 1471
59 44 240
59 45 1471
59 46 1423
59 47 192
59 48 1423
59 49 1375
59 50 144
59 51 1375
59 52 1327
59 53 96
59 54 1327
59 55 1279
59 56 48
59 57 1279
59 58 1231
59 59 0
59 60 1231
59 61 1279
59 62 48
59 63 1279
59 64 1327
59 65 96
59 66 1327
59 67 1375
59 68 144
59 69 1375
59 70 1423
59 71 192
59 72 1423
59 73 1471
59 74 240
59 75 1471
59 76 1519
59 77 288
59 78 1519
59 79 1879
60 0 3110
60 1 2012
60 2 1710
60 3 2401
60 4 1423
60 5 1960
60 6 1652
60 7 1509
60 8 781
60 9 1939
60 10 2510
60 11 1812
60 12 1245
60 13 2363
60 14 1686
60 15 2225
60 16 569
60 17 1963
60 18 1102
60 19 1681
60 20 1933
60 21 1390
60 22 906
60 23 1271
60 24 494
60 25 2990
60 26 1759
60 27 528
60 28 2942
60 29 1711
60 30 480
60 31 2894
60 32 1663
60 33 432
60 34 2846
60 35 1615
60 36 384
60 37 2798
60 38 1567
60 39 336
60 40 2750
60 41 1519
60 42 288
60 43 2702
60 44 1471
60 45 240
60 46 2654
60 47 1423
60 48 192
60 49 2606
60 50 1375
60 51 144
60 52 2558
60 53 1327
60 54 96
60 55 2510
60 56 1279
60 57 48
60 58 2462
60 59 1231
60 60 0
60 61 2510
60 62 1279
60 63 48
60 64 2558
60 65 1327
60 66 96
60 67 2606
60 68 1375
60 69 144
60 70 2654
60 71 1423
60 72 192
60 73 2702
60 74 1471
60 75 240
60 76 2750
60 77 1519
60 78 288
60 79 3110
61 0 696
61 1 1362
61 2 800
61 3 685
61 4 2143
61 5 1414
61 6 1626
61 7 1865
61 8 2593
61 9 1627
61 10 768
61 11 1370
61 12 2225
61 13 1011
61 14 1400
61 15 1341
61 16 2901
61 17 1027
61 18 2368
61 19 1213
61 20 1153
61 21 1312
61 22 2276
61 23 2199
61 24 2496
61 25 576
61 26 1807
61 27 3038
61 28 528
61 29 1759
61 30 2990
61 31 480
61 32 1711
61 33 2942
61 34 432
61 35 1663
61 36 2894
61 37 384
61 38 1615
61 39 2846
61 40 336
61 41 1567
61 42 2798
61 43 288
61 44 1519
61 45 2750
61 46 240
61 47 1471
61 48 2702
61 49 192
61 50 1423
61 51 2654
61 52 144
61 53 1375
61 54 2606
61 55 96
61 56 1327
61 57 2558
61 58 48
61 59 1279
61 60 2510
61 61 0
61 62 1231
61 63 2462
61 64 48
61 65 1279
61 66 2510
61 67 96
61 68 1327
61 69 2558
61 70 144
61 71 1375
61 72 2606
61 73 192
61 74 1423
61 75 2654
61 76 240
61 77 1471
61 78 2702
61 79 696
62 0 1927
62 1 829
62 2 527
62 3 1218
62 4 912
62 5 777
62 6 469
62 7 634
62 8 1362
62 9 756
62 10 1327
62 11 629
62 12 994
62 13 1180
62 14 503
62 15 1042
62 16 1670
62 17 780
62 18 1137
62 19 498
62 20 750
62 21 207
62 22 1045
62 23 968
62 24 1265
62 25 1807
62 26 576
62 27 1807
62 28 1759
62 29 528
62 30 1759
62 31 1711
62 32 480
62 33 1711
62 34 1663
62 35 432
62 36 1663
62 37 1615
62 38 384
62 39 1615
62 40 1567
62 41 336
62 42 1567
62 43 1519
62 44 288
62 45 1519
62 46 1471
62 47 240
62 48 1471
62 49 1423
62 50 192
62 51 1423
62 52 1375
62 53 144
62 54 1375
62 55 1327
62 56 96
62 57 1327
62 58 1279
62 59 48
62 60 1279
62 61 1231
62 62 0
62 63 1231
62 64 1279
62 65 48
62 66 1279
62 67 1327
62 68 96
62 69 1327
62 70 1375
62 71 144
62 72 1375
62 73 1423
62 74 192
62 75 1423
62 76 1471
62 77 240
62 78 1471
62 79 1927
63 0 3158
63 1 2060
63 2 1758
63 3 2449
63 4 1471
63 5 2008
63 6 1700
63 7 1557
63 8 829
63 9 1987
63 10 2558
63 11 1860
63 12 1293
63 13 2411
63 14 1734
63 15 2273
63 16 617
63 17 2011
63 18 1150
63 19 1729
63 20 1981
63 21 1438
63 22 954
63 23 1319
63 24 446
63 25 3038
63 26 1807
63 27 576
63 28 2990
63 29 1759
63 30 528
63 31 2942
63 32 1711
63 33 480
63 34 2894
63 35 1663
63 36 432
63 37 2846
63 38 1615
63 39 384
63 40 2798
63 41 1567
63 42 336
63 43 2750
63 44 1519
63 45 288
63 46 2702
63 47 1471
63 48 240
63 49 2654
63 50 1423
63 51 192
63 52 2606
63 53 1375
63 54 144
63 55 2558
63 56 1327
63 57 96
63 58 2510
63 59 1279
63 60 48
63 61 2462
63 62 1231
63 63 0
63 64 2510
63 65 1279
63 66 48
63 67 2558
63 68 1327
63 69 96
63 70 2606
63 71 1375
63 72 144
63 73 2654
63 74 1423
63 75 192
63 76 2702
63 77 1471
63 78 240
63 79 3158
64 0 744
64 1 1410
64 2 848
64 3 733
64 4 2191
64 5 1462
64 6 1674
64 7 1913
64 8 2641
64 9 1675
64 10 816
64 11 1418
64 12 2273
64 13 1059
64 14 1448
64 15 1389
64 16 2949
64 17 1075
64 18 2416
64 19 1261
64 20 1201
64 21 1360
64 22 2324
64 23 2247
64 24 2448
64 25 624
64 26 1855
64 27 3086
64 28 576
64 29 1807
64 30 3038
64 31 528
64 32 1759
64 33 2990
64 34 480
64 35 1711
64 36 2942
64 37 432
64 38 1663
64 39 2894
64 40 384
64 41 1615
64 42 2846
64 43 336
64 44 1567
64 45 2798
64 46 288
64 47 1519
64 48 2750
64 49 240
64 50 1471
64 51 2702
64 52 192
64 53 1423
64 54 2654
64 55 144
64 56 1375
64 57 2606
64 58 96
64 59 1327
64 60 2558
64 61 48
64 62 1279
64 63 2510
64 64 0
64 65 1231
64 66 2462
64 67 48
64 68 1279
64 69 2510
64 70 96
64 71 1327
64 72 2558
64 73 144
64 74 1375
64 75 2606
64 76 192
64 77 1423
64 78 2654
64 79 744
65 0 1975
65 1 877
65 2 575
65 3 1266
65 4 960
65 5 825
65 6 517
65 7 682
65 8 1410
65 9 804
65 10 1375
65 11 677
65 12 1042
65 13 1228
65 14 551
65 15 1090
65 16 1718
65 17 828
65 18 1185
65 19 546
65 20 798
65 21 255
65 22 1093
65 23 1016
65 24 1217
65 25 1855
65 26 624
65 27 1855
65 28 1807
65 29 576
65 30 1807
65 31 1759
65 32 528
65 33 1759
65 34 1711
65 35 480
65 36 1711
65 37 1663
65 38 432
65 39 1663
65 40 1615
65 41 384
65 42 1615
65 43 1567
65 44 336
65 45 1567
65 46 1519
65 47 288
65 48 1519
65 49 1471
65 50 240
65 51 1471
65 52 1423
65 53 192
65 54 1423
65 55 1375
65 56 144
65 57 1375
65 58 1327
65 59 96
65 60 1327
65 61 1279
65 62 48
65 63 1279
65 64 1231
65 65 0
65 66 1231
65 67 1279
65 68 48
65 69 1279
65 70 1327
65 71 96
65 72 1327
65 73 1375
65 74 144
65 75 1375
65 76 1423
65 77 192
65 78 1423
65 79 1975
66 0 3206
66 1 2108
66 2 1806
66 3 2497
66 4 1519
66 5 2056
66 6 1748
66 7 1605
66 8 877
66 9 2035
66 10 2606
66 11 1908
66 12 1341
66 13 2459
66 14 1782
66 15 2321
66 16 665
66 17 2059
66 18 1198
66 19 1777
66 20 2029
66 21 1486
66 22 1002
66 23 1367
66 24 398
66 25 3086
66 26 1855
66 27 624
66 28 3038
66 29 1807
66 30 576
66 31 2990
66 32 1759
66 33 528
66 34 2942
66 35 1711
66 36 480
66 37 2894
66 38 1663
66 39 432
66 40 2846
66 41 1615
66 42 384
66 43 2798
66 44 1567
66 45 336
66 46 2750
66 47 1519
66 48 288
66 49 2702
66 50 1471
66 51 240
66 52 2654
66 53 1423
66 54 192
66 55 2606
66 56 1375
66 57 144
66 58 2558
66 59 1327
66 60 96
66 61 2510
66 62 1279
66 63 48
66 64 2462
66 65 1231
66 66 0
66 67 2510
66 68 1279
66 69 48
66 70 2558
66 71 1327
66 72 96
66 73 2606
66 74 1375
66 75 144
66 76 2654
66 77 1423
66 78 192
66 79 3206
67 0 792
67 1 1458
67 2 896
67 3 781
67 4 2239
67 5 1510
67 6 1722
67 7 1961
67 8 2689
67 9 1723
67 10 864
67 11 1466
67 12 2321
67 13 1107
67 14 1496
67 15 1437
67 16 2997
67 17 1123
67 18 2464
67 19 1309
67 20 1249
67 21 1408
67 22 2372
67 23 2295
67 24 2400
67 25 672
67 26 1903
67 27 3134
67 28 624
67 29 1855
67 30 3086
67 31 576
67 32 1807
67 33 3038
67 34 528
67 35 1759
67 36 2990
67 37 480
67 38 1711
67 39 2942
67 40 432
67 41 1663
67 42 2894
67 43 384
67 44 1615
67 45 2846
67 46 336
67 47 1567
67 48 2798
67 49 288
67 50 1519
67 51 2750
67 52 240
67 53 1471
67 54 2702
67 55 192
67 56 1423
67 57 2654
67 58 144
67 59 1375
67 60 2606
67 61 96
67 62 1327
67 63 2558
67 64 48
67 65 1279
67 66 2510
67 67 0
67 68 1231
67 69 2462
67 70 48
67 71 1279
67 72 2510
67 73 96
67 74 1327
67 75 2558
67 76 144
67 77 1375
67 78 2606
67 79 792
68 0 2023
68 1 925
68 2 623
68 3 1314
68 4 1008
68 5 873
68 6 565
68 7 730
68 8 1458
68 9 852
68 10 1423
68 11 725
68 12 1090
68 13 1276
68 14 599
68 15 1138
68 16 1766
68 17 876
68 18 1233
68 19 594
68 20 846
68 21 303
68 22 1141
68 23 1064
68 24 1169
68 25 1903
68 26 672
68 27 1903
68 28 1855
68 29 624
68 30 1855
68 31 1807
68 32 576
68 33 1807
68 34 1759
68 35 528
68 36 1759
68 37 1711
68 38 480
68 39 1711
68 40 1663
68 41 432
68 42 1663
68 43 1615
68 44 384
68 45 1615
68 46 1567
68 47 336
68 48 1567
68 49 1519
68 50 288
68 51 1519
68 52 1471
68 53 240
68 54 1471
68 55 1423
68 56 192
68 57 1423
68 58 1375
68 59 144
68 60 1375
68 61 1327
68 62 96
68 63 1327
68 64 1279
68 65 48
68 66 1279
68 67 1231
68 68 0
68 69 1231
68 70 1279
68 71 48
68 72 1279
68 73 1327
68 74 96
68 75 1327
68 76 1375
68 77 144
68 78 1375
68 79 2023
69 0 3254
69 1 2156
69 2 1854
69 3 2545
69 4 1567
69 5 2104
69 6 1796
69 7 1653
69 8 925
69 9 2083
69 10 2654
69 11 1956
69 12 1389
69 13 2507
69 14 1830
69 15 2369
69 16 713
69 17 2107
69 18 1246
69 19 1825
69 20 2077
69 21 1534
69 22 1050
69 23 1415
69 24 350
69 25 3134
69 26 1903
69 27 672
69 28 3086
69 29 1855
69 30 624
69 31 3038
69 32 1807
69 33 576
69 34 2990
69 35 1759
69 36 528
69 37 2942
69 38 1711
69 39 480
69 40 2894
69 41 1663
69 42 432
69 43 2846
69 44 1615
69 45 384
69 46 2798
69 47 1567
69 48 336
69 49 2750
69 50 1519
69 51 288
69 52 2702
69 53 1471
69 54 240
69 55 2654
69 56 1423
69 57 192
69 58 2606
69 59 1375
69 60 144
69 61 2558
69 62 1327
69 63 96
69 64 2510
69 65 1279
69 66 48
69 67 2462
69 68 1231
69 69 0
69 70 2510
69 71 1279
69 72 48
69 73 2558
69 74 1327
69 75 96
69 76 2606
69 77 1375
69 78 144
69 79 3254
70 0 840
70 1 1506
70 2 944
70 3 829
70 4 2287
70 5 1558
70 6 1770
70 7 2009
70 8 2737
70 9 1771
70 10 912
70 11 1514
70 12 2369
70 13 1155
70 14 1544
70 15 1485
70 16 3045
70 17 1171
70 18 2512
70 19 1357
70 20 1297
70 21 1456
70 22 2420
70 23 2343
70 24 2352
70 25 720
70 26 1951
70 27 3182
70 28 672
70 29 1903
70 30 3134
70 31 624
70 32 1855
70 33 3086
70 34 576
70 35 1807
70 36 3038
70 37 528
70 38 1759
70 39 2990
70 40 480
70 41 1711
70 42 2942
70 43 432
70 44 1663
70 45 2894
70 46 384
70 47 1615
70 48 2846
70 49 336
70 50 1567
70 51 2798
70 52 288
70 53 1519
70 54 2750
70 55 240
70 56 1471
70 57 2702
70 58 192
70 59 1423
70 60 2654
70 61 144
70 62 1375
70 63 2606
70 64 96
70 65 1327
70 66 2558
70 67 48
70 68 1279
70 69 2510
70 70 0
70 71 1231
70 72 2462
70 73 48
70 74 1279
70 75 2510
70 76 96
70 77 1327
70 78 2558
70 79 840
71 0 2071
71 1 973
71 2 671
71 3 1362
71 4 1056
71 5 921
71 6 613
71 7 778
71 8 1506
71 9 900
71 10 1471
71 11 773
71 12 1138
71 13 1324
71 14 647
71 15 1186
71 16 1814
71 17 924
71 18 1281
71 19 642
71 20 894
71 21 351
71 22 1189
71 23 1112
71 24 1121
71 25 1951
71 26 720
71 27 1951
71 28 1903
71 29 672
71 30 1903
71 31 1855
71 32 624
71 33 1855
71 34 1807
71 35 576
71 36 1807
71 37 1759
71 38 528
71 39 1759
71 40 1711
71 41 480
71 42 1711
71 43 1663
71 44 432
71 45 1663
71 46 1615
71 47 384
71 48 1615
71 49 1567
71 50 336
71 51 1567
71 52 1519
71 53 288
71 54 1519
71 55 1471
71 56 240
71 57 1471
71 58 1423
71 59 192
71 60 1423
71 61 1375
71 62 144
71 63 1375
71 64 1327
71 65 96
71 66 1327
71 67 1279
71 68 48
71 69 1279
71 70 1231
71 71 0
71 72 1231
71 73 1279
71 74 48
71 75 1279
71 76 1327
71 77 96
71 78 1327
71 79 2071
72 0 3302
72 1 2204
72 2 1902
72 3 2593
72 4 1615
72 5 2152
72 6 1844
72 7 1701
72 8 973
72 9 2131
72 10 2702
72 11 2004
72 12 1437
72 13 2555
72 14 1878
72 15 2417
72 16 761
72 17 2155
72 18 1294
72 19 1873
72 20 2125
72 21 1582
72 22 1098
72 23 1463
72 24 302
72 25 3182
72 26 1951
72 27 720
72 28 3134
72 29 1903
72 30 672
72 31 3086
72 32 1855
72 33 624
72 34 3038
72 35 1807
72 36 576
72 37 2990
72 38 1759
72 39 528
72 40 2942
72 41 1711
72 42 480
72 43 2894
72 44 1663
72 45 432
72 46 2846
72 47 1615
72 48 384
72 49 2798
72 50 1567
72 51 336
72 52 2750
72 53 1519
72 54 288
72 55 2702
72 56 1471
72 57 240
72 58 2654
72 59 1423
72 60 192
72 61 2606
72 62 1375
72 63 144
72 64 2558
72 65 1327
72 66 96
72 67 2510
72 68 1279
72 69 48
72 70 2462
72 71 1231
72 72 0
72 73 2510
72 74 1279
72 75 48
72 76 2558
72 77 1327
72 78 96
72 79 3302
73 0 888
73 1 1554
73 2 992
73 3 877
73 4 2335
73 5 1606
73 6 1818
73 7 2057
73 8 2785
73 9 1819
73 10 960
73 11 1562
73 12 2417
73 13 1203
73 14 1592
73 15 1533
73 16 3093
73 17 1219
73 18 2560
73 19 1405
73 20 1345
73 21 1504
73 22 2468
73 23 2391
73 24 2304
73 25 768
73 26 1999
73 27 3230
73 28 720
73 29 1951
73 30 3182
73 31 672
73 32 1903
73 33 3134
73 34 624
73 35 1855
73 36 3086
73 37 576
73 38 1807
73 39 3038
73 40 528
73 41 1759
73 42 2990
73 43 480
73 44 1711
73 45 2942
73 46 432
73 47 1663
73 48 2894
73 49 384
73 50 1615
73 51 2846
73 52 336
73 53 1567
73 54 2798
73 55 288
73 56 1519
73 57 2750
73 58 240
73 59 1471
73 60 2702
73 61 192
73 62 1423
73 63 2654
73 64 144
73 65 1375
73 66 2606
73 67 96
73 68 1327
73 69 2558
73 70 48
73 71 1279
73 72 2510
73 73 0
73 74 1231
73 75 2462
73 76 48
73 77 1279
73 78 2510
73 79 888
74 0 2119
74 1 1021
74 2 719
74 3 1410
74 4 1104
74 5 969
74 6 661
74 7 826
74 8 1554
74 9 948
74 10 1519
74 11 821
74 12 1186
74 13 1372
74 14 695
74 15 1234
74 16 1862
74 17 972
74 18 1329
74 19 690
74 20 942
74 21 399
74 22 1237
74 23 1160
74 24 1073
74 25 1999
74 26 768
74 27 1999
74 28 1951
74 29 720
74 30 1951
74 31 1903
74 32 672
74 33 1903
74 34 1855
74 35 624
74 36 1855
74 37 1807
74 38 576
74 39 1807
74 40 1759
74 41 528
74 42 1759
74 43 1711
74 44 480
74 45 1711
74 46 1663
74 47 432
74 48 1663
74 49 1615
74 50 384
74 51 1615
74 52 1567
74 53 336
74 54 1567
74 55 1519
74 56 288
74 57 1519
74 58 1471
74 59 240
74 60 1471
74 61 1423
74 62 192
74 63 1423
74 64 1375
74 65 144
74 66 1375
74 67 1327
74 68 96
74 69 1327
74 70 1279
74 71 48
74 72 1279
74 73 1231
74 74 0
74 75 1231
74 76 1279
74 77 48
74 78 1279
74 79 2119
75 0 3350
75 1 2252
75 2 1950
75 3 2641
75 4 1663
75 5 2200
75 6 1892
75 7 1749
75 8 1021
75 9 2179
75 10 2750
75 11 2052
75 12 1485
75 13 2603
75 14 1926
75 15 2465
75 16 809
75 17 2203
75 18 1342
75 19 1921
75 20 2173
75 21 1630
75 22 1146
75 23 1511
75 24 254
75 25 3230
75 26 1999
75 27 768
75 28 3182
75 29 1951
75 30 720
75 31 3134
75 32 1903
75 33 672
75 34 3086
75 35 1855
75 36 624
75 37 3038
75 38 1807
75 39 576
75 40 2990
75 41 1759
75 42 528
75 43 2942
75 44 1711
75 45 480
75 46 2894
75 47 1663
75 48 432
75 49 2846
75 50 1615
75 51 384
75 52 2798
75 53 1567
75 54 336
75 55 2750
75 56 1519
75 57 288
75 58 2702
75 59 1471
75 60 240
75 61 2654
75 62 1423
75 63 192
75 64 2606
75 65 1375
75 66 144
75 67 2558
75 68 1327
75 69 96
75 70 2510
75 71 1279
75 72 48
75 73 2462
75 74 1231
75 75 0
75 76 2510
75 77 1279
75 78 48
75 79 3350
76 0 936
76 1 1602
76 2 1040
76 3 925
76 4 2383
76 5 1654
76 6 1866
76 7 2105
76 8 2833
76 9 1867
76 10 1008
76 11 1610
76 12 2465
76 13 1251
76 14 1640
76 15 1581
76 16 3141
76 17 1267
76 18 2608
76 19 1453
76 20 1393
76 21 1552
76 22 2516
76 23 2439
76 24 2256
76 25 816
76 26 2047
76 27 3278
76 28 768
76 29 1999
76 30 3230
76 31 720
76 32 1951
76 33 3182
76 34 672
76 35 1903
76 36 3134
76 37 624
76 38 1855
76 39 3086
76 40 576
76 41 1807
76 42 3038
76 43 528
76 44 1759
76 45 2990
76 46 480
76 47 1711
76 48 2942
76 49 432
76 50 1663
76 51 2894
76 52 384
76 53 1615
76 54 2846
76 55 336
76 56 1567
76 57 2798
76 58 288
76 59 1519
76 60 2750
76 61 240
76 62 1471
76 63 2702
76 64 192
76 65 1423
76 66 2654
76 67 144
76 68 1375
76 69 2606
76 70 96
76 71 1327
76 72 2558
76 73 48
76 74 1279
76 75 2510
76 76 0
76 77 1231
76 78 2462
76 79 936
77 0 2167
77 1 1069
77 2 767
77 3 1458
77 4 1152
77 5 1017
77 6 709
77 7 874
77 8 1602
77 9 996
77 10 1567
77 11 869
77 12 1234
77 13 1420
77 14 743
77 15 1282
77 16 1910
77 17 1020
77 18 1377
77 19 738
77 20 990
77 21 447
77 22 1285
77 23 1208
77 24 1025
77 25 2047
77 26 816
77 27 2047
77 28 1999
77 29 768
77 30 1999
77 31 1951
77 32 720
77 33 1951
77 34 1903
77 35 672
77 36 1903
77 37 1855
77 38 624
77 39 1855
77 40 1807
77 41 576
77 42 1807
77 43 1759
77 44 528
77 45 1759
77 46 1711
77 47 480
77 48 1711
77 49 1663
77 50 432
77 51 1663
77 52 1615
77 53 384
77 54 1615
77 55 1567
77 56 336
77 57 1567
77 58 1519
77 59 288
77 60 1519
77 61 1471
77 62 240
77 63 1471
77 64 1423
77 65 192
77 66 1423
77 67 1375
77 68 144
77 69 1375
77 70 1327
77 71 96
77 72 1327
77 73 1279
77 74 48
77 75 1279
77 76 1231
77 77 0
77 78 1231
77 79 2167
78 0 3398
78 1 2300
78 2 1998
78 3 2689
78 4 1711
78 5 2248
78 6 1940
78 7 1797
78 8 1069
78 9 2227
78 10 2798
78 11 2100
78 12 1533
78 13 2651
78 14 1974
78 15 2513
78 16 857
78 17 2251
78 18 1390
78 19 1969
78 20 2221
78 21 1678
78 22 1194
78 23 1559
78 24 206
78 25 3278
78 26 2047
78 27 816
78 28 3230
78 29 1999
78 30 768
78 31 3182
78 32 1951
78 33 720
78 34 3134
78 35 1903
78 36 672
78 37 3086
78 38 1855
78 39 624
78 40 3038
78 41 1807
78 42 576
78 43 2990
78 44 1759
78 45 528
78 46 2942
78 47 1711
78 48 480
78 49 2894
78 50 1663
78 51 432
78 52 2846
78 53 1615
78 54 384
78 55 2798
78 56 1567
78 57 336
78 58 2750
78 59 1519
78 60 288
78 61 2702
78 62 1471
78 63 240
78 64 2654
78 65 1423
78 66 192
78 67 2606
78 68 1375
78 69 144
78 70 2558
78 71 1327
78 72 96
78 73 2510
78 74 1279
78 75 48
78 76 2462
78 77 1231
78 78 0
78 79 3398
79 0 0
79 1 1098
79 2 1400
79 3 709
79 4 1687
79 5 1150
79 6 1458
79 7 1601
79 8 2329
79 9 1171
79 10 600
79 11 1298
79 12 1865
79 13 747
79 14 1424
79 15 885
79 16 2541
79 17 1147
79 18 2008
79 19 1429
79 20 1177
79 21 1720
79 22 2204
79 23 1839
79 24 3192
79 25 120
79 26 1351
79 27 2582
79 28 168
79 29 1399
79 30 2630
79 31 216
79 32 1447
79 33 2678
79 34 264
79 35 1495
79 36 2726
79 37 312
79 38 1543
79 39 2774
79 40 360
79 41 1591
79 42 2822
79 43 408
79 44 1639
79 45 2870
79 46 456
79 47 1687
79 48 2918
79 49 504
79 50 1735
79 51 2966
79 52 552
79 53 1783
79 54 3014
79 55 600
79 56 1831
79 57 3062
79 58 648
79 59 1879
79 60 3110
79 61 696
79 62 1927
79 63 3158
79 64 744
79 65 1975
79 66 3206
79 67 792
79 68 2023
79 69 3254
79 70 840
79 71 2071
79 72 3302
79 73 888
79 74 2119
79 75 3350
79 76 936
79 77 2167
79 78 3398
79 79 0
//Location coordinates LocationName
//Loc x y
0 0.0 0.0 "depot"
1 96.0 1002.0 "product aisle 2 bloc 0 rank 131"
2 528.0 872.0 "product aisle 11 bloc 0 rank 111"
3 240.0 469.0 "product aisle 5 bloc 0 rank 50"
4 0.0 1687.0 "product aisle 0 bloc 1 rank 48"
5 96.0 1054.0 "product aisle 2 bloc 0 rank 139"
6 144.0 1314.0 "product aisle 3 bloc 0 rank 180"
7 96.0 1505.0 "product aisle 2 bloc 1 rank 19"
8 96.0 2233.0 "product aisle 2 bloc 1 rank 131"
9 0.0 1171.0 "product aisle 0 bloc 0 rank 157"
10 144.0 456.0 "product aisle 3 bloc 0 rank 48"
11 192.0 1106.0 "product aisle 4 bloc 0 rank 148"
12 48.0 1817.0 "product aisle 1 bloc 1 rank 68"
13 96.0 651.0 "product aisle 2 bloc 0 rank 77"
14 240.0 1184.0 "product aisle 5 bloc 0 rank 159"
15 0.0 885.0 "product aisle 0 bloc 0 rank 113"
16 48.0 2493.0 "product aisle 1 bloc 1 rank 172"
17 288.0 859.0 "product aisle 6 bloc 0 rank 110"
18 48.0 1960.0 "product aisle 1 bloc 1 rank 89"
19 336.0 1093.0 "product aisle 7 bloc 0 rank 146"
20 240.0 937.0 "product aisle 5 bloc 0 rank 121"
21 432.0 1288.0 "product aisle 9 bloc 0 rank 175"
22 192.0 2012.0 "product aisle 4 bloc 1 rank 98"
23 48.0 1791.0 "product aisle 1 bloc 1 rank 64"
24 816.0 2376.0 "product aisle 17 bloc 1 rank 153"
25 24.0 120.0 "intersection aisle 0 bloc 0 rank 0"
26 24.0 1351.0 "intersection aisle 0 bloc 1 rank 1"
27 24.0 2582.0 "intersection aisle 0 bloc 2 rank 2"
28 72.0 120.0 "intersection aisle 1 bloc 0 rank 0"
29 72.0 1351.0 "intersection aisle 1 bloc 1 rank 1"
30 72.0 2582.0 "intersection aisle 1 bloc 2 rank 2"
31 120.0 120.0 "intersection aisle 2 bloc 0 rank 0"
32 120.0 1351.0 "intersection aisle 2 bloc 1 rank 1"
33 120.0 2582.0 "intersection aisle 2 bloc 2 rank 2"
34 168.0 120.0 "intersection aisle 3 bloc 0 rank 0"
35 168.0 1351.0 "intersection aisle 3 bloc 1 rank 1"
36 168.0 2582.0 "intersection aisle 3 bloc 2 rank 2"
37 216.0 120.0 "intersection aisle 4 bloc 0 rank 0"
38 216.0 1351.0 "intersection aisle 4 bloc 1 rank 1"
39 216.0 2582.0 "intersection aisle 4 bloc 2 rank 2"
40 264.0 120.0 "intersection aisle 5 bloc 0 rank 0"
41 264.0 1351.0 "intersection aisle 5 bloc 1 rank 1"
42 264.0 2582.0 "intersection aisle 5 bloc 2 rank 2"
43 312.0 120.0 "intersection aisle 6 bloc 0 rank 0"
44 312.0 1351.0 "intersection aisle 6 bloc 1 rank 1"
45 312.0 2582.0 "intersection aisle 6 bloc 2 rank 2"
46 360.0 120.0 "intersection aisle 7 bloc 0 rank 0"
47 360.0 1351.0 "intersection aisle 7 bloc 1 rank 1"
48 360.0 2582.0 "intersection aisle 7 bloc 2 rank 2"
49 408.0 120.0 "intersection aisle 8 bloc 0 rank 0"
50 408.0 1351.0 "intersection aisle 8 bloc 1 rank 1"
51 408.0 2582.0 "intersection aisle 8 bloc 2 rank 2"
52 456.0 120.0 "intersection aisle 9 bloc 0 rank 0"
53 456.0 1351.0 "intersection aisle 9 bloc 1 rank 1"
54 456.0 2582.0 "intersection aisle 9 bloc 2 rank 2"
55 504.0 120.0 "intersection aisle 10 bloc 0 rank 0"
56 504.0 1351.0 "intersection aisle 10 bloc 1 rank 1"
57 504.0 2582.0 "intersection aisle 10 bloc 2 rank 2"
58 552.0 120.0 "intersection aisle 11 bloc 0 rank 0"
59 552.0 1351.0 "intersection aisle 11 bloc 1 rank 1"
60 552.0 2582.0 "intersection aisle 11 bloc 2 rank 2"
61 600.0 120.0 "intersection aisle 12 bloc 0 rank 0"
62 600.0 1351.0 "intersection aisle 12 bloc 1 rank 1"
63 600.0 2582.0 "intersection aisle 12 bloc 2 rank 2"
64 648.0 120.0 "intersection aisle 13 bloc 0 rank 0"
65 648.0 1351.0 "intersection aisle 13 bloc 1 rank 1"
66 648.0 2582.0 "intersection aisle 13 bloc 2 rank 2"
67 696.0 120.0 "intersection aisle 14 bloc 0 rank 0"
68 696.0 1351.0 "intersection aisle 14 bloc 1 rank 1"
69 696.0 2582.0 "intersection aisle 14 bloc 2 rank 2"
70 744.0 120.0 "intersection aisle 15 bloc 0 rank 0"
71 744.0 1351.0 "intersection aisle 15 bloc 1 rank 1"
72 744.0 2582.0 "intersection aisle 15 bloc 2 rank 2"
73 792.0 120.0 "intersection aisle 16 bloc 0 rank 0"
74 792.0 1351.0 "intersection aisle 16 bloc 1 rank 1"
75 792.0 2582.0 "intersection aisle 16 bloc 2 rank 2"
76 840.0 120.0 "intersection aisle 17 bloc 0 rank 0"
77 840.0 1351.0 "intersection aisle 17 bloc 1 rank 1"
78 840.0 2582.0 "intersection aisle 17 bloc 2 rank 2"
79 0.0 0.0 "depot"
