//alpha
1
//NbLocations
70
//NbProducts
33
//NbPickers
2
//CapaPicker
8
//TimeToTravelOneDistanceUnit
3
//SetupTime
5400
//PickTime
300
//Products
//Idx Location Size
1 1 1
2 2 1
3 3 1
4 4 1
5 5 1
6 6 1
7 7 1
8 8 1
9 9 1
10 10 1
11 11 1
12 12 1
13 13 1
14 14 1
15 15 1
16 16 1
17 17 1
18 18 1
19 19 1
20 20 1
21 21 1
22 22 1
23 23 1
24 24 1
25 25 1
26 26 1
27 27 1
28 28 1
29 29 1
30 30 1
31 31 1
32 32 1
33 33 1
//Orders
//NbOrders
12
//Idx DueDate TardinessPenalty NbProdInOrder ProdIdx1 Qty1 ProdIdx2 Qty2 ...
1 36000 0 2 1 1 2 1
2 36000 0 1 3 1
3 36000 0 3 4 1 5 1 6 1
4 144000 0 3 7 1 8 1 9 1
5 54000 0 1 10 1
6 126000 0 1 11 1
7 90000 0 8 12 1 13 1 14 1 15 1 16 1 17 1 18 1 19 1
8 54000 0 4 20 1 21 1 22 1 23 1
9 108000 0 4 24 1 25 1 26 1 27 1
10 108000 0 1 28 1
11 108000 0 3 29 1 30 1 31 1
12 54000 0 2 32 1 33 1
//Graph (Products are vertices indexed from 1 to NbProducts)
//NbVerticesIntersections
36
//DepartingDepot
0
//ArrivalDepot
70
//Arcs
//Start End Distance
0 34 120
1 10 65
1 32 312
2 22 13
2 43 414
3 4 130
3 15 156
4 3 130
4 35 102
5 22 247
5 44 167
6 49 323
6 50 518
7 19 546
7 48 50
8 41 349
8 42 492
9 23 52
9 44 609
10 1 65
10 31 39
11 56 609
11 57 232
12 52 245
12 53 596
13 50 414
13 51 427
14 59 128
14 60 713
15 3 156
15 18 13
16 29 247
16 33 156
17 25 91
17 37 388
18 15 13
18 34 440
19 7 546
19 20 156
20 19 156
20 47 89
21 28 78
21 31 130
22 2 13
22 5 247
23 9 52
23 24 26
24 23 26
24 45 154
25 17 91
25 27 65
26 29 182
26 38 128
27 25 65
27 38 297
28 21 78
28 36 180
29 16 247
29 26 182
30 46 180
30 47 661
31 10 39
31 21 130
32 1 312
32 35 37
33 16 156
33 39 128
34 18 440
34 37 48
34 70 120
35 4 102
35 32 37
35 38 48
36 28 180
36 39 48
37 17 388
37 34 48
37 40 48
38 26 128
38 27 297
38 35 48
38 41 48
39 33 128
39 36 48
39 42 48
40 37 48
40 41 841
40 43 48
41 8 349
41 38 48
41 40 841
41 44 48
42 8 492
42 39 48
42 45 48
43 2 414
43 40 48
43 46 48
44 5 167
44 9 609
44 41 48
44 47 48
45 24 154
45 42 48
45 48 48
46 30 180
46 43 48
46 49 48
47 20 89
47 30 661
47 44 48
47 50 48
48 7 50
48 45 48
48 51 48
49 6 323
49 46 48
49 52 48
50 6 518
50 13 414
50 47 48
50 53 48
51 13 427
51 48 48
51 54 48
52 12 245
52 49 48
52 55 48
53 12 596
53 50 48
53 54 841
53 56 48
54 51 48
54 53 841
54 57 48
55 52 48
55 56 841
55 58 48
56 11 609
56 53 48
56 55 841
56 59 48
57 11 232
57 54 48
57 60 48
58 55 48
58 59 841
58 61 48
59 14 128
59 56 48
59 58 841
59 62 48
60 14 713
60 57 48
60 63 48
61 58 48
61 62 841
61 64 48
62 59 48
62 61 841
62 63 841
62 65 48
63 60 48
63 62 841
63 66 48
64 61 48
64 65 841
64 67 48
65 62 48
65 64 841
65 66 841
65 68 48
66 63 48
66 65 841
66 69 48
67 64 48
67 68 841
68 65 48
68 67 841
68 69 841
69 66 48
69 68 841
//LocStart LocEnd ShortestPath
0 0 0
0 1 1310
0 2 678
0 3 729
0 4 859
0 5 938
0 6 683
0 7 1944
0 8 1406
0 9 1714
0 10 1375
0 11 1906
0 12 653
0 13 1615
0 14 1473
0 15 573
0 16 1566
0 17 556
0 18 560
0 19 1398
0 20 1242
0 21 1544
0 22 691
0 23 1766
0 24 1792
0 25 647
0 26 1137
0 27 712
0 28 1622
0 29 1319
0 30 492
0 31 1414
0 32 998
0 33 1722
0 34 120
0 35 961
0 36 1802
0 37 168
0 38 1009
0 39 1850
0 40 216
0 41 1057
0 42 1898
0 43 264
0 44 1105
0 45 1946
0 46 312
0 47 1153
0 48 1994
0 49 360
0 50 1201
0 51 2042
0 52 408
0 53 1249
0 54 2090
0 55 456
0 56 1297
0 57 2138
0 58 504
0 59 1345
0 60 2186
0 61 552
0 62 1393
0 63 2234
0 64 600
0 65 1441
0 66 2282
0 67 648
0 68 1489
0 69 2330
0 70 0
1 0 1310
1 1 0
1 2 920
1 3 581
1 4 451
1 5 660
1 6 1107
1 7 734
1 8 794
1 9 868
1 10 65
1 11 1060
1 12 1233
1 13 1003
1 14 861
1 15 737
1 16 824
1 17 850
1 18 750
1 19 786
1 20 630
1 21 234
1 22 907
1 23 816
1 24 790
1 25 759
1 26 525
1 27 694
1 28 312
1 29 707
1 30 1202
1 31 104
1 32 312
1 33 668
1 34 1190
1 35 349
1 36 492
1 37 1238
1 38 397
1 39 540
1 40 1286
1 41 445
1 42 588
1 43 1334
1 44 493
1 45 636
1 46 1382
1 47 541
1 48 684
1 49 1430
1 50 589
1 51 732
1 52 1478
1 53 637
1 54 780
1 55 1526
1 56 685
1 57 828
1 58 1574
1 59 733
1 60 876
1 61 1622
1 62 781
1 63 924
1 64 1670
1 65 829
1 66 972
1 67 1718
1 68 877
1 69 1020
1 70 1310
2 0 678
2 1 920
2 2 0
2 3 803
2 4 673
2 5 260
2 6 833
2 7 1266
2 8 824
2 9 1036
2 10 985
2 11 1228
2 12 803
2 13 937
2 14 795
2 15 959
2 16 1080
2 17 898
2 18 972
2 19 720
2 20 564
2 21 1154
2 22 13
2 23 1088
2 24 1114
2 25 885
2 26 651
2 27 820
2 28 1232
2 29 833
2 30 642
2 31 1024
2 32 608
2 33 1236
2 34 558
2 35 571
2 36 1412
2 37 510
2 38 523
2 39 1364
2 40 462
2 41 475
2 42 1316
2 43 414
2 44 427
2 45 1268
2 46 462
2 47 475
2 48 1316
2 49 510
2 50 523
2 51 1364
2 52 558
2 53 571
2 54 1412
2 55 606
2 56 619
2 57 1460
2 58 654
2 59 667
2 60 1508
2 61 702
2 62 715
2 63 1556
2 64 750
2 65 763
2 66 1604
2 67 798
2 68 811
2 69 1652
2 70 678
3 0 729
3 1 581
3 2 803
3 3 0
3 4 130
3 5 543
3 6 990
3 7 1215
3 8 677
3 9 985
3 10 646
3 11 1177
3 12 1116
3 13 886
3 14 744
3 15 156
3 16 837
3 17 733
3 18 169
3 19 669
3 20 513
3 21 815
3 22 790
3 23 1037
3 24 1063
3 25 642
3 26 408
3 27 577
3 28 893
3 29 590
3 30 981
3 31 685
3 32 269
3 33 993
3 34 609
3 35 232
3 36 1073
3 37 657
3 38 280
3 39 1121
3 40 705
3 41 328
3 42 1169
3 43 753
3 44 376
3 45 1217
3 46 801
3 47 424
3 48 1265
3 49 849
3 50 472
3 51 1313
3 52 897
3 53 520
3 54 1361
3 55 945
3 56 568
3 57 1409
3 58 993
3 59 616
3 60 1457
3 61 1041
3 62 664
3 63 1505
3 64 1089
3 65 712
3 66 1553
3 67 1137
3 68 760
3 69 1601
3 70 729
4 0 859
4 1 451
4 2 673
4 3 130
4 4 0
4 5 413
4 6 860
4 7 1085
4 8 547
4 9 855
4 10 516
4 11 1047
4 12 986
4 13 756
4 14 614
4 15 286
4 16 707
4 17 603
4 18 299
4 19 539
4 20 383
4 21 685
4 22 660
4 23 907
4 24 933
4 25 512
4 26 278
4 27 447
4 28 763
4 29 460
4 30 955
4 31 555
4 32 139
4 33 863
4 34 739
4 35 102
4 36 943
4 37 787
4 38 150
4 39 991
4 40 835
4 41 198
4 42 1039
4 43 883
4 44 246
4 45 1087
4 46 931
4 47 294
4 48 1135
4 49 979
4 50 342
4 51 1183
4 52 1027
4 53 390
4 54 1231
4 55 1075
4 56 438
4 57 1279
4 58 1123
4 59 486
4 60 1327
4 61 1171
4 62 534
4 63 1375
4 64 1219
4 65 582
4 66 1423
4 67 1267
4 68 630
4 69 1471
4 70 859
5 0 938
5 1 660
5 2 260
5 3 543
5 4 413
5 5 0
5 6 781
5 7 1006
5 8 564
5 9 776
5 10 725
5 11 968
5 12 907
5 13 677
5 14 535
5 15 699
5 16 820
5 17 716
5 18 712
5 19 460
5 20 304
5 21 894
5 22 247
5 23 828
5 24 854
5 25 625
5 26 391
5 27 560
5 28 972
5 29 573
5 30 876
5 31 764
5 32 348
5 33 976
5 34 818
5 35 311
5 36 1152
5 37 770
5 38 263
5 39 1104
5 40 722
5 41 215
5 42 1056
5 43 674
5 44 167
5 45 1008
5 46 722
5 47 215
5 48 1056
5 49 770
5 50 263
5 51 1104
5 52 818
5 53 311
5 54 1152
5 55 866
5 56 359
5 57 1200
5 58 914
5 59 407
5 60 1248
5 61 962
5 62 455
5 63 1296
5 64 1010
5 65 503
5 66 1344
5 67 1058
5 68 551
5 69 1392
5 70 938
6 0 683
6 1 1107
6 2 833
6 3 990
6 4 860
6 5 781
6 6 0
6 7 1357
6 8 1011
6 9 1223
6 10 1172
6 11 1223
6 12 616
6 13 932
6 14 790
6 15 1016
6 16 1267
6 17 903
6 18 1003
6 19 811
6 20 655
6 21 1341
6 22 846
6 23 1275
6 24 1301
6 25 994
6 26 838
6 27 1007
6 28 1419
6 29 1020
6 30 551
6 31 1211
6 32 795
6 33 1423
6 34 563
6 35 758
6 36 1599
6 37 515
6 38 710
6 39 1551
6 40 467
6 41 662
6 42 1503
6 43 419
6 44 614
6 45 1455
6 46 371
6 47 566
6 48 1407
6 49 323
6 50 518
6 51 1359
6 52 371
6 53 566
6 54 1407
6 55 419
6 56 614
6 57 1455
6 58 467
6 59 662
6 60 1503
6 61 515
6 62 710
6 63 1551
6 64 563
6 65 758
6 66 1599
6 67 611
6 68 806
6 69 1647
6 70 683
7 0 1944
7 1 734
7 2 1266
7 3 1215
7 4 1085
7 5 1006
7 6 1357
7 7 0
7 8 638
7 9 330
7 10 669
7 11 426
7 12 1483
7 13 525
7 14 955
7 15 1371
7 16 478
7 17 1388
7 18 1384
7 19 546
7 20 702
7 21 500
7 22 1253
7 23 278
7 24 252
7 25 1297
7 26 907
7 27 1232
7 28 422
7 29 725
7 30 1452
7 31 630
7 32 1020
7 33 322
7 34 1824
7 35 983
7 36 242
7 37 1776
7 38 935
7 39 194
7 40 1728
7 41 887
7 42 146
7 43 1680
7 44 839
7 45 98
7 46 1632
7 47 791
7 48 50
7 49 1680
7 50 839
7 51 98
7 52 1728
7 53 887
7 54 146
7 55 1776
7 56 935
7 57 194
7 58 1824
7 59 983
7 60 242
7 61 1872
7 62 1031
7 63 290
7 64 1920
7 65 1079
7 66 338
7 67 1968
7 68 1127
7 69 386
7 70 1944
8 0 1406
8 1 794
8 2 824
8 3 677
8 4 547
8 5 564
8 6 1011
8 7 638
8 8 0
8 9 772
8 10 859
8 11 964
8 12 1137
8 13 907
8 14 765
8 15 833
8 16 824
8 17 850
8 18 846
8 19 690
8 20 534
8 21 846
8 22 811
8 23 720
8 24 694
8 25 759
8 26 525
8 27 694
8 28 768
8 29 707
8 30 1106
8 31 898
8 32 482
8 33 668
8 34 1286
8 35 445
8 36 588
8 37 1238
8 38 397
8 39 540
8 40 1190
8 41 349
8 42 492
8 43 1238
8 44 397
8 45 540
8 46 1286
8 47 445
8 48 588
8 49 1334
8 50 493
8 51 636
8 52 1382
8 53 541
8 54 684
8 55 1430
8 56 589
8 57 732
8 58 1478
8 59 637
8 60 780
8 61 1526
8 62 685
8 63 828
8 64 1574
8 65 733
8 66 876
8 67 1622
8 68 781
8 69 924
8 70 1406
9 0 1714
9 1 868
9 2 1036
9 3 985
9 4 855
9 5 776
9 6 1223
9 7 330
9 8 772
9 9 0
9 10 803
9 11 656
9 12 1349
9 13 755
9 14 977
9 15 1141
9 16 612
9 17 1158
9 18 1154
9 19 876
9 20 746
9 21 634
9 22 1023
9 23 52
9 24 78
9 25 1067
9 26 833
9 27 1002
9 28 556
9 29 859
9 30 1318
9 31 764
9 32 790
9 33 456
9 34 1594
9 35 753
9 36 376
9 37 1546
9 38 705
9 39 328
9 40 1498
9 41 657
9 42 280
9 43 1450
9 44 609
9 45 232
9 46 1498
9 47 657
9 48 280
9 49 1546
9 50 705
9 51 328
9 52 1594
9 53 753
9 54 376
9 55 1642
9 56 801
9 57 424
9 58 1690
9 59 849
9 60 472
9 61 1738
9 62 897
9 63 520
9 64 1786
9 65 945
9 66 568
9 67 1834
9 68 993
9 69 616
9 70 1714
10 0 1375
10 1 65
10 2 985
10 3 646
10 4 516
10 5 725
10 6 1172
10 7 669
10 8 859
10 9 803
10 10 0
10 11 995
10 12 1298
10 13 1068
10 14 926
10 15 802
10 16 759
10 17 915
10 18 815
10 19 851
10 20 695
10 21 169
10 22 972
10 23 751
10 24 725
10 25 824
10 26 590
10 27 759
10 28 247
10 29 772
10 30 1267
10 31 39
10 32 377
10 33 603
10 34 1255
10 35 414
10 36 427
10 37 1303
10 38 462
10 39 475
10 40 1351
10 41 510
10 42 523
10 43 1399
10 44 558
10 45 571
10 46 1447
10 47 606
10 48 619
10 49 1495
10 50 654
10 51 667
10 52 1543
10 53 702
10 54 715
10 55 1591
10 56 750
10 57 763
10 58 1639
10 59 798
10 60 811
10 61 1687
10 62 846
10 63 859
10 64 1735
10 65 894
10 66 907
10 67 1783
10 68 942
10 69 955
10 70 1375
11 0 1906
11 1 1060
11 2 1228
11 3 1177
11 4 1047
11 5 968
11 6 1223
11 7 426
11 8 964
11 9 656
11 10 995
11 11 0
11 12 1253
11 13 755
11 14 785
11 15 1333
11 16 804
11 17 1350
11 18 1346
11 19 972
11 20 842
11 21 826
11 22 1215
11 23 604
11 24 578
11 25 1259
11 26 1025
11 27 1194
11 28 748
11 29 1051
11 30 1414
11 31 956
11 32 982
11 33 648
11 34 1786
11 35 945
11 36 568
11 37 1738
11 38 897
11 39 520
11 40 1690
11 41 849
11 42 472
11 43 1642
11 44 801
11 45 424
11 46 1594
11 47 753
11 48 376
11 49 1546
11 50 705
11 51 328
11 52 1498
11 53 657
11 54 280
11 55 1450
11 56 609
11 57 232
11 58 1498
11 59 657
11 60 280
11 61 1546
11 62 705
11 63 328
11 64 1594
11 65 753
11 66 376
11 67 1642
11 68 801
11 69 424
11 70 1906
12 0 653
12 1 1233
12 2 803
12 3 1116
12 4 986
12 5 907
12 6 616
12 7 1483
12 8 1137
12 9 1349
12 10 1298
12 11 1253
12 12 0
12 13 1058
12 14 820
12 15 986
12 16 1393
12 17 873
12 18 973
12 19 937
12 20 781
12 21 1467
12 22 816
12 23 1401
12 24 1427
12 25 964
12 26 964
12 27 1029
12 28 1545
12 29 1146
12 30 521
12 31 1337
12 32 921
12 33 1549
12 34 533
12 35 884
12 36 1725
12 37 485
12 38 836
12 39 1677
12 40 437
12 41 788
12 42 1629
12 43 389
12 44 740
12 45 1581
12 46 341
12 47 692
12 48 1533
12 49 293
12 50 644
12 51 1485
12 52 245
12 53 596
12 54 1437
12 55 293
12 56 644
12 57 1485
12 58 341
12 59 692
12 60 1533
12 61 389
12 62 740
12 63 1581
12 64 437
12 65 788
12 66 1629
12 67 485
12 68 836
12 69 1677
12 70 653
13 0 1615
13 1 1003
13 2 937
13 3 886
13 4 756
13 5 677
13 6 932
13 7 525
13 8 907
13 9 755
13 10 1068
13 11 755
13 12 1058
13 13 0
13 14 686
13 15 1042
13 16 903
13 17 1059
13 18 1055
13 19 707
13 20 551
13 21 925
13 22 924
13 23 703
13 24 677
13 25 968
13 26 734
13 27 903
13 28 847
13 29 916
13 30 1123
13 31 1055
13 32 691
13 33 747
13 34 1495
13 35 654
13 36 667
13 37 1447
13 38 606
13 39 619
13 40 1399
13 41 558
13 42 571
13 43 1351
13 44 510
13 45 523
13 46 1303
13 47 462
13 48 475
13 49 1255
13 50 414
13 51 427
13 52 1303
13 53 462
13 54 475
13 55 1351
13 56 510
13 57 523
13 58 1399
13 59 558
13 60 571
13 61 1447
13 62 606
13 63 619
13 64 1495
13 65 654
13 66 667
13 67 1543
13 68 702
13 69 715
13 70 1615
14 0 1473
14 1 861
14 2 795
14 3 744
14 4 614
14 5 535
14 6 790
14 7 955
14 8 765
14 9 977
14 10 926
14 11 785
14 12 820
14 13 686
14 14 0
14 15 900
14 16 1021
14 17 917
14 18 913
14 19 565
14 20 409
14 21 1095
14 22 782
14 23 1029
14 24 1055
14 25 826
14 26 592
14 27 761
14 28 1173
14 29 774
14 30 981
14 31 965
14 32 549
14 33 1177
14 34 1353
14 35 512
14 36 1097
14 37 1305
14 38 464
14 39 1049
14 40 1257
14 41 416
14 42 1001
14 43 1209
14 44 368
14 45 953
14 46 1161
14 47 320
14 48 905
14 49 1113
14 50 272
14 51 857
14 52 1065
14 53 224
14 54 809
14 55 1017
14 56 176
14 57 761
14 58 969
14 59 128
14 60 713
14 61 1017
14 62 176
14 63 761
14 64 1065
14 65 224
14 66 809
14 67 1113
14 68 272
14 69 857
14 70 1473
15 0 573
15 1 737
15 2 959
15 3 156
15 4 286
15 5 699
15 6 1016
15 7 1371
15 8 833
15 9 1141
15 10 802
15 11 1333
15 12 986
15 13 1042
15 14 900
15 15 0
15 16 993
15 17 889
15 18 13
15 19 825
15 20 669
15 21 971
15 22 946
15 23 1193
15 24 1219
15 25 798
15 26 564
15 27 733
15 28 1049
15 29 746
15 30 825
15 31 841
15 32 425
15 33 1149
15 34 453
15 35 388
15 36 1229
15 37 501
15 38 436
15 39 1277
15 40 549
15 41 484
15 42 1325
15 43 597
15 44 532
15 45 1373
15 46 645
15 47 580
15 48 1421
15 49 693
15 50 628
15 51 1469
15 52 741
15 53 676
15 54 1517
15 55 789
15 56 724
15 57 1565
15 58 837
15 59 772
15 60 1613
15 61 885
15 62 820
15 63 1661
15 64 933
15 65 868
15 66 1709
15 67 981
15 68 916
15 69 1757
15 70 573
16 0 1566
16 1 824
16 2 1080
16 3 837
16 4 707
16 5 820
16 6 1267
16 7 478
16 8 824
16 9 612
16 10 759
16 11 804
16 12 1393
16 13 903
16 14 1021
16 15 993
16 16 0
16 17 1010
16 18 1006
16 19 946
16 20 790
16 21 590
16 22 1067
16 23 560
16 24 534
16 25 919
16 26 429
16 27 854
16 28 512
16 29 247
16 30 1362
16 31 720
16 32 642
16 33 156
16 34 1446
16 35 605
16 36 332
16 37 1398
16 38 557
16 39 284
16 40 1446
16 41 605
16 42 332
16 43 1494
16 44 653
16 45 380
16 46 1542
16 47 701
16 48 428
16 49 1590
16 50 749
16 51 476
16 52 1638
16 53 797
16 54 524
16 55 1686
16 56 845
16 57 572
16 58 1734
16 59 893
16 60 620
16 61 1782
16 62 941
16 63 668
16 64 1830
16 65 989
16 66 716
16 67 1878
16 68 1037
16 69 764
16 70 1566
17 0 556
17 1 850
17 2 898
17 3 733
17 4 603
17 5 716
17 6 903
17 7 1388
17 8 850
17 9 1158
17 10 915
17 11 1350
17 12 873
17 13 1059
17 14 917
17 15 889
17 16 1010
17 17 0
17 18 876
17 19 842
17 20 686
17 21 1084
17 22 911
17 23 1210
17 24 1236
17 25 91
17 26 581
17 27 156
17 28 1162
17 29 763
17 30 712
17 31 954
17 32 538
17 33 1166
17 34 436
17 35 501
17 36 1342
17 37 388
17 38 453
17 39 1294
17 40 436
17 41 501
17 42 1342
17 43 484
17 44 549
17 45 1390
17 46 532
17 47 597
17 48 1438
17 49 580
17 50 645
17 51 1486
17 52 628
17 53 693
17 54 1534
17 55 676
17 56 741
17 57 1582
17 58 724
17 59 789
17 60 1630
17 61 772
17 62 837
17 63 1678
17 64 820
17 65 885
17 66 1726
17 67 868
17 68 933
17 69 1774
17 70 556
18 0 560
18 1 750
18 2 972
18 3 169
18 4 299
18 5 712
18 6 1003
18 7 1384
18 8 846
18 9 1154
18 10 815
18 11 1346
18 12 973
18 13 1055
18 14 913
18 15 13
18 16 1006
18 17 876
18 18 0
18 19 838
18 20 682
18 21 984
18 22 959
18 23 1206
18 24 1232
18 25 811
18 26 577
18 27 746
18 28 1062
18 29 759
18 30 812
18 31 854
18 32 438
18 33 1162
18 34 440
18 35 401
18 36 1242
18 37 488
18 38 449
18 39 1290
18 40 536
18 41 497
18 42 1338
18 43 584
18 44 545
18 45 1386
18 46 632
18 47 593
18 48 1434
18 49 680
18 50 641
18 51 1482
18 52 728
18 53 689
18 54 1530
18 55 776
18 56 737
18 57 1578
18 58 824
18 59 785
18 60 1626
18 61 872
18 62 833
18 63 1674
18 64 920
18 65 881
18 66 1722
18 67 968
18 68 929
18 69 1770
18 70 560
19 0 1398
19 1 786
19 2 720
19 3 669
19 4 539
19 5 460
19 6 811
19 7 546
19 8 690
19 9 876
19 10 851
19 11 972
19 12 937
19 13 707
19 14 565
19 15 825
19 16 946
19 17 842
19 18 838
19 19 0
19 20 156
19 21 1020
19 22 707
19 23 824
19 24 798
19 25 751
19 26 517
19 27 686
19 28 968
19 29 699
19 30 906
19 31 890
19 32 474
19 33 868
19 34 1278
19 35 437
19 36 788
19 37 1230
19 38 389
19 39 740
19 40 1182
19 41 341
19 42 692
19 43 1134
19 44 293
19 45 644
19 46 1086
19 47 245
19 48 596
19 49 1134
19 50 293
19 51 644
19 52 1182
19 53 341
19 54 692
19 55 1230
19 56 389
19 57 740
19 58 1278
19 59 437
19 60 788
19 61 1326
19 62 485
19 63 836
19 64 1374
19 65 533
19 66 884
19 67 1422
19 68 581
19 69 932
19 70 1398
20 0 1242
20 1 630
20 2 564
20 3 513
20 4 383
20 5 304
20 6 655
20 7 702
20 8 534
20 9 746
20 10 695
20 11 842
20 12 781
20 13 551
20 14 409
20 15 669
20 16 790
20 17 686
20 18 682
20 19 156
20 20 0
20 21 864
20 22 551
20 23 798
20 24 824
20 25 595
20 26 361
20 27 530
20 28 942
20 29 543
20 30 750
20 31 734
20 32 318
20 33 946
20 34 1122
20 35 281
20 36 944
20 37 1074
20 38 233
20 39 896
20 40 1026
20 41 185
20 42 848
20 43 978
20 44 137
20 45 800
20 46 930
20 47 89
20 48 752
20 49 978
20 50 137
20 51 800
20 52 1026
20 53 185
20 54 848
20 55 1074
20 56 233
20 57 896
20 58 1122
20 59 281
20 60 944
20 61 1170
20 62 329
20 63 992
20 64 1218
20 65 377
20 66 1040
20 67 1266
20 68 425
20 69 1088
20 70 1242
21 0 1544
21 1 234
21 2 1154
21 3 815
21 4 685
21 5 894
21 6 1341
21 7 500
21 8 846
21 9 634
21 10 169
21 11 826
21 12 1467
21 13 925
21 14 1095
21 15 971
21 16 590
21 17 1084
21 18 984
21 19 1020
21 20 864
21 21 0
21 22 1141
21 23 582
21 24 556
21 25 993
21 26 759
21 27 928
21 28 78
21 29 837
21 30 1436
21 31 130
21 32 546
21 33 434
21 34 1424
21 35 583
21 36 258
21 37 1472
21 38 631
21 39 306
21 40 1520
21 41 679
21 42 354
21 43 1568
21 44 727
21 45 402
21 46 1616
21 47 775
21 48 450
21 49 1664
21 50 823
21 51 498
21 52 1712
21 53 871
21 54 546
21 55 1760
21 56 919
21 57 594
21 58 1808
21 59 967
21 60 642
21 61 1856
21 62 1015
21 63 690
21 64 1904
21 65 1063
21 66 738
21 67 1952
21 68 1111
21 69 786
21 70 1544
22 0 691
22 1 907
22 2 13
22 3 790
22 4 660
22 5 247
22 6 846
22 7 1253
22 8 811
22 9 1023
22 10 972
22 11 1215
22 12 816
22 13 924
22 14 782
22 15 946
22 16 1067
22 17 911
22 18 959
22 19 707
22 20 551
22 21 1141
22 22 0
22 23 1075
22 24 1101
22 25 872
22 26 638
22 27 807
22 28 1219
22 29 820
22 30 655
22 31 1011
22 32 595
22 33 1223
22 34 571
22 35 558
22 36 1399
22 37 523
22 38 510
22 39 1351
22 40 475
22 41 462
22 42 1303
22 43 427
22 44 414
22 45 1255
22 46 475
22 47 462
22 48 1303
22 49 523
22 50 510
22 51 1351
22 52 571
22 53 558
22 54 1399
22 55 619
22 56 606
22 57 1447
22 58 667
22 59 654
22 60 1495
22 61 715
22 62 702
22 63 1543
22 64 763
22 65 750
22 66 1591
22 67 811
22 68 798
22 69 1639
22 70 691
23 0 1766
23 1 816
23 2 1088
23 3 1037
23 4 907
23 5 828
23 6 1275
23 7 278
23 8 720
23 9 52
23 10 751
23 11 604
23 12 1401
23 13 703
23 14 1029
23 15 1193
23 16 560
23 17 1210
23 18 1206
23 19 824
23 20 798
23 21 582
23 22 1075
23 23 0
23 24 26
23 25 1119
23 26 885
23 27 1054
23 28 504
23 29 807
23 30 1370
23 31 712
23 32 842
23 33 404
23 34 1646
23 35 805
23 36 324
23 37 1598
23 38 757
23 39 276
23 40 1550
23 41 709
23 42 228
23 43 1502
23 44 661
23 45 180
23 46 1550
23 47 709
23 48 228
23 49 1598
23 50 757
23 51 276
23 52 1646
23 53 805
23 54 324
23 55 1694
23 56 853
23 57 372
23 58 1742
23 59 901
23 60 420
23 61 1790
23 62 949
23 63 468
23 64 1838
23 65 997
23 66 516
23 67 1886
23 68 1045
23 69 564
23 70 1766
24 0 1792
24 1 790
24 2 1114
24 3 1063
24 4 933
24 5 854
24 6 1301
24 7 252
24 8 694
24 9 78
24 10 725
24 11 578
24 12 1427
24 13 677
24 14 1055
24 15 1219
24 16 534
24 17 1236
24 18 1232
24 19 798
24 20 824
24 21 556
24 22 1101
24 23 26
24 24 0
24 25 1145
24 26 911
24 27 1080
24 28 478
24 29 781
24 30 1396
24 31 686
24 32 868
24 33 378
24 34 1672
24 35 831
24 36 298
24 37 1624
24 38 783
24 39 250
24 40 1576
24 41 735
24 42 202
24 43 1528
24 44 687
24 45 154
24 46 1576
24 47 735
24 48 202
24 49 1624
24 50 783
24 51 250
24 52 1672
24 53 831
24 54 298
24 55 1720
24 56 879
24 57 346
24 58 1768
24 59 927
24 60 394
24 61 1816
24 62 975
24 63 442
24 64 1864
24 65 1023
24 66 490
24 67 1912
24 68 1071
24 69 538
24 70 1792
25 0 647
25 1 759
25 2 885
25 3 642
25 4 512
25 5 625
25 6 994
25 7 1297
25 8 759
25 9 1067
25 10 824
25 11 1259
25 12 964
25 13 968
25 14 826
25 15 798
25 16 919
25 17 91
25 18 811
25 19 751
25 20 595
25 21 993
25 22 872
25 23 1119
25 24 1145
25 25 0
25 26 490
25 27 65
25 28 1071
25 29 672
25 30 803
25 31 863
25 32 447
25 33 1075
25 34 527
25 35 410
25 36 1251
25 37 479
25 38 362
25 39 1203
25 40 527
25 41 410
25 42 1251
25 43 575
25 44 458
25 45 1299
25 46 623
25 47 506
25 48 1347
25 49 671
25 50 554
25 51 1395
25 52 719
25 53 602
25 54 1443
25 55 767
25 56 650
25 57 1491
25 58 815
25 59 698
25 60 1539
25 61 863
25 62 746
25 63 1587
25 64 911
25 65 794
25 66 1635
25 67 959
25 68 842
25 69 1683
25 70 647
26 0 1137
26 1 525
26 2 651
26 3 408
26 4 278
26 5 391
26 6 838
26 7 907
26 8 525
26 9 833
26 10 590
26 11 1025
26 12 964
26 13 734
26 14 592
26 15 564
26 16 429
26 17 581
26 18 577
26 19 517
26 20 361
26 21 759
26 22 638
26 23 885
26 24 911
26 25 490
26 26 0
26 27 425
26 28 837
26 29 182
26 30 933
26 31 629
26 32 213
26 33 585
26 34 1017
26 35 176
26 36 761
26 37 969
26 38 128
26 39 713
26 40 1017
26 41 176
26 42 761
26 43 1065
26 44 224
26 45 809
26 46 1113
26 47 272
26 48 857
26 49 1161
26 50 320
26 51 905
26 52 1209
26 53 368
26 54 953
26 55 1257
26 56 416
26 57 1001
26 58 1305
26 59 464
26 60 1049
26 61 1353
26 62 512
26 63 1097
26 64 1401
26 65 560
26 66 1145
26 67 1449
26 68 608
26 69 1193
26 70 1137
27 0 712
27 1 694
27 2 820
27 3 577
27 4 447
27 5 560
27 6 1007
27 7 1232
27 8 694
27 9 1002
27 10 759
27 11 1194
27 12 1029
27 13 903
27 14 761
27 15 733
27 16 854
27 17 156
27 18 746
27 19 686
27 20 530
27 21 928
27 22 807
27 23 1054
27 24 1080
27 25 65
27 26 425
27 27 0
27 28 1006
27 29 607
27 30 868
27 31 798
27 32 382
27 33 1010
27 34 592
27 35 345
27 36 1186
27 37 544
27 38 297
27 39 1138
27 40 592
27 41 345
27 42 1186
27 43 640
27 44 393
27 45 1234
27 46 688
27 47 441
27 48 1282
27 49 736
27 50 489
27 51 1330
27 52 784
27 53 537
27 54 1378
27 55 832
27 56 585
27 57 1426
27 58 880
27 59 633
27 60 1474
27 61 928
27 62 681
27 63 1522
27 64 976
27 65 729
27 66 1570
27 67 1024
27 68 777
27 69 1618
27 70 712
28 0 1622
28 1 312
28 2 1232
28 3 893
28 4 763
28 5 972
28 6 1419
28 7 422
28 8 768
28 9 556
28 10 247
28 11 748
28 12 1545
28 13 847
28 14 1173
28 15 1049
28 16 512
28 17 1162
28 18 1062
28 19 968
28 20 942
28 21 78
28 22 1219
28 23 504
28 24 478
28 25 1071
28 26 837
28 27 1006
28 28 0
28 29 759
28 30 1514
28 31 208
28 32 624
28 33 356
28 34 1502
28 35 661
28 36 180
28 37 1550
28 38 709
28 39 228
28 40 1598
28 41 757
28 42 276
28 43 1646
28 44 805
28 45 324
28 46 1694
28 47 853
28 48 372
28 49 1742
28 50 901
28 51 420
28 52 1790
28 53 949
28 54 468
28 55 1838
28 56 997
28 57 516
28 58 1886
28 59 1045
28 60 564
28 61 1934
28 62 1093
28 63 612
28 64 1982
28 65 1141
28 66 660
28 67 2030
28 68 1189
28 69 708
28 70 1622
29 0 1319
29 1 707
29 2 833
29 3 590
29 4 460
29 5 573
29 6 1020
29 7 725
29 8 707
29 9 859
29 10 772
29 11 1051
29 12 1146
29 13 916
29 14 774
29 15 746
29 16 247
29 17 763
29 18 759
29 19 699
29 20 543
29 21 837
29 22 820
29 23 807
29 24 781
29 25 672
29 26 182
29 27 607
29 28 759
29 29 0
29 30 1115
29 31 811
29 32 395
29 33 403
29 34 1199
29 35 358
29 36 579
29 37 1151
29 38 310
29 39 531
29 40 1199
29 41 358
29 42 579
29 43 1247
29 44 406
29 45 627
29 46 1295
29 47 454
29 48 675
29 49 1343
29 50 502
29 51 723
29 52 1391
29 53 550
29 54 771
29 55 1439
29 56 598
29 57 819
29 58 1487
29 59 646
29 60 867
29 61 1535
29 62 694
29 63 915
29 64 1583
29 65 742
29 66 963
29 67 1631
29 68 790
29 69 1011
29 70 1319
30 0 492
30 1 1202
30 2 642
30 3 981
30 4 955
30 5 876
30 6 551
30 7 1452
30 8 1106
30 9 1318
30 10 1267
30 11 1414
30 12 521
30 13 1123
30 14 981
30 15 825
30 16 1362
30 17 712
30 18 812
30 19 906
30 20 750
30 21 1436
30 22 655
30 23 1370
30 24 1396
30 25 803
30 26 933
30 27 868
30 28 1514
30 29 1115
30 30 0
30 31 1306
30 32 890
30 33 1518
30 34 372
30 35 853
30 36 1694
30 37 324
30 38 805
30 39 1646
30 40 276
30 41 757
30 42 1598
30 43 228
30 44 709
30 45 1550
30 46 180
30 47 661
30 48 1502
30 49 228
30 50 709
30 51 1550
30 52 276
30 53 757
30 54 1598
30 55 324
30 56 805
30 57 1646
30 58 372
30 59 853
30 60 1694
30 61 420
30 62 901
30 63 1742
30 64 468
30 65 949
30 66 1790
30 67 516
30 68 997
30 69 1838
30 70 492
31 0 1414
31 1 104
31 2 1024
31 3 685
31 4 555
31 5 764
31 6 1211
31 7 630
31 8 898
31 9 764
31 10 39
31 11 956
31 12 1337
31 13 1055
31 14 965
31 15 841
31 16 720
31 17 954
31 18 854
31 19 890
31 20 734
31 21 130
31 22 1011
31 23 712
31 24 686
31 25 863
31 26 629
31 27 798
31 28 208
31 29 811
31 30 1306
31 31 0
31 32 416
31 33 564
31 34 1294
31 35 453
31 36 388
31 37 1342
31 38 501
31 39 436
31 40 1390
31 41 549
31 42 484
31 43 1438
31 44 597
31 45 532
31 46 1486
31 47 645
31 48 580
31 49 1534
31 50 693
31 51 628
31 52 1582
31 53 741
31 54 676
31 55 1630
31 56 789
31 57 724
31 58 1678
31 59 837
31 60 772
31 61 1726
31 62 885
31 63 820
31 64 1774
31 65 933
31 66 868
31 67 1822
31 68 981
31 69 916
31 70 1414
32 0 998
32 1 312
32 2 608
32 3 269
32 4 139
32 5 348
32 6 795
32 7 1020
32 8 482
32 9 790
32 10 377
32 11 982
32 12 921
32 13 691
32 14 549
32 15 425
32 16 642
32 17 538
32 18 438
32 19 474
32 20 318
32 21 546
32 22 595
32 23 842
32 24 868
32 25 447
32 26 213
32 27 382
32 28 624
32 29 395
32 30 890
32 31 416
32 32 0
32 33 798
32 34 878
32 35 37
32 36 804
32 37 926
32 38 85
32 39 852
32 40 974
32 41 133
32 42 900
32 43 1022
32 44 181
32 45 948
32 46 1070
32 47 229
32 48 996
32 49 1118
32 50 277
32 51 1044
32 52 1166
32 53 325
32 54 1092
32 55 1214
32 56 373
32 57 1140
32 58 1262
32 59 421
32 60 1188
32 61 1310
32 62 469
32 63 1236
32 64 1358
32 65 517
32 66 1284
32 67 1406
32 68 565
32 69 1332
32 70 998
33 0 1722
33 1 668
33 2 1236
33 3 993
33 4 863
33 5 976
33 6 1423
33 7 322
33 8 668
33 9 456
33 10 603
33 11 648
33 12 1549
33 13 747
33 14 1177
33 15 1149
33 16 156
33 17 1166
33 18 1162
33 19 868
33 20 946
33 21 434
33 22 1223
33 23 404
33 24 378
33 25 1075
33 26 585
33 27 1010
33 28 356
33 29 403
33 30 1518
33 31 564
33 32 798
33 33 0
33 34 1602
33 35 761
33 36 176
33 37 1554
33 38 713
33 39 128
33 40 1602
33 41 761
33 42 176
33 43 1650
33 44 809
33 45 224
33 46 1698
33 47 857
33 48 272
33 49 1746
33 50 905
33 51 320
33 52 1794
33 53 953
33 54 368
33 55 1842
33 56 1001
33 57 416
33 58 1890
33 59 1049
33 60 464
33 61 1938
33 62 1097
33 63 512
33 64 1986
33 65 1145
33 66 560
33 67 2034
33 68 1193
33 69 608
33 70 1722
34 0 120
34 1 1190
34 2 558
34 3 609
34 4 739
34 5 818
34 6 563
34 7 1824
34 8 1286
34 9 1594
34 10 1255
34 11 1786
34 12 533
34 13 1495
34 14 1353
34 15 453
34 16 1446
34 17 436
34 18 440
34 19 1278
34 20 1122
34 21 1424
34 22 571
34 23 1646
34 24 1672
34 25 527
34 26 1017
34 27 592
34 28 1502
34 29 1199
34 30 372
34 31 1294
34 32 878
34 33 1602
34 34 0
34 35 841
34 36 1682
34 37 48
34 38 889
34 39 1730
34 40 96
34 41 937
34 42 1778
34 43 144
34 44 985
34 45 1826
34 46 192
34 47 1033
34 48 1874
34 49 240
34 50 1081
34 51 1922
34 52 288
34 53 1129
34 54 1970
34 55 336
34 56 1177
34 57 2018
34 58 384
34 59 1225
34 60 2066
34 61 432
34 62 1273
34 63 2114
34 64 480
34 65 1321
34 66 2162
34 67 528
34 68 1369
34 69 2210
34 70 120
35 0 961
35 1 349
35 2 571
35 3 232
35 4 102
35 5 311
35 6 758
35 7 983
35 8 445
35 9 753
35 10 414
35 11 945
35 12 884
35 13 654
35 14 512
35 15 388
35 16 605
35 17 501
35 18 401
35 19 437
35 20 281
35 21 583
35 22 558
35 23 805
35 24 831
35 25 410
35 26 176
35 27 345
35 28 661
35 29 358
35 30 853
35 31 453
35 32 37
35 33 761
35 34 841
35 35 0
35 36 841
35 37 889
35 38 48
35 39 889
35 40 937
35 41 96
35 42 937
35 43 985
35 44 144
35 45 985
35 46 1033
35 47 192
35 48 1033
35 49 1081
35 50 240
35 51 1081
35 52 1129
35 53 288
35 54 1129
35 55 1177
35 56 336
35 57 1177
35 58 1225
35 59 384
35 60 1225
35 61 1273
35 62 432
35 63 1273
35 64 1321
35 65 480
35 66 1321
35 67 1369
35 68 528
35 69 1369
35 70 961
36 0 1802
36 1 492
36 2 1412
36 3 1073
36 4 943
36 5 1152
36 6 1599
36 7 242
36 8 588
36 9 376
36 10 427
36 11 568
36 12 1725
36 13 667
36 14 1097
36 15 1229
36 16 332
36 17 1342
36 18 1242
36 19 788
36 20 944
36 21 258
36 22 1399
36 23 324
36 24 298
36 25 1251
36 26 761
36 27 1186
36 28 180
36 29 579
36 30 1694
36 31 388
36 32 804
36 33 176
36 34 1682
36 35 841
36 36 0
36 37 1730
36 38 889
36 39 48
36 40 1778
36 41 937
36 42 96
36 43 1826
36 44 985
36 45 144
36 46 1874
36 47 1033
36 48 192
36 49 1922
36 50 1081
36 51 240
36 52 1970
36 53 1129
36 54 288
36 55 2018
36 56 1177
36 57 336
36 58 2066
36 59 1225
36 60 384
36 61 2114
36 62 1273
36 63 432
36 64 2162
36 65 1321
36 66 480
36 67 2210
36 68 1369
36 69 528
36 70 1802
37 0 168
37 1 1238
37 2 510
37 3 657
37 4 787
37 5 770
37 6 515
37 7 1776
37 8 1238
37 9 1546
37 10 1303
37 11 1738
37 12 485
37 13 1447
37 14 1305
37 15 501
37 16 1398
37 17 388
37 18 488
37 19 1230
37 20 1074
37 21 1472
37 22 523
37 23 1598
37 24 1624
37 25 479
37 26 969
37 27 544
37 28 1550
37 29 1151
37 30 324
37 31 1342
37 32 926
37 33 1554
37 34 48
37 35 889
37 36 1730
37 37 0
37 38 841
37 39 1682
37 40 48
37 41 889
37 42 1730
37 43 96
37 44 937
37 45 1778
37 46 144
37 47 985
37 48 1826
37 49 192
37 50 1033
37 51 1874
37 52 240
37 53 1081
37 54 1922
37 55 288
37 56 1129
37 57 1970
37 58 336
37 59 1177
37 60 2018
37 61 384
37 62 1225
37 63 2066
37 64 432
37 65 1273
37 66 2114
37 67 480
37 68 1321
37 69 2162
37 70 168
38 0 1009
38 1 397
38 2 523
38 3 280
38 4 150
38 5 263
38 6 710
38 7 935
38 8 397
38 9 705
38 10 462
38 11 897
38 12 836
38 13 606
38 14 464
38 15 436
38 16 557
38 17 453
38 18 449
38 19 389
38 20 233
38 21 631
38 22 510
38 23 757
38 24 783
38 25 362
38 26 128
38 27 297
38 28 709
38 29 310
38 30 805
38 31 501
38 32 85
38 33 713
38 34 889
38 35 48
38 36 889
38 37 841
38 38 0
38 39 841
38 40 889
38 41 48
38 42 889
38 43 937
38 44 96
38 45 937
38 46 985
38 47 144
38 48 985
38 49 1033
38 50 192
38 51 1033
38 52 1081
38 53 240
38 54 1081
38 55 1129
38 56 288
38 57 1129
38 58 1177
38 59 336
38 60 1177
38 61 1225
38 62 384
38 63 1225
38 64 1273
38 65 432
38 66 1273
38 67 1321
38 68 480
38 69 1321
38 70 1009
39 0 1850
39 1 540
39 2 1364
39 3 1121
39 4 991
39 5 1104
39 6 1551
39 7 194
39 8 540
39 9 328
39 10 475
39 11 520
39 12 1677
39 13 619
39 14 1049
39 15 1277
39 16 284
39 17 1294
39 18 1290
39 19 740
39 20 896
39 21 306
39 22 1351
39 23 276
39 24 250
39 25 1203
39 26 713
39 27 1138
39 28 228
39 29 531
39 30 1646
39 31 436
39 32 852
39 33 128
39 34 1730
39 35 889
39 36 48
39 37 1682
39 38 841
39 39 0
39 40 1730
39 41 889
39 42 48
39 43 1778
39 44 937
39 45 96
39 46 1826
39 47 985
39 48 144
39 49 1874
39 50 1033
39 51 192
39 52 1922
39 53 1081
39 54 240
39 55 1970
39 56 1129
39 57 288
39 58 2018
39 59 1177
39 60 336
39 61 2066
39 62 1225
39 63 384
39 64 2114
39 65 1273
39 66 432
39 67 2162
39 68 1321
39 69 480
39 70 1850
40 0 216
40 1 1286
40 2 462
40 3 705
40 4 835
40 5 722
40 6 467
40 7 1728
40 8 1190
40 9 1498
40 10 1351
40 11 1690
40 12 437
40 13 1399
40 14 1257
40 15 549
40 16 1446
40 17 436
40 18 536
40 19 1182
40 20 1026
40 21 1520
40 22 475
40 23 1550
40 24 1576
40 25 527
40 26 1017
40 27 592
40 28 1598
40 29 1199
40 30 276
40 31 1390
40 32 974
40 33 1602
40 34 96
40 35 937
40 36 1778
40 37 48
40 38 889
40 39 1730
40 40 0
40 41 841
40 42 1682
40 43 48
40 44 889
40 45 1730
40 46 96
40 47 937
40 48 1778
40 49 144
40 50 985
40 51 1826
40 52 192
40 53 1033
40 54 1874
40 55 240
40 56 1081
40 57 1922
40 58 288
40 59 1129
40 60 1970
40 61 336
40 62 1177
40 63 2018
40 64 384
40 65 1225
40 66 2066
40 67 432
40 68 1273
40 69 2114
40 70 216
41 0 1057
41 1 445
41 2 475
41 3 328
41 4 198
41 5 215
41 6 662
41 7 887
41 8 349
41 9 657
41 10 510
41 11 849
41 12 788
41 13 558
41 14 416
41 15 484
41 16 605
41 17 501
41 18 497
41 19 341
41 20 185
41 21 679
41 22 462
41 23 709
41 24 735
41 25 410
41 26 176
41 27 345
41 28 757
41 29 358
41 30 757
41 31 549
41 32 133
41 33 761
41 34 937
41 35 96
41 36 937
41 37 889
41 38 48
41 39 889
41 40 841
41 41 0
41 42 841
41 43 889
41 44 48
41 45 889
41 46 937
41 47 96
41 48 937
41 49 985
41 50 144
41 51 985
41 52 1033
41 53 192
41 54 1033
41 55 1081
41 56 240
41 57 1081
41 58 1129
41 59 288
41 60 1129
41 61 1177
41 62 336
41 63 1177
41 64 1225
41 65 384
41 66 1225
41 67 1273
41 68 432
41 69 1273
41 70 1057
42 0 1898
42 1 588
42 2 1316
42 3 1169
42 4 1039
42 5 1056
42 6 1503
42 7 146
42 8 492
42 9 280
42 10 523
42 11 472
42 12 1629
42 13 571
42 14 1001
42 15 1325
42 16 332
42 17 1342
42 18 1338
42 19 692
42 20 848
42 21 354
42 22 1303
42 23 228
42 24 202
42 25 1251
42 26 761
42 27 1186
42 28 276
42 29 579
42 30 1598
42 31 484
42 32 900
42 33 176
42 34 1778
42 35 937
42 36 96
42 37 1730
42 38 889
42 39 48
42 40 1682
42 41 841
42 42 0
42 43 1730
42 44 889
42 45 48
42 46 1778
42 47 937
42 48 96
42 49 1826
42 50 985
42 51 144
42 52 1874
42 53 1033
42 54 192
42 55 1922
42 56 1081
42 57 240
42 58 1970
42 59 1129
42 60 288
42 61 2018
42 62 1177
42 63 336
42 64 2066
42 65 1225
42 66 384
42 67 2114
42 68 1273
42 69 432
42 70 1898
43 0 264
43 1 1334
43 2 414
43 3 753
43 4 883
43 5 674
43 6 419
43 7 1680
43 8 1238
43 9 1450
43 10 1399
43 11 1642
43 12 389
43 13 1351
43 14 1209
43 15 597
43 16 1494
43 17 484
43 18 584
43 19 1134
43 20 978
43 21 1568
43 22 427
43 23 1502
43 24 1528
43 25 575
43 26 1065
43 27 640
43 28 1646
43 29 1247
43 30 228
43 31 1438
43 32 1022
43 33 1650
43 34 144
43 35 985
43 36 1826
43 37 96
43 38 937
43 39 1778
43 40 48
43 41 889
43 42 1730
43 43 0
43 44 841
43 45 1682
43 46 48
43 47 889
43 48 1730
43 49 96
43 50 937
43 51 1778
43 52 144
43 53 985
43 54 1826
43 55 192
43 56 1033
43 57 1874
43 58 240
43 59 1081
43 60 1922
43 61 288
43 62 1129
43 63 1970
43 64 336
43 65 1177
43 66 2018
43 67 384
43 68 1225
43 69 2066
43 70 264
44 0 1105
44 1 493
44 2 427
44 3 376
44 4 246
44 5 167
44 6 614
44 7 839
44 8 397
44 9 609
44 10 558
44 11 801
44 12 740
44 13 510
44 14 368
44 15 532
44 16 653
44 17 549
44 18 545
44 19 293
44 20 137
44 21 727
44 22 414
44 23 661
44 24 687
44 25 458
44 26 224
44 27 393
44 28 805
44 29 406
44 30 709
44 31 597
44 32 181
44 33 809
44 34 985
44 35 144
44 36 985
44 37 937
44 38 96
44 39 937
44 40 889
44 41 48
44 42 889
44 43 841
44 44 0
44 45 841
44 46 889
44 47 48
44 48 889
44 49 937
44 50 96
44 51 937
44 52 985
44 53 144
44 54 985
44 55 1033
44 56 192
44 57 1033
44 58 1081
44 59 240
44 60 1081
44 61 1129
44 62 288
44 63 1129
44 64 1177
44 65 336
44 66 1177
44 67 1225
44 68 384
44 69 1225
44 70 1105
45 0 1946
45 1 636
45 2 1268
45 3 1217
45 4 1087
45 5 1008
45 6 1455
45 7 98
45 8 540
45 9 232
45 10 571
45 11 424
45 12 1581
45 13 523
45 14 953
45 15 1373
45 16 380
45 17 1390
45 18 1386
45 19 644
45 20 800
45 21 402
45 22 1255
45 23 180
45 24 154
45 25 1299
45 26 809
45 27 1234
45 28 324
45 29 627
45 30 1550
45 31 532
45 32 948
45 33 224
45 34 1826
45 35 985
45 36 144
45 37 1778
45 38 937
45 39 96
45 40 1730
45 41 889
45 42 48
45 43 1682
45 44 841
45 45 0
45 46 1730
45 47 889
45 48 48
45 49 1778
45 50 937
45 51 96
45 52 1826
45 53 985
45 54 144
45 55 1874
45 56 1033
45 57 192
45 58 1922
45 59 1081
45 60 240
45 61 1970
45 62 1129
45 63 288
45 64 2018
45 65 1177
45 66 336
45 67 2066
45 68 1225
45 69 384
45 70 1946
46 0 312
46 1 1382
46 2 462
46 3 801
46 4 931
46 5 722
46 6 371
46 7 1632
46 8 1286
46 9 1498
46 10 1447
46 11 1594
46 12 341
46 13 1303
46 14 1161
46 15 645
46 16 1542
46 17 532
46 18 632
46 19 1086
46 20 930
46 21 1616
46 22 475
46 23 1550
46 24 1576
46 25 623
46 26 1113
46 27 688
46 28 1694
46 29 1295
46 30 180
46 31 1486
46 32 1070
46 33 1698
46 34 192
46 35 1033
46 36 1874
46 37 144
46 38 985
46 39 1826
46 40 96
46 41 937
46 42 1778
46 43 48
46 44 889
46 45 1730
46 46 0
46 47 841
46 48 1682
46 49 48
46 50 889
46 51 1730
46 52 96
46 53 937
46 54 1778
46 55 144
46 56 985
46 57 1826
46 58 192
46 59 1033
46 60 1874
46 61 240
46 62 1081
46 63 1922
46 64 288
46 65 1129
46 66 1970
46 67 336
46 68 1177
46 69 2018
46 70 312
47 0 1153
47 1 541
47 2 475
47 3 424
47 4 294
47 5 215
47 6 566
47 7 791
47 8 445
47 9 657
47 10 606
47 11 753
47 12 692
47 13 462
47 14 320
47 15 580
47 16 701
47 17 597
47 18 593
47 19 245
47 20 89
47 21 775
47 22 462
47 23 709
47 24 735
47 25 506
47 26 272
47 27 441
47 28 853
47 29 454
47 30 661
47 31 645
47 32 229
47 33 857
47 34 1033
47 35 192
47 36 1033
47 37 985
47 38 144
47 39 985
47 40 937
47 41 96
47 42 937
47 43 889
47 44 48
47 45 889
47 46 841
47 47 0
47 48 841
47 49 889
47 50 48
47 51 889
47 52 937
47 53 96
47 54 937
47 55 985
47 56 144
47 57 985
47 58 1033
47 59 192
47 60 1033
47 61 1081
47 62 240
47 63 1081
47 64 1129
47 65 288
47 66 1129
47 67 1177
47 68 336
47 69 1177
47 70 1153
48 0 1994
48 1 684
48 2 1316
48 3 1265
48 4 1135
48 5 1056
48 6 1407
48 7 50
48 8 588
48 9 280
48 10 619
48 11 376
48 12 1533
48 13 475
48 14 905
48 15 1421
48 16 428
48 17 1438
48 18 1434
48 19 596
48 20 752
48 21 450
48 22 1303
48 23 228
48 24 202
48 25 1347
48 26 857
48 27 1282
48 28 372
48 29 675
48 30 1502
48 31 580
48 32 996
48 33 272
48 34 1874
48 35 1033
48 36 192
48 37 1826
48 38 985
48 39 144
48 40 1778
48 41 937
48 42 96
48 43 1730
48 44 889
48 45 48
48 46 1682
48 47 841
48 48 0
48 49 1730
48 50 889
48 51 48
48 52 1778
48 53 937
48 54 96
48 55 1826
48 56 985
48 57 144
48 58 1874
48 59 1033
48 60 192
48 61 1922
48 62 1081
48 63 240
48 64 1970
48 65 1129
48 66 288
48 67 2018
48 68 1177
48 69 336
48 70 1994
49 0 360
49 1 1430
49 2 510
49 3 849
49 4 979
49 5 770
49 6 323
49 7 1680
49 8 1334
49 9 1546
49 10 1495
49 11 1546
49 12 293
49 13 1255
49 14 1113
49 15 693
49 16 1590
49 17 580
49 18 680
49 19 1134
49 20 978
49 21 1664
49 22 523
49 23 1598
49 24 1624
49 25 671
49 26 1161
49 27 736
49 28 1742
49 29 1343
49 30 228
49 31 1534
49 32 1118
49 33 1746
49 34 240
49 35 1081
49 36 1922
49 37 192
49 38 1033
49 39 1874
49 40 144
49 41 985
49 42 1826
49 43 96
49 44 937
49 45 1778
49 46 48
49 47 889
49 48 1730
49 49 0
49 50 841
49 51 1682
49 52 48
49 53 889
49 54 1730
49 55 96
49 56 937
49 57 1778
49 58 144
49 59 985
49 60 1826
49 61 192
49 62 1033
49 63 1874
49 64 240
49 65 1081
49 66 1922
49 67 288
49 68 1129
49 69 1970
49 70 360
50 0 1201
50 1 589
50 2 523
50 3 472
50 4 342
50 5 263
50 6 518
50 7 839
50 8 493
50 9 705
50 10 654
50 11 705
50 12 644
50 13 414
50 14 272
50 15 628
50 16 749
50 17 645
50 18 641
50 19 293
50 20 137
50 21 823
50 22 510
50 23 757
50 24 783
50 25 554
50 26 320
50 27 489
50 28 901
50 29 502
50 30 709
50 31 693
50 32 277
50 33 905
50 34 1081
50 35 240
50 36 1081
50 37 1033
50 38 192
50 39 1033
50 40 985
50 41 144
50 42 985
50 43 937
50 44 96
50 45 937
50 46 889
50 47 48
50 48 889
50 49 841
50 50 0
50 51 841
50 52 889
50 53 48
50 54 889
50 55 937
50 56 96
50 57 937
50 58 985
50 59 144
50 60 985
50 61 1033
50 62 192
50 63 1033
50 64 1081
50 65 240
50 66 1081
50 67 1129
50 68 288
50 69 1129
50 70 1201
51 0 2042
51 1 732
51 2 1364
51 3 1313
51 4 1183
51 5 1104
51 6 1359
51 7 98
51 8 636
51 9 328
51 10 667
51 11 328
51 12 1485
51 13 427
51 14 857
51 15 1469
51 16 476
51 17 1486
51 18 1482
51 19 644
51 20 800
51 21 498
51 22 1351
51 23 276
51 24 250
51 25 1395
51 26 905
51 27 1330
51 28 420
51 29 723
51 30 1550
51 31 628
51 32 1044
51 33 320
51 34 1922
51 35 1081
51 36 240
51 37 1874
51 38 1033
51 39 192
51 40 1826
51 41 985
51 42 144
51 43 1778
51 44 937
51 45 96
51 46 1730
51 47 889
51 48 48
51 49 1682
51 50 841
51 51 0
51 52 1730
51 53 889
51 54 48
51 55 1778
51 56 937
51 57 96
51 58 1826
51 59 985
51 60 144
51 61 1874
51 62 1033
51 63 192
51 64 1922
51 65 1081
51 66 240
51 67 1970
51 68 1129
51 69 288
51 70 2042
52 0 408
52 1 1478
52 2 558
52 3 897
52 4 1027
52 5 818
52 6 371
52 7 1728
52 8 1382
52 9 1594
52 10 1543
52 11 1498
52 12 245
52 13 1303
52 14 1065
52 15 741
52 16 1638
52 17 628
52 18 728
52 19 1182
52 20 1026
52 21 1712
52 22 571
52 23 1646
52 24 1672
52 25 719
52 26 1209
52 27 784
52 28 1790
52 29 1391
52 30 276
52 31 1582
52 32 1166
52 33 1794
52 34 288
52 35 1129
52 36 1970
52 37 240
52 38 1081
52 39 1922
52 40 192
52 41 1033
52 42 1874
52 43 144
52 44 985
52 45 1826
52 46 96
52 47 937
52 48 1778
52 49 48
52 50 889
52 51 1730
52 52 0
52 53 841
52 54 1682
52 55 48
52 56 889
52 57 1730
52 58 96
52 59 937
52 60 1778
52 61 144
52 62 985
52 63 1826
52 64 192
52 65 1033
52 66 1874
52 67 240
52 68 1081
52 69 1922
52 70 408
53 0 1249
53 1 637
53 2 571
53 3 520
53 4 390
53 5 311
53 6 566
53 7 887
53 8 541
53 9 753
53 10 702
53 11 657
53 12 596
53 13 462
53 14 224
53 15 676
53 16 797
53 17 693
53 18 689
53 19 341
53 20 185
53 21 871
53 22 558
53 23 805
53 24 831
53 25 602
53 26 368
53 27 537
53 28 949
53 29 550
53 30 757
53 31 741
53 32 325
53 33 953
53 34 1129
53 35 288
53 36 1129
53 37 1081
53 38 240
53 39 1081
53 40 1033
53 41 192
53 42 1033
53 43 985
53 44 144
53 45 985
53 46 937
53 47 96
53 48 937
53 49 889
53 50 48
53 51 889
53 52 841
53 53 0
53 54 841
53 55 889
53 56 48
53 57 889
53 58 937
53 59 96
53 60 937
53 61 985
53 62 144
53 63 985
53 64 1033
53 65 192
53 66 1033
53 67 1081
53 68 240
53 69 1081
53 70 1249
54 0 2090
54 1 780
54 2 1412
54 3 1361
54 4 1231
54 5 1152
54 6 1407
54 7 146
54 8 684
54 9 376
54 10 715
54 11 280
54 12 1437
54 13 475
54 14 809
54 15 1517
54 16 524
54 17 1534
54 18 1530
54 19 692
54 20 848
54 21 546
54 22 1399
54 23 324
54 24 298
54 25 1443
54 26 953
54 27 1378
54 28 468
54 29 771
54 30 1598
54 31 676
54 32 1092
54 33 368
54 34 1970
54 35 1129
54 36 288
54 37 1922
54 38 1081
54 39 240
54 40 1874
54 41 1033
54 42 192
54 43 1826
54 44 985
54 45 144
54 46 1778
54 47 937
54 48 96
54 49 1730
54 50 889
54 51 48
54 52 1682
54 53 841
54 54 0
54 55 1730
54 56 889
54 57 48
54 58 1778
54 59 937
54 60 96
54 61 1826
54 62 985
54 63 144
54 64 1874
54 65 1033
54 66 192
54 67 1922
54 68 1081
54 69 240
54 70 2090
55 0 456
55 1 1526
55 2 606
55 3 945
55 4 1075
55 5 866
55 6 419
55 7 1776
55 8 1430
55 9 1642
55 10 1591
55 11 1450
55 12 293
55 13 1351
55 14 1017
55 15 789
55 16 1686
55 17 676
55 18 776
55 19 1230
55 20 1074
55 21 1760
55 22 619
55 23 1694
55 24 1720
55 25 767
55 26 1257
55 27 832
55 28 1838
55 29 1439
55 30 324
55 31 1630
55 32 1214
55 33 1842
55 34 336
55 35 1177
55 36 2018
55 37 288
55 38 1129
55 39 1970
55 40 240
55 41 1081
55 42 1922
55 43 192
55 44 1033
55 45 1874
55 46 144
55 47 985
55 48 1826
55 49 96
55 50 937
55 51 1778
55 52 48
55 53 889
55 54 1730
55 55 0
55 56 841
55 57 1682
55 58 48
55 59 889
55 60 1730
55 61 96
55 62 937
55 63 1778
55 64 144
55 65 985
55 66 1826
55 67 192
55 68 1033
55 69 1874
55 70 456
56 0 1297
56 1 685
56 2 619
56 3 568
56 4 438
56 5 359
56 6 614
56 7 935
56 8 589
56 9 801
56 10 750
56 11 609
56 12 644
56 13 510
56 14 176
56 15 724
56 16 845
56 17 741
56 18 737
56 19 389
56 20 233
56 21 919
56 22 606
56 23 853
56 24 879
56 25 650
56 26 416
56 27 585
56 28 997
56 29 598
56 30 805
56 31 789
56 32 373
56 33 1001
56 34 1177
56 35 336
56 36 1177
56 37 1129
56 38 288
56 39 1129
56 40 1081
56 41 240
56 42 1081
56 43 1033
56 44 192
56 45 1033
56 46 985
56 47 144
56 48 985
56 49 937
56 50 96
56 51 937
56 52 889
56 53 48
56 54 889
56 55 841
56 56 0
56 57 841
56 58 889
56 59 48
56 60 889
56 61 937
56 62 96
56 63 937
56 64 985
56 65 144
56 66 985
56 67 1033
56 68 192
56 69 1033
56 70 1297
57 0 2138
57 1 828
57 2 1460
57 3 1409
57 4 1279
57 5 1200
57 6 1455
57 7 194
57 8 732
57 9 424
57 10 763
57 11 232
57 12 1485
57 13 523
57 14 761
57 15 1565
57 16 572
57 17 1582
57 18 1578
57 19 740
57 20 896
57 21 594
57 22 1447
57 23 372
57 24 346
57 25 1491
57 26 1001
57 27 1426
57 28 516
57 29 819
57 30 1646
57 31 724
57 32 1140
57 33 416
57 34 2018
57 35 1177
57 36 336
57 37 1970
57 38 1129
57 39 288
57 40 1922
57 41 1081
57 42 240
57 43 1874
57 44 1033
57 45 192
57 46 1826
57 47 985
57 48 144
57 49 1778
57 50 937
57 51 96
57 52 1730
57 53 889
57 54 48
57 55 1682
57 56 841
57 57 0
57 58 1730
57 59 889
57 60 48
57 61 1778
57 62 937
57 63 96
57 64 1826
57 65 985
57 66 144
57 67 1874
57 68 1033
57 69 192
57 70 2138
58 0 504
58 1 1574
58 2 654
58 3 993
58 4 1123
58 5 914
58 6 467
58 7 1824
58 8 1478
58 9 1690
58 10 1639
58 11 1498
58 12 341
58 13 1399
58 14 969
58 15 837
58 16 1734
58 17 724
58 18 824
58 19 1278
58 20 1122
58 21 1808
58 22 667
58 23 1742
58 24 1768
58 25 815
58 26 1305
58 27 880
58 28 1886
58 29 1487
58 30 372
58 31 1678
58 32 1262
58 33 1890
58 34 384
58 35 1225
58 36 2066
58 37 336
58 38 1177
58 39 2018
58 40 288
58 41 1129
58 42 1970
58 43 240
58 44 1081
58 45 1922
58 46 192
58 47 1033
58 48 1874
58 49 144
58 50 985
58 51 1826
58 52 96
58 53 937
58 54 1778
58 55 48
58 56 889
58 57 1730
58 58 0
58 59 841
58 60 1682
58 61 48
58 62 889
58 63 1730
58 64 96
58 65 937
58 66 1778
58 67 144
58 68 985
58 69 1826
58 70 504
59 0 1345
59 1 733
59 2 667
59 3 616
59 4 486
59 5 407
59 6 662
59 7 983
59 8 637
59 9 849
59 10 798
59 11 657
59 12 692
59 13 558
59 14 128
59 15 772
59 16 893
59 17 789
59 18 785
59 19 437
59 20 281
59 21 967
59 22 654
59 23 901
59 24 927
59 25 698
59 26 464
59 27 633
59 28 1045
59 29 646
59 30 853
59 31 837
59 32 421
59 33 1049
59 34 1225
59 35 384
59 36 1225
59 37 1177
59 38 336
59 39 1177
59 40 1129
59 41 288
59 42 1129
59 43 1081
59 44 240
59 45 1081
59 46 1033
59 47 192
59 48 1033
59 49 985
59 50 144
59 51 985
59 52 937
59 53 96
59 54 937
59 55 889
59 56 48
59 57 889
59 58 841
59 59 0
59 60 841
59 61 889
59 62 48
59 63 889
59 64 937
59 65 96
59 66 937
59 67 985
59 68 144
59 69 985
59 70 1345
60 0 2186
60 1 876
60 2 1508
60 3 1457
60 4 1327
60 5 1248
60 6 1503
60 7 242
60 8 780
60 9 472
60 10 811
60 11 280
60 12 1533
60 13 571
60 14 713
60 15 1613
60 16 620
60 17 1630
60 18 1626
60 19 788
60 20 944
60 21 642
60 22 1495
60 23 420
60 24 394
60 25 1539
60 26 1049
60 27 1474
60 28 564
60 29 867
60 30 1694
60 31 772
60 32 1188
60 33 464
60 34 2066
60 35 1225
60 36 384
60 37 2018
60 38 1177
60 39 336
60 40 1970
60 41 1129
60 42 288
60 43 1922
60 44 1081
60 45 240
60 46 1874
60 47 1033
60 48 192
60 49 1826
60 50 985
60 51 144
60 52 1778
60 53 937
60 54 96
60 55 1730
60 56 889
60 57 48
60 58 1682
60 59 841
60 60 0
60 61 1730
60 62 889
60 63 48
60 64 1778
60 65 937
60 66 96
60 67 1826
60 68 985
60 69 144
60 70 2186
61 0 552
61 1 1622
61 2 702
61 3 1041
61 4 1171
61 5 962
61 6 515
61 7 1872
61 8 1526
61 9 1738
61 10 1687
61 11 1546
61 12 389
61 13 1447
61 14 1017
61 15 885
61 16 1782
61 17 772
61 18 872
61 19 1326
61 20 1170
61 21 1856
61 22 715
61 23 1790
61 24 1816
61 25 863
61 26 1353
61 27 928
61 28 1934
61 29 1535
61 30 420
61 31 1726
61 32 1310
61 33 1938
61 34 432
61 35 1273
61 36 2114
61 37 384
61 38 1225
61 39 2066
61 40 336
61 41 1177
61 42 2018
61 43 288
61 44 1129
61 45 1970
61 46 240
61 47 1081
61 48 1922
61 49 192
61 50 1033
61 51 1874
61 52 144
61 53 985
61 54 1826
61 55 96
61 56 937
61 57 1778
61 58 48
61 59 889
61 60 1730
61 61 0
61 62 841
61 63 1682
61 64 48
61 65 889
61 66 1730
61 67 96
61 68 937
61 69 1778
61 70 552
62 0 1393
62 1 781
62 2 715
62 3 664
62 4 534
62 5 455
62 6 710
62 7 1031
62 8 685
62 9 897
62 10 846
62 11 705
62 12 740
62 13 606
62 14 176
62 15 820
62 16 941
62 17 837
62 18 833
62 19 485
62 20 329
62 21 1015
62 22 702
62 23 949
62 24 975
62 25 746
62 26 512
62 27 681
62 28 1093
62 29 694
62 30 901
62 31 885
62 32 469
62 33 1097
62 34 1273
62 35 432
62 36 1273
62 37 1225
62 38 384
62 39 1225
62 40 1177
62 41 336
62 42 1177
62 43 1129
62 44 288
62 45 1129
62 46 1081
62 47 240
62 48 1081
62 49 1033
62 50 192
62 51 1033
62 52 985
62 53 144
62 54 985
62 55 937
62 56 96
62 57 937
62 58 889
62 59 48
62 60 889
62 61 841
62 62 0
62 63 841
62 64 889
62 65 48
62 66 889
62 67 937
62 68 96
62 69 937
62 70 1393
63 0 2234
63 1 924
63 2 1556
63 3 1505
63 4 1375
63 5 1296
63 6 1551
63 7 290
63 8 828
63 9 520
63 10 859
63 11 328
63 12 1581
63 13 619
63 14 761
63 15 1661
63 16 668
63 17 1678
63 18 1674
63 19 836
63 20 992
63 21 690
63 22 1543
63 23 468
63 24 442
63 25 1587
63 26 1097
63 27 1522
63 28 612
63 29 915
63 30 1742
63 31 820
63 32 1236
63 33 512
63 34 2114
63 35 1273
63 36 432
63 37 2066
63 38 1225
63 39 384
63 40 2018
63 41 1177
63 42 336
63 43 1970
63 44 1129
63 45 288
63 46 1922
63 47 1081
63 48 240
63 49 1874
63 50 1033
63 51 192
63 52 1826
63 53 985
63 54 144
63 55 1778
63 56 937
63 57 96
63 58 1730
63 59 889
63 60 48
63 61 1682
63 62 841
63 63 0
63 64 1730
63 65 889
63 66 48
63 67 1778
63 68 937
63 69 96
63 70 2234
64 0 600
64 1 1670
64 2 750
64 3 1089
64 4 1219
64 5 1010
64 6 563
64 7 1920
64 8 1574
64 9 1786
64 10 1735
64 11 1594
64 12 437
64 13 1495
64 14 1065
64 15 933
64 16 1830
64 17 820
64 18 920
64 19 1374
64 20 1218
64 21 1904
64 22 763
64 23 1838
64 24 1864
64 25 911
64 26 1401
64 27 976
64 28 1982
64 29 1583
64 30 468
64 31 1774
64 32 1358
64 33 1986
64 34 480
64 35 1321
64 36 2162
64 37 432
64 38 1273
64 39 2114
64 40 384
64 41 1225
64 42 2066
64 43 336
64 44 1177
64 45 2018
64 46 288
64 47 1129
64 48 1970
64 49 240
64 50 1081
64 51 1922
64 52 192
64 53 1033
64 54 1874
64 55 144
64 56 985
64 57 1826
64 58 96
64 59 937
64 60 1778
64 61 48
64 62 889
64 63 1730
64 64 0
64 65 841
64 66 1682
64 67 48
64 68 889
64 69 1730
64 70 600
65 0 1441
65 1 829
65 2 763
65 3 712
65 4 582
65 5 503
65 6 758
65 7 1079
65 8 733
65 9 945
65 10 894
65 11 753
65 12 788
65 13 654
65 14 224
65 15 868
65 16 989
65 17 885
65 18 881
65 19 533
65 20 377
65 21 1063
65 22 750
65 23 997
65 24 1023
65 25 794
65 26 560
65 27 729
65 28 1141
65 29 742
65 30 949
65 31 933
65 32 517
65 33 1145
65 34 1321
65 35 480
65 36 1321
65 37 1273
65 38 432
65 39 1273
65 40 1225
65 41 384
65 42 1225
65 43 1177
65 44 336
65 45 1177
65 46 1129
65 47 288
65 48 1129
65 49 1081
65 50 240
65 51 1081
65 52 1033
65 53 192
65 54 1033
65 55 985
65 56 144
65 57 985
65 58 937
65 59 96
65 60 937
65 61 889
65 62 48
65 63 889
65 64 841
65 65 0
65 66 841
65 67 889
65 68 48
65 69 889
65 70 1441
66 0 2282
66 1 972
66 2 1604
66 3 1553
66 4 1423
66 5 1344
66 6 1599
66 7 338
66 8 876
66 9 568
66 10 907
66 11 376
66 12 1629
66 13 667
66 14 809
66 15 1709
66 16 716
66 17 1726
66 18 1722
66 19 884
66 20 1040
66 21 738
66 22 1591
66 23 516
66 24 490
66 25 1635
66 26 1145
66 27 1570
66 28 660
66 29 963
66 30 1790
66 31 868
66 32 1284
66 33 560
66 34 2162
66 35 1321
66 36 480
66 37 2114
66 38 1273
66 39 432
66 40 2066
66 41 1225
66 42 384
66 43 2018
66 44 1177
66 45 336
66 46 1970
66 47 1129
66 48 288
66 49 1922
66 50 1081
66 51 240
66 52 1874
66 53 1033
66 54 192
66 55 1826
66 56 985
66 57 144
66 58 1778
66 59 937
66 60 96
66 61 1730
66 62 889
66 63 48
66 64 1682
66 65 841
66 66 0
66 67 1730
66 68 889
66 69 48
66 70 2282
67 0 648
67 1 1718
67 2 798
67 3 1137
67 4 1267
67 5 1058
67 6 611
67 7 1968
67 8 1622
67 9 1834
67 10 1783
67 11 1642
67 12 485
67 13 1543
67 14 1113
67 15 981
67 16 1878
67 17 868
67 18 968
67 19 1422
67 20 1266
67 21 1952
67 22 811
67 23 1886
67 24 1912
67 25 959
67 26 1449
67 27 1024
67 28 2030
67 29 1631
67 30 516
67 31 1822
67 32 1406
67 33 2034
67 34 528
67 35 1369
67 36 2210
67 37 480
67 38 1321
67 39 2162
67 40 432
67 41 1273
67 42 2114
67 43 384
67 44 1225
67 45 2066
67 46 336
67 47 1177
67 48 2018
67 49 288
67 50 1129
67 51 1970
67 52 240
67 53 1081
67 54 1922
67 55 192
67 56 1033
67 57 1874
67 58 144
67 59 985
67 60 1826
67 61 96
67 62 937
67 63 1778
67 64 48
67 65 889
67 66 1730
67 67 0
67 68 841
67 69 1682
67 70 648
68 0 1489
68 1 877
68 2 811
68 3 760
68 4 630
68 5 551
68 6 806
68 7 1127
68 8 781
68 9 993
68 10 942
68 11 801
68 12 836
68 13 702
68 14 272
68 15 916
68 16 1037
68 17 933
68 18 929
68 19 581
68 20 425
68 21 1111
68 22 798
68 23 1045
68 24 1071
68 25 842
68 26 608
68 27 777
68 28 1189
68 29 790
68 30 997
68 31 981
68 32 565
68 33 1193
68 34 1369
68 35 528
68 36 1369
68 37 1321
68 38 480
68 39 1321
68 40 1273
68 41 432
68 42 1273
68 43 1225
68 44 384
68 45 1225
68 46 1177
68 47 336
68 48 1177
68 49 1129
68 50 288
68 51 1129
68 52 1081
68 53 240
68 54 1081
68 55 1033
68 56 192
68 57 1033
68 58 985
68 59 144
68 60 985
68 61 937
68 62 96
68 63 937
68 64 889
68 65 48
68 66 889
68 67 841
68 68 0
68 69 841
68 70 1489
69 0 2330
69 1 1020
69 2 1652
69 3 1601
69 4 1471
69 5 1392
69 6 1647
69 7 386
69 8 924
69 9 616
69 10 955
69 11 424
69 12 1677
69 13 715
69 14 857
69 15 1757
69 16 764
69 17 1774
69 18 1770
69 19 932
69 20 1088
69 21 786
69 22 1639
69 23 564
69 24 538
69 25 1683
69 26 1193
69 27 1618
69 28 708
69 29 1011
69 30 1838
69 31 916
69 32 1332
69 33 608
69 34 2210
69 35 1369
69 36 528
69 37 2162
69 38 1321
69 39 480
69 40 2114
69 41 1273
69 42 432
69 43 2066
69 44 1225
69 45 384
69 46 2018
69 47 1177
69 48 336
69 49 1970
69 50 1129
69 51 288
69 52 1922
69 53 1081
69 54 240
69 55 1874
69 56 1033
69 57 192
69 58 1826
69 59 985
69 60 144
69 61 1778
69 62 937
69 63 96
69 64 1730
69 65 889
69 66 48
69 67 1682
69 68 841
69 69 0
69 70 2330
70 0 0
70 1 1310
70 2 678
70 3 729
70 4 859
70 5 938
70 6 683
70 7 1944
70 8 1406
70 9 1714
70 10 1375
70 11 1906
70 12 653
70 13 1615
70 14 1473
70 15 573
70 16 1566
70 17 556
70 18 560
70 19 1398
70 20 1242
70 21 1544
70 22 691
70 23 1766
70 24 1792
70 25 647
70 26 1137
70 27 712
70 28 1622
70 29 1319
70 30 492
70 31 1414
70 32 998
70 33 1722
70 34 120
70 35 961
70 36 1802
70 37 168
70 38 1009
70 39 1850
70 40 216
70 41 1057
70 42 1898
70 43 264
70 44 1105
70 45 1946
70 46 312
70 47 1153
70 48 1994
70 49 360
70 50 1201
70 51 2042
70 52 408
70 53 1249
70 54 2090
70 55 456
70 56 1297
70 57 2138
70 58 504
70 59 1345
70 60 2186
70 61 552
70 62 1393
70 63 2234
70 64 600
70 65 1441
70 66 2282
70 67 648
70 68 1489
70 69 2330
70 70 0
//Location coordinates LocationName
//Loc x y
0 0.0 0.0 "depot"
1 0.0 1310.0 "product aisle 0 bloc 1 rank 50"
2 144.0 534.0 "product aisle 3 bloc 0 rank 59"
3 0.0 729.0 "product aisle 0 bloc 0 rank 89"
4 0.0 859.0 "product aisle 0 bloc 0 rank 110"
5 144.0 794.0 "product aisle 3 bloc 0 rank 100"
6 240.0 443.0 "product aisle 5 bloc 0 rank 45"
7 192.0 1752.0 "product aisle 4 bloc 1 rank 118"
8 96.0 1310.0 "product aisle 2 bloc 1 rank 50"
9 144.0 1570.0 "product aisle 3 bloc 1 rank 90"
10 0.0 1375.0 "product aisle 0 bloc 1 rank 59"
11 336.0 1570.0 "product aisle 7 bloc 1 rank 89"
12 288.0 365.0 "product aisle 6 bloc 0 rank 33"
13 240.0 1375.0 "product aisle 5 bloc 1 rank 60"
14 384.0 1089.0 "product aisle 8 bloc 1 rank 15"
15 0.0 573.0 "product aisle 0 bloc 0 rank 65"
16 48.0 1518.0 "product aisle 1 bloc 1 rank 81"
17 48.0 508.0 "product aisle 1 bloc 0 rank 56"
18 0.0 560.0 "product aisle 0 bloc 0 rank 63"
19 192.0 1206.0 "product aisle 4 bloc 1 rank 33"
20 192.0 1050.0 "product aisle 4 bloc 1 rank 10"
21 0.0 1544.0 "product aisle 0 bloc 1 rank 85"
22 144.0 547.0 "product aisle 3 bloc 0 rank 62"
23 144.0 1622.0 "product aisle 3 bloc 1 rank 98"
24 144.0 1648.0 "product aisle 3 bloc 1 rank 101"
25 48.0 599.0 "product aisle 1 bloc 0 rank 69"
26 48.0 1089.0 "product aisle 1 bloc 1 rank 15"
27 48.0 664.0 "product aisle 1 bloc 0 rank 80"
28 0.0 1622.0 "product aisle 0 bloc 1 rank 97"
29 48.0 1271.0 "product aisle 1 bloc 1 rank 43"
30 192.0 300.0 "product aisle 4 bloc 0 rank 24"
31 0.0 1414.0 "product aisle 0 bloc 1 rank 65"
32 0.0 998.0 "product aisle 0 bloc 1 rank 1"
33 48.0 1674.0 "product aisle 1 bloc 1 rank 106"
34 24.0 120.0 "intersection aisle 0 bloc 0 rank 0"
35 24.0 961.0 "intersection aisle 0 bloc 1 rank 1"
36 24.0 1802.0 "intersection aisle 0 bloc 2 rank 2"
37 72.0 120.0 "intersection aisle 1 bloc 0 rank 0"
38 72.0 961.0 "intersection aisle 1 bloc 1 rank 1"
39 72.0 1802.0 "intersection aisle 1 bloc 2 rank 2"
40 120.0 120.0 "intersection aisle 2 bloc 0 rank 0"
41 120.0 961.0 "intersection aisle 2 bloc 1 rank 1"
42 120.0 1802.0 "intersection aisle 2 bloc 2 rank 2"
43 168.0 120.0 "intersection aisle 3 bloc 0 rank 0"
44 168.0 961.0 "intersection aisle 3 bloc 1 rank 1"
45 168.0 1802.0 "intersection aisle 3 bloc 2 rank 2"
46 216.0 120.0 "intersection aisle 4 bloc 0 rank 0"
47 216.0 961.0 "intersection aisle 4 bloc 1 rank 1"
48 216.0 1802.0 "intersection aisle 4 bloc 2 rank 2"
49 264.0 120.0 "intersection aisle 5 bloc 0 rank 0"
50 264.0 961.0 "intersection aisle 5 bloc 1 rank 1"
51 264.0 1802.0 "intersection aisle 5 bloc 2 rank 2"
52 312.0 120.0 "intersection aisle 6 bloc 0 rank 0"
53 312.0 961.0 "intersection aisle 6 bloc 1 rank 1"
54 312.0 1802.0 "intersection aisle 6 bloc 2 rank 2"
55 360.0 120.0 "intersection aisle 7 bloc 0 rank 0"
56 360.0 961.0 "intersection aisle 7 bloc 1 rank 1"
57 360.0 1802.0 "intersection aisle 7 bloc 2 rank 2"
58 408.0 120.0 "intersection aisle 8 bloc 0 rank 0"
59 408.0 961.0 "intersection aisle 8 bloc 1 rank 1"
60 408.0 1802.0 "intersection aisle 8 bloc 2 rank 2"
61 456.0 120.0 "intersection aisle 9 bloc 0 rank 0"
62 456.0 961.0 "intersection aisle 9 bloc 1 rank 1"
63 456.0 1802.0 "intersection aisle 9 bloc 2 rank 2"
64 504.0 120.0 "intersection aisle 10 bloc 0 rank 0"
65 504.0 961.0 "intersection aisle 10 bloc 1 rank 1"
66 504.0 1802.0 "intersection aisle 10 bloc 2 rank 2"
67 552.0 120.0 "intersection aisle 11 bloc 0 rank 0"
68 552.0 961.0 "intersection aisle 11 bloc 1 rank 1"
69 552.0 1802.0 "intersection aisle 11 bloc 2 rank 2"
70 0.0 0.0 "depot"
