//alpha
1
//NbLocations
83
//NbProducts
28
//NbPickers
2
//CapaPicker
4
//TimeToTravelOneDistanceUnit
3
//SetupTime
5400
//PickTime
300
//Products
//Idx Location Size
1 1 1
2 2 1
3 3 1
4 4 1
5 5 1
6 6 1
7 7 1
8 8 1
9 9 1
10 10 1
11 11 1
12 12 1
13 13 1
14 14 1
15 15 1
16 16 1
17 17 1
18 18 1
19 19 1
20 20 1
21 21 1
22 22 1
23 23 1
24 24 1
25 25 1
26 26 1
27 27 1
28 28 1
//Orders
//NbOrders
18
//Idx DueDate TardinessPenalty NbProdInOrder ProdIdx1 Qty1 ProdIdx2 Qty2 ...
1 72000 0 2 1 1 2 1
2 72000 0 1 3 1
3 144000 0 2 4 1 5 1
4 90000 0 1 6 1
5 54000 0 1 7 1
6 90000 0 2 8 1 9 1
7 144000 0 1 10 1
8 72000 0 1 11 1
9 108000 0 2 12 1 13 1
10 108000 0 2 14 1 15 1
11 144000 0 1 16 1
12 108000 0 2 17 1 18 1
13 54000 0 1 19 1
14 72000 0 4 20 1 21 1 22 1 23 1
15 72000 0 2 24 1 25 1
16 144000 0 1 26 1
17 90000 0 1 27 1
18 144000 0 1 28 1
//Graph (Products are vertices indexed from 1 to NbProducts)
//NbVerticesIntersections
54
//DepartingDepot
0
//ArrivalDepot
83
//Arcs
//Start End Distance
0 29 120
1 63 167
1 64 1064
2 71 479
2 72 752
3 35 622
3 36 609
4 41 505
4 42 726
5 17 221
5 70 232
6 36 102
6 37 1129
7 13 884
7 78 245
8 62 271
8 63 960
9 80 115
9 81 1116
10 45 661
10 46 570
11 68 531
11 69 700
12 28 819
12 45 362
13 7 884
13 77 102
14 75 1129
14 76 102
15 19 520
15 22 247
16 33 973
16 34 258
17 5 221
17 23 39
18 21 611
18 82 102
19 15 520
19 60 427
20 24 351
20 57 180
21 18 611
21 81 518
22 15 247
22 61 37
23 17 39
23 69 739
24 20 351
24 56 700
25 50 817
25 51 414
26 39 1103
26 40 128
27 54 37
27 55 1194
28 12 819
28 44 50
29 30 1231
29 32 48
29 83 120
30 29 1231
30 31 1231
30 33 48
31 30 1231
31 34 48
32 29 48
32 33 1231
32 35 48
33 16 973
33 30 48
33 32 1231
33 36 48
34 16 258
34 31 48
34 37 48
35 3 622
35 32 48
35 38 48
36 3 609
36 6 102
36 33 48
36 39 48
37 6 1129
37 34 48
37 40 48
38 35 48
38 39 1231
38 41 48
39 26 1103
39 36 48
39 38 1231
39 42 48
40 26 128
40 37 48
40 43 48
41 4 505
41 38 48
41 44 48
42 4 726
42 39 48
42 43 1231
42 45 48
43 40 48
43 42 1231
43 46 48
44 28 50
44 41 48
44 47 48
45 10 661
45 12 362
45 42 48
45 48 48
46 10 570
46 43 48
46 49 48
47 44 48
47 48 1231
47 50 48
48 45 48
48 47 1231
48 49 1231
48 51 48
49 46 48
49 48 1231
49 52 48
50 25 817
50 47 48
50 53 48
51 25 414
51 48 48
51 52 1231
51 54 48
52 49 48
52 51 1231
52 55 48
53 50 48
53 54 1231
53 56 48
54 27 37
54 51 48
54 53 1231
54 57 48
55 27 1194
55 52 48
55 58 48
56 24 700
56 53 48
56 59 48
57 20 180
57 54 48
57 58 1231
57 60 48
58 55 48
58 57 1231
58 61 48
59 56 48
59 60 1231
59 62 48
60 19 427
60 57 48
60 59 1231
60 63 48
61 22 37
61 58 48
61 64 48
62 8 271
62 59 48
62 65 48
63 1 167
63 8 960
63 60 48
63 66 48
64 1 1064
64 61 48
64 67 48
65 62 48
65 66 1231
65 68 48
66 63 48
66 65 1231
66 67 1231
66 69 48
67 64 48
67 66 1231
67 70 48
68 11 531
68 65 48
68 71 48
69 11 700
69 23 739
69 66 48
69 72 48
70 5 232
70 67 48
70 73 48
71 2 479
71 68 48
71 74 48
72 2 752
72 69 48
72 73 1231
72 75 48
73 70 48
73 72 1231
73 76 48
74 71 48
74 75 1231
74 77 48
75 14 1129
75 72 48
75 74 1231
75 78 48
76 14 102
76 73 48
76 79 48
77 13 102
77 74 48
77 80 48
78 7 245
78 75 48
78 79 1231
78 81 48
79 76 48
79 78 1231
79 82 48
80 9 115
80 77 48
81 9 1116
81 21 518
81 78 48
82 18 102
82 79 48
//LocStart LocEnd ShortestPath
0 0 0
0 1 2046
0 2 1271
0 3 838
0 4 817
0 5 2974
0 6 1549
0 7 1874
0 8 919
0 9 1051
0 10 2252
0 11 1275
0 12 1229
0 13 990
0 14 3200
0 15 2778
0 16 2372
0 17 2753
0 18 3296
0 19 2258
0 20 1603
0 21 2685
0 22 3025
0 23 2714
0 24 1252
0 25 1273
0 26 2598
0 27 1772
0 28 410
0 29 120
0 30 1351
0 31 2582
0 32 168
0 33 1399
0 34 2630
0 35 216
0 36 1447
0 37 2678
0 38 264
0 39 1495
0 40 2726
0 41 312
0 42 1543
0 43 2774
0 44 360
0 45 1591
0 46 2822
0 47 408
0 48 1639
0 49 2870
0 50 456
0 51 1687
0 52 2918
0 53 504
0 54 1735
0 55 2966
0 56 552
0 57 1783
0 58 3014
0 59 600
0 60 1831
0 61 3062
0 62 648
0 63 1879
0 64 3110
0 65 696
0 66 1927
0 67 3158
0 68 744
0 69 1975
0 70 3206
0 71 792
0 72 2023
0 73 3254
0 74 840
0 75 2071
0 76 3302
0 77 888
0 78 2119
0 79 3350
0 80 936
0 81 2167
0 82 3398
0 83 0
1 0 2046
1 1 0
1 2 1063
1 3 1208
1 4 1229
1 5 1262
1 6 701
1 7 652
1 8 1127
1 9 1571
1 10 1116
1 11 963
1 12 817
1 13 1536
1 14 1358
1 15 1162
1 16 1620
1 17 1041
1 18 1454
1 19 642
1 20 443
1 21 973
1 22 1149
1 23 1002
1 24 794
1 25 773
1 26 1576
1 27 348
1 28 1636
1 29 1926
1 30 695
1 31 1592
1 32 1878
1 33 647
1 34 1544
1 35 1830
1 36 599
1 37 1496
1 38 1782
1 39 551
1 40 1448
1 41 1734
1 42 503
1 43 1400
1 44 1686
1 45 455
1 46 1352
1 47 1638
1 48 407
1 49 1304
1 50 1590
1 51 359
1 52 1256
1 53 1542
1 54 311
1 55 1208
1 56 1494
1 57 263
1 58 1160
1 59 1446
1 60 215
1 61 1112
1 62 1398
1 63 167
1 64 1064
1 65 1446
1 66 215
1 67 1112
1 68 1494
1 69 263
1 70 1160
1 71 1542
1 72 311
1 73 1208
1 74 1590
1 75 359
1 76 1256
1 77 1638
1 78 407
1 79 1304
1 80 1686
1 81 455
1 82 1352
1 83 2046
2 0 1271
2 1 1063
2 2 0
2 3 1677
2 4 1464
2 5 1799
2 6 1430
2 7 1093
2 8 894
2 9 738
2 10 1845
2 11 1058
2 12 1546
2 13 677
2 14 1929
2 15 1891
2 16 2349
2 17 1578
2 18 2025
2 19 1371
2 20 1172
2 21 1414
2 22 2138
2 23 1539
2 24 1419
2 25 1502
2 26 2383
2 27 1077
2 28 961
2 29 1151
2 30 1424
2 31 2655
2 32 1103
2 33 1376
2 34 2607
2 35 1055
2 36 1328
2 37 2559
2 38 1007
2 39 1280
2 40 2511
2 41 959
2 42 1232
2 43 2463
2 44 911
2 45 1184
2 46 2415
2 47 863
2 48 1136
2 49 2367
2 50 815
2 51 1088
2 52 2319
2 53 767
2 54 1040
2 55 2271
2 56 719
2 57 992
2 58 2223
2 59 671
2 60 944
2 61 2175
2 62 623
2 63 896
2 64 2127
2 65 575
2 66 848
2 67 2079
2 68 527
2 69 800
2 70 2031
2 71 479
2 72 752
2 73 1983
2 74 527
2 75 800
2 76 2031
2 77 575
2 78 848
2 79 2079
2 80 623
2 81 896
2 82 2127
2 83 1271
3 0 838
3 1 1208
3 2 1677
3 3 0
3 4 1223
3 5 2136
3 6 711
3 7 1526
3 8 1325
3 9 1457
3 10 1414
3 11 1681
3 12 1115
3 13 1396
3 14 2362
3 15 1940
3 16 1630
3 17 1915
3 18 2458
3 19 1420
3 20 1125
3 21 1847
3 22 2187
3 23 1876
3 24 1476
3 25 1263
3 26 1760
3 27 934
3 28 816
3 29 718
3 30 705
3 31 1936
3 32 670
3 33 657
3 34 1888
3 35 622
3 36 609
3 37 1840
3 38 670
3 39 657
3 40 1888
3 41 718
3 42 705
3 43 1936
3 44 766
3 45 753
3 46 1984
3 47 814
3 48 801
3 49 2032
3 50 862
3 51 849
3 52 2080
3 53 910
3 54 897
3 55 2128
3 56 958
3 57 945
3 58 2176
3 59 1006
3 60 993
3 61 2224
3 62 1054
3 63 1041
3 64 2272
3 65 1102
3 66 1089
3 67 2320
3 68 1150
3 69 1137
3 70 2368
3 71 1198
3 72 1185
3 73 2416
3 74 1246
3 75 1233
3 76 2464
3 77 1294
3 78 1281
3 79 2512
3 80 1342
3 81 1329
3 82 2560
3 83 838
4 0 817
4 1 1229
4 2 1464
4 3 1223
4 4 0
4 5 2157
4 6 924
4 7 1547
4 8 1112
4 9 1244
4 10 1435
4 11 1468
4 12 1136
4 13 1183
4 14 2383
4 15 1961
4 16 1843
4 17 1936
4 18 2479
4 19 1441
4 20 1146
4 21 1868
4 22 2208
4 23 1897
4 24 1445
4 25 1284
4 26 1877
4 27 955
4 28 603
4 29 697
4 30 918
4 31 2149
4 32 649
4 33 870
4 34 2101
4 35 601
4 36 822
4 37 2053
4 38 553
4 39 774
4 40 2005
4 41 505
4 42 726
4 43 1957
4 44 553
4 45 774
4 46 2005
4 47 601
4 48 822
4 49 2053
4 50 649
4 51 870
4 52 2101
4 53 697
4 54 918
4 55 2149
4 56 745
4 57 966
4 58 2197
4 59 793
4 60 1014
4 61 2245
4 62 841
4 63 1062
4 64 2293
4 65 889
4 66 1110
4 67 2341
4 68 937
4 69 1158
4 70 2389
4 71 985
4 72 1206
4 73 2437
4 74 1033
4 75 1254
4 76 2485
4 77 1081
4 78 1302
4 79 2533
4 80 1129
4 81 1350
4 82 2581
4 83 817
5 0 2974
5 1 1262
5 2 1799
5 3 2136
5 4 2157
5 5 0
5 6 1629
5 7 1388
5 8 2055
5 9 2307
5 10 1186
5 11 1699
5 12 1745
5 13 2272
5 14 430
5 15 660
5 16 1066
5 17 221
5 18 526
5 19 1180
5 20 1371
5 21 1137
5 22 413
5 23 260
5 24 1722
5 25 1701
5 26 840
5 27 1276
5 28 2564
5 29 2854
5 30 1623
5 31 856
5 32 2806
5 33 1575
5 34 808
5 35 2758
5 36 1527
5 37 760
5 38 2710
5 39 1479
5 40 712
5 41 2662
5 42 1431
5 43 664
5 44 2614
5 45 1383
5 46 616
5 47 2566
5 48 1335
5 49 568
5 50 2518
5 51 1287
5 52 520
5 53 2470
5 54 1239
5 55 472
5 56 2422
5 57 1191
5 58 424
5 59 2374
5 60 1143
5 61 376
5 62 2326
5 63 1095
5 64 328
5 65 2278
5 66 1047
5 67 280
5 68 2230
5 69 999
5 70 232
5 71 2278
5 72 1047
5 73 280
5 74 2326
5 75 1095
5 76 328
5 77 2374
5 78 1143
5 79 376
5 80 2422
5 81 1191
5 82 424
5 83 2974
6 0 1549
6 1 701
6 2 1430
6 3 711
6 4 924
6 5 1629
6 6 0
6 7 1019
6 8 1494
6 9 1938
6 10 907
6 11 1330
6 12 608
6 13 1903
6 14 1855
6 15 1433
6 16 1123
6 17 1408
6 18 1951
6 19 913
6 20 618
6 21 1340
6 22 1550
6 23 1369
6 24 969
6 25 756
6 26 1253
6 27 427
6 28 1427
6 29 1429
6 30 198
6 31 1225
6 32 1381
6 33 150
6 34 1177
6 35 1333
6 36 102
6 37 1129
6 38 1381
6 39 150
6 40 1177
6 41 1429
6 42 198
6 43 1225
6 44 1477
6 45 246
6 46 1273
6 47 1525
6 48 294
6 49 1321
6 50 1573
6 51 342
6 52 1369
6 53 1621
6 54 390
6 55 1417
6 56 1669
6 57 438
6 58 1465
6 59 1717
6 60 486
6 61 1513
6 62 1765
6 63 534
6 64 1561
6 65 1813
6 66 582
6 67 1609
6 68 1861
6 69 630
6 70 1657
6 71 1909
6 72 678
6 73 1705
6 74 1957
6 75 726
6 76 1753
6 77 2005
6 78 774
6 79 1801
6 80 2053
6 81 822
6 82 1849
6 83 1549
7 0 1874
7 1 652
7 2 1093
7 3 1526
7 4 1547
7 5 1388
7 6 1019
7 7 0
7 8 1445
7 9 1149
7 10 1434
7 11 1089
7 12 1135
7 13 884
7 14 1422
7 15 1480
7 16 1938
7 17 1167
7 18 1422
7 19 960
7 20 761
7 21 811
7 22 1727
7 23 1128
7 24 1112
7 25 1091
7 26 1972
7 27 666
7 28 1564
7 29 1754
7 30 1013
7 31 2244
7 32 1706
7 33 965
7 34 2196
7 35 1658
7 36 917
7 37 2148
7 38 1610
7 39 869
7 40 2100
7 41 1562
7 42 821
7 43 2052
7 44 1514
7 45 773
7 46 2004
7 47 1466
7 48 725
7 49 1956
7 50 1418
7 51 677
7 52 1908
7 53 1370
7 54 629
7 55 1860
7 56 1322
7 57 581
7 58 1812
7 59 1274
7 60 533
7 61 1764
7 62 1226
7 63 485
7 64 1716
7 65 1178
7 66 437
7 67 1668
7 68 1130
7 69 389
7 70 1620
7 71 1082
7 72 341
7 73 1572
7 74 1034
7 75 293
7 76 1524
7 77 986
7 78 245
7 79 1476
7 80 1034
7 81 293
7 82 1524
7 83 1874
8 0 919
8 1 1127
8 2 894
8 3 1325
8 4 1112
8 5 2055
8 6 1494
8 7 1445
8 8 0
8 9 674
8 10 1909
8 11 898
8 12 1428
8 13 613
8 14 2281
8 15 1955
8 16 2413
8 17 1834
8 18 2377
8 19 1435
8 20 1236
8 21 1766
8 22 2202
8 23 1795
8 24 1067
8 25 1280
8 26 2447
8 27 1141
8 28 609
8 29 799
8 30 1488
8 31 2719
8 32 751
8 33 1440
8 34 2671
8 35 703
8 36 1392
8 37 2623
8 38 655
8 39 1344
8 40 2575
8 41 607
8 42 1296
8 43 2527
8 44 559
8 45 1248
8 46 2479
8 47 511
8 48 1200
8 49 2431
8 50 463
8 51 1152
8 52 2383
8 53 415
8 54 1104
8 55 2335
8 56 367
8 57 1056
8 58 2287
8 59 319
8 60 1008
8 61 2239
8 62 271
8 63 960
8 64 2191
8 65 319
8 66 1008
8 67 2239
8 68 367
8 69 1056
8 70 2287
8 71 415
8 72 1104
8 73 2335
8 74 463
8 75 1152
8 76 2383
8 77 511
8 78 1200
8 79 2431
8 80 559
8 81 1248
8 82 2479
8 83 919
9 0 1051
9 1 1571
9 2 738
9 3 1457
9 4 1244
9 5 2307
9 6 1938
9 7 1149
9 8 674
9 9 0
9 10 2353
9 11 838
9 12 1560
9 13 265
9 14 2341
9 15 2399
9 16 2857
9 17 2086
9 18 2245
9 19 1879
9 20 1550
9 21 1634
9 22 2646
9 23 2047
9 24 1199
9 25 1412
9 26 2891
9 27 1585
9 28 741
9 29 931
9 30 1932
9 31 3163
9 32 883
9 33 1884
9 34 3115
9 35 835
9 36 1836
9 37 3067
9 38 787
9 39 1788
9 40 3019
9 41 739
9 42 1740
9 43 2971
9 44 691
9 45 1692
9 46 2923
9 47 643
9 48 1644
9 49 2875
9 50 595
9 51 1596
9 52 2827
9 53 547
9 54 1548
9 55 2779
9 56 499
9 57 1500
9 58 2731
9 59 451
9 60 1452
9 61 2683
9 62 403
9 63 1404
9 64 2635
9 65 355
9 66 1356
9 67 2587
9 68 307
9 69 1308
9 70 2539
9 71 259
9 72 1260
9 73 2491
9 74 211
9 75 1212
9 76 2443
9 77 163
9 78 1164
9 79 2395
9 80 115
9 81 1116
9 82 2347
9 83 1051
10 0 2252
10 1 1116
10 2 1845
10 3 1414
10 4 1435
10 5 1186
10 6 907
10 7 1434
10 8 1909
10 9 2353
10 10 0
10 11 1745
10 12 1023
10 13 2318
10 14 1152
10 15 1094
10 16 1020
10 17 1407
10 18 1248
10 19 1328
10 20 1033
10 21 1755
10 22 847
10 23 1446
10 24 1384
10 25 1171
10 26 794
10 27 842
10 28 1842
10 29 2132
10 30 901
10 31 810
10 32 2084
10 33 853
10 34 762
10 35 2036
10 36 805
10 37 714
10 38 1988
10 39 757
10 40 666
10 41 1940
10 42 709
10 43 618
10 44 1892
10 45 661
10 46 570
10 47 1940
10 48 709
10 49 618
10 50 1988
10 51 757
10 52 666
10 53 2036
10 54 805
10 55 714
10 56 2084
10 57 853
10 58 762
10 59 2132
10 60 901
10 61 810
10 62 2180
10 63 949
10 64 858
10 65 2228
10 66 997
10 67 906
10 68 2276
10 69 1045
10 70 954
10 71 2324
10 72 1093
10 73 1002
10 74 2372
10 75 1141
10 76 1050
10 77 2420
10 78 1189
10 79 1098
10 80 2468
10 81 1237
10 82 1146
10 83 2252
11 0 1275
11 1 963
11 2 1058
11 3 1681
11 4 1468
11 5 1699
11 6 1330
11 7 1089
11 8 898
11 9 838
11 10 1745
11 11 0
11 12 1446
11 13 777
11 14 1925
11 15 1791
11 16 2249
11 17 1478
11 18 2021
11 19 1271
11 20 1072
11 21 1410
11 22 2038
11 23 1439
11 24 1423
11 25 1402
11 26 2283
11 27 977
11 28 965
11 29 1155
11 30 1324
11 31 2555
11 32 1107
11 33 1276
11 34 2507
11 35 1059
11 36 1228
11 37 2459
11 38 1011
11 39 1180
11 40 2411
11 41 963
11 42 1132
11 43 2363
11 44 915
11 45 1084
11 46 2315
11 47 867
11 48 1036
11 49 2267
11 50 819
11 51 988
11 52 2219
11 53 771
11 54 940
11 55 2171
11 56 723
11 57 892
11 58 2123
11 59 675
11 60 844
11 61 2075
11 62 627
11 63 796
11 64 2027
11 65 579
11 66 748
11 67 1979
11 68 531
11 69 700
11 70 1931
11 71 579
11 72 748
11 73 1979
11 74 627
11 75 796
11 76 2027
11 77 675
11 78 844
11 79 2075
11 80 723
11 81 892
11 82 2123
11 83 1275
12 0 1229
12 1 817
12 2 1546
12 3 1115
12 4 1136
12 5 1745
12 6 608
12 7 1135
12 8 1428
12 9 1560
12 10 1023
12 11 1446
12 12 0
12 13 1499
12 14 1971
12 15 1549
12 16 1527
12 17 1524
12 18 2067
12 19 1029
12 20 734
12 21 1456
12 22 1796
12 23 1485
12 24 1085
12 25 872
12 26 1561
12 27 543
12 28 819
12 29 1109
12 30 602
12 31 1833
12 32 1061
12 33 554
12 34 1785
12 35 1013
12 36 506
12 37 1737
12 38 965
12 39 458
12 40 1689
12 41 917
12 42 410
12 43 1641
12 44 869
12 45 362
12 46 1593
12 47 917
12 48 410
12 49 1641
12 50 965
12 51 458
12 52 1689
12 53 1013
12 54 506
12 55 1737
12 56 1061
12 57 554
12 58 1785
12 59 1109
12 60 602
12 61 1833
12 62 1157
12 63 650
12 64 1881
12 65 1205
12 66 698
12 67 1929
12 68 1253
12 69 746
12 70 1977
12 71 1301
12 72 794
12 73 2025
12 74 1349
12 75 842
12 76 2073
12 77 1397
12 78 890
12 79 2121
12 80 1445
12 81 938
12 82 2169
12 83 1229
13 0 990
13 1 1536
13 2 677
13 3 1396
13 4 1183
13 5 2272
13 6 1903
13 7 884
13 8 613
13 9 265
13 10 2318
13 11 777
13 12 1499
13 13 0
13 14 2306
13 15 2364
13 16 2822
13 17 2051
13 18 2306
13 19 1844
13 20 1489
13 21 1695
13 22 2611
13 23 2012
13 24 1138
13 25 1351
13 26 2856
13 27 1550
13 28 680
13 29 870
13 30 1897
13 31 3128
13 32 822
13 33 1849
13 34 3080
13 35 774
13 36 1801
13 37 3032
13 38 726
13 39 1753
13 40 2984
13 41 678
13 42 1705
13 43 2936
13 44 630
13 45 1657
13 46 2888
13 47 582
13 48 1609
13 49 2840
13 50 534
13 51 1561
13 52 2792
13 53 486
13 54 1513
13 55 2744
13 56 438
13 57 1465
13 58 2696
13 59 390
13 60 1417
13 61 2648
13 62 342
13 63 1369
13 64 2600
13 65 294
13 66 1321
13 67 2552
13 68 246
13 69 1273
13 70 2504
13 71 198
13 72 1225
13 73 2456
13 74 150
13 75 1177
13 76 2408
13 77 102
13 78 1129
13 79 2360
13 80 150
13 81 1177
13 82 2408
13 83 990
14 0 3200
14 1 1358
14 2 1929
14 3 2362
14 4 2383
14 5 430
14 6 1855
14 7 1422
14 8 2281
14 9 2341
14 10 1152
14 11 1925
14 12 1971
14 13 2306
14 14 0
14 15 626
14 16 1032
14 17 651
14 18 300
14 19 1146
14 20 1597
14 21 911
14 22 379
14 23 690
14 24 1948
14 25 1927
14 26 806
14 27 1502
14 28 2790
14 29 3080
14 30 1849
14 31 822
14 32 3032
14 33 1801
14 34 774
14 35 2984
14 36 1753
14 37 726
14 38 2936
14 39 1705
14 40 678
14 41 2888
14 42 1657
14 43 630
14 44 2840
14 45 1609
14 46 582
14 47 2792
14 48 1561
14 49 534
14 50 2744
14 51 1513
14 52 486
14 53 2696
14 54 1465
14 55 438
14 56 2648
14 57 1417
14 58 390
14 59 2600
14 60 1369
14 61 342
14 62 2552
14 63 1321
14 64 294
14 65 2504
14 66 1273
14 67 246
14 68 2456
14 69 1225
14 70 198
14 71 2408
14 72 1177
14 73 150
14 74 2360
14 75 1129
14 76 102
14 77 2408
14 78 1177
14 79 150
14 80 2456
14 81 1225
14 82 198
14 83 3200
15 0 2778
15 1 1162
15 2 1891
15 3 1940
15 4 1961
15 5 660
15 6 1433
15 7 1480
15 8 1955
15 9 2399
15 10 1094
15 11 1791
15 12 1549
15 13 2364
15 14 626
15 15 0
15 16 974
15 17 881
15 18 722
15 19 520
15 20 1175
15 21 1333
15 22 247
15 23 920
15 24 1526
15 25 1505
15 26 748
15 27 1080
15 28 2368
15 29 2658
15 30 1427
15 31 764
15 32 2610
15 33 1379
15 34 716
15 35 2562
15 36 1331
15 37 668
15 38 2514
15 39 1283
15 40 620
15 41 2466
15 42 1235
15 43 572
15 44 2418
15 45 1187
15 46 524
15 47 2370
15 48 1139
15 49 476
15 50 2322
15 51 1091
15 52 428
15 53 2274
15 54 1043
15 55 380
15 56 2226
15 57 995
15 58 332
15 59 2178
15 60 947
15 61 284
15 62 2226
15 63 995
15 64 332
15 65 2274
15 66 1043
15 67 380
15 68 2322
15 69 1091
15 70 428
15 71 2370
15 72 1139
15 73 476
15 74 2418
15 75 1187
15 76 524
15 77 2466
15 78 1235
15 79 572
15 80 2514
15 81 1283
15 82 620
15 83 2778
16 0 2372
16 1 1620
16 2 2349
16 3 1630
16 4 1843
16 5 1066
16 6 1123
16 7 1938
16 8 2413
16 9 2857
16 10 1020
16 11 2249
16 12 1527
16 13 2822
16 14 1032
16 15 974
16 16 0
16 17 1287
16 18 1128
16 19 1494
16 20 1537
16 21 1739
16 22 727
16 23 1326
16 24 1888
16 25 1675
16 26 482
16 27 1346
16 28 2346
16 29 2252
16 30 1021
16 31 306
16 32 2204
16 33 973
16 34 258
16 35 2252
16 36 1021
16 37 306
16 38 2300
16 39 1069
16 40 354
16 41 2348
16 42 1117
16 43 402
16 44 2396
16 45 1165
16 46 450
16 47 2444
16 48 1213
16 49 498
16 50 2492
16 51 1261
16 52 546
16 53 2540
16 54 1309
16 55 594
16 56 2588
16 57 1357
16 58 642
16 59 2636
16 60 1405
16 61 690
16 62 2684
16 63 1453
16 64 738
16 65 2732
16 66 1501
16 67 786
16 68 2780
16 69 1549
16 70 834
16 71 2828
16 72 1597
16 73 882
16 74 2876
16 75 1645
16 76 930
16 77 2924
16 78 1693
16 79 978
16 80 2972
16 81 1741
16 82 1026
16 83 2372
17 0 2753
17 1 1041
17 2 1578
17 3 1915
17 4 1936
17 5 221
17 6 1408
17 7 1167
17 8 1834
17 9 2086
17 10 1407
17 11 1478
17 12 1524
17 13 2051
17 14 651
17 15 881
17 16 1287
17 17 0
17 18 747
17 19 1349
17 20 1150
17 21 1358
17 22 634
17 23 39
17 24 1501
17 25 1480
17 26 1061
17 27 1055
17 28 2343
17 29 2633
17 30 1402
17 31 1077
17 32 2585
17 33 1354
17 34 1029
17 35 2537
17 36 1306
17 37 981
17 38 2489
17 39 1258
17 40 933
17 41 2441
17 42 1210
17 43 885
17 44 2393
17 45 1162
17 46 837
17 47 2345
17 48 1114
17 49 789
17 50 2297
17 51 1066
17 52 741
17 53 2249
17 54 1018
17 55 693
17 56 2201
17 57 970
17 58 645
17 59 2153
17 60 922
17 61 597
17 62 2105
17 63 874
17 64 549
17 65 2057
17 66 826
17 67 501
17 68 2009
17 69 778
17 70 453
17 71 2057
17 72 826
17 73 501
17 74 2105
17 75 874
17 76 549
17 77 2153
17 78 922
17 79 597
17 80 2201
17 81 970
17 82 645
17 83 2753
18 0 3296
18 1 1454
18 2 2025
18 3 2458
18 4 2479
18 5 526
18 6 1951
18 7 1422
18 8 2377
18 9 2245
18 10 1248
18 11 2021
18 12 2067
18 13 2306
18 14 300
18 15 722
18 16 1128
18 17 747
18 18 0
18 19 1242
18 20 1693
18 21 611
18 22 475
18 23 786
18 24 2044
18 25 2023
18 26 902
18 27 1598
18 28 2886
18 29 3176
18 30 1945
18 31 918
18 32 3128
18 33 1897
18 34 870
18 35 3080
18 36 1849
18 37 822
18 38 3032
18 39 1801
18 40 774
18 41 2984
18 42 1753
18 43 726
18 44 2936
18 45 1705
18 46 678
18 47 2888
18 48 1657
18 49 630
18 50 2840
18 51 1609
18 52 582
18 53 2792
18 54 1561
18 55 534
18 56 2744
18 57 1513
18 58 486
18 59 2696
18 60 1465
18 61 438
18 62 2648
18 63 1417
18 64 390
18 65 2600
18 66 1369
18 67 342
18 68 2552
18 69 1321
18 70 294
18 71 2504
18 72 1273
18 73 246
18 74 2456
18 75 1225
18 76 198
18 77 2408
18 78 1177
18 79 150
18 80 2360
18 81 1129
18 82 102
18 83 3296
19 0 2258
19 1 642
19 2 1371
19 3 1420
19 4 1441
19 5 1180
19 6 913
19 7 960
19 8 1435
19 9 1879
19 10 1328
19 11 1271
19 12 1029
19 13 1844
19 14 1146
19 15 520
19 16 1494
19 17 1349
19 18 1242
19 19 0
19 20 655
19 21 1281
19 22 767
19 23 1310
19 24 1006
19 25 985
19 26 1268
19 27 560
19 28 1848
19 29 2138
19 30 907
19 31 1284
19 32 2090
19 33 859
19 34 1236
19 35 2042
19 36 811
19 37 1188
19 38 1994
19 39 763
19 40 1140
19 41 1946
19 42 715
19 43 1092
19 44 1898
19 45 667
19 46 1044
19 47 1850
19 48 619
19 49 996
19 50 1802
19 51 571
19 52 948
19 53 1754
19 54 523
19 55 900
19 56 1706
19 57 475
19 58 852
19 59 1658
19 60 427
19 61 804
19 62 1706
19 63 475
19 64 852
19 65 1754
19 66 523
19 67 900
19 68 1802
19 69 571
19 70 948
19 71 1850
19 72 619
19 73 996
19 74 1898
19 75 667
19 76 1044
19 77 1946
19 78 715
19 79 1092
19 80 1994
19 81 763
19 82 1140
19 83 2258
20 0 1603
20 1 443
20 2 1172
20 3 1125
20 4 1146
20 5 1371
20 6 618
20 7 761
20 8 1236
20 9 1550
20 10 1033
20 11 1072
20 12 734
20 13 1489
20 14 1597
20 15 1175
20 16 1537
20 17 1150
20 18 1693
20 19 655
20 20 0
20 21 1082
20 22 1422
20 23 1111
20 24 351
20 25 690
20 26 1571
20 27 265
20 28 1293
20 29 1483
20 30 612
20 31 1843
20 32 1435
20 33 564
20 34 1795
20 35 1387
20 36 516
20 37 1747
20 38 1339
20 39 468
20 40 1699
20 41 1291
20 42 420
20 43 1651
20 44 1243
20 45 372
20 46 1603
20 47 1195
20 48 324
20 49 1555
20 50 1147
20 51 276
20 52 1507
20 53 1099
20 54 228
20 55 1459
20 56 1051
20 57 180
20 58 1411
20 59 1099
20 60 228
20 61 1459
20 62 1147
20 63 276
20 64 1507
20 65 1195
20 66 324
20 67 1555
20 68 1243
20 69 372
20 70 1603
20 71 1291
20 72 420
20 73 1651
20 74 1339
20 75 468
20 76 1699
20 77 1387
20 78 516
20 79 1747
20 80 1435
20 81 564
20 82 1795
20 83 1603
21 0 2685
21 1 973
21 2 1414
21 3 1847
21 4 1868
21 5 1137
21 6 1340
21 7 811
21 8 1766
21 9 1634
21 10 1755
21 11 1410
21 12 1456
21 13 1695
21 14 911
21 15 1333
21 16 1739
21 17 1358
21 18 611
21 19 1281
21 20 1082
21 21 0
21 22 1086
21 23 1397
21 24 1433
21 25 1412
21 26 1513
21 27 987
21 28 2275
21 29 2565
21 30 1334
21 31 1529
21 32 2517
21 33 1286
21 34 1481
21 35 2469
21 36 1238
21 37 1433
21 38 2421
21 39 1190
21 40 1385
21 41 2373
21 42 1142
21 43 1337
21 44 2325
21 45 1094
21 46 1289
21 47 2277
21 48 1046
21 49 1241
21 50 2229
21 51 998
21 52 1193
21 53 2181
21 54 950
21 55 1145
21 56 2133
21 57 902
21 58 1097
21 59 2085
21 60 854
21 61 1049
21 62 2037
21 63 806
21 64 1001
21 65 1989
21 66 758
21 67 953
21 68 1941
21 69 710
21 70 905
21 71 1893
21 72 662
21 73 857
21 74 1845
21 75 614
21 76 809
21 77 1797
21 78 566
21 79 761
21 80 1749
21 81 518
21 82 713
21 83 2685
22 0 3025
22 1 1149
22 2 2138
22 3 2187
22 4 2208
22 5 413
22 6 1550
22 7 1727
22 8 2202
22 9 2646
22 10 847
22 11 2038
22 12 1796
22 13 2611
22 14 379
22 15 247
22 16 727
22 17 634
22 18 475
22 19 767
22 20 1422
22 21 1086
22 22 0
22 23 673
22 24 1773
22 25 1752
22 26 501
22 27 1327
22 28 2615
22 29 2905
22 30 1674
22 31 517
22 32 2857
22 33 1626
22 34 469
22 35 2809
22 36 1578
22 37 421
22 38 2761
22 39 1530
22 40 373
22 41 2713
22 42 1482
22 43 325
22 44 2665
22 45 1434
22 46 277
22 47 2617
22 48 1386
22 49 229
22 50 2569
22 51 1338
22 52 181
22 53 2521
22 54 1290
22 55 133
22 56 2473
22 57 1242
22 58 85
22 59 2425
22 60 1194
22 61 37
22 62 2473
22 63 1242
22 64 85
22 65 2521
22 66 1290
22 67 133
22 68 2569
22 69 1338
22 70 181
22 71 2617
22 72 1386
22 73 229
22 74 2665
22 75 1434
22 76 277
22 77 2713
22 78 1482
22 79 325
22 80 2761
22 81 1530
22 82 373
22 83 3025
23 0 2714
23 1 1002
23 2 1539
23 3 1876
23 4 1897
23 5 260
23 6 1369
23 7 1128
23 8 1795
23 9 2047
23 10 1446
23 11 1439
23 12 1485
23 13 2012
23 14 690
23 15 920
23 16 1326
23 17 39
23 18 786
23 19 1310
23 20 1111
23 21 1397
23 22 673
23 23 0
23 24 1462
23 25 1441
23 26 1100
23 27 1016
23 28 2304
23 29 2594
23 30 1363
23 31 1116
23 32 2546
23 33 1315
23 34 1068
23 35 2498
23 36 1267
23 37 1020
23 38 2450
23 39 1219
23 40 972
23 41 2402
23 42 1171
23 43 924
23 44 2354
23 45 1123
23 46 876
23 47 2306
23 48 1075
23 49 828
23 50 2258
23 51 1027
23 52 780
23 53 2210
23 54 979
23 55 732
23 56 2162
23 57 931
23 58 684
23 59 2114
23 60 883
23 61 636
23 62 2066
23 63 835
23 64 588
23 65 2018
23 66 787
23 67 540
23 68 1970
23 69 739
23 70 492
23 71 2018
23 72 787
23 73 540
23 74 2066
23 75 835
23 76 588
23 77 2114
23 78 883
23 79 636
23 80 2162
23 81 931
23 82 684
23 83 2714
24 0 1252
24 1 794
24 2 1419
24 3 1476
24 4 1445
24 5 1722
24 6 969
24 7 1112
24 8 1067
24 9 1199
24 10 1384
24 11 1423
24 12 1085
24 13 1138
24 14 1948
24 15 1526
24 16 1888
24 17 1501
24 18 2044
24 19 1006
24 20 351
24 21 1433
24 22 1773
24 23 1462
24 24 0
24 25 1041
24 26 1922
24 27 616
24 28 942
24 29 1132
24 30 963
24 31 2194
24 32 1084
24 33 915
24 34 2146
24 35 1036
24 36 867
24 37 2098
24 38 988
24 39 819
24 40 2050
24 41 940
24 42 771
24 43 2002
24 44 892
24 45 723
24 46 1954
24 47 844
24 48 675
24 49 1906
24 50 796
24 51 627
24 52 1858
24 53 748
24 54 579
24 55 1810
24 56 700
24 57 531
24 58 1762
24 59 748
24 60 579
24 61 1810
24 62 796
24 63 627
24 64 1858
24 65 844
24 66 675
24 67 1906
24 68 892
24 69 723
24 70 1954
24 71 940
24 72 771
24 73 2002
24 74 988
24 75 819
24 76 2050
24 77 1036
24 78 867
24 79 2098
24 80 1084
24 81 915
24 82 2146
24 83 1252
25 0 1273
25 1 773
25 2 1502
25 3 1263
25 4 1284
25 5 1701
25 6 756
25 7 1091
25 8 1280
25 9 1412
25 10 1171
25 11 1402
25 12 872
25 13 1351
25 14 1927
25 15 1505
25 16 1675
25 17 1480
25 18 2023
25 19 985
25 20 690
25 21 1412
25 22 1752
25 23 1441
25 24 1041
25 25 0
25 26 1709
25 27 499
25 28 963
25 29 1153
25 30 750
25 31 1981
25 32 1105
25 33 702
25 34 1933
25 35 1057
25 36 654
25 37 1885
25 38 1009
25 39 606
25 40 1837
25 41 961
25 42 558
25 43 1789
25 44 913
25 45 510
25 46 1741
25 47 865
25 48 462
25 49 1693
25 50 817
25 51 414
25 52 1645
25 53 865
25 54 462
25 55 1693
25 56 913
25 57 510
25 58 1741
25 59 961
25 60 558
25 61 1789
25 62 1009
25 63 606
25 64 1837
25 65 1057
25 66 654
25 67 1885
25 68 1105
25 69 702
25 70 1933
25 71 1153
25 72 750
25 73 1981
25 74 1201
25 75 798
25 76 2029
25 77 1249
25 78 846
25 79 2077
25 80 1297
25 81 894
25 82 2125
25 83 1273
26 0 2598
26 1 1576
26 2 2383
26 3 1760
26 4 1877
26 5 840
26 6 1253
26 7 1972
26 8 2447
26 9 2891
26 10 794
26 11 2283
26 12 1561
26 13 2856
26 14 806
26 15 748
26 16 482
26 17 1061
26 18 902
26 19 1268
26 20 1571
26 21 1513
26 22 501
26 23 1100
26 24 1922
26 25 1709
26 26 0
26 27 1380
26 28 2380
26 29 2478
26 30 1247
26 31 272
26 32 2430
26 33 1199
26 34 224
26 35 2382
26 36 1151
26 37 176
26 38 2334
26 39 1103
26 40 128
26 41 2382
26 42 1151
26 43 176
26 44 2430
26 45 1199
26 46 224
26 47 2478
26 48 1247
26 49 272
26 50 2526
26 51 1295
26 52 320
26 53 2574
26 54 1343
26 55 368
26 56 2622
26 57 1391
26 58 416
26 59 2670
26 60 1439
26 61 464
26 62 2718
26 63 1487
26 64 512
26 65 2766
26 66 1535
26 67 560
26 68 2814
26 69 1583
26 70 608
26 71 2862
26 72 1631
26 73 656
26 74 2910
26 75 1679
26 76 704
26 77 2958
26 78 1727
26 79 752
26 80 3006
26 81 1775
26 82 800
26 83 2598
27 0 1772
27 1 348
27 2 1077
27 3 934
27 4 955
27 5 1276
27 6 427
27 7 666
27 8 1141
27 9 1585
27 10 842
27 11 977
27 12 543
27 13 1550
27 14 1502
27 15 1080
27 16 1346
27 17 1055
27 18 1598
27 19 560
27 20 265
27 21 987
27 22 1327
27 23 1016
27 24 616
27 25 499
27 26 1380
27 27 0
27 28 1362
27 29 1652
27 30 421
27 31 1578
27 32 1604
27 33 373
27 34 1530
27 35 1556
27 36 325
27 37 1482
27 38 1508
27 39 277
27 40 1434
27 41 1460
27 42 229
27 43 1386
27 44 1412
27 45 181
27 46 1338
27 47 1364
27 48 133
27 49 1290
27 50 1316
27 51 85
27 52 1242
27 53 1268
27 54 37
27 55 1194
27 56 1316
27 57 85
27 58 1242
27 59 1364
27 60 133
27 61 1290
27 62 1412
27 63 181
27 64 1338
27 65 1460
27 66 229
27 67 1386
27 68 1508
27 69 277
27 70 1434
27 71 1556
27 72 325
27 73 1482
27 74 1604
27 75 373
27 76 1530
27 77 1652
27 78 421
27 79 1578
27 80 1700
27 81 469
27 82 1626
27 83 1772
28 0 410
28 1 1636
28 2 961
28 3 816
28 4 603
28 5 2564
28 6 1427
28 7 1564
28 8 609
28 9 741
28 10 1842
28 11 965
28 12 819
28 13 680
28 14 2790
28 15 2368
28 16 2346
28 17 2343
28 18 2886
28 19 1848
28 20 1293
28 21 2275
28 22 2615
28 23 2304
28 24 942
28 25 963
28 26 2380
28 27 1362
28 28 0
28 29 290
28 30 1421
28 31 2652
28 32 242
28 33 1373
28 34 2604
28 35 194
28 36 1325
28 37 2556
28 38 146
28 39 1277
28 40 2508
28 41 98
28 42 1229
28 43 2460
28 44 50
28 45 1181
28 46 2412
28 47 98
28 48 1229
28 49 2460
28 50 146
28 51 1277
28 52 2508
28 53 194
28 54 1325
28 55 2556
28 56 242
28 57 1373
28 58 2604
28 59 290
28 60 1421
28 61 2652
28 62 338
28 63 1469
28 64 2700
28 65 386
28 66 1517
28 67 2748
28 68 434
28 69 1565
28 70 2796
28 71 482
28 72 1613
28 73 2844
28 74 530
28 75 1661
28 76 2892
28 77 578
28 78 1709
28 79 2940
28 80 626
28 81 1757
28 82 2988
28 83 410
29 0 120
29 1 1926
29 2 1151
29 3 718
29 4 697
29 5 2854
29 6 1429
29 7 1754
29 8 799
29 9 931
29 10 2132
29 11 1155
29 12 1109
29 13 870
29 14 3080
29 15 2658
29 16 2252
29 17 2633
29 18 3176
29 19 2138
29 20 1483
29 21 2565
29 22 2905
29 23 2594
29 24 1132
29 25 1153
29 26 2478
29 27 1652
29 28 290
29 29 0
29 30 1231
29 31 2462
29 32 48
29 33 1279
29 34 2510
29 35 96
29 36 1327
29 37 2558
29 38 144
29 39 1375
29 40 2606
29 41 192
29 42 1423
29 43 2654
29 44 240
29 45 1471
29 46 2702
29 47 288
29 48 1519
29 49 2750
29 50 336
29 51 1567
29 52 2798
29 53 384
29 54 1615
29 55 2846
29 56 432
29 57 1663
29 58 2894
29 59 480
29 60 1711
29 61 2942
29 62 528
29 63 1759
29 64 2990
29 65 576
29 66 1807
29 67 3038
29 68 624
29 69 1855
29 70 3086
29 71 672
29 72 1903
29 73 3134
29 74 720
29 75 1951
29 76 3182
29 77 768
29 78 1999
29 79 3230
29 80 816
29 81 2047
29 82 3278
29 83 120
30 0 1351
30 1 695
30 2 1424
30 3 705
30 4 918
30 5 1623
30 6 198
30 7 1013
30 8 1488
30 9 1932
30 10 901
30 11 1324
30 12 602
30 13 1897
30 14 1849
30 15 1427
30 16 1021
30 17 1402
30 18 1945
30 19 907
30 20 612
30 21 1334
30 22 1674
30 23 1363
30 24 963
30 25 750
30 26 1247
30 27 421
30 28 1421
30 29 1231
30 30 0
30 31 1231
30 32 1279
30 33 48
30 34 1279
30 35 1327
30 36 96
30 37 1327
30 38 1375
30 39 144
30 40 1375
30 41 1423
30 42 192
30 43 1423
30 44 1471
30 45 240
30 46 1471
30 47 1519
30 48 288
30 49 1519
30 50 1567
30 51 336
30 52 1567
30 53 1615
30 54 384
30 55 1615
30 56 1663
30 57 432
30 58 1663
30 59 1711
30 60 480
30 61 1711
30 62 1759
30 63 528
30 64 1759
30 65 1807
30 66 576
30 67 1807
30 68 1855
30 69 624
30 70 1855
30 71 1903
30 72 672
30 73 1903
30 74 1951
30 75 720
30 76 1951
30 77 1999
30 78 768
30 79 1999
30 80 2047
30 81 816
30 82 2047
30 83 1351
31 0 2582
31 1 1592
31 2 2655
31 3 1936
31 4 2149
31 5 856
31 6 1225
31 7 2244
31 8 2719
31 9 3163
31 10 810
31 11 2555
31 12 1833
31 13 3128
31 14 822
31 15 764
31 16 306
31 17 1077
31 18 918
31 19 1284
31 20 1843
31 21 1529
31 22 517
31 23 1116
31 24 2194
31 25 1981
31 26 272
31 27 1578
31 28 2652
31 29 2462
31 30 1231
31 31 0
31 32 2510
31 33 1279
31 34 48
31 35 2558
31 36 1327
31 37 96
31 38 2606
31 39 1375
31 40 144
31 41 2654
31 42 1423
31 43 192
31 44 2702
31 45 1471
31 46 240
31 47 2750
31 48 1519
31 49 288
31 50 2798
31 51 1567
31 52 336
31 53 2846
31 54 1615
31 55 384
31 56 2894
31 57 1663
31 58 432
31 59 2942
31 60 1711
31 61 480
31 62 2990
31 63 1759
31 64 528
31 65 3038
31 66 1807
31 67 576
31 68 3086
31 69 1855
31 70 624
31 71 3134
31 72 1903
31 73 672
31 74 3182
31 75 1951
31 76 720
31 77 3230
31 78 1999
31 79 768
31 80 3278
31 81 2047
31 82 816
31 83 2582
32 0 168
32 1 1878
32 2 1103
32 3 670
32 4 649
32 5 2806
32 6 1381
32 7 1706
32 8 751
32 9 883
32 10 2084
32 11 1107
32 12 1061
32 13 822
32 14 3032
32 15 2610
32 16 2204
32 17 2585
32 18 3128
32 19 2090
32 20 1435
32 21 2517
32 22 2857
32 23 2546
32 24 1084
32 25 1105
32 26 2430
32 27 1604
32 28 242
32 29 48
32 30 1279
32 31 2510
32 32 0
32 33 1231
32 34 2462
32 35 48
32 36 1279
32 37 2510
32 38 96
32 39 1327
32 40 2558
32 41 144
32 42 1375
32 43 2606
32 44 192
32 45 1423
32 46 2654
32 47 240
32 48 1471
32 49 2702
32 50 288
32 51 1519
32 52 2750
32 53 336
32 54 1567
32 55 2798
32 56 384
32 57 1615
32 58 2846
32 59 432
32 60 1663
32 61 2894
32 62 480
32 63 1711
32 64 2942
32 65 528
32 66 1759
32 67 2990
32 68 576
32 69 1807
32 70 3038
32 71 624
32 72 1855
32 73 3086
32 74 672
32 75 1903
32 76 3134
32 77 720
32 78 1951
32 79 3182
32 80 768
32 81 1999
32 82 3230
32 83 168
33 0 1399
33 1 647
33 2 1376
33 3 657
33 4 870
33 5 1575
33 6 150
33 7 965
33 8 1440
33 9 1884
33 10 853
33 11 1276
33 12 554
33 13 1849
33 14 1801
33 15 1379
33 16 973
33 17 1354
33 18 1897
33 19 859
33 20 564
33 21 1286
33 22 1626
33 23 1315
33 24 915
33 25 702
33 26 1199
33 27 373
33 28 1373
33 29 1279
33 30 48
33 31 1279
33 32 1231
33 33 0
33 34 1231
33 35 1279
33 36 48
33 37 1279
33 38 1327
33 39 96
33 40 1327
33 41 1375
33 42 144
33 43 1375
33 44 1423
33 45 192
33 46 1423
33 47 1471
33 48 240
33 49 1471
33 50 1519
33 51 288
33 52 1519
33 53 1567
33 54 336
33 55 1567
33 56 1615
33 57 384
33 58 1615
33 59 1663
33 60 432
33 61 1663
33 62 1711
33 63 480
33 64 1711
33 65 1759
33 66 528
33 67 1759
33 68 1807
33 69 576
33 70 1807
33 71 1855
33 72 624
33 73 1855
33 74 1903
33 75 672
33 76 1903
33 77 1951
33 78 720
33 79 1951
33 80 1999
33 81 768
33 82 1999
33 83 1399
34 0 2630
34 1 1544
34 2 2607
34 3 1888
34 4 2101
34 5 808
34 6 1177
34 7 2196
34 8 2671
34 9 3115
34 10 762
34 11 2507
34 12 1785
34 13 3080
34 14 774
34 15 716
34 16 258
34 17 1029
34 18 870
34 19 1236
34 20 1795
34 21 1481
34 22 469
34 23 1068
34 24 2146
34 25 1933
34 26 224
34 27 1530
34 28 2604
34 29 2510
34 30 1279
34 31 48
34 32 2462
34 33 1231
34 34 0
34 35 2510
34 36 1279
34 37 48
34 38 2558
34 39 1327
34 40 96
34 41 2606
34 42 1375
34 43 144
34 44 2654
34 45 1423
34 46 192
34 47 2702
34 48 1471
34 49 240
34 50 2750
34 51 1519
34 52 288
34 53 2798
34 54 1567
34 55 336
34 56 2846
34 57 1615
34 58 384
34 59 2894
34 60 1663
34 61 432
34 62 2942
34 63 1711
34 64 480
34 65 2990
34 66 1759
34 67 528
34 68 3038
34 69 1807
34 70 576
34 71 3086
34 72 1855
34 73 624
34 74 3134
34 75 1903
34 76 672
34 77 3182
34 78 1951
34 79 720
34 80 3230
34 81 1999
34 82 768
34 83 2630
35 0 216
35 1 1830
35 2 1055
35 3 622
35 4 601
35 5 2758
35 6 1333
35 7 1658
35 8 703
35 9 835
35 10 2036
35 11 1059
35 12 1013
35 13 774
35 14 2984
35 15 2562
35 16 2252
35 17 2537
35 18 3080
35 19 2042
35 20 1387
35 21 2469
35 22 2809
35 23 2498
35 24 1036
35 25 1057
35 26 2382
35 27 1556
35 28 194
35 29 96
35 30 1327
35 31 2558
35 32 48
35 33 1279
35 34 2510
35 35 0
35 36 1231
35 37 2462
35 38 48
35 39 1279
35 40 2510
35 41 96
35 42 1327
35 43 2558
35 44 144
35 45 1375
35 46 2606
35 47 192
35 48 1423
35 49 2654
35 50 240
35 51 1471
35 52 2702
35 53 288
35 54 1519
35 55 2750
35 56 336
35 57 1567
35 58 2798
35 59 384
35 60 1615
35 61 2846
35 62 432
35 63 1663
35 64 2894
35 65 480
35 66 1711
35 67 2942
35 68 528
35 69 1759
35 70 2990
35 71 576
35 72 1807
35 73 3038
35 74 624
35 75 1855
35 76 3086
35 77 672
35 78 1903
35 79 3134
35 80 720
35 81 1951
35 82 3182
35 83 216
36 0 1447
36 1 599
36 2 1328
36 3 609
36 4 822
36 5 1527
36 6 102
36 7 917
36 8 1392
36 9 1836
36 10 805
36 11 1228
36 12 506
36 13 1801
36 14 1753
36 15 1331
36 16 1021
36 17 1306
36 18 1849
36 19 811
36 20 516
36 21 1238
36 22 1578
36 23 1267
36 24 867
36 25 654
36 26 1151
36 27 325
36 28 1325
36 29 1327
36 30 96
36 31 1327
36 32 1279
36 33 48
36 34 1279
36 35 1231
36 36 0
36 37 1231
36 38 1279
36 39 48
36 40 1279
36 41 1327
36 42 96
36 43 1327
36 44 1375
36 45 144
36 46 1375
36 47 1423
36 48 192
36 49 1423
36 50 1471
36 51 240
36 52 1471
36 53 1519
36 54 288
36 55 1519
36 56 1567
36 57 336
36 58 1567
36 59 1615
36 60 384
36 61 1615
36 62 1663
36 63 432
36 64 1663
36 65 1711
36 66 480
36 67 1711
36 68 1759
36 69 528
36 70 1759
36 71 1807
36 72 576
36 73 1807
36 74 1855
36 75 624
36 76 1855
36 77 1903
36 78 672
36 79 1903
36 80 1951
36 81 720
36 82 1951
36 83 1447
37 0 2678
37 1 1496
37 2 2559
37 3 1840
37 4 2053
37 5 760
37 6 1129
37 7 2148
37 8 2623
37 9 3067
37 10 714
37 11 2459
37 12 1737
37 13 3032
37 14 726
37 15 668
37 16 306
37 17 981
37 18 822
37 19 1188
37 20 1747
37 21 1433
37 22 421
37 23 1020
37 24 2098
37 25 1885
37 26 176
37 27 1482
37 28 2556
37 29 2558
37 30 1327
37 31 96
37 32 2510
37 33 1279
37 34 48
37 35 2462
37 36 1231
37 37 0
37 38 2510
37 39 1279
37 40 48
37 41 2558
37 42 1327
37 43 96
37 44 2606
37 45 1375
37 46 144
37 47 2654
37 48 1423
37 49 192
37 50 2702
37 51 1471
37 52 240
37 53 2750
37 54 1519
37 55 288
37 56 2798
37 57 1567
37 58 336
37 59 2846
37 60 1615
37 61 384
37 62 2894
37 63 1663
37 64 432
37 65 2942
37 66 1711
37 67 480
37 68 2990
37 69 1759
37 70 528
37 71 3038
37 72 1807
37 73 576
37 74 3086
37 75 1855
37 76 624
37 77 3134
37 78 1903
37 79 672
37 80 3182
37 81 1951
37 82 720
37 83 2678
38 0 264
38 1 1782
38 2 1007
38 3 670
38 4 553
38 5 2710
38 6 1381
38 7 1610
38 8 655
38 9 787
38 10 1988
38 11 1011
38 12 965
38 13 726
38 14 2936
38 15 2514
38 16 2300
38 17 2489
38 18 3032
38 19 1994
38 20 1339
38 21 2421
38 22 2761
38 23 2450
38 24 988
38 25 1009
38 26 2334
38 27 1508
38 28 146
38 29 144
38 30 1375
38 31 2606
38 32 96
38 33 1327
38 34 2558
38 35 48
38 36 1279
38 37 2510
38 38 0
38 39 1231
38 40 2462
38 41 48
38 42 1279
38 43 2510
38 44 96
38 45 1327
38 46 2558
38 47 144
38 48 1375
38 49 2606
38 50 192
38 51 1423
38 52 2654
38 53 240
38 54 1471
38 55 2702
38 56 288
38 57 1519
38 58 2750
38 59 336
38 60 1567
38 61 2798
38 62 384
38 63 1615
38 64 2846
38 65 432
38 66 1663
38 67 2894
38 68 480
38 69 1711
38 70 2942
38 71 528
38 72 1759
38 73 2990
38 74 576
38 75 1807
38 76 3038
38 77 624
38 78 1855
38 79 3086
38 80 672
38 81 1903
38 82 3134
38 83 264
39 0 1495
39 1 551
39 2 1280
39 3 657
39 4 774
39 5 1479
39 6 150
39 7 869
39 8 1344
39 9 1788
39 10 757
39 11 1180
39 12 458
39 13 1753
39 14 1705
39 15 1283
39 16 1069
39 17 1258
39 18 1801
39 19 763
39 20 468
39 21 1190
39 22 1530
39 23 1219
39 24 819
39 25 606
39 26 1103
39 27 277
39 28 1277
39 29 1375
39 30 144
39 31 1375
39 32 1327
39 33 96
39 34 1327
39 35 1279
39 36 48
39 37 1279
39 38 1231
39 39 0
39 40 1231
39 41 1279
39 42 48
39 43 1279
39 44 1327
39 45 96
39 46 1327
39 47 1375
39 48 144
39 49 1375
39 50 1423
39 51 192
39 52 1423
39 53 1471
39 54 240
39 55 1471
39 56 1519
39 57 288
39 58 1519
39 59 1567
39 60 336
39 61 1567
39 62 1615
39 63 384
39 64 1615
39 65 1663
39 66 432
39 67 1663
39 68 1711
39 69 480
39 70 1711
39 71 1759
39 72 528
39 73 1759
39 74 1807
39 75 576
39 76 1807
39 77 1855
39 78 624
39 79 1855
39 80 1903
39 81 672
39 82 1903
39 83 1495
40 0 2726
40 1 1448
40 2 2511
40 3 1888
40 4 2005
40 5 712
40 6 1177
40 7 2100
40 8 2575
40 9 3019
40 10 666
40 11 2411
40 12 1689
40 13 2984
40 14 678
40 15 620
40 16 354
40 17 933
40 18 774
40 19 1140
40 20 1699
40 21 1385
40 22 373
40 23 972
40 24 2050
40 25 1837
40 26 128
40 27 1434
40 28 2508
40 29 2606
40 30 1375
40 31 144
40 32 2558
40 33 1327
40 34 96
40 35 2510
40 36 1279
40 37 48
40 38 2462
40 39 1231
40 40 0
40 41 2510
40 42 1279
40 43 48
40 44 2558
40 45 1327
40 46 96
40 47 2606
40 48 1375
40 49 144
40 50 2654
40 51 1423
40 52 192
40 53 2702
40 54 1471
40 55 240
40 56 2750
40 57 1519
40 58 288
40 59 2798
40 60 1567
40 61 336
40 62 2846
40 63 1615
40 64 384
40 65 2894
40 66 1663
40 67 432
40 68 2942
40 69 1711
40 70 480
40 71 2990
40 72 1759
40 73 528
40 74 3038
40 75 1807
40 76 576
40 77 3086
40 78 1855
40 79 624
40 80 3134
40 81 1903
40 82 672
40 83 2726
41 0 312
41 1 1734
41 2 959
41 3 718
41 4 505
41 5 2662
41 6 1429
41 7 1562
41 8 607
41 9 739
41 10 1940
41 11 963
41 12 917
41 13 678
41 14 2888
41 15 2466
41 16 2348
41 17 2441
41 18 2984
41 19 1946
41 20 1291
41 21 2373
41 22 2713
41 23 2402
41 24 940
41 25 961
41 26 2382
41 27 1460
41 28 98
41 29 192
41 30 1423
41 31 2654
41 32 144
41 33 1375
41 34 2606
41 35 96
41 36 1327
41 37 2558
41 38 48
41 39 1279
41 40 2510
41 41 0
41 42 1231
41 43 2462
41 44 48
41 45 1279
41 46 2510
41 47 96
41 48 1327
41 49 2558
41 50 144
41 51 1375
41 52 2606
41 53 192
41 54 1423
41 55 2654
41 56 240
41 57 1471
41 58 2702
41 59 288
41 60 1519
41 61 2750
41 62 336
41 63 1567
41 64 2798
41 65 384
41 66 1615
41 67 2846
41 68 432
41 69 1663
41 70 2894
41 71 480
41 72 1711
41 73 2942
41 74 528
41 75 1759
41 76 2990
41 77 576
41 78 1807
41 79 3038
41 80 624
41 81 1855
41 82 3086
41 83 312
42 0 1543
42 1 503
42 2 1232
42 3 705
42 4 726
42 5 1431
42 6 198
42 7 821
42 8 1296
42 9 1740
42 10 709
42 11 1132
42 12 410
42 13 1705
42 14 1657
42 15 1235
42 16 1117
42 17 1210
42 18 1753
42 19 715
42 20 420
42 21 1142
42 22 1482
42 23 1171
42 24 771
42 25 558
42 26 1151
42 27 229
42 28 1229
42 29 1423
42 30 192
42 31 1423
42 32 1375
42 33 144
42 34 1375
42 35 1327
42 36 96
42 37 1327
42 38 1279
42 39 48
42 40 1279
42 41 1231
42 42 0
42 43 1231
42 44 1279
42 45 48
42 46 1279
42 47 1327
42 48 96
42 49 1327
42 50 1375
42 51 144
42 52 1375
42 53 1423
42 54 192
42 55 1423
42 56 1471
42 57 240
42 58 1471
42 59 1519
42 60 288
42 61 1519
42 62 1567
42 63 336
42 64 1567
42 65 1615
42 66 384
42 67 1615
42 68 1663
42 69 432
42 70 1663
42 71 1711
42 72 480
42 73 1711
42 74 1759
42 75 528
42 76 1759
42 77 1807
42 78 576
42 79 1807
42 80 1855
42 81 624
42 82 1855
42 83 1543
43 0 2774
43 1 1400
43 2 2463
43 3 1936
43 4 1957
43 5 664
43 6 1225
43 7 2052
43 8 2527
43 9 2971
43 10 618
43 11 2363
43 12 1641
43 13 2936
43 14 630
43 15 572
43 16 402
43 17 885
43 18 726
43 19 1092
43 20 1651
43 21 1337
43 22 325
43 23 924
43 24 2002
43 25 1789
43 26 176
43 27 1386
43 28 2460
43 29 2654
43 30 1423
43 31 192
43 32 2606
43 33 1375
43 34 144
43 35 2558
43 36 1327
43 37 96
43 38 2510
43 39 1279
43 40 48
43 41 2462
43 42 1231
43 43 0
43 44 2510
43 45 1279
43 46 48
43 47 2558
43 48 1327
43 49 96
43 50 2606
43 51 1375
43 52 144
43 53 2654
43 54 1423
43 55 192
43 56 2702
43 57 1471
43 58 240
43 59 2750
43 60 1519
43 61 288
43 62 2798
43 63 1567
43 64 336
43 65 2846
43 66 1615
43 67 384
43 68 2894
43 69 1663
43 70 432
43 71 2942
43 72 1711
43 73 480
43 74 2990
43 75 1759
43 76 528
43 77 3038
43 78 1807
43 79 576
43 80 3086
43 81 1855
43 82 624
43 83 2774
44 0 360
44 1 1686
44 2 911
44 3 766
44 4 553
44 5 2614
44 6 1477
44 7 1514
44 8 559
44 9 691
44 10 1892
44 11 915
44 12 869
44 13 630
44 14 2840
44 15 2418
44 16 2396
44 17 2393
44 18 2936
44 19 1898
44 20 1243
44 21 2325
44 22 2665
44 23 2354
44 24 892
44 25 913
44 26 2430
44 27 1412
44 28 50
44 29 240
44 30 1471
44 31 2702
44 32 192
44 33 1423
44 34 2654
44 35 144
44 36 1375
44 37 2606
44 38 96
44 39 1327
44 40 2558
44 41 48
44 42 1279
44 43 2510
44 44 0
44 45 1231
44 46 2462
44 47 48
44 48 1279
44 49 2510
44 50 96
44 51 1327
44 52 2558
44 53 144
44 54 1375
44 55 2606
44 56 192
44 57 1423
44 58 2654
44 59 240
44 60 1471
44 61 2702
44 62 288
44 63 1519
44 64 2750
44 65 336
44 66 1567
44 67 2798
44 68 384
44 69 1615
44 70 2846
44 71 432
44 72 1663
44 73 2894
44 74 480
44 75 1711
44 76 2942
44 77 528
44 78 1759
44 79 2990
44 80 576
44 81 1807
44 82 3038
44 83 360
45 0 1591
45 1 455
45 2 1184
45 3 753
45 4 774
45 5 1383
45 6 246
45 7 773
45 8 1248
45 9 1692
45 10 661
45 11 1084
45 12 362
45 13 1657
45 14 1609
45 15 1187
45 16 1165
45 17 1162
45 18 1705
45 19 667
45 20 372
45 21 1094
45 22 1434
45 23 1123
45 24 723
45 25 510
45 26 1199
45 27 181
45 28 1181
45 29 1471
45 30 240
45 31 1471
45 32 1423
45 33 192
45 34 1423
45 35 1375
45 36 144
45 37 1375
45 38 1327
45 39 96
45 40 1327
45 41 1279
45 42 48
45 43 1279
45 44 1231
45 45 0
45 46 1231
45 47 1279
45 48 48
45 49 1279
45 50 1327
45 51 96
45 52 1327
45 53 1375
45 54 144
45 55 1375
45 56 1423
45 57 192
45 58 1423
45 59 1471
45 60 240
45 61 1471
45 62 1519
45 63 288
45 64 1519
45 65 1567
45 66 336
45 67 1567
45 68 1615
45 69 384
45 70 1615
45 71 1663
45 72 432
45 73 1663
45 74 1711
45 75 480
45 76 1711
45 77 1759
45 78 528
45 79 1759
45 80 1807
45 81 576
45 82 1807
45 83 1591
46 0 2822
46 1 1352
46 2 2415
46 3 1984
46 4 2005
46 5 616
46 6 1273
46 7 2004
46 8 2479
46 9 2923
46 10 570
46 11 2315
46 12 1593
46 13 2888
46 14 582
46 15 524
46 16 450
46 17 837
46 18 678
46 19 1044
46 20 1603
46 21 1289
46 22 277
46 23 876
46 24 1954
46 25 1741
46 26 224
46 27 1338
46 28 2412
46 29 2702
46 30 1471
46 31 240
46 32 2654
46 33 1423
46 34 192
46 35 2606
46 36 1375
46 37 144
46 38 2558
46 39 1327
46 40 96
46 41 2510
46 42 1279
46 43 48
46 44 2462
46 45 1231
46 46 0
46 47 2510
46 48 1279
46 49 48
46 50 2558
46 51 1327
46 52 96
46 53 2606
46 54 1375
46 55 144
46 56 2654
46 57 1423
46 58 192
46 59 2702
46 60 1471
46 61 240
46 62 2750
46 63 1519
46 64 288
46 65 2798
46 66 1567
46 67 336
46 68 2846
46 69 1615
46 70 384
46 71 2894
46 72 1663
46 73 432
46 74 2942
46 75 1711
46 76 480
46 77 2990
46 78 1759
46 79 528
46 80 3038
46 81 1807
46 82 576
46 83 2822
47 0 408
47 1 1638
47 2 863
47 3 814
47 4 601
47 5 2566
47 6 1525
47 7 1466
47 8 511
47 9 643
47 10 1940
47 11 867
47 12 917
47 13 582
47 14 2792
47 15 2370
47 16 2444
47 17 2345
47 18 2888
47 19 1850
47 20 1195
47 21 2277
47 22 2617
47 23 2306
47 24 844
47 25 865
47 26 2478
47 27 1364
47 28 98
47 29 288
47 30 1519
47 31 2750
47 32 240
47 33 1471
47 34 2702
47 35 192
47 36 1423
47 37 2654
47 38 144
47 39 1375
47 40 2606
47 41 96
47 42 1327
47 43 2558
47 44 48
47 45 1279
47 46 2510
47 47 0
47 48 1231
47 49 2462
47 50 48
47 51 1279
47 52 2510
47 53 96
47 54 1327
47 55 2558
47 56 144
47 57 1375
47 58 2606
47 59 192
47 60 1423
47 61 2654
47 62 240
47 63 1471
47 64 2702
47 65 288
47 66 1519
47 67 2750
47 68 336
47 69 1567
47 70 2798
47 71 384
47 72 1615
47 73 2846
47 74 432
47 75 1663
47 76 2894
47 77 480
47 78 1711
47 79 2942
47 80 528
47 81 1759
47 82 2990
47 83 408
48 0 1639
48 1 407
48 2 1136
48 3 801
48 4 822
48 5 1335
48 6 294
48 7 725
48 8 1200
48 9 1644
48 10 709
48 11 1036
48 12 410
48 13 1609
48 14 1561
48 15 1139
48 16 1213
48 17 1114
48 18 1657
48 19 619
48 20 324
48 21 1046
48 22 1386
48 23 1075
48 24 675
48 25 462
48 26 1247
48 27 133
48 28 1229
48 29 1519
48 30 288
48 31 1519
48 32 1471
48 33 240
48 34 1471
48 35 1423
48 36 192
48 37 1423
48 38 1375
48 39 144
48 40 1375
48 41 1327
48 42 96
48 43 1327
48 44 1279
48 45 48
48 46 1279
48 47 1231
48 48 0
48 49 1231
48 50 1279
48 51 48
48 52 1279
48 53 1327
48 54 96
48 55 1327
48 56 1375
48 57 144
48 58 1375
48 59 1423
48 60 192
48 61 1423
48 62 1471
48 63 240
48 64 1471
48 65 1519
48 66 288
48 67 1519
48 68 1567
48 69 336
48 70 1567
48 71 1615
48 72 384
48 73 1615
48 74 1663
48 75 432
48 76 1663
48 77 1711
48 78 480
48 79 1711
48 80 1759
48 81 528
48 82 1759
48 83 1639
49 0 2870
49 1 1304
49 2 2367
49 3 2032
49 4 2053
49 5 568
49 6 1321
49 7 1956
49 8 2431
49 9 2875
49 10 618
49 11 2267
49 12 1641
49 13 2840
49 14 534
49 15 476
49 16 498
49 17 789
49 18 630
49 19 996
49 20 1555
49 21 1241
49 22 229
49 23 828
49 24 1906
49 25 1693
49 26 272
49 27 1290
49 28 2460
49 29 2750
49 30 1519
49 31 288
49 32 2702
49 33 1471
49 34 240
49 35 2654
49 36 1423
49 37 192
49 38 2606
49 39 1375
49 40 144
49 41 2558
49 42 1327
49 43 96
49 44 2510
49 45 1279
49 46 48
49 47 2462
49 48 1231
49 49 0
49 50 2510
49 51 1279
49 52 48
49 53 2558
49 54 1327
49 55 96
49 56 2606
49 57 1375
49 58 144
49 59 2654
49 60 1423
49 61 192
49 62 2702
49 63 1471
49 64 240
49 65 2750
49 66 1519
49 67 288
49 68 2798
49 69 1567
49 70 336
49 71 2846
49 72 1615
49 73 384
49 74 2894
49 75 1663
49 76 432
49 77 2942
49 78 1711
49 79 480
49 80 2990
49 81 1759
49 82 528
49 83 2870
50 0 456
50 1 1590
50 2 815
50 3 862
50 4 649
50 5 2518
50 6 1573
50 7 1418
50 8 463
50 9 595
50 10 1988
50 11 819
50 12 965
50 13 534
50 14 2744
50 15 2322
50 16 2492
50 17 2297
50 18 2840
50 19 1802
50 20 1147
50 21 2229
50 22 2569
50 23 2258
50 24 796
50 25 817
50 26 2526
50 27 1316
50 28 146
50 29 336
50 30 1567
50 31 2798
50 32 288
50 33 1519
50 34 2750
50 35 240
50 36 1471
50 37 2702
50 38 192
50 39 1423
50 40 2654
50 41 144
50 42 1375
50 43 2606
50 44 96
50 45 1327
50 46 2558
50 47 48
50 48 1279
50 49 2510
50 50 0
50 51 1231
50 52 2462
50 53 48
50 54 1279
50 55 2510
50 56 96
50 57 1327
50 58 2558
50 59 144
50 60 1375
50 61 2606
50 62 192
50 63 1423
50 64 2654
50 65 240
50 66 1471
50 67 2702
50 68 288
50 69 1519
50 70 2750
50 71 336
50 72 1567
50 73 2798
50 74 384
50 75 1615
50 76 2846
50 77 432
50 78 1663
50 79 2894
50 80 480
50 81 1711
50 82 2942
50 83 456
51 0 1687
51 1 359
51 2 1088
51 3 849
51 4 870
51 5 1287
51 6 342
51 7 677
51 8 1152
51 9 1596
51 10 757
51 11 988
51 12 458
51 13 1561
51 14 1513
51 15 1091
51 16 1261
51 17 1066
51 18 1609
51 19 571
51 20 276
51 21 998
51 22 1338
51 23 1027
51 24 627
51 25 414
51 26 1295
51 27 85
51 28 1277
51 29 1567
51 30 336
51 31 1567
51 32 1519
51 33 288
51 34 1519
51 35 1471
51 36 240
51 37 1471
51 38 1423
51 39 192
51 40 1423
51 41 1375
51 42 144
51 43 1375
51 44 1327
51 45 96
51 46 1327
51 47 1279
51 48 48
51 49 1279
51 50 1231
51 51 0
51 52 1231
51 53 1279
51 54 48
51 55 1279
51 56 1327
51 57 96
51 58 1327
51 59 1375
51 60 144
51 61 1375
51 62 1423
51 63 192
51 64 1423
51 65 1471
51 66 240
51 67 1471
51 68 1519
51 69 288
51 70 1519
51 71 1567
51 72 336
51 73 1567
51 74 1615
51 75 384
51 76 1615
51 77 1663
51 78 432
51 79 1663
51 80 1711
51 81 480
51 82 1711
51 83 1687
52 0 2918
52 1 1256
52 2 2319
52 3 2080
52 4 2101
52 5 520
52 6 1369
52 7 1908
52 8 2383
52 9 2827
52 10 666
52 11 2219
52 12 1689
52 13 2792
52 14 486
52 15 428
52 16 546
52 17 741
52 18 582
52 19 948
52 20 1507
52 21 1193
52 22 181
52 23 780
52 24 1858
52 25 1645
52 26 320
52 27 1242
52 28 2508
52 29 2798
52 30 1567
52 31 336
52 32 2750
52 33 1519
52 34 288
52 35 2702
52 36 1471
52 37 240
52 38 2654
52 39 1423
52 40 192
52 41 2606
52 42 1375
52 43 144
52 44 2558
52 45 1327
52 46 96
52 47 2510
52 48 1279
52 49 48
52 50 2462
52 51 1231
52 52 0
52 53 2510
52 54 1279
52 55 48
52 56 2558
52 57 1327
52 58 96
52 59 2606
52 60 1375
52 61 144
52 62 2654
52 63 1423
52 64 192
52 65 2702
52 66 1471
52 67 240
52 68 2750
52 69 1519
52 70 288
52 71 2798
52 72 1567
52 73 336
52 74 2846
52 75 1615
52 76 384
52 77 2894
52 78 1663
52 79 432
52 80 2942
52 81 1711
52 82 480
52 83 2918
53 0 504
53 1 1542
53 2 767
53 3 910
53 4 697
53 5 2470
53 6 1621
53 7 1370
53 8 415
53 9 547
53 10 2036
53 11 771
53 12 1013
53 13 486
53 14 2696
53 15 2274
53 16 2540
53 17 2249
53 18 2792
53 19 1754
53 20 1099
53 21 2181
53 22 2521
53 23 2210
53 24 748
53 25 865
53 26 2574
53 27 1268
53 28 194
53 29 384
53 30 1615
53 31 2846
53 32 336
53 33 1567
53 34 2798
53 35 288
53 36 1519
53 37 2750
53 38 240
53 39 1471
53 40 2702
53 41 192
53 42 1423
53 43 2654
53 44 144
53 45 1375
53 46 2606
53 47 96
53 48 1327
53 49 2558
53 50 48
53 51 1279
53 52 2510
53 53 0
53 54 1231
53 55 2462
53 56 48
53 57 1279
53 58 2510
53 59 96
53 60 1327
53 61 2558
53 62 144
53 63 1375
53 64 2606
53 65 192
53 66 1423
53 67 2654
53 68 240
53 69 1471
53 70 2702
53 71 288
53 72 1519
53 73 2750
53 74 336
53 75 1567
53 76 2798
53 77 384
53 78 1615
53 79 2846
53 80 432
53 81 1663
53 82 2894
53 83 504
54 0 1735
54 1 311
54 2 1040
54 3 897
54 4 918
54 5 1239
54 6 390
54 7 629
54 8 1104
54 9 1548
54 10 805
54 11 940
54 12 506
54 13 1513
54 14 1465
54 15 1043
54 16 1309
54 17 1018
54 18 1561
54 19 523
54 20 228
54 21 950
54 22 1290
54 23 979
54 24 579
54 25 462
54 26 1343
54 27 37
54 28 1325
54 29 1615
54 30 384
54 31 1615
54 32 1567
54 33 336
54 34 1567
54 35 1519
54 36 288
54 37 1519
54 38 1471
54 39 240
54 40 1471
54 41 1423
54 42 192
54 43 1423
54 44 1375
54 45 144
54 46 1375
54 47 1327
54 48 96
54 49 1327
54 50 1279
54 51 48
54 52 1279
54 53 1231
54 54 0
54 55 1231
54 56 1279
54 57 48
54 58 1279
54 59 1327
54 60 96
54 61 1327
54 62 1375
54 63 144
54 64 1375
54 65 1423
54 66 192
54 67 1423
54 68 1471
54 69 240
54 70 1471
54 71 1519
54 72 288
54 73 1519
54 74 1567
54 75 336
54 76 1567
54 77 1615
54 78 384
54 79 1615
54 80 1663
54 81 432
54 82 1663
54 83 1735
55 0 2966
55 1 1208
55 2 2271
55 3 2128
55 4 2149
55 5 472
55 6 1417
55 7 1860
55 8 2335
55 9 2779
55 10 714
55 11 2171
55 12 1737
55 13 2744
55 14 438
55 15 380
55 16 594
55 17 693
55 18 534
55 19 900
55 20 1459
55 21 1145
55 22 133
55 23 732
55 24 1810
55 25 1693
55 26 368
55 27 1194
55 28 2556
55 29 2846
55 30 1615
55 31 384
55 32 2798
55 33 1567
55 34 336
55 35 2750
55 36 1519
55 37 288
55 38 2702
55 39 1471
55 40 240
55 41 2654
55 42 1423
55 43 192
55 44 2606
55 45 1375
55 46 144
55 47 2558
55 48 1327
55 49 96
55 50 2510
55 51 1279
55 52 48
55 53 2462
55 54 1231
55 55 0
55 56 2510
55 57 1279
55 58 48
55 59 2558
55 60 1327
55 61 96
55 62 2606
55 63 1375
55 64 144
55 65 2654
55 66 1423
55 67 192
55 68 2702
55 69 1471
55 70 240
55 71 2750
55 72 1519
55 73 288
55 74 2798
55 75 1567
55 76 336
55 77 2846
55 78 1615
55 79 384
55 80 2894
55 81 1663
55 82 432
55 83 2966
56 0 552
56 1 1494
56 2 719
56 3 958
56 4 745
56 5 2422
56 6 1669
56 7 1322
56 8 367
56 9 499
56 10 2084
56 11 723
56 12 1061
56 13 438
56 14 2648
56 15 2226
56 16 2588
56 17 2201
56 18 2744
56 19 1706
56 20 1051
56 21 2133
56 22 2473
56 23 2162
56 24 700
56 25 913
56 26 2622
56 27 1316
56 28 242
56 29 432
56 30 1663
56 31 2894
56 32 384
56 33 1615
56 34 2846
56 35 336
56 36 1567
56 37 2798
56 38 288
56 39 1519
56 40 2750
56 41 240
56 42 1471
56 43 2702
56 44 192
56 45 1423
56 46 2654
56 47 144
56 48 1375
56 49 2606
56 50 96
56 51 1327
56 52 2558
56 53 48
56 54 1279
56 55 2510
56 56 0
56 57 1231
56 58 2462
56 59 48
56 60 1279
56 61 2510
56 62 96
56 63 1327
56 64 2558
56 65 144
56 66 1375
56 67 2606
56 68 192
56 69 1423
56 70 2654
56 71 240
56 72 1471
56 73 2702
56 74 288
56 75 1519
56 76 2750
56 77 336
56 78 1567
56 79 2798
56 80 384
56 81 1615
56 82 2846
56 83 552
57 0 1783
57 1 263
57 2 992
57 3 945
57 4 966
57 5 1191
57 6 438
57 7 581
57 8 1056
57 9 1500
57 10 853
57 11 892
57 12 554
57 13 1465
57 14 1417
57 15 995
57 16 1357
57 17 970
57 18 1513
57 19 475
57 20 180
57 21 902
57 22 1242
57 23 931
57 24 531
57 25 510
57 26 1391
57 27 85
57 28 1373
57 29 1663
57 30 432
57 31 1663
57 32 1615
57 33 384
57 34 1615
57 35 1567
57 36 336
57 37 1567
57 38 1519
57 39 288
57 40 1519
57 41 1471
57 42 240
57 43 1471
57 44 1423
57 45 192
57 46 1423
57 47 1375
57 48 144
57 49 1375
57 50 1327
57 51 96
57 52 1327
57 53 1279
57 54 48
57 55 1279
57 56 1231
57 57 0
57 58 1231
57 59 1279
57 60 48
57 61 1279
57 62 1327
57 63 96
57 64 1327
57 65 1375
57 66 144
57 67 1375
57 68 1423
57 69 192
57 70 1423
57 71 1471
57 72 240
57 73 1471
57 74 1519
57 75 288
57 76 1519
57 77 1567
57 78 336
57 79 1567
57 80 1615
57 81 384
57 82 1615
57 83 1783
58 0 3014
58 1 1160
58 2 2223
58 3 2176
58 4 2197
58 5 424
58 6 1465
58 7 1812
58 8 2287
58 9 2731
58 10 762
58 11 2123
58 12 1785
58 13 2696
58 14 390
58 15 332
58 16 642
58 17 645
58 18 486
58 19 852
58 20 1411
58 21 1097
58 22 85
58 23 684
58 24 1762
58 25 1741
58 26 416
58 27 1242
58 28 2604
58 29 2894
58 30 1663
58 31 432
58 32 2846
58 33 1615
58 34 384
58 35 2798
58 36 1567
58 37 336
58 38 2750
58 39 1519
58 40 288
58 41 2702
58 42 1471
58 43 240
58 44 2654
58 45 1423
58 46 192
58 47 2606
58 48 1375
58 49 144
58 50 2558
58 51 1327
58 52 96
58 53 2510
58 54 1279
58 55 48
58 56 2462
58 57 1231
58 58 0
58 59 2510
58 60 1279
58 61 48
58 62 2558
58 63 1327
58 64 96
58 65 2606
58 66 1375
58 67 144
58 68 2654
58 69 1423
58 70 192
58 71 2702
58 72 1471
58 73 240
58 74 2750
58 75 1519
58 76 288
58 77 2798
58 78 1567
58 79 336
58 80 2846
58 81 1615
58 82 384
58 83 3014
59 0 600
59 1 1446
59 2 671
59 3 1006
59 4 793
59 5 2374
59 6 1717
59 7 1274
59 8 319
59 9 451
59 10 2132
59 11 675
59 12 1109
59 13 390
59 14 2600
59 15 2178
59 16 2636
59 17 2153
59 18 2696
59 19 1658
59 20 1099
59 21 2085
59 22 2425
59 23 2114
59 24 748
59 25 961
59 26 2670
59 27 1364
59 28 290
59 29 480
59 30 1711
59 31 2942
59 32 432
59 33 1663
59 34 2894
59 35 384
59 36 1615
59 37 2846
59 38 336
59 39 1567
59 40 2798
59 41 288
59 42 1519
59 43 2750
59 44 240
59 45 1471
59 46 2702
59 47 192
59 48 1423
59 49 2654
59 50 144
59 51 1375
59 52 2606
59 53 96
59 54 1327
59 55 2558
59 56 48
59 57 1279
59 58 2510
59 59 0
59 60 1231
59 61 2462
59 62 48
59 63 1279
59 64 2510
59 65 96
59 66 1327
59 67 2558
59 68 144
59 69 1375
59 70 2606
59 71 192
59 72 1423
59 73 2654
59 74 240
59 75 1471
59 76 2702
59 77 288
59 78 1519
59 79 2750
59 80 336
59 81 1567
59 82 2798
59 83 600
60 0 1831
60 1 215
60 2 944
60 3 993
60 4 1014
60 5 1143
60 6 486
60 7 533
60 8 1008
60 9 1452
60 10 901
60 11 844
60 12 602
60 13 1417
60 14 1369
60 15 947
60 16 1405
60 17 922
60 18 1465
60 19 427
60 20 228
60 21 854
60 22 1194
60 23 883
60 24 579
60 25 558
60 26 1439
60 27 133
60 28 1421
60 29 1711
60 30 480
60 31 1711
60 32 1663
60 33 432
60 34 1663
60 35 1615
60 36 384
60 37 1615
60 38 1567
60 39 336
60 40 1567
60 41 1519
60 42 288
60 43 1519
60 44 1471
60 45 240
60 46 1471
60 47 1423
60 48 192
60 49 1423
60 50 1375
60 51 144
60 52 1375
60 53 1327
60 54 96
60 55 1327
60 56 1279
60 57 48
60 58 1279
60 59 1231
60 60 0
60 61 1231
60 62 1279
60 63 48
60 64 1279
60 65 1327
60 66 96
60 67 1327
60 68 1375
60 69 144
60 70 1375
60 71 1423
60 72 192
60 73 1423
60 74 1471
60 75 240
60 76 1471
60 77 1519
60 78 288
60 79 1519
60 80 1567
60 81 336
60 82 1567
60 83 1831
61 0 3062
61 1 1112
61 2 2175
61 3 2224
61 4 2245
61 5 376
61 6 1513
61 7 1764
61 8 2239
61 9 2683
61 10 810
61 11 2075
61 12 1833
61 13 2648
61 14 342
61 15 284
61 16 690
61 17 597
61 18 438
61 19 804
61 20 1459
61 21 1049
61 22 37
61 23 636
61 24 1810
61 25 1789
61 26 464
61 27 1290
61 28 2652
61 29 2942
61 30 1711
61 31 480
61 32 2894
61 33 1663
61 34 432
61 35 2846
61 36 1615
61 37 384
61 38 2798
61 39 1567
61 40 336
61 41 2750
61 42 1519
61 43 288
61 44 2702
61 45 1471
61 46 240
61 47 2654
61 48 1423
61 49 192
61 50 2606
61 51 1375
61 52 144
61 53 2558
61 54 1327
61 55 96
61 56 2510
61 57 1279
61 58 48
61 59 2462
61 60 1231
61 61 0
61 62 2510
61 63 1279
61 64 48
61 65 2558
61 66 1327
61 67 96
61 68 2606
61 69 1375
61 70 144
61 71 2654
61 72 1423
61 73 192
61 74 2702
61 75 1471
61 76 240
61 77 2750
61 78 1519
61 79 288
61 80 2798
61 81 1567
61 82 336
61 83 3062
62 0 648
62 1 1398
62 2 623
62 3 1054
62 4 841
62 5 2326
62 6 1765
62 7 1226
62 8 271
62 9 403
62 10 2180
62 11 627
62 12 1157
62 13 342
62 14 2552
62 15 2226
62 16 2684
62 17 2105
62 18 2648
62 19 1706
62 20 1147
62 21 2037
62 22 2473
62 23 2066
62 24 796
62 25 1009
62 26 2718
62 27 1412
62 28 338
62 29 528
62 30 1759
62 31 2990
62 32 480
62 33 1711
62 34 2942
62 35 432
62 36 1663
62 37 2894
62 38 384
62 39 1615
62 40 2846
62 41 336
62 42 1567
62 43 2798
62 44 288
62 45 1519
62 46 2750
62 47 240
62 48 1471
62 49 2702
62 50 192
62 51 1423
62 52 2654
62 53 144
62 54 1375
62 55 2606
62 56 96
62 57 1327
62 58 2558
62 59 48
62 60 1279
62 61 2510
62 62 0
62 63 1231
62 64 2462
62 65 48
62 66 1279
62 67 2510
62 68 96
62 69 1327
62 70 2558
62 71 144
62 72 1375
62 73 2606
62 74 192
62 75 1423
62 76 2654
62 77 240
62 78 1471
62 79 2702
62 80 288
62 81 1519
62 82 2750
62 83 648
63 0 1879
63 1 167
63 2 896
63 3 1041
63 4 1062
63 5 1095
63 6 534
63 7 485
63 8 960
63 9 1404
63 10 949
63 11 796
63 12 650
63 13 1369
63 14 1321
63 15 995
63 16 1453
63 17 874
63 18 1417
63 19 475
63 20 276
63 21 806
63 22 1242
63 23 835
63 24 627
63 25 606
63 26 1487
63 27 181
63 28 1469
63 29 1759
63 30 528
63 31 1759
63 32 1711
63 33 480
63 34 1711
63 35 1663
63 36 432
63 37 1663
63 38 1615
63 39 384
63 40 1615
63 41 1567
63 42 336
63 43 1567
63 44 1519
63 45 288
63 46 1519
63 47 1471
63 48 240
63 49 1471
63 50 1423
63 51 192
63 52 1423
63 53 1375
63 54 144
63 55 1375
63 56 1327
63 57 96
63 58 1327
63 59 1279
63 60 48
63 61 1279
63 62 1231
63 63 0
63 64 1231
63 65 1279
63 66 48
63 67 1279
63 68 1327
63 69 96
63 70 1327
63 71 1375
63 72 144
63 73 1375
63 74 1423
63 75 192
63 76 1423
63 77 1471
63 78 240
63 79 1471
63 80 1519
63 81 288
63 82 1519
63 83 1879
64 0 3110
64 1 1064
64 2 2127
64 3 2272
64 4 2293
64 5 328
64 6 1561
64 7 1716
64 8 2191
64 9 2635
64 10 858
64 11 2027
64 12 1881
64 13 2600
64 14 294
64 15 332
64 16 738
64 17 549
64 18 390
64 19 852
64 20 1507
64 21 1001
64 22 85
64 23 588
64 24 1858
64 25 1837
64 26 512
64 27 1338
64 28 2700
64 29 2990
64 30 1759
64 31 528
64 32 2942
64 33 1711
64 34 480
64 35 2894
64 36 1663
64 37 432
64 38 2846
64 39 1615
64 40 384
64 41 2798
64 42 1567
64 43 336
64 44 2750
64 45 1519
64 46 288
64 47 2702
64 48 1471
64 49 240
64 50 2654
64 51 1423
64 52 192
64 53 2606
64 54 1375
64 55 144
64 56 2558
64 57 1327
64 58 96
64 59 2510
64 60 1279
64 61 48
64 62 2462
64 63 1231
64 64 0
64 65 2510
64 66 1279
64 67 48
64 68 2558
64 69 1327
64 70 96
64 71 2606
64 72 1375
64 73 144
64 74 2654
64 75 1423
64 76 192
64 77 2702
64 78 1471
64 79 240
64 80 2750
64 81 1519
64 82 288
64 83 3110
65 0 696
65 1 1446
65 2 575
65 3 1102
65 4 889
65 5 2278
65 6 1813
65 7 1178
65 8 319
65 9 355
65 10 2228
65 11 579
65 12 1205
65 13 294
65 14 2504
65 15 2274
65 16 2732
65 17 2057
65 18 2600
65 19 1754
65 20 1195
65 21 1989
65 22 2521
65 23 2018
65 24 844
65 25 1057
65 26 2766
65 27 1460
65 28 386
65 29 576
65 30 1807
65 31 3038
65 32 528
65 33 1759
65 34 2990
65 35 480
65 36 1711
65 37 2942
65 38 432
65 39 1663
65 40 2894
65 41 384
65 42 1615
65 43 2846
65 44 336
65 45 1567
65 46 2798
65 47 288
65 48 1519
65 49 2750
65 50 240
65 51 1471
65 52 2702
65 53 192
65 54 1423
65 55 2654
65 56 144
65 57 1375
65 58 2606
65 59 96
65 60 1327
65 61 2558
65 62 48
65 63 1279
65 64 2510
65 65 0
65 66 1231
65 67 2462
65 68 48
65 69 1279
65 70 2510
65 71 96
65 72 1327
65 73 2558
65 74 144
65 75 1375
65 76 2606
65 77 192
65 78 1423
65 79 2654
65 80 240
65 81 1471
65 82 2702
65 83 696
66 0 1927
66 1 215
66 2 848
66 3 1089
66 4 1110
66 5 1047
66 6 582
66 7 437
66 8 1008
66 9 1356
66 10 997
66 11 748
66 12 698
66 13 1321
66 14 1273
66 15 1043
66 16 1501
66 17 826
66 18 1369
66 19 523
66 20 324
66 21 758
66 22 1290
66 23 787
66 24 675
66 25 654
66 26 1535
66 27 229
66 28 1517
66 29 1807
66 30 576
66 31 1807
66 32 1759
66 33 528
66 34 1759
66 35 1711
66 36 480
66 37 1711
66 38 1663
66 39 432
66 40 1663
66 41 1615
66 42 384
66 43 1615
66 44 1567
66 45 336
66 46 1567
66 47 1519
66 48 288
66 49 1519
66 50 1471
66 51 240
66 52 1471
66 53 1423
66 54 192
66 55 1423
66 56 1375
66 57 144
66 58 1375
66 59 1327
66 60 96
66 61 1327
66 62 1279
66 63 48
66 64 1279
66 65 1231
66 66 0
66 67 1231
66 68 1279
66 69 48
66 70 1279
66 71 1327
66 72 96
66 73 1327
66 74 1375
66 75 144
66 76 1375
66 77 1423
66 78 192
66 79 1423
66 80 1471
66 81 240
66 82 1471
66 83 1927
67 0 3158
67 1 1112
67 2 2079
67 3 2320
67 4 2341
67 5 280
67 6 1609
67 7 1668
67 8 2239
67 9 2587
67 10 906
67 11 1979
67 12 1929
67 13 2552
67 14 246
67 15 380
67 16 786
67 17 501
67 18 342
67 19 900
67 20 1555
67 21 953
67 22 133
67 23 540
67 24 1906
67 25 1885
67 26 560
67 27 1386
67 28 2748
67 29 3038
67 30 1807
67 31 576
67 32 2990
67 33 1759
67 34 528
67 35 2942
67 36 1711
67 37 480
67 38 2894
67 39 1663
67 40 432
67 41 2846
67 42 1615
67 43 384
67 44 2798
67 45 1567
67 46 336
67 47 2750
67 48 1519
67 49 288
67 50 2702
67 51 1471
67 52 240
67 53 2654
67 54 1423
67 55 192
67 56 2606
67 57 1375
67 58 144
67 59 2558
67 60 1327
67 61 96
67 62 2510
67 63 1279
67 64 48
67 65 2462
67 66 1231
67 67 0
67 68 2510
67 69 1279
67 70 48
67 71 2558
67 72 1327
67 73 96
67 74 2606
67 75 1375
67 76 144
67 77 2654
67 78 1423
67 79 192
67 80 2702
67 81 1471
67 82 240
67 83 3158
68 0 744
68 1 1494
68 2 527
68 3 1150
68 4 937
68 5 2230
68 6 1861
68 7 1130
68 8 367
68 9 307
68 10 2276
68 11 531
68 12 1253
68 13 246
68 14 2456
68 15 2322
68 16 2780
68 17 2009
68 18 2552
68 19 1802
68 20 1243
68 21 1941
68 22 2569
68 23 1970
68 24 892
68 25 1105
68 26 2814
68 27 1508
68 28 434
68 29 624
68 30 1855
68 31 3086
68 32 576
68 33 1807
68 34 3038
68 35 528
68 36 1759
68 37 2990
68 38 480
68 39 1711
68 40 2942
68 41 432
68 42 1663
68 43 2894
68 44 384
68 45 1615
68 46 2846
68 47 336
68 48 1567
68 49 2798
68 50 288
68 51 1519
68 52 2750
68 53 240
68 54 1471
68 55 2702
68 56 192
68 57 1423
68 58 2654
68 59 144
68 60 1375
68 61 2606
68 62 96
68 63 1327
68 64 2558
68 65 48
68 66 1279
68 67 2510
68 68 0
68 69 1231
68 70 2462
68 71 48
68 72 1279
68 73 2510
68 74 96
68 75 1327
68 76 2558
68 77 144
68 78 1375
68 79 2606
68 80 192
68 81 1423
68 82 2654
68 83 744
69 0 1975
69 1 263
69 2 800
69 3 1137
69 4 1158
69 5 999
69 6 630
69 7 389
69 8 1056
69 9 1308
69 10 1045
69 11 700
69 12 746
69 13 1273
69 14 1225
69 15 1091
69 16 1549
69 17 778
69 18 1321
69 19 571
69 20 372
69 21 710
69 22 1338
69 23 739
69 24 723
69 25 702
69 26 1583
69 27 277
69 28 1565
69 29 1855
69 30 624
69 31 1855
69 32 1807
69 33 576
69 34 1807
69 35 1759
69 36 528
69 37 1759
69 38 1711
69 39 480
69 40 1711
69 41 1663
69 42 432
69 43 1663
69 44 1615
69 45 384
69 46 1615
69 47 1567
69 48 336
69 49 1567
69 50 1519
69 51 288
69 52 1519
69 53 1471
69 54 240
69 55 1471
69 56 1423
69 57 192
69 58 1423
69 59 1375
69 60 144
69 61 1375
69 62 1327
69 63 96
69 64 1327
69 65 1279
69 66 48
69 67 1279
69 68 1231
69 69 0
69 70 1231
69 71 1279
69 72 48
69 73 1279
69 74 1327
69 75 96
69 76 1327
69 77 1375
69 78 144
69 79 1375
69 80 1423
69 81 192
69 82 1423
69 83 1975
70 0 3206
70 1 1160
70 2 2031
70 3 2368
70 4 2389
70 5 232
70 6 1657
70 7 1620
70 8 2287
70 9 2539
70 10 954
70 11 1931
70 12 1977
70 13 2504
70 14 198
70 15 428
70 16 834
70 17 453
70 18 294
70 19 948
70 20 1603
70 21 905
70 22 181
70 23 492
70 24 1954
70 25 1933
70 26 608
70 27 1434
70 28 2796
70 29 3086
70 30 1855
70 31 624
70 32 3038
70 33 1807
70 34 576
70 35 2990
70 36 1759
70 37 528
70 38 2942
70 39 1711
70 40 480
70 41 2894
70 42 1663
70 43 432
70 44 2846
70 45 1615
70 46 384
70 47 2798
70 48 1567
70 49 336
70 50 2750
70 51 1519
70 52 288
70 53 2702
70 54 1471
70 55 240
70 56 2654
70 57 1423
70 58 192
70 59 2606
70 60 1375
70 61 144
70 62 2558
70 63 1327
70 64 96
70 65 2510
70 66 1279
70 67 48
70 68 2462
70 69 1231
70 70 0
70 71 2510
70 72 1279
70 73 48
70 74 2558
70 75 1327
70 76 96
70 77 2606
70 78 1375
70 79 144
70 80 2654
70 81 1423
70 82 192
70 83 3206
71 0 792
71 1 1542
71 2 479
71 3 1198
71 4 985
71 5 2278
71 6 1909
71 7 1082
71 8 415
71 9 259
71 10 2324
71 11 579
71 12 1301
71 13 198
71 14 2408
71 15 2370
71 16 2828
71 17 2057
71 18 2504
71 19 1850
71 20 1291
71 21 1893
71 22 2617
71 23 2018
71 24 940
71 25 1153
71 26 2862
71 27 1556
71 28 482
71 29 672
71 30 1903
71 31 3134
71 32 624
71 33 1855
71 34 3086
71 35 576
71 36 1807
71 37 3038
71 38 528
71 39 1759
71 40 2990
71 41 480
71 42 1711
71 43 2942
71 44 432
71 45 1663
71 46 2894
71 47 384
71 48 1615
71 49 2846
71 50 336
71 51 1567
71 52 2798
71 53 288
71 54 1519
71 55 2750
71 56 240
71 57 1471
71 58 2702
71 59 192
71 60 1423
71 61 2654
71 62 144
71 63 1375
71 64 2606
71 65 96
71 66 1327
71 67 2558
71 68 48
71 69 1279
71 70 2510
71 71 0
71 72 1231
71 73 2462
71 74 48
71 75 1279
71 76 2510
71 77 96
71 78 1327
71 79 2558
71 80 144
71 81 1375
71 82 2606
71 83 792
72 0 2023
72 1 311
72 2 752
72 3 1185
72 4 1206
72 5 1047
72 6 678
72 7 341
72 8 1104
72 9 1260
72 10 1093
72 11 748
72 12 794
72 13 1225
72 14 1177
72 15 1139
72 16 1597
72 17 826
72 18 1273
72 19 619
72 20 420
72 21 662
72 22 1386
72 23 787
72 24 771
72 25 750
72 26 1631
72 27 325
72 28 1613
72 29 1903
72 30 672
72 31 1903
72 32 1855
72 33 624
72 34 1855
72 35 1807
72 36 576
72 37 1807
72 38 1759
72 39 528
72 40 1759
72 41 1711
72 42 480
72 43 1711
72 44 1663
72 45 432
72 46 1663
72 47 1615
72 48 384
72 49 1615
72 50 1567
72 51 336
72 52 1567
72 53 1519
72 54 288
72 55 1519
72 56 1471
72 57 240
72 58 1471
72 59 1423
72 60 192
72 61 1423
72 62 1375
72 63 144
72 64 1375
72 65 1327
72 66 96
72 67 1327
72 68 1279
72 69 48
72 70 1279
72 71 1231
72 72 0
72 73 1231
72 74 1279
72 75 48
72 76 1279
72 77 1327
72 78 96
72 79 1327
72 80 1375
72 81 144
72 82 1375
72 83 2023
73 0 3254
73 1 1208
73 2 1983
73 3 2416
73 4 2437
73 5 280
73 6 1705
73 7 1572
73 8 2335
73 9 2491
73 10 1002
73 11 1979
73 12 2025
73 13 2456
73 14 150
73 15 476
73 16 882
73 17 501
73 18 246
73 19 996
73 20 1651
73 21 857
73 22 229
73 23 540
73 24 2002
73 25 1981
73 26 656
73 27 1482
73 28 2844
73 29 3134
73 30 1903
73 31 672
73 32 3086
73 33 1855
73 34 624
73 35 3038
73 36 1807
73 37 576
73 38 2990
73 39 1759
73 40 528
73 41 2942
73 42 1711
73 43 480
73 44 2894
73 45 1663
73 46 432
73 47 2846
73 48 1615
73 49 384
73 50 2798
73 51 1567
73 52 336
73 53 2750
73 54 1519
73 55 288
73 56 2702
73 57 1471
73 58 240
73 59 2654
73 60 1423
73 61 192
73 62 2606
73 63 1375
73 64 144
73 65 2558
73 66 1327
73 67 96
73 68 2510
73 69 1279
73 70 48
73 71 2462
73 72 1231
73 73 0
73 74 2510
73 75 1279
73 76 48
73 77 2558
73 78 1327
73 79 96
73 80 2606
73 81 1375
73 82 144
73 83 3254
74 0 840
74 1 1590
74 2 527
74 3 1246
74 4 1033
74 5 2326
74 6 1957
74 7 1034
74 8 463
74 9 211
74 10 2372
74 11 627
74 12 1349
74 13 150
74 14 2360
74 15 2418
74 16 2876
74 17 2105
74 18 2456
74 19 1898
74 20 1339
74 21 1845
74 22 2665
74 23 2066
74 24 988
74 25 1201
74 26 2910
74 27 1604
74 28 530
74 29 720
74 30 1951
74 31 3182
74 32 672
74 33 1903
74 34 3134
74 35 624
74 36 1855
74 37 3086
74 38 576
74 39 1807
74 40 3038
74 41 528
74 42 1759
74 43 2990
74 44 480
74 45 1711
74 46 2942
74 47 432
74 48 1663
74 49 2894
74 50 384
74 51 1615
74 52 2846
74 53 336
74 54 1567
74 55 2798
74 56 288
74 57 1519
74 58 2750
74 59 240
74 60 1471
74 61 2702
74 62 192
74 63 1423
74 64 2654
74 65 144
74 66 1375
74 67 2606
74 68 96
74 69 1327
74 70 2558
74 71 48
74 72 1279
74 73 2510
74 74 0
74 75 1231
74 76 2462
74 77 48
74 78 1279
74 79 2510
74 80 96
74 81 1327
74 82 2558
74 83 840
75 0 2071
75 1 359
75 2 800
75 3 1233
75 4 1254
75 5 1095
75 6 726
75 7 293
75 8 1152
75 9 1212
75 10 1141
75 11 796
75 12 842
75 13 1177
75 14 1129
75 15 1187
75 16 1645
75 17 874
75 18 1225
75 19 667
75 20 468
75 21 614
75 22 1434
75 23 835
75 24 819
75 25 798
75 26 1679
75 27 373
75 28 1661
75 29 1951
75 30 720
75 31 1951
75 32 1903
75 33 672
75 34 1903
75 35 1855
75 36 624
75 37 1855
75 38 1807
75 39 576
75 40 1807
75 41 1759
75 42 528
75 43 1759
75 44 1711
75 45 480
75 46 1711
75 47 1663
75 48 432
75 49 1663
75 50 1615
75 51 384
75 52 1615
75 53 1567
75 54 336
75 55 1567
75 56 1519
75 57 288
75 58 1519
75 59 1471
75 60 240
75 61 1471
75 62 1423
75 63 192
75 64 1423
75 65 1375
75 66 144
75 67 1375
75 68 1327
75 69 96
75 70 1327
75 71 1279
75 72 48
75 73 1279
75 74 1231
75 75 0
75 76 1231
75 77 1279
75 78 48
75 79 1279
75 80 1327
75 81 96
75 82 1327
75 83 2071
76 0 3302
76 1 1256
76 2 2031
76 3 2464
76 4 2485
76 5 328
76 6 1753
76 7 1524
76 8 2383
76 9 2443
76 10 1050
76 11 2027
76 12 2073
76 13 2408
76 14 102
76 15 524
76 16 930
76 17 549
76 18 198
76 19 1044
76 20 1699
76 21 809
76 22 277
76 23 588
76 24 2050
76 25 2029
76 26 704
76 27 1530
76 28 2892
76 29 3182
76 30 1951
76 31 720
76 32 3134
76 33 1903
76 34 672
76 35 3086
76 36 1855
76 37 624
76 38 3038
76 39 1807
76 40 576
76 41 2990
76 42 1759
76 43 528
76 44 2942
76 45 1711
76 46 480
76 47 2894
76 48 1663
76 49 432
76 50 2846
76 51 1615
76 52 384
76 53 2798
76 54 1567
76 55 336
76 56 2750
76 57 1519
76 58 288
76 59 2702
76 60 1471
76 61 240
76 62 2654
76 63 1423
76 64 192
76 65 2606
76 66 1375
76 67 144
76 68 2558
76 69 1327
76 70 96
76 71 2510
76 72 1279
76 73 48
76 74 2462
76 75 1231
76 76 0
76 77 2510
76 78 1279
76 79 48
76 80 2558
76 81 1327
76 82 96
76 83 3302
77 0 888
77 1 1638
77 2 575
77 3 1294
77 4 1081
77 5 2374
77 6 2005
77 7 986
77 8 511
77 9 163
77 10 2420
77 11 675
77 12 1397
77 13 102
77 14 2408
77 15 2466
77 16 2924
77 17 2153
77 18 2408
77 19 1946
77 20 1387
77 21 1797
77 22 2713
77 23 2114
77 24 1036
77 25 1249
77 26 2958
77 27 1652
77 28 578
77 29 768
77 30 1999
77 31 3230
77 32 720
77 33 1951
77 34 3182
77 35 672
77 36 1903
77 37 3134
77 38 624
77 39 1855
77 40 3086
77 41 576
77 42 1807
77 43 3038
77 44 528
77 45 1759
77 46 2990
77 47 480
77 48 1711
77 49 2942
77 50 432
77 51 1663
77 52 2894
77 53 384
77 54 1615
77 55 2846
77 56 336
77 57 1567
77 58 2798
77 59 288
77 60 1519
77 61 2750
77 62 240
77 63 1471
77 64 2702
77 65 192
77 66 1423
77 67 2654
77 68 144
77 69 1375
77 70 2606
77 71 96
77 72 1327
77 73 2558
77 74 48
77 75 1279
77 76 2510
77 77 0
77 78 1231
77 79 2462
77 80 48
77 81 1279
77 82 2510
77 83 888
78 0 2119
78 1 407
78 2 848
78 3 1281
78 4 1302
78 5 1143
78 6 774
78 7 245
78 8 1200
78 9 1164
78 10 1189
78 11 844
78 12 890
78 13 1129
78 14 1177
78 15 1235
78 16 1693
78 17 922
78 18 1177
78 19 715
78 20 516
78 21 566
78 22 1482
78 23 883
78 24 867
78 25 846
78 26 1727
78 27 421
78 28 1709
78 29 1999
78 30 768
78 31 1999
78 32 1951
78 33 720
78 34 1951
78 35 1903
78 36 672
78 37 1903
78 38 1855
78 39 624
78 40 1855
78 41 1807
78 42 576
78 43 1807
78 44 1759
78 45 528
78 46 1759
78 47 1711
78 48 480
78 49 1711
78 50 1663
78 51 432
78 52 1663
78 53 1615
78 54 384
78 55 1615
78 56 1567
78 57 336
78 58 1567
78 59 1519
78 60 288
78 61 1519
78 62 1471
78 63 240
78 64 1471
78 65 1423
78 66 192
78 67 1423
78 68 1375
78 69 144
78 70 1375
78 71 1327
78 72 96
78 73 1327
78 74 1279
78 75 48
78 76 1279
78 77 1231
78 78 0
78 79 1231
78 80 1279
78 81 48
78 82 1279
78 83 2119
79 0 3350
79 1 1304
79 2 2079
79 3 2512
79 4 2533
79 5 376
79 6 1801
79 7 1476
79 8 2431
79 9 2395
79 10 1098
79 11 2075
79 12 2121
79 13 2360
79 14 150
79 15 572
79 16 978
79 17 597
79 18 150
79 19 1092
79 20 1747
79 21 761
79 22 325
79 23 636
79 24 2098
79 25 2077
79 26 752
79 27 1578
79 28 2940
79 29 3230
79 30 1999
79 31 768
79 32 3182
79 33 1951
79 34 720
79 35 3134
79 36 1903
79 37 672
79 38 3086
79 39 1855
79 40 624
79 41 3038
79 42 1807
79 43 576
79 44 2990
79 45 1759
79 46 528
79 47 2942
79 48 1711
79 49 480
79 50 2894
79 51 1663
79 52 432
79 53 2846
79 54 1615
79 55 384
79 56 2798
79 57 1567
79 58 336
79 59 2750
79 60 1519
79 61 288
79 62 2702
79 63 1471
79 64 240
79 65 2654
79 66 1423
79 67 192
79 68 2606
79 69 1375
79 70 144
79 71 2558
79 72 1327
79 73 96
79 74 2510
79 75 1279
79 76 48
79 77 2462
79 78 1231
79 79 0
79 80 2510
79 81 1279
79 82 48
79 83 3350
80 0 936
80 1 1686
80 2 623
80 3 1342
80 4 1129
80 5 2422
80 6 2053
80 7 1034
80 8 559
80 9 115
80 10 2468
80 11 723
80 12 1445
80 13 150
80 14 2456
80 15 2514
80 16 2972
80 17 2201
80 18 2360
80 19 1994
80 20 1435
80 21 1749
80 22 2761
80 23 2162
80 24 1084
80 25 1297
80 26 3006
80 27 1700
80 28 626
80 29 816
80 30 2047
80 31 3278
80 32 768
80 33 1999
80 34 3230
80 35 720
80 36 1951
80 37 3182
80 38 672
80 39 1903
80 40 3134
80 41 624
80 42 1855
80 43 3086
80 44 576
80 45 1807
80 46 3038
80 47 528
80 48 1759
80 49 2990
80 50 480
80 51 1711
80 52 2942
80 53 432
80 54 1663
80 55 2894
80 56 384
80 57 1615
80 58 2846
80 59 336
80 60 1567
80 61 2798
80 62 288
80 63 1519
80 64 2750
80 65 240
80 66 1471
80 67 2702
80 68 192
80 69 1423
80 70 2654
80 71 144
80 72 1375
80 73 2606
80 74 96
80 75 1327
80 76 2558
80 77 48
80 78 1279
80 79 2510
80 80 0
80 81 1231
80 82 2462
80 83 936
81 0 2167
81 1 455
81 2 896
81 3 1329
81 4 1350
81 5 1191
81 6 822
81 7 293
81 8 1248
81 9 1116
81 10 1237
81 11 892
81 12 938
81 13 1177
81 14 1225
81 15 1283
81 16 1741
81 17 970
81 18 1129
81 19 763
81 20 564
81 21 518
81 22 1530
81 23 931
81 24 915
81 25 894
81 26 1775
81 27 469
81 28 1757
81 29 2047
81 30 816
81 31 2047
81 32 1999
81 33 768
81 34 1999
81 35 1951
81 36 720
81 37 1951
81 38 1903
81 39 672
81 40 1903
81 41 1855
81 42 624
81 43 1855
81 44 1807
81 45 576
81 46 1807
81 47 1759
81 48 528
81 49 1759
81 50 1711
81 51 480
81 52 1711
81 53 1663
81 54 432
81 55 1663
81 56 1615
81 57 384
81 58 1615
81 59 1567
81 60 336
81 61 1567
81 62 1519
81 63 288
81 64 1519
81 65 1471
81 66 240
81 67 1471
81 68 1423
81 69 192
81 70 1423
81 71 1375
81 72 144
81 73 1375
81 74 1327
81 75 96
81 76 1327
81 77 1279
81 78 48
81 79 1279
81 80 1231
81 81 0
81 82 1231
81 83 2167
82 0 3398
82 1 1352
82 2 2127
82 3 2560
82 4 2581
82 5 424
82 6 1849
82 7 1524
82 8 2479
82 9 2347
82 10 1146
82 11 2123
82 12 2169
82 13 2408
82 14 198
82 15 620
82 16 1026
82 17 645
82 18 102
82 19 1140
82 20 1795
82 21 713
82 22 373
82 23 684
82 24 2146
82 25 2125
82 26 800
82 27 1626
82 28 2988
82 29 3278
82 30 2047
82 31 816
82 32 3230
82 33 1999
82 34 768
82 35 3182
82 36 1951
82 37 720
82 38 3134
82 39 1903
82 40 672
82 41 3086
82 42 1855
82 43 624
82 44 3038
82 45 1807
82 46 576
82 47 2990
82 48 1759
82 49 528
82 50 2942
82 51 1711
82 52 480
82 53 2894
82 54 1663
82 55 432
82 56 2846
82 57 1615
82 58 384
82 59 2798
82 60 1567
82 61 336
82 62 2750
82 63 1519
82 64 288
82 65 2702
82 66 1471
82 67 240
82 68 2654
82 69 1423
82 70 192
82 71 2606
82 72 1375
82 73 144
82 74 2558
82 75 1327
82 76 96
82 77 2510
82 78 1279
82 79 48
82 80 2462
82 81 1231
82 82 0
82 83 3398
83 0 0
83 1 2046
83 2 1271
83 3 838
83 4 817
83 5 2974
83 6 1549
83 7 1874
83 8 919
83 9 1051
83 10 2252
83 11 1275
83 12 1229
83 13 990
83 14 3200
83 15 2778
83 16 2372
83 17 2753
83 18 3296
83 19 2258
83 20 1603
83 21 2685
83 22 3025
83 23 2714
83 24 1252
83 25 1273
83 26 2598
83 27 1772
83 28 410
83 29 120
83 30 1351
83 31 2582
83 32 168
83 33 1399
83 34 2630
83 35 216
83 36 1447
83 37 2678
83 38 264
83 39 1495
83 40 2726
83 41 312
83 42 1543
83 43 2774
83 44 360
83 45 1591
83 46 2822
83 47 408
83 48 1639
83 49 2870
83 50 456
83 51 1687
83 52 2918
83 53 504
83 54 1735
83 55 2966
83 56 552
83 57 1783
83 58 3014
83 59 600
83 60 1831
83 61 3062
83 62 648
83 63 1879
83 64 3110
83 65 696
83 66 1927
83 67 3158
83 68 744
83 69 1975
83 70 3206
83 71 792
83 72 2023
83 73 3254
83 74 840
83 75 2071
83 76 3302
83 77 888
83 78 2119
83 79 3350
83 80 936
83 81 2167
83 82 3398
83 83 0
//Location coordinates LocationName
//Loc x y
0 0.0 0.0 "depot"
1 528.0 1518.0 "product aisle 11 bloc 1 rank 21"
2 672.0 599.0 "product aisle 14 bloc 0 rank 70"
3 96.0 742.0 "product aisle 2 bloc 0 rank 92"
4 192.0 625.0 "product aisle 4 bloc 0 rank 73"
5 624.0 2350.0 "product aisle 13 bloc 1 rank 150"
6 96.0 1453.0 "product aisle 2 bloc 1 rank 11"
7 768.0 1106.0 "product aisle 16 bloc 0 rank 147"
8 528.0 391.0 "product aisle 11 bloc 0 rank 38"
9 816.0 235.0 "product aisle 17 bloc 0 rank 14"
10 240.0 2012.0 "product aisle 5 bloc 1 rank 98"
11 624.0 651.0 "product aisle 13 bloc 0 rank 77"
12 240.0 989.0 "product aisle 5 bloc 0 rank 130"
13 768.0 222.0 "product aisle 16 bloc 0 rank 12"
14 720.0 2480.0 "product aisle 15 bloc 1 rank 169"
15 480.0 2298.0 "product aisle 10 bloc 1 rank 141"
16 48.0 2324.0 "product aisle 1 bloc 1 rank 146"
17 624.0 2129.0 "product aisle 13 bloc 1 rank 116"
18 816.0 2480.0 "product aisle 17 bloc 1 rank 169"
19 480.0 1778.0 "product aisle 10 bloc 1 rank 61"
20 432.0 1171.0 "product aisle 9 bloc 0 rank 158"
21 816.0 1869.0 "product aisle 17 bloc 1 rank 75"
22 480.0 2545.0 "product aisle 10 bloc 1 rank 180"
23 624.0 2090.0 "product aisle 13 bloc 1 rank 109"
24 432.0 820.0 "product aisle 9 bloc 0 rank 104"
25 336.0 937.0 "product aisle 7 bloc 0 rank 122"
26 144.0 2454.0 "product aisle 3 bloc 1 rank 165"
27 384.0 1388.0 "product aisle 8 bloc 1 rank 1"
28 240.0 170.0 "product aisle 5 bloc 0 rank 3"
29 24.0 120.0 "intersection aisle 0 bloc 0 rank 0"
30 24.0 1351.0 "intersection aisle 0 bloc 1 rank 1"
31 24.0 2582.0 "intersection aisle 0 bloc 2 rank 2"
32 72.0 120.0 "intersection aisle 1 bloc 0 rank 0"
33 72.0 1351.0 "intersection aisle 1 bloc 1 rank 1"
34 72.0 2582.0 "intersection aisle 1 bloc 2 rank 2"
35 120.0 120.0 "intersection aisle 2 bloc 0 rank 0"
36 120.0 1351.0 "intersection aisle 2 bloc 1 rank 1"
37 120.0 2582.0 "intersection aisle 2 bloc 2 rank 2"
38 168.0 120.0 "intersection aisle 3 bloc 0 rank 0"
39 168.0 1351.0 "intersection aisle 3 bloc 1 rank 1"
40 168.0 2582.0 "intersection aisle 3 bloc 2 rank 2"
41 216.0 120.0 "intersection aisle 4 bloc 0 rank 0"
42 216.0 1351.0 "intersection aisle 4 bloc 1 rank 1"
43 216.0 2582.0 "intersection aisle 4 bloc 2 rank 2"
44 264.0 120.0 "intersection aisle 5 bloc 0 rank 0"
45 264.0 1351.0 "intersection aisle 5 bloc 1 rank 1"
46 264.0 2582.0 "intersection aisle 5 bloc 2 rank 2"
47 312.0 120.0 "intersection aisle 6 bloc 0 rank 0"
48 312.0 1351.0 "intersection aisle 6 bloc 1 rank 1"
49 312.0 2582.0 "intersection aisle 6 bloc 2 rank 2"
50 360.0 120.0 "intersection aisle 7 bloc 0 rank 0"
51 360.0 1351.0 "intersection aisle 7 bloc 1 rank 1"
52 360.0 2582.0 "intersection aisle 7 bloc 2 rank 2"
53 408.0 120.0 "intersection aisle 8 bloc 0 rank 0"
54 408.0 1351.0 "intersection aisle 8 bloc 1 rank 1"
55 408.0 2582.0 "intersection aisle 8 bloc 2 rank 2"
56 456.0 120.0 "intersection aisle 9 bloc 0 rank 0"
57 456.0 1351.0 "intersection aisle 9 bloc 1 rank 1"
58 456.0 2582.0 "intersection aisle 9 bloc 2 rank 2"
59 504.0 120.0 "intersection aisle 10 bloc 0 rank 0"
60 504.0 1351.0 "intersection aisle 10 bloc 1 rank 1"
61 504.0 2582.0 "intersection aisle 10 bloc 2 rank 2"
62 552.0 120.0 "intersection aisle 11 bloc 0 rank 0"
63 552.0 1351.0 "intersection aisle 11 bloc 1 rank 1"
64 552.0 2582.0 "intersection aisle 11 bloc 2 rank 2"
65 600.0 120.0 "intersection aisle 12 bloc 0 rank 0"
66 600.0 1351.0 "intersection aisle 12 bloc 1 rank 1"
67 600.0 2582.0 "intersection aisle 12 bloc 2 rank 2"
68 648.0 120.0 "intersection aisle 13 bloc 0 rank 0"
69 648.0 1351.0 "intersection aisle 13 bloc 1 rank 1"
70 648.0 2582.0 "intersection aisle 13 bloc 2 rank 2"
71 696.0 120.0 "intersection aisle 14 bloc 0 rank 0"
72 696.0 1351.0 "intersection aisle 14 bloc 1 rank 1"
73 696.0 2582.0 "intersection aisle 14 bloc 2 rank 2"
74 744.0 120.0 "intersection aisle 15 bloc 0 rank 0"
75 744.0 1351.0 "intersection aisle 15 bloc 1 rank 1"
76 744.0 2582.0 "intersection aisle 15 bloc 2 rank 2"
77 792.0 120.0 "intersection aisle 16 bloc 0 rank 0"
78 792.0 1351.0 "intersection aisle 16 bloc 1 rank 1"
79 792.0 2582.0 "intersection aisle 16 bloc 2 rank 2"
80 840.0 120.0 "intersection aisle 17 bloc 0 rank 0"
81 840.0 1351.0 "intersection aisle 17 bloc 1 rank 1"
82 840.0 2582.0 "intersection aisle 17 bloc 2 rank 2"
83 0.0 0.0 "depot"
