//alpha
1
//NbLocations
83
//NbProducts
28
//NbPickers
2
//CapaPicker
4
//TimeToTravelOneDistanceUnit
3
//SetupTime
5400
//PickTime
300
//Products
//Idx Location Size
1 1 1
2 2 1
3 3 1
4 4 1
5 5 1
6 6 1
7 7 1
8 8 1
9 9 1
10 10 1
11 11 1
12 12 1
13 13 1
14 14 1
15 15 1
16 16 1
17 17 1
18 18 1
19 19 1
20 20 1
21 21 1
22 22 1
23 23 1
24 24 1
25 25 1
26 26 1
27 27 1
28 28 1
//Orders
//NbOrders
12
//Idx DueDate TardinessPenalty NbProdInOrder ProdIdx1 Qty1 ProdIdx2 Qty2 ...
1 126000 0 3 1 1 2 1 3 1
2 126000 0 4 4 1 5 1 6 1 7 1
3 126000 0 2 8 1 9 1
4 54000 0 1 10 1
5 144000 0 2 11 1 12 1
6 54000 0 1 13 1
7 72000 0 2 14 1 15 1
8 126000 0 2 16 1 17 1
9 144000 0 2 18 1 19 1
10 90000 0 4 20 1 21 1 22 1 23 1
11 90000 0 4 24 1 25 1 26 1 27 1
12 108000 0 1 28 1
//Graph (Products are vertices indexed from 1 to NbProducts)
//NbVerticesIntersections
54
//DepartingDepot
0
//ArrivalDepot
83
//Arcs
//Start End Distance
0 29 120
1 36 258
1 37 973
2 22 52
2 30 687
3 17 208
3 60 557
4 28 442
4 66 76
5 29 102
5 30 1129
6 13 1066
6 72 128
7 45 375
7 46 856
8 23 585
8 51 570
9 35 843
9 36 388
10 39 856
10 40 375
11 26 689
11 76 76
12 47 414
12 48 817
13 6 1066
13 71 37
14 53 362
14 54 869
15 80 50
15 81 1181
16 38 518
16 39 713
17 3 208
17 61 466
18 33 1064
18 34 167
19 57 921
19 58 310
20 77 1194
20 78 37
21 32 726
21 33 505
22 2 52
22 31 492
23 8 585
23 52 76
24 50 687
24 51 544
25 41 765
25 42 466
26 11 689
26 75 466
27 65 1090
27 66 141
28 4 442
28 67 713
29 5 102
29 32 48
29 83 120
30 2 687
30 5 1129
30 33 48
31 22 492
31 34 48
32 21 726
32 29 48
32 35 48
33 18 1064
33 21 505
33 30 48
33 36 48
34 18 167
34 31 48
34 37 48
35 9 843
35 32 48
35 38 48
36 1 258
36 9 388
36 33 48
36 39 48
37 1 973
37 34 48
37 40 48
38 16 518
38 35 48
38 41 48
39 10 856
39 16 713
39 36 48
39 42 48
40 10 375
40 37 48
40 43 48
41 25 765
41 38 48
41 44 48
42 25 466
42 39 48
42 43 1231
42 45 48
43 40 48
43 42 1231
43 46 48
44 41 48
44 45 1231
44 47 48
45 7 375
45 42 48
45 44 1231
45 48 48
46 7 856
46 43 48
46 49 48
47 12 414
47 44 48
47 50 48
48 12 817
48 45 48
48 49 1231
48 51 48
49 46 48
49 48 1231
49 52 48
50 24 687
50 47 48
50 53 48
51 8 570
51 24 544
51 48 48
51 54 48
52 23 76
52 49 48
52 55 48
53 14 362
53 50 48
53 56 48
54 14 869
54 51 48
54 55 1231
54 57 48
55 52 48
55 54 1231
55 58 48
56 53 48
56 57 1231
56 59 48
57 19 921
57 54 48
57 56 1231
57 60 48
58 19 310
58 55 48
58 61 48
59 56 48
59 60 1231
59 62 48
60 3 557
60 57 48
60 59 1231
60 63 48
61 17 466
61 58 48
61 64 48
62 59 48
62 63 1231
62 65 48
63 60 48
63 62 1231
63 64 1231
63 66 48
64 61 48
64 63 1231
64 67 48
65 27 1090
65 62 48
65 68 48
66 4 76
66 27 141
66 63 48
66 69 48
67 28 713
67 64 48
67 70 48
68 65 48
68 69 1231
68 71 48
69 66 48
69 68 1231
69 70 1231
69 72 48
70 67 48
70 69 1231
70 73 48
71 13 37
71 68 48
71 74 48
72 6 128
72 69 48
72 73 1231
72 75 48
73 70 48
73 72 1231
73 76 48
74 71 48
74 75 1231
74 77 48
75 26 466
75 72 48
75 74 1231
75 78 48
76 11 76
76 73 48
76 79 48
77 20 1194
77 74 48
77 80 48
78 20 37
78 75 48
78 79 1231
78 81 48
79 76 48
79 78 1231
79 82 48
80 15 50
80 77 48
81 15 1181
81 78 48
81 82 1231
82 79 48
82 81 1231
//LocStart LocEnd ShortestPath
0 0 0
0 1 1705
0 2 2038
0 3 2388
0 4 2003
0 5 222
0 6 1895
0 7 1966
0 8 2257
0 9 1059
0 10 2351
0 11 3226
0 12 822
0 13 829
0 14 866
0 15 986
0 16 782
0 17 2596
0 18 2463
0 19 2704
0 20 2082
0 21 894
0 22 2090
0 23 2842
0 24 1143
0 25 1077
0 26 2537
0 27 1786
0 28 2445
0 29 120
0 30 1351
0 31 2582
0 32 168
0 33 1399
0 34 2630
0 35 216
0 36 1447
0 37 2678
0 38 264
0 39 1495
0 40 2726
0 41 312
0 42 1543
0 43 2774
0 44 360
0 45 1591
0 46 2822
0 47 408
0 48 1639
0 49 2870
0 50 456
0 51 1687
0 52 2918
0 53 504
0 54 1735
0 55 2966
0 56 552
0 57 1783
0 58 3014
0 59 600
0 60 1831
0 61 3062
0 62 648
0 63 1879
0 64 3110
0 65 696
0 66 1927
0 67 3158
0 68 744
0 69 1975
0 70 3206
0 71 792
0 72 2023
0 73 3254
0 74 840
0 75 2071
0 76 3302
0 77 888
0 78 2119
0 79 3350
0 80 936
0 81 2167
0 82 3398
0 83 0
1 0 1705
1 1 0
1 2 1041
1 3 1199
1 4 814
1 5 1483
1 6 962
1 7 777
1 8 1068
1 9 646
1 10 1162
1 11 1673
1 12 1267
1 13 2028
1 14 1415
1 15 2159
1 16 1019
1 17 1407
1 18 1188
1 19 1515
1 20 967
1 21 811
1 22 1093
1 23 1289
1 24 1042
1 25 820
1 26 1348
1 27 879
1 28 1256
1 29 1585
1 30 354
1 31 1069
1 32 1537
1 33 306
1 34 1021
1 35 1489
1 36 258
1 37 973
1 38 1537
1 39 306
1 40 1021
1 41 1585
1 42 354
1 43 1069
1 44 1633
1 45 402
1 46 1117
1 47 1681
1 48 450
1 49 1165
1 50 1729
1 51 498
1 52 1213
1 53 1777
1 54 546
1 55 1261
1 56 1825
1 57 594
1 58 1309
1 59 1873
1 60 642
1 61 1357
1 62 1921
1 63 690
1 64 1405
1 65 1969
1 66 738
1 67 1453
1 68 2017
1 69 786
1 70 1501
1 71 2065
1 72 834
1 73 1549
1 74 2113
1 75 882
1 76 1597
1 77 2161
1 78 930
1 79 1645
1 80 2209
1 81 978
1 82 1693
1 83 1705
2 0 2038
2 1 1041
2 2 0
2 3 1698
2 4 1339
2 5 1816
2 6 1487
2 7 1302
2 8 1541
2 9 1171
2 10 1063
2 11 1340
2 12 1792
2 13 2553
2 14 1940
2 15 2684
2 16 1544
2 17 1490
2 18 759
2 19 1286
2 20 1492
2 21 1240
2 22 52
2 23 956
2 24 1567
2 25 1345
2 26 1873
2 27 1404
2 28 1781
2 29 1918
2 30 687
2 31 544
2 32 1966
2 33 735
2 34 592
2 35 2014
2 36 783
2 37 640
2 38 2062
2 39 831
2 40 688
2 41 2110
2 42 879
2 43 736
2 44 2158
2 45 927
2 46 784
2 47 2206
2 48 975
2 49 832
2 50 2254
2 51 1023
2 52 880
2 53 2302
2 54 1071
2 55 928
2 56 2350
2 57 1119
2 58 976
2 59 2398
2 60 1167
2 61 1024
2 62 2446
2 63 1215
2 64 1072
2 65 2494
2 66 1263
2 67 1120
2 68 2542
2 69 1311
2 70 1168
2 71 2590
2 72 1359
2 73 1216
2 74 2638
2 75 1407
2 76 1264
2 77 2686
2 78 1455
2 79 1312
2 80 2734
2 81 1503
2 82 1360
2 83 2038
3 0 2388
3 1 1199
3 2 1698
3 3 0
3 4 729
3 5 2166
3 6 877
3 7 1172
3 8 1271
3 9 1329
3 10 1385
3 11 990
3 12 1566
3 13 1943
3 14 1522
3 15 2074
3 16 1606
3 17 208
3 18 1273
3 19 1032
3 20 882
3 21 1494
3 22 1646
3 23 894
3 24 1245
3 25 1311
3 26 1263
3 27 794
3 28 1171
3 29 2268
3 30 1037
3 31 1154
3 32 2220
3 33 989
3 34 1106
3 35 2172
3 36 941
3 37 1058
3 38 2124
3 39 893
3 40 1010
3 41 2076
3 42 845
3 43 962
3 44 2028
3 45 797
3 46 914
3 47 1980
3 48 749
3 49 866
3 50 1932
3 51 701
3 52 818
3 53 1884
3 54 653
3 55 770
3 56 1836
3 57 605
3 58 722
3 59 1788
3 60 557
3 61 674
3 62 1836
3 63 605
3 64 722
3 65 1884
3 66 653
3 67 770
3 68 1932
3 69 701
3 70 818
3 71 1980
3 72 749
3 73 866
3 74 2028
3 75 797
3 76 914
3 77 2076
3 78 845
3 79 962
3 80 2124
3 81 893
3 82 1010
3 83 2388
4 0 2003
4 1 814
4 2 1339
4 3 729
4 4 0
4 5 1781
4 6 300
4 7 787
4 8 886
4 9 944
4 10 1364
4 11 1375
4 12 1181
4 13 1366
4 14 1137
4 15 1497
4 16 1221
4 17 937
4 18 1668
4 19 1141
4 20 305
4 21 1109
4 22 1391
4 23 1471
4 24 860
4 25 926
4 26 686
4 27 217
4 28 442
4 29 1883
4 30 652
4 31 1731
4 32 1835
4 33 604
4 34 1683
4 35 1787
4 36 556
4 37 1635
4 38 1739
4 39 508
4 40 1587
4 41 1691
4 42 460
4 43 1539
4 44 1643
4 45 412
4 46 1491
4 47 1595
4 48 364
4 49 1443
4 50 1547
4 51 316
4 52 1395
4 53 1499
4 54 268
4 55 1347
4 56 1451
4 57 220
4 58 1299
4 59 1403
4 60 172
4 61 1251
4 62 1355
4 63 124
4 64 1203
4 65 1307
4 66 76
4 67 1155
4 68 1355
4 69 124
4 70 1203
4 71 1403
4 72 172
4 73 1251
4 74 1451
4 75 220
4 76 1299
4 77 1499
4 78 268
4 79 1347
4 80 1547
4 81 316
4 82 1395
4 83 2003
5 0 222
5 1 1483
5 2 1816
5 3 2166
5 4 1781
5 5 0
5 6 1877
5 7 1744
5 8 2035
5 9 1041
5 10 2129
5 11 3004
5 12 804
5 13 811
5 14 848
5 15 968
5 16 764
5 17 2374
5 18 2241
5 19 2482
5 20 1934
5 21 876
5 22 1868
5 23 2620
5 24 1125
5 25 1059
5 26 2315
5 27 1768
5 28 2223
5 29 102
5 30 1129
5 31 2360
5 32 150
5 33 1177
5 34 2408
5 35 198
5 36 1225
5 37 2456
5 38 246
5 39 1273
5 40 2504
5 41 294
5 42 1321
5 43 2552
5 44 342
5 45 1369
5 46 2600
5 47 390
5 48 1417
5 49 2648
5 50 438
5 51 1465
5 52 2696
5 53 486
5 54 1513
5 55 2744
5 56 534
5 57 1561
5 58 2792
5 59 582
5 60 1609
5 61 2840
5 62 630
5 63 1657
5 64 2888
5 65 678
5 66 1705
5 67 2936
5 68 726
5 69 1753
5 70 2984
5 71 774
5 72 1801
5 73 3032
5 74 822
5 75 1849
5 76 3080
5 77 870
5 78 1897
5 79 3128
5 80 918
5 81 1945
5 82 3176
5 83 222
6 0 1895
6 1 962
6 2 1487
6 3 877
6 4 300
6 5 1877
6 6 0
6 7 935
6 8 1034
6 9 1092
6 10 1512
6 11 1331
6 12 1329
6 13 1066
6 14 1285
6 15 1297
6 16 1369
6 17 1085
6 18 1816
6 19 1289
6 20 261
6 21 1257
6 22 1539
6 23 1619
6 24 1008
6 25 1074
6 26 642
6 27 365
6 28 742
6 29 1775
6 30 800
6 31 2031
6 32 1727
6 33 752
6 34 1983
6 35 1679
6 36 704
6 37 1935
6 38 1631
6 39 656
6 40 1887
6 41 1583
6 42 608
6 43 1839
6 44 1535
6 45 560
6 46 1791
6 47 1487
6 48 512
6 49 1743
6 50 1439
6 51 464
6 52 1695
6 53 1391
6 54 416
6 55 1647
6 56 1343
6 57 368
6 58 1599
6 59 1295
6 60 320
6 61 1551
6 62 1247
6 63 272
6 64 1503
6 65 1199
6 66 224
6 67 1455
6 68 1151
6 69 176
6 70 1407
6 71 1103
6 72 128
6 73 1359
6 74 1151
6 75 176
6 76 1407
6 77 1199
6 78 224
6 79 1455
6 80 1247
6 81 272
6 82 1503
6 83 1895
7 0 1966
7 1 777
7 2 1302
7 3 1172
7 4 787
7 5 1744
7 6 935
7 7 0
7 8 1041
7 9 907
7 10 1327
7 11 1412
7 12 1240
7 13 2001
7 14 1388
7 15 2132
7 16 1184
7 17 1380
7 18 1215
7 19 1358
7 20 940
7 21 1072
7 22 1354
7 23 1028
7 24 1015
7 25 889
7 26 1321
7 27 852
7 28 1229
7 29 1846
7 30 615
7 31 1096
7 32 1798
7 33 567
7 34 1048
7 35 1750
7 36 519
7 37 1000
7 38 1702
7 39 471
7 40 952
7 41 1654
7 42 423
7 43 904
7 44 1606
7 45 375
7 46 856
7 47 1654
7 48 423
7 49 904
7 50 1702
7 51 471
7 52 952
7 53 1750
7 54 519
7 55 1000
7 56 1798
7 57 567
7 58 1048
7 59 1846
7 60 615
7 61 1096
7 62 1894
7 63 663
7 64 1144
7 65 1942
7 66 711
7 67 1192
7 68 1990
7 69 759
7 70 1240
7 71 2038
7 72 807
7 73 1288
7 74 2086
7 75 855
7 76 1336
7 77 2134
7 78 903
7 79 1384
7 80 2182
7 81 951
7 82 1432
7 83 1966
8 0 2257
8 1 1068
8 2 1541
8 3 1271
8 4 886
8 5 2035
8 6 1034
8 7 1041
8 8 0
8 9 1198
8 10 1228
8 11 1121
8 12 1435
8 13 2100
8 14 1487
8 15 2231
8 16 1475
8 17 1271
8 18 1116
8 19 1067
8 20 1039
8 21 1363
8 22 1489
8 23 585
8 24 1114
8 25 1180
8 26 1420
8 27 951
8 28 1328
8 29 2137
8 30 906
8 31 997
8 32 2089
8 33 858
8 34 949
8 35 2041
8 36 810
8 37 901
8 38 1993
8 39 762
8 40 853
8 41 1945
8 42 714
8 43 805
8 44 1897
8 45 666
8 46 757
8 47 1849
8 48 618
8 49 709
8 50 1801
8 51 570
8 52 661
8 53 1849
8 54 618
8 55 709
8 56 1897
8 57 666
8 58 757
8 59 1945
8 60 714
8 61 805
8 62 1993
8 63 762
8 64 853
8 65 2041
8 66 810
8 67 901
8 68 2089
8 69 858
8 70 949
8 71 2137
8 72 906
8 73 997
8 74 2185
8 75 954
8 76 1045
8 77 2233
8 78 1002
8 79 1093
8 80 2281
8 81 1050
8 82 1141
8 83 2257
9 0 1059
9 1 646
9 2 1171
9 3 1329
9 4 944
9 5 1041
9 6 1092
9 7 907
9 8 1198
9 9 0
9 10 1292
9 11 2167
9 12 1397
9 13 1456
9 14 1493
9 15 1613
9 16 1149
9 17 1537
9 18 1500
9 19 1645
9 20 1097
9 21 941
9 22 1223
9 23 1783
9 24 1172
9 25 950
9 26 1478
9 27 1009
9 28 1386
9 29 939
9 30 484
9 31 1715
9 32 891
9 33 436
9 34 1667
9 35 843
9 36 388
9 37 1619
9 38 891
9 39 436
9 40 1667
9 41 939
9 42 484
9 43 1715
9 44 987
9 45 532
9 46 1763
9 47 1035
9 48 580
9 49 1811
9 50 1083
9 51 628
9 52 1859
9 53 1131
9 54 676
9 55 1907
9 56 1179
9 57 724
9 58 1955
9 59 1227
9 60 772
9 61 2003
9 62 1275
9 63 820
9 64 2051
9 65 1323
9 66 868
9 67 2099
9 68 1371
9 69 916
9 70 2147
9 71 1419
9 72 964
9 73 2195
9 74 1467
9 75 1012
9 76 2243
9 77 1515
9 78 1060
9 79 2291
9 80 1563
9 81 1108
9 82 2339
9 83 1059
10 0 2351
10 1 1162
10 2 1063
10 3 1385
10 4 1364
10 5 2129
10 6 1512
10 7 1327
10 8 1228
10 9 1292
10 10 0
10 11 1027
10 12 1817
10 13 2578
10 14 1965
10 15 2709
10 16 1569
10 17 1177
10 18 638
10 19 973
10 20 1517
10 21 1457
10 22 1011
10 23 643
10 24 1592
10 25 1370
10 26 1716
10 27 1429
10 28 1520
10 29 2231
10 30 1000
10 31 519
10 32 2183
10 33 952
10 34 471
10 35 2135
10 36 904
10 37 423
10 38 2087
10 39 856
10 40 375
10 41 2135
10 42 904
10 43 423
10 44 2183
10 45 952
10 46 471
10 47 2231
10 48 1000
10 49 519
10 50 2279
10 51 1048
10 52 567
10 53 2327
10 54 1096
10 55 615
10 56 2375
10 57 1144
10 58 663
10 59 2423
10 60 1192
10 61 711
10 62 2471
10 63 1240
10 64 759
10 65 2519
10 66 1288
10 67 807
10 68 2567
10 69 1336
10 70 855
10 71 2615
10 72 1384
10 73 903
10 74 2663
10 75 1432
10 76 951
10 77 2711
10 78 1480
10 79 999
10 80 2759
10 81 1528
10 82 1047
10 83 2351
11 0 3226
11 1 1673
11 2 1340
11 3 990
11 4 1375
11 5 3004
11 6 1331
11 7 1412
11 8 1121
11 9 2167
11 10 1027
11 11 0
11 12 2404
11 13 2397
11 14 2360
11 15 2432
11 16 2444
11 17 782
11 18 915
11 19 674
11 20 1240
11 21 2332
11 22 1288
11 23 536
11 24 2083
11 25 2149
11 26 689
11 27 1440
11 28 933
11 29 3106
11 30 1875
11 31 796
11 32 3058
11 33 1827
11 34 748
11 35 3010
11 36 1779
11 37 700
11 38 2962
11 39 1731
11 40 652
11 41 2914
11 42 1683
11 43 604
11 44 2866
11 45 1635
11 46 556
11 47 2818
11 48 1587
11 49 508
11 50 2770
11 51 1539
11 52 460
11 53 2722
11 54 1491
11 55 412
11 56 2674
11 57 1443
11 58 364
11 59 2626
11 60 1395
11 61 316
11 62 2578
11 63 1347
11 64 268
11 65 2530
11 66 1299
11 67 220
11 68 2482
11 69 1251
11 70 172
11 71 2434
11 72 1203
11 73 124
11 74 2386
11 75 1155
11 76 76
11 77 2434
11 78 1203
11 79 124
11 80 2482
11 81 1251
11 82 172
11 83 3226
12 0 822
12 1 1267
12 2 1792
12 3 1566
12 4 1181
12 5 804
12 6 1329
12 7 1240
12 8 1435
12 9 1397
12 10 1817
12 11 2404
12 12 0
12 13 835
12 14 872
12 15 992
12 16 1076
12 17 1774
12 18 2121
12 19 1882
12 20 1334
12 21 1380
12 22 1844
12 23 2020
12 24 1149
12 25 1275
12 26 1715
12 27 1246
12 28 1623
12 29 702
12 30 1105
12 31 2336
12 32 654
12 33 1057
12 34 2288
12 35 606
12 36 1009
12 37 2240
12 38 558
12 39 961
12 40 2192
12 41 510
12 42 913
12 43 2144
12 44 462
12 45 865
12 46 2096
12 47 414
12 48 817
12 49 2048
12 50 462
12 51 865
12 52 2096
12 53 510
12 54 913
12 55 2144
12 56 558
12 57 961
12 58 2192
12 59 606
12 60 1009
12 61 2240
12 62 654
12 63 1057
12 64 2288
12 65 702
12 66 1105
12 67 2336
12 68 750
12 69 1153
12 70 2384
12 71 798
12 72 1201
12 73 2432
12 74 846
12 75 1249
12 76 2480
12 77 894
12 78 1297
12 79 2528
12 80 942
12 81 1345
12 82 2576
12 83 822
13 0 829
13 1 2028
13 2 2553
13 3 1943
13 4 1366
13 5 811
13 6 1066
13 7 2001
13 8 2100
13 9 1456
13 10 2578
13 11 2397
13 12 835
13 13 0
13 14 687
13 15 231
13 16 1083
13 17 2151
13 18 2882
13 19 2355
13 20 1327
13 21 1387
13 22 2605
13 23 2685
13 24 1060
13 25 1282
13 26 1708
13 27 1223
13 28 1808
13 29 709
13 30 1866
13 31 3097
13 32 661
13 33 1818
13 34 3049
13 35 613
13 36 1770
13 37 3001
13 38 565
13 39 1722
13 40 2953
13 41 517
13 42 1674
13 43 2905
13 44 469
13 45 1626
13 46 2857
13 47 421
13 48 1578
13 49 2809
13 50 373
13 51 1530
13 52 2761
13 53 325
13 54 1482
13 55 2713
13 56 277
13 57 1434
13 58 2665
13 59 229
13 60 1386
13 61 2617
13 62 181
13 63 1338
13 64 2569
13 65 133
13 66 1290
13 67 2521
13 68 85
13 69 1242
13 70 2473
13 71 37
13 72 1194
13 73 2425
13 74 85
13 75 1242
13 76 2473
13 77 133
13 78 1290
13 79 2521
13 80 181
13 81 1338
13 82 2569
13 83 829
14 0 866
14 1 1415
14 2 1940
14 3 1522
14 4 1137
14 5 848
14 6 1285
14 7 1388
14 8 1487
14 9 1493
14 10 1965
14 11 2360
14 12 872
14 13 687
14 14 0
14 15 844
14 16 1120
14 17 1730
14 18 2269
14 19 1838
14 20 1290
14 21 1424
14 22 1992
14 23 2072
14 24 1097
14 25 1319
14 26 1671
14 27 1202
14 28 1579
14 29 746
14 30 1253
14 31 2484
14 32 698
14 33 1205
14 34 2436
14 35 650
14 36 1157
14 37 2388
14 38 602
14 39 1109
14 40 2340
14 41 554
14 42 1061
14 43 2292
14 44 506
14 45 1013
14 46 2244
14 47 458
14 48 965
14 49 2196
14 50 410
14 51 917
14 52 2148
14 53 362
14 54 869
14 55 2100
14 56 410
14 57 917
14 58 2148
14 59 458
14 60 965
14 61 2196
14 62 506
14 63 1013
14 64 2244
14 65 554
14 66 1061
14 67 2292
14 68 602
14 69 1109
14 70 2340
14 71 650
14 72 1157
14 73 2388
14 74 698
14 75 1205
14 76 2436
14 77 746
14 78 1253
14 79 2484
14 80 794
14 81 1301
14 82 2532
14 83 866
15 0 986
15 1 2159
15 2 2684
15 3 2074
15 4 1497
15 5 968
15 6 1297
15 7 2132
15 8 2231
15 9 1613
15 10 2709
15 11 2432
15 12 992
15 13 231
15 14 844
15 15 0
15 16 1240
15 17 2282
15 18 3013
15 19 2486
15 20 1266
15 21 1544
15 22 2736
15 23 2816
15 24 1217
15 25 1439
15 26 1743
15 27 1380
15 28 1939
15 29 866
15 30 1997
15 31 3228
15 32 818
15 33 1949
15 34 3180
15 35 770
15 36 1901
15 37 3132
15 38 722
15 39 1853
15 40 3084
15 41 674
15 42 1805
15 43 3036
15 44 626
15 45 1757
15 46 2988
15 47 578
15 48 1709
15 49 2940
15 50 530
15 51 1661
15 52 2892
15 53 482
15 54 1613
15 55 2844
15 56 434
15 57 1565
15 58 2796
15 59 386
15 60 1517
15 61 2748
15 62 338
15 63 1469
15 64 2700
15 65 290
15 66 1421
15 67 2652
15 68 242
15 69 1373
15 70 2604
15 71 194
15 72 1325
15 73 2556
15 74 146
15 75 1277
15 76 2508
15 77 98
15 78 1229
15 79 2460
15 80 50
15 81 1181
15 82 2412
15 83 986
16 0 782
16 1 1019
16 2 1544
16 3 1606
16 4 1221
16 5 764
16 6 1369
16 7 1184
16 8 1475
16 9 1149
16 10 1569
16 11 2444
16 12 1076
16 13 1083
16 14 1120
16 15 1240
16 16 0
16 17 1814
16 18 1873
16 19 1922
16 20 1374
16 21 1314
16 22 1596
16 23 2060
16 24 1397
16 25 1227
16 26 1755
16 27 1286
16 28 1663
16 29 662
16 30 857
16 31 2088
16 32 614
16 33 809
16 34 2040
16 35 566
16 36 761
16 37 1992
16 38 518
16 39 713
16 40 1944
16 41 566
16 42 761
16 43 1992
16 44 614
16 45 809
16 46 2040
16 47 662
16 48 857
16 49 2088
16 50 710
16 51 905
16 52 2136
16 53 758
16 54 953
16 55 2184
16 56 806
16 57 1001
16 58 2232
16 59 854
16 60 1049
16 61 2280
16 62 902
16 63 1097
16 64 2328
16 65 950
16 66 1145
16 67 2376
16 68 998
16 69 1193
16 70 2424
16 71 1046
16 72 1241
16 73 2472
16 74 1094
16 75 1289
16 76 2520
16 77 1142
16 78 1337
16 79 2568
16 80 1190
16 81 1385
16 82 2616
16 83 782
17 0 2596
17 1 1407
17 2 1490
17 3 208
17 4 937
17 5 2374
17 6 1085
17 7 1380
17 8 1271
17 9 1537
17 10 1177
17 11 782
17 12 1774
17 13 2151
17 14 1730
17 15 2282
17 16 1814
17 17 0
17 18 1065
17 19 824
17 20 1090
17 21 1702
17 22 1438
17 23 686
17 24 1453
17 25 1519
17 26 1471
17 27 1002
17 28 1275
17 29 2476
17 30 1245
17 31 946
17 32 2428
17 33 1197
17 34 898
17 35 2380
17 36 1149
17 37 850
17 38 2332
17 39 1101
17 40 802
17 41 2284
17 42 1053
17 43 754
17 44 2236
17 45 1005
17 46 706
17 47 2188
17 48 957
17 49 658
17 50 2140
17 51 909
17 52 610
17 53 2092
17 54 861
17 55 562
17 56 2044
17 57 813
17 58 514
17 59 1996
17 60 765
17 61 466
17 62 2044
17 63 813
17 64 514
17 65 2092
17 66 861
17 67 562
17 68 2140
17 69 909
17 70 610
17 71 2188
17 72 957
17 73 658
17 74 2236
17 75 1005
17 76 706
17 77 2284
17 78 1053
17 79 754
17 80 2332
17 81 1101
17 82 802
17 83 2596
18 0 2463
18 1 1188
18 2 759
18 3 1273
18 4 1668
18 5 2241
18 6 1816
18 7 1215
18 8 1116
18 9 1500
18 10 638
18 11 915
18 12 2121
18 13 2882
18 14 2269
18 15 3013
18 16 1873
18 17 1065
18 18 0
18 19 861
18 20 1821
18 21 1569
18 22 707
18 23 531
18 24 1896
18 25 1674
18 26 1604
18 27 1733
18 28 1408
18 29 2343
18 30 1112
18 31 215
18 32 2295
18 33 1064
18 34 167
18 35 2343
18 36 1112
18 37 215
18 38 2391
18 39 1160
18 40 263
18 41 2439
18 42 1208
18 43 311
18 44 2487
18 45 1256
18 46 359
18 47 2535
18 48 1304
18 49 407
18 50 2583
18 51 1352
18 52 455
18 53 2631
18 54 1400
18 55 503
18 56 2679
18 57 1448
18 58 551
18 59 2727
18 60 1496
18 61 599
18 62 2775
18 63 1544
18 64 647
18 65 2823
18 66 1592
18 67 695
18 68 2871
18 69 1640
18 70 743
18 71 2919
18 72 1688
18 73 791
18 74 2967
18 75 1736
18 76 839
18 77 3015
18 78 1784
18 79 887
18 80 3063
18 81 1832
18 82 935
18 83 2463
19 0 2704
19 1 1515
19 2 1286
19 3 1032
19 4 1141
19 5 2482
19 6 1289
19 7 1358
19 8 1067
19 9 1645
19 10 973
19 11 674
19 12 1882
19 13 2355
19 14 1838
19 15 2486
19 16 1922
19 17 824
19 18 861
19 19 0
19 20 1294
19 21 1810
19 22 1234
19 23 482
19 24 1561
19 25 1627
19 26 1363
19 27 1206
19 28 1167
19 29 2584
19 30 1353
19 31 742
19 32 2536
19 33 1305
19 34 694
19 35 2488
19 36 1257
19 37 646
19 38 2440
19 39 1209
19 40 598
19 41 2392
19 42 1161
19 43 550
19 44 2344
19 45 1113
19 46 502
19 47 2296
19 48 1065
19 49 454
19 50 2248
19 51 1017
19 52 406
19 53 2200
19 54 969
19 55 358
19 56 2152
19 57 921
19 58 310
19 59 2200
19 60 969
19 61 358
19 62 2248
19 63 1017
19 64 406
19 65 2296
19 66 1065
19 67 454
19 68 2344
19 69 1113
19 70 502
19 71 2392
19 72 1161
19 73 550
19 74 2440
19 75 1209
19 76 598
19 77 2488
19 78 1257
19 79 646
19 80 2536
19 81 1305
19 82 694
19 83 2704
20 0 2082
20 1 967
20 2 1492
20 3 882
20 4 305
20 5 1934
20 6 261
20 7 940
20 8 1039
20 9 1097
20 10 1517
20 11 1240
20 12 1334
20 13 1327
20 14 1290
20 15 1266
20 16 1374
20 17 1090
20 18 1821
20 19 1294
20 20 0
20 21 1262
20 22 1544
20 23 1624
20 24 1013
20 25 1079
20 26 551
20 27 370
20 28 747
20 29 1962
20 30 805
20 31 2036
20 32 1914
20 33 757
20 34 1988
20 35 1866
20 36 709
20 37 1940
20 38 1818
20 39 661
20 40 1892
20 41 1770
20 42 613
20 43 1844
20 44 1722
20 45 565
20 46 1796
20 47 1674
20 48 517
20 49 1748
20 50 1626
20 51 469
20 52 1700
20 53 1578
20 54 421
20 55 1652
20 56 1530
20 57 373
20 58 1604
20 59 1482
20 60 325
20 61 1556
20 62 1434
20 63 277
20 64 1508
20 65 1386
20 66 229
20 67 1460
20 68 1338
20 69 181
20 70 1412
20 71 1290
20 72 133
20 73 1364
20 74 1242
20 75 85
20 76 1316
20 77 1194
20 78 37
20 79 1268
20 80 1242
20 81 85
20 82 1316
20 83 2082
21 0 894
21 1 811
21 2 1240
21 3 1494
21 4 1109
21 5 876
21 6 1257
21 7 1072
21 8 1363
21 9 941
21 10 1457
21 11 2332
21 12 1380
21 13 1387
21 14 1424
21 15 1544
21 16 1314
21 17 1702
21 18 1569
21 19 1810
21 20 1262
21 21 0
21 22 1292
21 23 1948
21 24 1337
21 25 1115
21 26 1643
21 27 1174
21 28 1551
21 29 774
21 30 553
21 31 1784
21 32 726
21 33 505
21 34 1736
21 35 774
21 36 553
21 37 1784
21 38 822
21 39 601
21 40 1832
21 41 870
21 42 649
21 43 1880
21 44 918
21 45 697
21 46 1928
21 47 966
21 48 745
21 49 1976
21 50 1014
21 51 793
21 52 2024
21 53 1062
21 54 841
21 55 2072
21 56 1110
21 57 889
21 58 2120
21 59 1158
21 60 937
21 61 2168
21 62 1206
21 63 985
21 64 2216
21 65 1254
21 66 1033
21 67 2264
21 68 1302
21 69 1081
21 70 2312
21 71 1350
21 72 1129
21 73 2360
21 74 1398
21 75 1177
21 76 2408
21 77 1446
21 78 1225
21 79 2456
21 80 1494
21 81 1273
21 82 2504
21 83 894
22 0 2090
22 1 1093
22 2 52
22 3 1646
22 4 1391
22 5 1868
22 6 1539
22 7 1354
22 8 1489
22 9 1223
22 10 1011
22 11 1288
22 12 1844
22 13 2605
22 14 1992
22 15 2736
22 16 1596
22 17 1438
22 18 707
22 19 1234
22 20 1544
22 21 1292
22 22 0
22 23 904
22 24 1619
22 25 1397
22 26 1925
22 27 1456
22 28 1781
22 29 1970
22 30 739
22 31 492
22 32 2018
22 33 787
22 34 540
22 35 2066
22 36 835
22 37 588
22 38 2114
22 39 883
22 40 636
22 41 2162
22 42 931
22 43 684
22 44 2210
22 45 979
22 46 732
22 47 2258
22 48 1027
22 49 780
22 50 2306
22 51 1075
22 52 828
22 53 2354
22 54 1123
22 55 876
22 56 2402
22 57 1171
22 58 924
22 59 2450
22 60 1219
22 61 972
22 62 2498
22 63 1267
22 64 1020
22 65 2546
22 66 1315
22 67 1068
22 68 2594
22 69 1363
22 70 1116
22 71 2642
22 72 1411
22 73 1164
22 74 2690
22 75 1459
22 76 1212
22 77 2738
22 78 1507
22 79 1260
22 80 2786
22 81 1555
22 82 1308
22 83 2090
23 0 2842
23 1 1289
23 2 956
23 3 894
23 4 1471
23 5 2620
23 6 1619
23 7 1028
23 8 585
23 9 1783
23 10 643
23 11 536
23 12 2020
23 13 2685
23 14 2072
23 15 2816
23 16 2060
23 17 686
23 18 531
23 19 482
23 20 1624
23 21 1948
23 22 904
23 23 0
23 24 1699
23 25 1765
23 26 1225
23 27 1536
23 28 1029
23 29 2722
23 30 1491
23 31 412
23 32 2674
23 33 1443
23 34 364
23 35 2626
23 36 1395
23 37 316
23 38 2578
23 39 1347
23 40 268
23 41 2530
23 42 1299
23 43 220
23 44 2482
23 45 1251
23 46 172
23 47 2434
23 48 1203
23 49 124
23 50 2386
23 51 1155
23 52 76
23 53 2434
23 54 1203
23 55 124
23 56 2482
23 57 1251
23 58 172
23 59 2530
23 60 1299
23 61 220
23 62 2578
23 63 1347
23 64 268
23 65 2626
23 66 1395
23 67 316
23 68 2674
23 69 1443
23 70 364
23 71 2722
23 72 1491
23 73 412
23 74 2770
23 75 1539
23 76 460
23 77 2818
23 78 1587
23 79 508
23 80 2866
23 81 1635
23 82 556
23 83 2842
24 0 1143
24 1 1042
24 2 1567
24 3 1245
24 4 860
24 5 1125
24 6 1008
24 7 1015
24 8 1114
24 9 1172
24 10 1592
24 11 2083
24 12 1149
24 13 1060
24 14 1097
24 15 1217
24 16 1397
24 17 1453
24 18 1896
24 19 1561
24 20 1013
24 21 1337
24 22 1619
24 23 1699
24 24 0
24 25 1154
24 26 1394
24 27 925
24 28 1302
24 29 1023
24 30 880
24 31 2111
24 32 975
24 33 832
24 34 2063
24 35 927
24 36 784
24 37 2015
24 38 879
24 39 736
24 40 1967
24 41 831
24 42 688
24 43 1919
24 44 783
24 45 640
24 46 1871
24 47 735
24 48 592
24 49 1823
24 50 687
24 51 544
24 52 1775
24 53 735
24 54 592
24 55 1823
24 56 783
24 57 640
24 58 1871
24 59 831
24 60 688
24 61 1919
24 62 879
24 63 736
24 64 1967
24 65 927
24 66 784
24 67 2015
24 68 975
24 69 832
24 70 2063
24 71 1023
24 72 880
24 73 2111
24 74 1071
24 75 928
24 76 2159
24 77 1119
24 78 976
24 79 2207
24 80 1167
24 81 1024
24 82 2255
24 83 1143
25 0 1077
25 1 820
25 2 1345
25 3 1311
25 4 926
25 5 1059
25 6 1074
25 7 889
25 8 1180
25 9 950
25 10 1370
25 11 2149
25 12 1275
25 13 1282
25 14 1319
25 15 1439
25 16 1227
25 17 1519
25 18 1674
25 19 1627
25 20 1079
25 21 1115
25 22 1397
25 23 1765
25 24 1154
25 25 0
25 26 1460
25 27 991
25 28 1368
25 29 957
25 30 658
25 31 1889
25 32 909
25 33 610
25 34 1841
25 35 861
25 36 562
25 37 1793
25 38 813
25 39 514
25 40 1745
25 41 765
25 42 466
25 43 1697
25 44 813
25 45 514
25 46 1745
25 47 861
25 48 562
25 49 1793
25 50 909
25 51 610
25 52 1841
25 53 957
25 54 658
25 55 1889
25 56 1005
25 57 706
25 58 1937
25 59 1053
25 60 754
25 61 1985
25 62 1101
25 63 802
25 64 2033
25 65 1149
25 66 850
25 67 2081
25 68 1197
25 69 898
25 70 2129
25 71 1245
25 72 946
25 73 2177
25 74 1293
25 75 994
25 76 2225
25 77 1341
25 78 1042
25 79 2273
25 80 1389
25 81 1090
25 82 2321
25 83 1077
26 0 2537
26 1 1348
26 2 1873
26 3 1263
26 4 686
26 5 2315
26 6 642
26 7 1321
26 8 1420
26 9 1478
26 10 1716
26 11 689
26 12 1715
26 13 1708
26 14 1671
26 15 1743
26 16 1755
26 17 1471
26 18 1604
26 19 1363
26 20 551
26 21 1643
26 22 1925
26 23 1225
26 24 1394
26 25 1460
26 26 0
26 27 751
26 28 1128
26 29 2417
26 30 1186
26 31 1485
26 32 2369
26 33 1138
26 34 1437
26 35 2321
26 36 1090
26 37 1389
26 38 2273
26 39 1042
26 40 1341
26 41 2225
26 42 994
26 43 1293
26 44 2177
26 45 946
26 46 1245
26 47 2129
26 48 898
26 49 1197
26 50 2081
26 51 850
26 52 1149
26 53 2033
26 54 802
26 55 1101
26 56 1985
26 57 754
26 58 1053
26 59 1937
26 60 706
26 61 1005
26 62 1889
26 63 658
26 64 957
26 65 1841
26 66 610
26 67 909
26 68 1793
26 69 562
26 70 861
26 71 1745
26 72 514
26 73 813
26 74 1697
26 75 466
26 76 765
26 77 1745
26 78 514
26 79 813
26 80 1793
26 81 562
26 82 861
26 83 2537
27 0 1786
27 1 879
27 2 1404
27 3 794
27 4 217
27 5 1768
27 6 365
27 7 852
27 8 951
27 9 1009
27 10 1429
27 11 1440
27 12 1246
27 13 1223
27 14 1202
27 15 1380
27 16 1286
27 17 1002
27 18 1733
27 19 1206
27 20 370
27 21 1174
27 22 1456
27 23 1536
27 24 925
27 25 991
27 26 751
27 27 0
27 28 659
27 29 1666
27 30 717
27 31 1948
27 32 1618
27 33 669
27 34 1900
27 35 1570
27 36 621
27 37 1852
27 38 1522
27 39 573
27 40 1804
27 41 1474
27 42 525
27 43 1756
27 44 1426
27 45 477
27 46 1708
27 47 1378
27 48 429
27 49 1660
27 50 1330
27 51 381
27 52 1612
27 53 1282
27 54 333
27 55 1564
27 56 1234
27 57 285
27 58 1516
27 59 1186
27 60 237
27 61 1468
27 62 1138
27 63 189
27 64 1420
27 65 1090
27 66 141
27 67 1372
27 68 1138
27 69 189
27 70 1420
27 71 1186
27 72 237
27 73 1468
27 74 1234
27 75 285
27 76 1516
27 77 1282
27 78 333
27 79 1564
27 80 1330
27 81 381
27 82 1612
27 83 1786
28 0 2445
28 1 1256
28 2 1781
28 3 1171
28 4 442
28 5 2223
28 6 742
28 7 1229
28 8 1328
28 9 1386
28 10 1520
28 11 933
28 12 1623
28 13 1808
28 14 1579
28 15 1939
28 16 1663
28 17 1275
28 18 1408
28 19 1167
28 20 747
28 21 1551
28 22 1781
28 23 1029
28 24 1302
28 25 1368
28 26 1128
28 27 659
28 28 0
28 29 2325
28 30 1094
28 31 1289
28 32 2277
28 33 1046
28 34 1241
28 35 2229
28 36 998
28 37 1193
28 38 2181
28 39 950
28 40 1145
28 41 2133
28 42 902
28 43 1097
28 44 2085
28 45 854
28 46 1049
28 47 2037
28 48 806
28 49 1001
28 50 1989
28 51 758
28 52 953
28 53 1941
28 54 710
28 55 905
28 56 1893
28 57 662
28 58 857
28 59 1845
28 60 614
28 61 809
28 62 1797
28 63 566
28 64 761
28 65 1749
28 66 518
28 67 713
28 68 1797
28 69 566
28 70 761
28 71 1845
28 72 614
28 73 809
28 74 1893
28 75 662
28 76 857
28 77 1941
28 78 710
28 79 905
28 80 1989
28 81 758
28 82 953
28 83 2445
29 0 120
29 1 1585
29 2 1918
29 3 2268
29 4 1883
29 5 102
29 6 1775
29 7 1846
29 8 2137
29 9 939
29 10 2231
29 11 3106
29 12 702
29 13 709
29 14 746
29 15 866
29 16 662
29 17 2476
29 18 2343
29 19 2584
29 20 1962
29 21 774
29 22 1970
29 23 2722
29 24 1023
29 25 957
29 26 2417
29 27 1666
29 28 2325
29 29 0
29 30 1231
29 31 2462
29 32 48
29 33 1279
29 34 2510
29 35 96
29 36 1327
29 37 2558
29 38 144
29 39 1375
29 40 2606
29 41 192
29 42 1423
29 43 2654
29 44 240
29 45 1471
29 46 2702
29 47 288
29 48 1519
29 49 2750
29 50 336
29 51 1567
29 52 2798
29 53 384
29 54 1615
29 55 2846
29 56 432
29 57 1663
29 58 2894
29 59 480
29 60 1711
29 61 2942
29 62 528
29 63 1759
29 64 2990
29 65 576
29 66 1807
29 67 3038
29 68 624
29 69 1855
29 70 3086
29 71 672
29 72 1903
29 73 3134
29 74 720
29 75 1951
29 76 3182
29 77 768
29 78 1999
29 79 3230
29 80 816
29 81 2047
29 82 3278
29 83 120
30 0 1351
30 1 354
30 2 687
30 3 1037
30 4 652
30 5 1129
30 6 800
30 7 615
30 8 906
30 9 484
30 10 1000
30 11 1875
30 12 1105
30 13 1866
30 14 1253
30 15 1997
30 16 857
30 17 1245
30 18 1112
30 19 1353
30 20 805
30 21 553
30 22 739
30 23 1491
30 24 880
30 25 658
30 26 1186
30 27 717
30 28 1094
30 29 1231
30 30 0
30 31 1231
30 32 1279
30 33 48
30 34 1279
30 35 1327
30 36 96
30 37 1327
30 38 1375
30 39 144
30 40 1375
30 41 1423
30 42 192
30 43 1423
30 44 1471
30 45 240
30 46 1471
30 47 1519
30 48 288
30 49 1519
30 50 1567
30 51 336
30 52 1567
30 53 1615
30 54 384
30 55 1615
30 56 1663
30 57 432
30 58 1663
30 59 1711
30 60 480
30 61 1711
30 62 1759
30 63 528
30 64 1759
30 65 1807
30 66 576
30 67 1807
30 68 1855
30 69 624
30 70 1855
30 71 1903
30 72 672
30 73 1903
30 74 1951
30 75 720
30 76 1951
30 77 1999
30 78 768
30 79 1999
30 80 2047
30 81 816
30 82 2047
30 83 1351
31 0 2582
31 1 1069
31 2 544
31 3 1154
31 4 1731
31 5 2360
31 6 2031
31 7 1096
31 8 997
31 9 1715
31 10 519
31 11 796
31 12 2336
31 13 3097
31 14 2484
31 15 3228
31 16 2088
31 17 946
31 18 215
31 19 742
31 20 2036
31 21 1784
31 22 492
31 23 412
31 24 2111
31 25 1889
31 26 1485
31 27 1948
31 28 1289
31 29 2462
31 30 1231
31 31 0
31 32 2510
31 33 1279
31 34 48
31 35 2558
31 36 1327
31 37 96
31 38 2606
31 39 1375
31 40 144
31 41 2654
31 42 1423
31 43 192
31 44 2702
31 45 1471
31 46 240
31 47 2750
31 48 1519
31 49 288
31 50 2798
31 51 1567
31 52 336
31 53 2846
31 54 1615
31 55 384
31 56 2894
31 57 1663
31 58 432
31 59 2942
31 60 1711
31 61 480
31 62 2990
31 63 1759
31 64 528
31 65 3038
31 66 1807
31 67 576
31 68 3086
31 69 1855
31 70 624
31 71 3134
31 72 1903
31 73 672
31 74 3182
31 75 1951
31 76 720
31 77 3230
31 78 1999
31 79 768
31 80 3278
31 81 2047
31 82 816
31 83 2582
32 0 168
32 1 1537
32 2 1966
32 3 2220
32 4 1835
32 5 150
32 6 1727
32 7 1798
32 8 2089
32 9 891
32 10 2183
32 11 3058
32 12 654
32 13 661
32 14 698
32 15 818
32 16 614
32 17 2428
32 18 2295
32 19 2536
32 20 1914
32 21 726
32 22 2018
32 23 2674
32 24 975
32 25 909
32 26 2369
32 27 1618
32 28 2277
32 29 48
32 30 1279
32 31 2510
32 32 0
32 33 1231
32 34 2462
32 35 48
32 36 1279
32 37 2510
32 38 96
32 39 1327
32 40 2558
32 41 144
32 42 1375
32 43 2606
32 44 192
32 45 1423
32 46 2654
32 47 240
32 48 1471
32 49 2702
32 50 288
32 51 1519
32 52 2750
32 53 336
32 54 1567
32 55 2798
32 56 384
32 57 1615
32 58 2846
32 59 432
32 60 1663
32 61 2894
32 62 480
32 63 1711
32 64 2942
32 65 528
32 66 1759
32 67 2990
32 68 576
32 69 1807
32 70 3038
32 71 624
32 72 1855
32 73 3086
32 74 672
32 75 1903
32 76 3134
32 77 720
32 78 1951
32 79 3182
32 80 768
32 81 1999
32 82 3230
32 83 168
33 0 1399
33 1 306
33 2 735
33 3 989
33 4 604
33 5 1177
33 6 752
33 7 567
33 8 858
33 9 436
33 10 952
33 11 1827
33 12 1057
33 13 1818
33 14 1205
33 15 1949
33 16 809
33 17 1197
33 18 1064
33 19 1305
33 20 757
33 21 505
33 22 787
33 23 1443
33 24 832
33 25 610
33 26 1138
33 27 669
33 28 1046
33 29 1279
33 30 48
33 31 1279
33 32 1231
33 33 0
33 34 1231
33 35 1279
33 36 48
33 37 1279
33 38 1327
33 39 96
33 40 1327
33 41 1375
33 42 144
33 43 1375
33 44 1423
33 45 192
33 46 1423
33 47 1471
33 48 240
33 49 1471
33 50 1519
33 51 288
33 52 1519
33 53 1567
33 54 336
33 55 1567
33 56 1615
33 57 384
33 58 1615
33 59 1663
33 60 432
33 61 1663
33 62 1711
33 63 480
33 64 1711
33 65 1759
33 66 528
33 67 1759
33 68 1807
33 69 576
33 70 1807
33 71 1855
33 72 624
33 73 1855
33 74 1903
33 75 672
33 76 1903
33 77 1951
33 78 720
33 79 1951
33 80 1999
33 81 768
33 82 1999
33 83 1399
34 0 2630
34 1 1021
34 2 592
34 3 1106
34 4 1683
34 5 2408
34 6 1983
34 7 1048
34 8 949
34 9 1667
34 10 471
34 11 748
34 12 2288
34 13 3049
34 14 2436
34 15 3180
34 16 2040
34 17 898
34 18 167
34 19 694
34 20 1988
34 21 1736
34 22 540
34 23 364
34 24 2063
34 25 1841
34 26 1437
34 27 1900
34 28 1241
34 29 2510
34 30 1279
34 31 48
34 32 2462
34 33 1231
34 34 0
34 35 2510
34 36 1279
34 37 48
34 38 2558
34 39 1327
34 40 96
34 41 2606
34 42 1375
34 43 144
34 44 2654
34 45 1423
34 46 192
34 47 2702
34 48 1471
34 49 240
34 50 2750
34 51 1519
34 52 288
34 53 2798
34 54 1567
34 55 336
34 56 2846
34 57 1615
34 58 384
34 59 2894
34 60 1663
34 61 432
34 62 2942
34 63 1711
34 64 480
34 65 2990
34 66 1759
34 67 528
34 68 3038
34 69 1807
34 70 576
34 71 3086
34 72 1855
34 73 624
34 74 3134
34 75 1903
34 76 672
34 77 3182
34 78 1951
34 79 720
34 80 3230
34 81 1999
34 82 768
34 83 2630
35 0 216
35 1 1489
35 2 2014
35 3 2172
35 4 1787
35 5 198
35 6 1679
35 7 1750
35 8 2041
35 9 843
35 10 2135
35 11 3010
35 12 606
35 13 613
35 14 650
35 15 770
35 16 566
35 17 2380
35 18 2343
35 19 2488
35 20 1866
35 21 774
35 22 2066
35 23 2626
35 24 927
35 25 861
35 26 2321
35 27 1570
35 28 2229
35 29 96
35 30 1327
35 31 2558
35 32 48
35 33 1279
35 34 2510
35 35 0
35 36 1231
35 37 2462
35 38 48
35 39 1279
35 40 2510
35 41 96
35 42 1327
35 43 2558
35 44 144
35 45 1375
35 46 2606
35 47 192
35 48 1423
35 49 2654
35 50 240
35 51 1471
35 52 2702
35 53 288
35 54 1519
35 55 2750
35 56 336
35 57 1567
35 58 2798
35 59 384
35 60 1615
35 61 2846
35 62 432
35 63 1663
35 64 2894
35 65 480
35 66 1711
35 67 2942
35 68 528
35 69 1759
35 70 2990
35 71 576
35 72 1807
35 73 3038
35 74 624
35 75 1855
35 76 3086
35 77 672
35 78 1903
35 79 3134
35 80 720
35 81 1951
35 82 3182
35 83 216
36 0 1447
36 1 258
36 2 783
36 3 941
36 4 556
36 5 1225
36 6 704
36 7 519
36 8 810
36 9 388
36 10 904
36 11 1779
36 12 1009
36 13 1770
36 14 1157
36 15 1901
36 16 761
36 17 1149
36 18 1112
36 19 1257
36 20 709
36 21 553
36 22 835
36 23 1395
36 24 784
36 25 562
36 26 1090
36 27 621
36 28 998
36 29 1327
36 30 96
36 31 1327
36 32 1279
36 33 48
36 34 1279
36 35 1231
36 36 0
36 37 1231
36 38 1279
36 39 48
36 40 1279
36 41 1327
36 42 96
36 43 1327
36 44 1375
36 45 144
36 46 1375
36 47 1423
36 48 192
36 49 1423
36 50 1471
36 51 240
36 52 1471
36 53 1519
36 54 288
36 55 1519
36 56 1567
36 57 336
36 58 1567
36 59 1615
36 60 384
36 61 1615
36 62 1663
36 63 432
36 64 1663
36 65 1711
36 66 480
36 67 1711
36 68 1759
36 69 528
36 70 1759
36 71 1807
36 72 576
36 73 1807
36 74 1855
36 75 624
36 76 1855
36 77 1903
36 78 672
36 79 1903
36 80 1951
36 81 720
36 82 1951
36 83 1447
37 0 2678
37 1 973
37 2 640
37 3 1058
37 4 1635
37 5 2456
37 6 1935
37 7 1000
37 8 901
37 9 1619
37 10 423
37 11 700
37 12 2240
37 13 3001
37 14 2388
37 15 3132
37 16 1992
37 17 850
37 18 215
37 19 646
37 20 1940
37 21 1784
37 22 588
37 23 316
37 24 2015
37 25 1793
37 26 1389
37 27 1852
37 28 1193
37 29 2558
37 30 1327
37 31 96
37 32 2510
37 33 1279
37 34 48
37 35 2462
37 36 1231
37 37 0
37 38 2510
37 39 1279
37 40 48
37 41 2558
37 42 1327
37 43 96
37 44 2606
37 45 1375
37 46 144
37 47 2654
37 48 1423
37 49 192
37 50 2702
37 51 1471
37 52 240
37 53 2750
37 54 1519
37 55 288
37 56 2798
37 57 1567
37 58 336
37 59 2846
37 60 1615
37 61 384
37 62 2894
37 63 1663
37 64 432
37 65 2942
37 66 1711
37 67 480
37 68 2990
37 69 1759
37 70 528
37 71 3038
37 72 1807
37 73 576
37 74 3086
37 75 1855
37 76 624
37 77 3134
37 78 1903
37 79 672
37 80 3182
37 81 1951
37 82 720
37 83 2678
38 0 264
38 1 1537
38 2 2062
38 3 2124
38 4 1739
38 5 246
38 6 1631
38 7 1702
38 8 1993
38 9 891
38 10 2087
38 11 2962
38 12 558
38 13 565
38 14 602
38 15 722
38 16 518
38 17 2332
38 18 2391
38 19 2440
38 20 1818
38 21 822
38 22 2114
38 23 2578
38 24 879
38 25 813
38 26 2273
38 27 1522
38 28 2181
38 29 144
38 30 1375
38 31 2606
38 32 96
38 33 1327
38 34 2558
38 35 48
38 36 1279
38 37 2510
38 38 0
38 39 1231
38 40 2462
38 41 48
38 42 1279
38 43 2510
38 44 96
38 45 1327
38 46 2558
38 47 144
38 48 1375
38 49 2606
38 50 192
38 51 1423
38 52 2654
38 53 240
38 54 1471
38 55 2702
38 56 288
38 57 1519
38 58 2750
38 59 336
38 60 1567
38 61 2798
38 62 384
38 63 1615
38 64 2846
38 65 432
38 66 1663
38 67 2894
38 68 480
38 69 1711
38 70 2942
38 71 528
38 72 1759
38 73 2990
38 74 576
38 75 1807
38 76 3038
38 77 624
38 78 1855
38 79 3086
38 80 672
38 81 1903
38 82 3134
38 83 264
39 0 1495
39 1 306
39 2 831
39 3 893
39 4 508
39 5 1273
39 6 656
39 7 471
39 8 762
39 9 436
39 10 856
39 11 1731
39 12 961
39 13 1722
39 14 1109
39 15 1853
39 16 713
39 17 1101
39 18 1160
39 19 1209
39 20 661
39 21 601
39 22 883
39 23 1347
39 24 736
39 25 514
39 26 1042
39 27 573
39 28 950
39 29 1375
39 30 144
39 31 1375
39 32 1327
39 33 96
39 34 1327
39 35 1279
39 36 48
39 37 1279
39 38 1231
39 39 0
39 40 1231
39 41 1279
39 42 48
39 43 1279
39 44 1327
39 45 96
39 46 1327
39 47 1375
39 48 144
39 49 1375
39 50 1423
39 51 192
39 52 1423
39 53 1471
39 54 240
39 55 1471
39 56 1519
39 57 288
39 58 1519
39 59 1567
39 60 336
39 61 1567
39 62 1615
39 63 384
39 64 1615
39 65 1663
39 66 432
39 67 1663
39 68 1711
39 69 480
39 70 1711
39 71 1759
39 72 528
39 73 1759
39 74 1807
39 75 576
39 76 1807
39 77 1855
39 78 624
39 79 1855
39 80 1903
39 81 672
39 82 1903
39 83 1495
40 0 2726
40 1 1021
40 2 688
40 3 1010
40 4 1587
40 5 2504
40 6 1887
40 7 952
40 8 853
40 9 1667
40 10 375
40 11 652
40 12 2192
40 13 2953
40 14 2340
40 15 3084
40 16 1944
40 17 802
40 18 263
40 19 598
40 20 1892
40 21 1832
40 22 636
40 23 268
40 24 1967
40 25 1745
40 26 1341
40 27 1804
40 28 1145
40 29 2606
40 30 1375
40 31 144
40 32 2558
40 33 1327
40 34 96
40 35 2510
40 36 1279
40 37 48
40 38 2462
40 39 1231
40 40 0
40 41 2510
40 42 1279
40 43 48
40 44 2558
40 45 1327
40 46 96
40 47 2606
40 48 1375
40 49 144
40 50 2654
40 51 1423
40 52 192
40 53 2702
40 54 1471
40 55 240
40 56 2750
40 57 1519
40 58 288
40 59 2798
40 60 1567
40 61 336
40 62 2846
40 63 1615
40 64 384
40 65 2894
40 66 1663
40 67 432
40 68 2942
40 69 1711
40 70 480
40 71 2990
40 72 1759
40 73 528
40 74 3038
40 75 1807
40 76 576
40 77 3086
40 78 1855
40 79 624
40 80 3134
40 81 1903
40 82 672
40 83 2726
41 0 312
41 1 1585
41 2 2110
41 3 2076
41 4 1691
41 5 294
41 6 1583
41 7 1654
41 8 1945
41 9 939
41 10 2135
41 11 2914
41 12 510
41 13 517
41 14 554
41 15 674
41 16 566
41 17 2284
41 18 2439
41 19 2392
41 20 1770
41 21 870
41 22 2162
41 23 2530
41 24 831
41 25 765
41 26 2225
41 27 1474
41 28 2133
41 29 192
41 30 1423
41 31 2654
41 32 144
41 33 1375
41 34 2606
41 35 96
41 36 1327
41 37 2558
41 38 48
41 39 1279
41 40 2510
41 41 0
41 42 1231
41 43 2462
41 44 48
41 45 1279
41 46 2510
41 47 96
41 48 1327
41 49 2558
41 50 144
41 51 1375
41 52 2606
41 53 192
41 54 1423
41 55 2654
41 56 240
41 57 1471
41 58 2702
41 59 288
41 60 1519
41 61 2750
41 62 336
41 63 1567
41 64 2798
41 65 384
41 66 1615
41 67 2846
41 68 432
41 69 1663
41 70 2894
41 71 480
41 72 1711
41 73 2942
41 74 528
41 75 1759
41 76 2990
41 77 576
41 78 1807
41 79 3038
41 80 624
41 81 1855
41 82 3086
41 83 312
42 0 1543
42 1 354
42 2 879
42 3 845
42 4 460
42 5 1321
42 6 608
42 7 423
42 8 714
42 9 484
42 10 904
42 11 1683
42 12 913
42 13 1674
42 14 1061
42 15 1805
42 16 761
42 17 1053
42 18 1208
42 19 1161
42 20 613
42 21 649
42 22 931
42 23 1299
42 24 688
42 25 466
42 26 994
42 27 525
42 28 902
42 29 1423
42 30 192
42 31 1423
42 32 1375
42 33 144
42 34 1375
42 35 1327
42 36 96
42 37 1327
42 38 1279
42 39 48
42 40 1279
42 41 1231
42 42 0
42 43 1231
42 44 1279
42 45 48
42 46 1279
42 47 1327
42 48 96
42 49 1327
42 50 1375
42 51 144
42 52 1375
42 53 1423
42 54 192
42 55 1423
42 56 1471
42 57 240
42 58 1471
42 59 1519
42 60 288
42 61 1519
42 62 1567
42 63 336
42 64 1567
42 65 1615
42 66 384
42 67 1615
42 68 1663
42 69 432
42 70 1663
42 71 1711
42 72 480
42 73 1711
42 74 1759
42 75 528
42 76 1759
42 77 1807
42 78 576
42 79 1807
42 80 1855
42 81 624
42 82 1855
42 83 1543
43 0 2774
43 1 1069
43 2 736
43 3 962
43 4 1539
43 5 2552
43 6 1839
43 7 904
43 8 805
43 9 1715
43 10 423
43 11 604
43 12 2144
43 13 2905
43 14 2292
43 15 3036
43 16 1992
43 17 754
43 18 311
43 19 550
43 20 1844
43 21 1880
43 22 684
43 23 220
43 24 1919
43 25 1697
43 26 1293
43 27 1756
43 28 1097
43 29 2654
43 30 1423
43 31 192
43 32 2606
43 33 1375
43 34 144
43 35 2558
43 36 1327
43 37 96
43 38 2510
43 39 1279
43 40 48
43 41 2462
43 42 1231
43 43 0
43 44 2510
43 45 1279
43 46 48
43 47 2558
43 48 1327
43 49 96
43 50 2606
43 51 1375
43 52 144
43 53 2654
43 54 1423
43 55 192
43 56 2702
43 57 1471
43 58 240
43 59 2750
43 60 1519
43 61 288
43 62 2798
43 63 1567
43 64 336
43 65 2846
43 66 1615
43 67 384
43 68 2894
43 69 1663
43 70 432
43 71 2942
43 72 1711
43 73 480
43 74 2990
43 75 1759
43 76 528
43 77 3038
43 78 1807
43 79 576
43 80 3086
43 81 1855
43 82 624
43 83 2774
44 0 360
44 1 1633
44 2 2158
44 3 2028
44 4 1643
44 5 342
44 6 1535
44 7 1606
44 8 1897
44 9 987
44 10 2183
44 11 2866
44 12 462
44 13 469
44 14 506
44 15 626
44 16 614
44 17 2236
44 18 2487
44 19 2344
44 20 1722
44 21 918
44 22 2210
44 23 2482
44 24 783
44 25 813
44 26 2177
44 27 1426
44 28 2085
44 29 240
44 30 1471
44 31 2702
44 32 192
44 33 1423
44 34 2654
44 35 144
44 36 1375
44 37 2606
44 38 96
44 39 1327
44 40 2558
44 41 48
44 42 1279
44 43 2510
44 44 0
44 45 1231
44 46 2462
44 47 48
44 48 1279
44 49 2510
44 50 96
44 51 1327
44 52 2558
44 53 144
44 54 1375
44 55 2606
44 56 192
44 57 1423
44 58 2654
44 59 240
44 60 1471
44 61 2702
44 62 288
44 63 1519
44 64 2750
44 65 336
44 66 1567
44 67 2798
44 68 384
44 69 1615
44 70 2846
44 71 432
44 72 1663
44 73 2894
44 74 480
44 75 1711
44 76 2942
44 77 528
44 78 1759
44 79 2990
44 80 576
44 81 1807
44 82 3038
44 83 360
45 0 1591
45 1 402
45 2 927
45 3 797
45 4 412
45 5 1369
45 6 560
45 7 375
45 8 666
45 9 532
45 10 952
45 11 1635
45 12 865
45 13 1626
45 14 1013
45 15 1757
45 16 809
45 17 1005
45 18 1256
45 19 1113
45 20 565
45 21 697
45 22 979
45 23 1251
45 24 640
45 25 514
45 26 946
45 27 477
45 28 854
45 29 1471
45 30 240
45 31 1471
45 32 1423
45 33 192
45 34 1423
45 35 1375
45 36 144
45 37 1375
45 38 1327
45 39 96
45 40 1327
45 41 1279
45 42 48
45 43 1279
45 44 1231
45 45 0
45 46 1231
45 47 1279
45 48 48
45 49 1279
45 50 1327
45 51 96
45 52 1327
45 53 1375
45 54 144
45 55 1375
45 56 1423
45 57 192
45 58 1423
45 59 1471
45 60 240
45 61 1471
45 62 1519
45 63 288
45 64 1519
45 65 1567
45 66 336
45 67 1567
45 68 1615
45 69 384
45 70 1615
45 71 1663
45 72 432
45 73 1663
45 74 1711
45 75 480
45 76 1711
45 77 1759
45 78 528
45 79 1759
45 80 1807
45 81 576
45 82 1807
45 83 1591
46 0 2822
46 1 1117
46 2 784
46 3 914
46 4 1491
46 5 2600
46 6 1791
46 7 856
46 8 757
46 9 1763
46 10 471
46 11 556
46 12 2096
46 13 2857
46 14 2244
46 15 2988
46 16 2040
46 17 706
46 18 359
46 19 502
46 20 1796
46 21 1928
46 22 732
46 23 172
46 24 1871
46 25 1745
46 26 1245
46 27 1708
46 28 1049
46 29 2702
46 30 1471
46 31 240
46 32 2654
46 33 1423
46 34 192
46 35 2606
46 36 1375
46 37 144
46 38 2558
46 39 1327
46 40 96
46 41 2510
46 42 1279
46 43 48
46 44 2462
46 45 1231
46 46 0
46 47 2510
46 48 1279
46 49 48
46 50 2558
46 51 1327
46 52 96
46 53 2606
46 54 1375
46 55 144
46 56 2654
46 57 1423
46 58 192
46 59 2702
46 60 1471
46 61 240
46 62 2750
46 63 1519
46 64 288
46 65 2798
46 66 1567
46 67 336
46 68 2846
46 69 1615
46 70 384
46 71 2894
46 72 1663
46 73 432
46 74 2942
46 75 1711
46 76 480
46 77 2990
46 78 1759
46 79 528
46 80 3038
46 81 1807
46 82 576
46 83 2822
47 0 408
47 1 1681
47 2 2206
47 3 1980
47 4 1595
47 5 390
47 6 1487
47 7 1654
47 8 1849
47 9 1035
47 10 2231
47 11 2818
47 12 414
47 13 421
47 14 458
47 15 578
47 16 662
47 17 2188
47 18 2535
47 19 2296
47 20 1674
47 21 966
47 22 2258
47 23 2434
47 24 735
47 25 861
47 26 2129
47 27 1378
47 28 2037
47 29 288
47 30 1519
47 31 2750
47 32 240
47 33 1471
47 34 2702
47 35 192
47 36 1423
47 37 2654
47 38 144
47 39 1375
47 40 2606
47 41 96
47 42 1327
47 43 2558
47 44 48
47 45 1279
47 46 2510
47 47 0
47 48 1231
47 49 2462
47 50 48
47 51 1279
47 52 2510
47 53 96
47 54 1327
47 55 2558
47 56 144
47 57 1375
47 58 2606
47 59 192
47 60 1423
47 61 2654
47 62 240
47 63 1471
47 64 2702
47 65 288
47 66 1519
47 67 2750
47 68 336
47 69 1567
47 70 2798
47 71 384
47 72 1615
47 73 2846
47 74 432
47 75 1663
47 76 2894
47 77 480
47 78 1711
47 79 2942
47 80 528
47 81 1759
47 82 2990
47 83 408
48 0 1639
48 1 450
48 2 975
48 3 749
48 4 364
48 5 1417
48 6 512
48 7 423
48 8 618
48 9 580
48 10 1000
48 11 1587
48 12 817
48 13 1578
48 14 965
48 15 1709
48 16 857
48 17 957
48 18 1304
48 19 1065
48 20 517
48 21 745
48 22 1027
48 23 1203
48 24 592
48 25 562
48 26 898
48 27 429
48 28 806
48 29 1519
48 30 288
48 31 1519
48 32 1471
48 33 240
48 34 1471
48 35 1423
48 36 192
48 37 1423
48 38 1375
48 39 144
48 40 1375
48 41 1327
48 42 96
48 43 1327
48 44 1279
48 45 48
48 46 1279
48 47 1231
48 48 0
48 49 1231
48 50 1279
48 51 48
48 52 1279
48 53 1327
48 54 96
48 55 1327
48 56 1375
48 57 144
48 58 1375
48 59 1423
48 60 192
48 61 1423
48 62 1471
48 63 240
48 64 1471
48 65 1519
48 66 288
48 67 1519
48 68 1567
48 69 336
48 70 1567
48 71 1615
48 72 384
48 73 1615
48 74 1663
48 75 432
48 76 1663
48 77 1711
48 78 480
48 79 1711
48 80 1759
48 81 528
48 82 1759
48 83 1639
49 0 2870
49 1 1165
49 2 832
49 3 866
49 4 1443
49 5 2648
49 6 1743
49 7 904
49 8 709
49 9 1811
49 10 519
49 11 508
49 12 2048
49 13 2809
49 14 2196
49 15 2940
49 16 2088
49 17 658
49 18 407
49 19 454
49 20 1748
49 21 1976
49 22 780
49 23 124
49 24 1823
49 25 1793
49 26 1197
49 27 1660
49 28 1001
49 29 2750
49 30 1519
49 31 288
49 32 2702
49 33 1471
49 34 240
49 35 2654
49 36 1423
49 37 192
49 38 2606
49 39 1375
49 40 144
49 41 2558
49 42 1327
49 43 96
49 44 2510
49 45 1279
49 46 48
49 47 2462
49 48 1231
49 49 0
49 50 2510
49 51 1279
49 52 48
49 53 2558
49 54 1327
49 55 96
49 56 2606
49 57 1375
49 58 144
49 59 2654
49 60 1423
49 61 192
49 62 2702
49 63 1471
49 64 240
49 65 2750
49 66 1519
49 67 288
49 68 2798
49 69 1567
49 70 336
49 71 2846
49 72 1615
49 73 384
49 74 2894
49 75 1663
49 76 432
49 77 2942
49 78 1711
49 79 480
49 80 2990
49 81 1759
49 82 528
49 83 2870
50 0 456
50 1 1729
50 2 2254
50 3 1932
50 4 1547
50 5 438
50 6 1439
50 7 1702
50 8 1801
50 9 1083
50 10 2279
50 11 2770
50 12 462
50 13 373
50 14 410
50 15 530
50 16 710
50 17 2140
50 18 2583
50 19 2248
50 20 1626
50 21 1014
50 22 2306
50 23 2386
50 24 687
50 25 909
50 26 2081
50 27 1330
50 28 1989
50 29 336
50 30 1567
50 31 2798
50 32 288
50 33 1519
50 34 2750
50 35 240
50 36 1471
50 37 2702
50 38 192
50 39 1423
50 40 2654
50 41 144
50 42 1375
50 43 2606
50 44 96
50 45 1327
50 46 2558
50 47 48
50 48 1279
50 49 2510
50 50 0
50 51 1231
50 52 2462
50 53 48
50 54 1279
50 55 2510
50 56 96
50 57 1327
50 58 2558
50 59 144
50 60 1375
50 61 2606
50 62 192
50 63 1423
50 64 2654
50 65 240
50 66 1471
50 67 2702
50 68 288
50 69 1519
50 70 2750
50 71 336
50 72 1567
50 73 2798
50 74 384
50 75 1615
50 76 2846
50 77 432
50 78 1663
50 79 2894
50 80 480
50 81 1711
50 82 2942
50 83 456
51 0 1687
51 1 498
51 2 1023
51 3 701
51 4 316
51 5 1465
51 6 464
51 7 471
51 8 570
51 9 628
51 10 1048
51 11 1539
51 12 865
51 13 1530
51 14 917
51 15 1661
51 16 905
51 17 909
51 18 1352
51 19 1017
51 20 469
51 21 793
51 22 1075
51 23 1155
51 24 544
51 25 610
51 26 850
51 27 381
51 28 758
51 29 1567
51 30 336
51 31 1567
51 32 1519
51 33 288
51 34 1519
51 35 1471
51 36 240
51 37 1471
51 38 1423
51 39 192
51 40 1423
51 41 1375
51 42 144
51 43 1375
51 44 1327
51 45 96
51 46 1327
51 47 1279
51 48 48
51 49 1279
51 50 1231
51 51 0
51 52 1231
51 53 1279
51 54 48
51 55 1279
51 56 1327
51 57 96
51 58 1327
51 59 1375
51 60 144
51 61 1375
51 62 1423
51 63 192
51 64 1423
51 65 1471
51 66 240
51 67 1471
51 68 1519
51 69 288
51 70 1519
51 71 1567
51 72 336
51 73 1567
51 74 1615
51 75 384
51 76 1615
51 77 1663
51 78 432
51 79 1663
51 80 1711
51 81 480
51 82 1711
51 83 1687
52 0 2918
52 1 1213
52 2 880
52 3 818
52 4 1395
52 5 2696
52 6 1695
52 7 952
52 8 661
52 9 1859
52 10 567
52 11 460
52 12 2096
52 13 2761
52 14 2148
52 15 2892
52 16 2136
52 17 610
52 18 455
52 19 406
52 20 1700
52 21 2024
52 22 828
52 23 76
52 24 1775
52 25 1841
52 26 1149
52 27 1612
52 28 953
52 29 2798
52 30 1567
52 31 336
52 32 2750
52 33 1519
52 34 288
52 35 2702
52 36 1471
52 37 240
52 38 2654
52 39 1423
52 40 192
52 41 2606
52 42 1375
52 43 144
52 44 2558
52 45 1327
52 46 96
52 47 2510
52 48 1279
52 49 48
52 50 2462
52 51 1231
52 52 0
52 53 2510
52 54 1279
52 55 48
52 56 2558
52 57 1327
52 58 96
52 59 2606
52 60 1375
52 61 144
52 62 2654
52 63 1423
52 64 192
52 65 2702
52 66 1471
52 67 240
52 68 2750
52 69 1519
52 70 288
52 71 2798
52 72 1567
52 73 336
52 74 2846
52 75 1615
52 76 384
52 77 2894
52 78 1663
52 79 432
52 80 2942
52 81 1711
52 82 480
52 83 2918
53 0 504
53 1 1777
53 2 2302
53 3 1884
53 4 1499
53 5 486
53 6 1391
53 7 1750
53 8 1849
53 9 1131
53 10 2327
53 11 2722
53 12 510
53 13 325
53 14 362
53 15 482
53 16 758
53 17 2092
53 18 2631
53 19 2200
53 20 1578
53 21 1062
53 22 2354
53 23 2434
53 24 735
53 25 957
53 26 2033
53 27 1282
53 28 1941
53 29 384
53 30 1615
53 31 2846
53 32 336
53 33 1567
53 34 2798
53 35 288
53 36 1519
53 37 2750
53 38 240
53 39 1471
53 40 2702
53 41 192
53 42 1423
53 43 2654
53 44 144
53 45 1375
53 46 2606
53 47 96
53 48 1327
53 49 2558
53 50 48
53 51 1279
53 52 2510
53 53 0
53 54 1231
53 55 2462
53 56 48
53 57 1279
53 58 2510
53 59 96
53 60 1327
53 61 2558
53 62 144
53 63 1375
53 64 2606
53 65 192
53 66 1423
53 67 2654
53 68 240
53 69 1471
53 70 2702
53 71 288
53 72 1519
53 73 2750
53 74 336
53 75 1567
53 76 2798
53 77 384
53 78 1615
53 79 2846
53 80 432
53 81 1663
53 82 2894
53 83 504
54 0 1735
54 1 546
54 2 1071
54 3 653
54 4 268
54 5 1513
54 6 416
54 7 519
54 8 618
54 9 676
54 10 1096
54 11 1491
54 12 913
54 13 1482
54 14 869
54 15 1613
54 16 953
54 17 861
54 18 1400
54 19 969
54 20 421
54 21 841
54 22 1123
54 23 1203
54 24 592
54 25 658
54 26 802
54 27 333
54 28 710
54 29 1615
54 30 384
54 31 1615
54 32 1567
54 33 336
54 34 1567
54 35 1519
54 36 288
54 37 1519
54 38 1471
54 39 240
54 40 1471
54 41 1423
54 42 192
54 43 1423
54 44 1375
54 45 144
54 46 1375
54 47 1327
54 48 96
54 49 1327
54 50 1279
54 51 48
54 52 1279
54 53 1231
54 54 0
54 55 1231
54 56 1279
54 57 48
54 58 1279
54 59 1327
54 60 96
54 61 1327
54 62 1375
54 63 144
54 64 1375
54 65 1423
54 66 192
54 67 1423
54 68 1471
54 69 240
54 70 1471
54 71 1519
54 72 288
54 73 1519
54 74 1567
54 75 336
54 76 1567
54 77 1615
54 78 384
54 79 1615
54 80 1663
54 81 432
54 82 1663
54 83 1735
55 0 2966
55 1 1261
55 2 928
55 3 770
55 4 1347
55 5 2744
55 6 1647
55 7 1000
55 8 709
55 9 1907
55 10 615
55 11 412
55 12 2144
55 13 2713
55 14 2100
55 15 2844
55 16 2184
55 17 562
55 18 503
55 19 358
55 20 1652
55 21 2072
55 22 876
55 23 124
55 24 1823
55 25 1889
55 26 1101
55 27 1564
55 28 905
55 29 2846
55 30 1615
55 31 384
55 32 2798
55 33 1567
55 34 336
55 35 2750
55 36 1519
55 37 288
55 38 2702
55 39 1471
55 40 240
55 41 2654
55 42 1423
55 43 192
55 44 2606
55 45 1375
55 46 144
55 47 2558
55 48 1327
55 49 96
55 50 2510
55 51 1279
55 52 48
55 53 2462
55 54 1231
55 55 0
55 56 2510
55 57 1279
55 58 48
55 59 2558
55 60 1327
55 61 96
55 62 2606
55 63 1375
55 64 144
55 65 2654
55 66 1423
55 67 192
55 68 2702
55 69 1471
55 70 240
55 71 2750
55 72 1519
55 73 288
55 74 2798
55 75 1567
55 76 336
55 77 2846
55 78 1615
55 79 384
55 80 2894
55 81 1663
55 82 432
55 83 2966
56 0 552
56 1 1825
56 2 2350
56 3 1836
56 4 1451
56 5 534
56 6 1343
56 7 1798
56 8 1897
56 9 1179
56 10 2375
56 11 2674
56 12 558
56 13 277
56 14 410
56 15 434
56 16 806
56 17 2044
56 18 2679
56 19 2152
56 20 1530
56 21 1110
56 22 2402
56 23 2482
56 24 783
56 25 1005
56 26 1985
56 27 1234
56 28 1893
56 29 432
56 30 1663
56 31 2894
56 32 384
56 33 1615
56 34 2846
56 35 336
56 36 1567
56 37 2798
56 38 288
56 39 1519
56 40 2750
56 41 240
56 42 1471
56 43 2702
56 44 192
56 45 1423
56 46 2654
56 47 144
56 48 1375
56 49 2606
56 50 96
56 51 1327
56 52 2558
56 53 48
56 54 1279
56 55 2510
56 56 0
56 57 1231
56 58 2462
56 59 48
56 60 1279
56 61 2510
56 62 96
56 63 1327
56 64 2558
56 65 144
56 66 1375
56 67 2606
56 68 192
56 69 1423
56 70 2654
56 71 240
56 72 1471
56 73 2702
56 74 288
56 75 1519
56 76 2750
56 77 336
56 78 1567
56 79 2798
56 80 384
56 81 1615
56 82 2846
56 83 552
57 0 1783
57 1 594
57 2 1119
57 3 605
57 4 220
57 5 1561
57 6 368
57 7 567
57 8 666
57 9 724
57 10 1144
57 11 1443
57 12 961
57 13 1434
57 14 917
57 15 1565
57 16 1001
57 17 813
57 18 1448
57 19 921
57 20 373
57 21 889
57 22 1171
57 23 1251
57 24 640
57 25 706
57 26 754
57 27 285
57 28 662
57 29 1663
57 30 432
57 31 1663
57 32 1615
57 33 384
57 34 1615
57 35 1567
57 36 336
57 37 1567
57 38 1519
57 39 288
57 40 1519
57 41 1471
57 42 240
57 43 1471
57 44 1423
57 45 192
57 46 1423
57 47 1375
57 48 144
57 49 1375
57 50 1327
57 51 96
57 52 1327
57 53 1279
57 54 48
57 55 1279
57 56 1231
57 57 0
57 58 1231
57 59 1279
57 60 48
57 61 1279
57 62 1327
57 63 96
57 64 1327
57 65 1375
57 66 144
57 67 1375
57 68 1423
57 69 192
57 70 1423
57 71 1471
57 72 240
57 73 1471
57 74 1519
57 75 288
57 76 1519
57 77 1567
57 78 336
57 79 1567
57 80 1615
57 81 384
57 82 1615
57 83 1783
58 0 3014
58 1 1309
58 2 976
58 3 722
58 4 1299
58 5 2792
58 6 1599
58 7 1048
58 8 757
58 9 1955
58 10 663
58 11 364
58 12 2192
58 13 2665
58 14 2148
58 15 2796
58 16 2232
58 17 514
58 18 551
58 19 310
58 20 1604
58 21 2120
58 22 924
58 23 172
58 24 1871
58 25 1937
58 26 1053
58 27 1516
58 28 857
58 29 2894
58 30 1663
58 31 432
58 32 2846
58 33 1615
58 34 384
58 35 2798
58 36 1567
58 37 336
58 38 2750
58 39 1519
58 40 288
58 41 2702
58 42 1471
58 43 240
58 44 2654
58 45 1423
58 46 192
58 47 2606
58 48 1375
58 49 144
58 50 2558
58 51 1327
58 52 96
58 53 2510
58 54 1279
58 55 48
58 56 2462
58 57 1231
58 58 0
58 59 2510
58 60 1279
58 61 48
58 62 2558
58 63 1327
58 64 96
58 65 2606
58 66 1375
58 67 144
58 68 2654
58 69 1423
58 70 192
58 71 2702
58 72 1471
58 73 240
58 74 2750
58 75 1519
58 76 288
58 77 2798
58 78 1567
58 79 336
58 80 2846
58 81 1615
58 82 384
58 83 3014
59 0 600
59 1 1873
59 2 2398
59 3 1788
59 4 1403
59 5 582
59 6 1295
59 7 1846
59 8 1945
59 9 1227
59 10 2423
59 11 2626
59 12 606
59 13 229
59 14 458
59 15 386
59 16 854
59 17 1996
59 18 2727
59 19 2200
59 20 1482
59 21 1158
59 22 2450
59 23 2530
59 24 831
59 25 1053
59 26 1937
59 27 1186
59 28 1845
59 29 480
59 30 1711
59 31 2942
59 32 432
59 33 1663
59 34 2894
59 35 384
59 36 1615
59 37 2846
59 38 336
59 39 1567
59 40 2798
59 41 288
59 42 1519
59 43 2750
59 44 240
59 45 1471
59 46 2702
59 47 192
59 48 1423
59 49 2654
59 50 144
59 51 1375
59 52 2606
59 53 96
59 54 1327
59 55 2558
59 56 48
59 57 1279
59 58 2510
59 59 0
59 60 1231
59 61 2462
59 62 48
59 63 1279
59 64 2510
59 65 96
59 66 1327
59 67 2558
59 68 144
59 69 1375
59 70 2606
59 71 192
59 72 1423
59 73 2654
59 74 240
59 75 1471
59 76 2702
59 77 288
59 78 1519
59 79 2750
59 80 336
59 81 1567
59 82 2798
59 83 600
60 0 1831
60 1 642
60 2 1167
60 3 557
60 4 172
60 5 1609
60 6 320
60 7 615
60 8 714
60 9 772
60 10 1192
60 11 1395
60 12 1009
60 13 1386
60 14 965
60 15 1517
60 16 1049
60 17 765
60 18 1496
60 19 969
60 20 325
60 21 937
60 22 1219
60 23 1299
60 24 688
60 25 754
60 26 706
60 27 237
60 28 614
60 29 1711
60 30 480
60 31 1711
60 32 1663
60 33 432
60 34 1663
60 35 1615
60 36 384
60 37 1615
60 38 1567
60 39 336
60 40 1567
60 41 1519
60 42 288
60 43 1519
60 44 1471
60 45 240
60 46 1471
60 47 1423
60 48 192
60 49 1423
60 50 1375
60 51 144
60 52 1375
60 53 1327
60 54 96
60 55 1327
60 56 1279
60 57 48
60 58 1279
60 59 1231
60 60 0
60 61 1231
60 62 1279
60 63 48
60 64 1279
60 65 1327
60 66 96
60 67 1327
60 68 1375
60 69 144
60 70 1375
60 71 1423
60 72 192
60 73 1423
60 74 1471
60 75 240
60 76 1471
60 77 1519
60 78 288
60 79 1519
60 80 1567
60 81 336
60 82 1567
60 83 1831
61 0 3062
61 1 1357
61 2 1024
61 3 674
61 4 1251
61 5 2840
61 6 1551
61 7 1096
61 8 805
61 9 2003
61 10 711
61 11 316
61 12 2240
61 13 2617
61 14 2196
61 15 2748
61 16 2280
61 17 466
61 18 599
61 19 358
61 20 1556
61 21 2168
61 22 972
61 23 220
61 24 1919
61 25 1985
61 26 1005
61 27 1468
61 28 809
61 29 2942
61 30 1711
61 31 480
61 32 2894
61 33 1663
61 34 432
61 35 2846
61 36 1615
61 37 384
61 38 2798
61 39 1567
61 40 336
61 41 2750
61 42 1519
61 43 288
61 44 2702
61 45 1471
61 46 240
61 47 2654
61 48 1423
61 49 192
61 50 2606
61 51 1375
61 52 144
61 53 2558
61 54 1327
61 55 96
61 56 2510
61 57 1279
61 58 48
61 59 2462
61 60 1231
61 61 0
61 62 2510
61 63 1279
61 64 48
61 65 2558
61 66 1327
61 67 96
61 68 2606
61 69 1375
61 70 144
61 71 2654
61 72 1423
61 73 192
61 74 2702
61 75 1471
61 76 240
61 77 2750
61 78 1519
61 79 288
61 80 2798
61 81 1567
61 82 336
61 83 3062
62 0 648
62 1 1921
62 2 2446
62 3 1836
62 4 1355
62 5 630
62 6 1247
62 7 1894
62 8 1993
62 9 1275
62 10 2471
62 11 2578
62 12 654
62 13 181
62 14 506
62 15 338
62 16 902
62 17 2044
62 18 2775
62 19 2248
62 20 1434
62 21 1206
62 22 2498
62 23 2578
62 24 879
62 25 1101
62 26 1889
62 27 1138
62 28 1797
62 29 528
62 30 1759
62 31 2990
62 32 480
62 33 1711
62 34 2942
62 35 432
62 36 1663
62 37 2894
62 38 384
62 39 1615
62 40 2846
62 41 336
62 42 1567
62 43 2798
62 44 288
62 45 1519
62 46 2750
62 47 240
62 48 1471
62 49 2702
62 50 192
62 51 1423
62 52 2654
62 53 144
62 54 1375
62 55 2606
62 56 96
62 57 1327
62 58 2558
62 59 48
62 60 1279
62 61 2510
62 62 0
62 63 1231
62 64 2462
62 65 48
62 66 1279
62 67 2510
62 68 96
62 69 1327
62 70 2558
62 71 144
62 72 1375
62 73 2606
62 74 192
62 75 1423
62 76 2654
62 77 240
62 78 1471
62 79 2702
62 80 288
62 81 1519
62 82 2750
62 83 648
63 0 1879
63 1 690
63 2 1215
63 3 605
63 4 124
63 5 1657
63 6 272
63 7 663
63 8 762
63 9 820
63 10 1240
63 11 1347
63 12 1057
63 13 1338
63 14 1013
63 15 1469
63 16 1097
63 17 813
63 18 1544
63 19 1017
63 20 277
63 21 985
63 22 1267
63 23 1347
63 24 736
63 25 802
63 26 658
63 27 189
63 28 566
63 29 1759
63 30 528
63 31 1759
63 32 1711
63 33 480
63 34 1711
63 35 1663
63 36 432
63 37 1663
63 38 1615
63 39 384
63 40 1615
63 41 1567
63 42 336
63 43 1567
63 44 1519
63 45 288
63 46 1519
63 47 1471
63 48 240
63 49 1471
63 50 1423
63 51 192
63 52 1423
63 53 1375
63 54 144
63 55 1375
63 56 1327
63 57 96
63 58 1327
63 59 1279
63 60 48
63 61 1279
63 62 1231
63 63 0
63 64 1231
63 65 1279
63 66 48
63 67 1279
63 68 1327
63 69 96
63 70 1327
63 71 1375
63 72 144
63 73 1375
63 74 1423
63 75 192
63 76 1423
63 77 1471
63 78 240
63 79 1471
63 80 1519
63 81 288
63 82 1519
63 83 1879
64 0 3110
64 1 1405
64 2 1072
64 3 722
64 4 1203
64 5 2888
64 6 1503
64 7 1144
64 8 853
64 9 2051
64 10 759
64 11 268
64 12 2288
64 13 2569
64 14 2244
64 15 2700
64 16 2328
64 17 514
64 18 647
64 19 406
64 20 1508
64 21 2216
64 22 1020
64 23 268
64 24 1967
64 25 2033
64 26 957
64 27 1420
64 28 761
64 29 2990
64 30 1759
64 31 528
64 32 2942
64 33 1711
64 34 480
64 35 2894
64 36 1663
64 37 432
64 38 2846
64 39 1615
64 40 384
64 41 2798
64 42 1567
64 43 336
64 44 2750
64 45 1519
64 46 288
64 47 2702
64 48 1471
64 49 240
64 50 2654
64 51 1423
64 52 192
64 53 2606
64 54 1375
64 55 144
64 56 2558
64 57 1327
64 58 96
64 59 2510
64 60 1279
64 61 48
64 62 2462
64 63 1231
64 64 0
64 65 2510
64 66 1279
64 67 48
64 68 2558
64 69 1327
64 70 96
64 71 2606
64 72 1375
64 73 144
64 74 2654
64 75 1423
64 76 192
64 77 2702
64 78 1471
64 79 240
64 80 2750
64 81 1519
64 82 288
64 83 3110
65 0 696
65 1 1969
65 2 2494
65 3 1884
65 4 1307
65 5 678
65 6 1199
65 7 1942
65 8 2041
65 9 1323
65 10 2519
65 11 2530
65 12 702
65 13 133
65 14 554
65 15 290
65 16 950
65 17 2092
65 18 2823
65 19 2296
65 20 1386
65 21 1254
65 22 2546
65 23 2626
65 24 927
65 25 1149
65 26 1841
65 27 1090
65 28 1749
65 29 576
65 30 1807
65 31 3038
65 32 528
65 33 1759
65 34 2990
65 35 480
65 36 1711
65 37 2942
65 38 432
65 39 1663
65 40 2894
65 41 384
65 42 1615
65 43 2846
65 44 336
65 45 1567
65 46 2798
65 47 288
65 48 1519
65 49 2750
65 50 240
65 51 1471
65 52 2702
65 53 192
65 54 1423
65 55 2654
65 56 144
65 57 1375
65 58 2606
65 59 96
65 60 1327
65 61 2558
65 62 48
65 63 1279
65 64 2510
65 65 0
65 66 1231
65 67 2462
65 68 48
65 69 1279
65 70 2510
65 71 96
65 72 1327
65 73 2558
65 74 144
65 75 1375
65 76 2606
65 77 192
65 78 1423
65 79 2654
65 80 240
65 81 1471
65 82 2702
65 83 696
66 0 1927
66 1 738
66 2 1263
66 3 653
66 4 76
66 5 1705
66 6 224
66 7 711
66 8 810
66 9 868
66 10 1288
66 11 1299
66 12 1105
66 13 1290
66 14 1061
66 15 1421
66 16 1145
66 17 861
66 18 1592
66 19 1065
66 20 229
66 21 1033
66 22 1315
66 23 1395
66 24 784
66 25 850
66 26 610
66 27 141
66 28 518
66 29 1807
66 30 576
66 31 1807
66 32 1759
66 33 528
66 34 1759
66 35 1711
66 36 480
66 37 1711
66 38 1663
66 39 432
66 40 1663
66 41 1615
66 42 384
66 43 1615
66 44 1567
66 45 336
66 46 1567
66 47 1519
66 48 288
66 49 1519
66 50 1471
66 51 240
66 52 1471
66 53 1423
66 54 192
66 55 1423
66 56 1375
66 57 144
66 58 1375
66 59 1327
66 60 96
66 61 1327
66 62 1279
66 63 48
66 64 1279
66 65 1231
66 66 0
66 67 1231
66 68 1279
66 69 48
66 70 1279
66 71 1327
66 72 96
66 73 1327
66 74 1375
66 75 144
66 76 1375
66 77 1423
66 78 192
66 79 1423
66 80 1471
66 81 240
66 82 1471
66 83 1927
67 0 3158
67 1 1453
67 2 1120
67 3 770
67 4 1155
67 5 2936
67 6 1455
67 7 1192
67 8 901
67 9 2099
67 10 807
67 11 220
67 12 2336
67 13 2521
67 14 2292
67 15 2652
67 16 2376
67 17 562
67 18 695
67 19 454
67 20 1460
67 21 2264
67 22 1068
67 23 316
67 24 2015
67 25 2081
67 26 909
67 27 1372
67 28 713
67 29 3038
67 30 1807
67 31 576
67 32 2990
67 33 1759
67 34 528
67 35 2942
67 36 1711
67 37 480
67 38 2894
67 39 1663
67 40 432
67 41 2846
67 42 1615
67 43 384
67 44 2798
67 45 1567
67 46 336
67 47 2750
67 48 1519
67 49 288
67 50 2702
67 51 1471
67 52 240
67 53 2654
67 54 1423
67 55 192
67 56 2606
67 57 1375
67 58 144
67 59 2558
67 60 1327
67 61 96
67 62 2510
67 63 1279
67 64 48
67 65 2462
67 66 1231
67 67 0
67 68 2510
67 69 1279
67 70 48
67 71 2558
67 72 1327
67 73 96
67 74 2606
67 75 1375
67 76 144
67 77 2654
67 78 1423
67 79 192
67 80 2702
67 81 1471
67 82 240
67 83 3158
68 0 744
68 1 2017
68 2 2542
68 3 1932
68 4 1355
68 5 726
68 6 1151
68 7 1990
68 8 2089
68 9 1371
68 10 2567
68 11 2482
68 12 750
68 13 85
68 14 602
68 15 242
68 16 998
68 17 2140
68 18 2871
68 19 2344
68 20 1338
68 21 1302
68 22 2594
68 23 2674
68 24 975
68 25 1197
68 26 1793
68 27 1138
68 28 1797
68 29 624
68 30 1855
68 31 3086
68 32 576
68 33 1807
68 34 3038
68 35 528
68 36 1759
68 37 2990
68 38 480
68 39 1711
68 40 2942
68 41 432
68 42 1663
68 43 2894
68 44 384
68 45 1615
68 46 2846
68 47 336
68 48 1567
68 49 2798
68 50 288
68 51 1519
68 52 2750
68 53 240
68 54 1471
68 55 2702
68 56 192
68 57 1423
68 58 2654
68 59 144
68 60 1375
68 61 2606
68 62 96
68 63 1327
68 64 2558
68 65 48
68 66 1279
68 67 2510
68 68 0
68 69 1231
68 70 2462
68 71 48
68 72 1279
68 73 2510
68 74 96
68 75 1327
68 76 2558
68 77 144
68 78 1375
68 79 2606
68 80 192
68 81 1423
68 82 2654
68 83 744
69 0 1975
69 1 786
69 2 1311
69 3 701
69 4 124
69 5 1753
69 6 176
69 7 759
69 8 858
69 9 916
69 10 1336
69 11 1251
69 12 1153
69 13 1242
69 14 1109
69 15 1373
69 16 1193
69 17 909
69 18 1640
69 19 1113
69 20 181
69 21 1081
69 22 1363
69 23 1443
69 24 832
69 25 898
69 26 562
69 27 189
69 28 566
69 29 1855
69 30 624
69 31 1855
69 32 1807
69 33 576
69 34 1807
69 35 1759
69 36 528
69 37 1759
69 38 1711
69 39 480
69 40 1711
69 41 1663
69 42 432
69 43 1663
69 44 1615
69 45 384
69 46 1615
69 47 1567
69 48 336
69 49 1567
69 50 1519
69 51 288
69 52 1519
69 53 1471
69 54 240
69 55 1471
69 56 1423
69 57 192
69 58 1423
69 59 1375
69 60 144
69 61 1375
69 62 1327
69 63 96
69 64 1327
69 65 1279
69 66 48
69 67 1279
69 68 1231
69 69 0
69 70 1231
69 71 1279
69 72 48
69 73 1279
69 74 1327
69 75 96
69 76 1327
69 77 1375
69 78 144
69 79 1375
69 80 1423
69 81 192
69 82 1423
69 83 1975
70 0 3206
70 1 1501
70 2 1168
70 3 818
70 4 1203
70 5 2984
70 6 1407
70 7 1240
70 8 949
70 9 2147
70 10 855
70 11 172
70 12 2384
70 13 2473
70 14 2340
70 15 2604
70 16 2424
70 17 610
70 18 743
70 19 502
70 20 1412
70 21 2312
70 22 1116
70 23 364
70 24 2063
70 25 2129
70 26 861
70 27 1420
70 28 761
70 29 3086
70 30 1855
70 31 624
70 32 3038
70 33 1807
70 34 576
70 35 2990
70 36 1759
70 37 528
70 38 2942
70 39 1711
70 40 480
70 41 2894
70 42 1663
70 43 432
70 44 2846
70 45 1615
70 46 384
70 47 2798
70 48 1567
70 49 336
70 50 2750
70 51 1519
70 52 288
70 53 2702
70 54 1471
70 55 240
70 56 2654
70 57 1423
70 58 192
70 59 2606
70 60 1375
70 61 144
70 62 2558
70 63 1327
70 64 96
70 65 2510
70 66 1279
70 67 48
70 68 2462
70 69 1231
70 70 0
70 71 2510
70 72 1279
70 73 48
70 74 2558
70 75 1327
70 76 96
70 77 2606
70 78 1375
70 79 144
70 80 2654
70 81 1423
70 82 192
70 83 3206
71 0 792
71 1 2065
71 2 2590
71 3 1980
71 4 1403
71 5 774
71 6 1103
71 7 2038
71 8 2137
71 9 1419
71 10 2615
71 11 2434
71 12 798
71 13 37
71 14 650
71 15 194
71 16 1046
71 17 2188
71 18 2919
71 19 2392
71 20 1290
71 21 1350
71 22 2642
71 23 2722
71 24 1023
71 25 1245
71 26 1745
71 27 1186
71 28 1845
71 29 672
71 30 1903
71 31 3134
71 32 624
71 33 1855
71 34 3086
71 35 576
71 36 1807
71 37 3038
71 38 528
71 39 1759
71 40 2990
71 41 480
71 42 1711
71 43 2942
71 44 432
71 45 1663
71 46 2894
71 47 384
71 48 1615
71 49 2846
71 50 336
71 51 1567
71 52 2798
71 53 288
71 54 1519
71 55 2750
71 56 240
71 57 1471
71 58 2702
71 59 192
71 60 1423
71 61 2654
71 62 144
71 63 1375
71 64 2606
71 65 96
71 66 1327
71 67 2558
71 68 48
71 69 1279
71 70 2510
71 71 0
71 72 1231
71 73 2462
71 74 48
71 75 1279
71 76 2510
71 77 96
71 78 1327
71 79 2558
71 80 144
71 81 1375
71 82 2606
71 83 792
72 0 2023
72 1 834
72 2 1359
72 3 749
72 4 172
72 5 1801
72 6 128
72 7 807
72 8 906
72 9 964
72 10 1384
72 11 1203
72 12 1201
72 13 1194
72 14 1157
72 15 1325
72 16 1241
72 17 957
72 18 1688
72 19 1161
72 20 133
72 21 1129
72 22 1411
72 23 1491
72 24 880
72 25 946
72 26 514
72 27 237
72 28 614
72 29 1903
72 30 672
72 31 1903
72 32 1855
72 33 624
72 34 1855
72 35 1807
72 36 576
72 37 1807
72 38 1759
72 39 528
72 40 1759
72 41 1711
72 42 480
72 43 1711
72 44 1663
72 45 432
72 46 1663
72 47 1615
72 48 384
72 49 1615
72 50 1567
72 51 336
72 52 1567
72 53 1519
72 54 288
72 55 1519
72 56 1471
72 57 240
72 58 1471
72 59 1423
72 60 192
72 61 1423
72 62 1375
72 63 144
72 64 1375
72 65 1327
72 66 96
72 67 1327
72 68 1279
72 69 48
72 70 1279
72 71 1231
72 72 0
72 73 1231
72 74 1279
72 75 48
72 76 1279
72 77 1327
72 78 96
72 79 1327
72 80 1375
72 81 144
72 82 1375
72 83 2023
73 0 3254
73 1 1549
73 2 1216
73 3 866
73 4 1251
73 5 3032
73 6 1359
73 7 1288
73 8 997
73 9 2195
73 10 903
73 11 124
73 12 2432
73 13 2425
73 14 2388
73 15 2556
73 16 2472
73 17 658
73 18 791
73 19 550
73 20 1364
73 21 2360
73 22 1164
73 23 412
73 24 2111
73 25 2177
73 26 813
73 27 1468
73 28 809
73 29 3134
73 30 1903
73 31 672
73 32 3086
73 33 1855
73 34 624
73 35 3038
73 36 1807
73 37 576
73 38 2990
73 39 1759
73 40 528
73 41 2942
73 42 1711
73 43 480
73 44 2894
73 45 1663
73 46 432
73 47 2846
73 48 1615
73 49 384
73 50 2798
73 51 1567
73 52 336
73 53 2750
73 54 1519
73 55 288
73 56 2702
73 57 1471
73 58 240
73 59 2654
73 60 1423
73 61 192
73 62 2606
73 63 1375
73 64 144
73 65 2558
73 66 1327
73 67 96
73 68 2510
73 69 1279
73 70 48
73 71 2462
73 72 1231
73 73 0
73 74 2510
73 75 1279
73 76 48
73 77 2558
73 78 1327
73 79 96
73 80 2606
73 81 1375
73 82 144
73 83 3254
74 0 840
74 1 2113
74 2 2638
74 3 2028
74 4 1451
74 5 822
74 6 1151
74 7 2086
74 8 2185
74 9 1467
74 10 2663
74 11 2386
74 12 846
74 13 85
74 14 698
74 15 146
74 16 1094
74 17 2236
74 18 2967
74 19 2440
74 20 1242
74 21 1398
74 22 2690
74 23 2770
74 24 1071
74 25 1293
74 26 1697
74 27 1234
74 28 1893
74 29 720
74 30 1951
74 31 3182
74 32 672
74 33 1903
74 34 3134
74 35 624
74 36 1855
74 37 3086
74 38 576
74 39 1807
74 40 3038
74 41 528
74 42 1759
74 43 2990
74 44 480
74 45 1711
74 46 2942
74 47 432
74 48 1663
74 49 2894
74 50 384
74 51 1615
74 52 2846
74 53 336
74 54 1567
74 55 2798
74 56 288
74 57 1519
74 58 2750
74 59 240
74 60 1471
74 61 2702
74 62 192
74 63 1423
74 64 2654
74 65 144
74 66 1375
74 67 2606
74 68 96
74 69 1327
74 70 2558
74 71 48
74 72 1279
74 73 2510
74 74 0
74 75 1231
74 76 2462
74 77 48
74 78 1279
74 79 2510
74 80 96
74 81 1327
74 82 2558
74 83 840
75 0 2071
75 1 882
75 2 1407
75 3 797
75 4 220
75 5 1849
75 6 176
75 7 855
75 8 954
75 9 1012
75 10 1432
75 11 1155
75 12 1249
75 13 1242
75 14 1205
75 15 1277
75 16 1289
75 17 1005
75 18 1736
75 19 1209
75 20 85
75 21 1177
75 22 1459
75 23 1539
75 24 928
75 25 994
75 26 466
75 27 285
75 28 662
75 29 1951
75 30 720
75 31 1951
75 32 1903
75 33 672
75 34 1903
75 35 1855
75 36 624
75 37 1855
75 38 1807
75 39 576
75 40 1807
75 41 1759
75 42 528
75 43 1759
75 44 1711
75 45 480
75 46 1711
75 47 1663
75 48 432
75 49 1663
75 50 1615
75 51 384
75 52 1615
75 53 1567
75 54 336
75 55 1567
75 56 1519
75 57 288
75 58 1519
75 59 1471
75 60 240
75 61 1471
75 62 1423
75 63 192
75 64 1423
75 65 1375
75 66 144
75 67 1375
75 68 1327
75 69 96
75 70 1327
75 71 1279
75 72 48
75 73 1279
75 74 1231
75 75 0
75 76 1231
75 77 1279
75 78 48
75 79 1279
75 80 1327
75 81 96
75 82 1327
75 83 2071
76 0 3302
76 1 1597
76 2 1264
76 3 914
76 4 1299
76 5 3080
76 6 1407
76 7 1336
76 8 1045
76 9 2243
76 10 951
76 11 76
76 12 2480
76 13 2473
76 14 2436
76 15 2508
76 16 2520
76 17 706
76 18 839
76 19 598
76 20 1316
76 21 2408
76 22 1212
76 23 460
76 24 2159
76 25 2225
76 26 765
76 27 1516
76 28 857
76 29 3182
76 30 1951
76 31 720
76 32 3134
76 33 1903
76 34 672
76 35 3086
76 36 1855
76 37 624
76 38 3038
76 39 1807
76 40 576
76 41 2990
76 42 1759
76 43 528
76 44 2942
76 45 1711
76 46 480
76 47 2894
76 48 1663
76 49 432
76 50 2846
76 51 1615
76 52 384
76 53 2798
76 54 1567
76 55 336
76 56 2750
76 57 1519
76 58 288
76 59 2702
76 60 1471
76 61 240
76 62 2654
76 63 1423
76 64 192
76 65 2606
76 66 1375
76 67 144
76 68 2558
76 69 1327
76 70 96
76 71 2510
76 72 1279
76 73 48
76 74 2462
76 75 1231
76 76 0
76 77 2510
76 78 1279
76 79 48
76 80 2558
76 81 1327
76 82 96
76 83 3302
77 0 888
77 1 2161
77 2 2686
77 3 2076
77 4 1499
77 5 870
77 6 1199
77 7 2134
77 8 2233
77 9 1515
77 10 2711
77 11 2434
77 12 894
77 13 133
77 14 746
77 15 98
77 16 1142
77 17 2284
77 18 3015
77 19 2488
77 20 1194
77 21 1446
77 22 2738
77 23 2818
77 24 1119
77 25 1341
77 26 1745
77 27 1282
77 28 1941
77 29 768
77 30 1999
77 31 3230
77 32 720
77 33 1951
77 34 3182
77 35 672
77 36 1903
77 37 3134
77 38 624
77 39 1855
77 40 3086
77 41 576
77 42 1807
77 43 3038
77 44 528
77 45 1759
77 46 2990
77 47 480
77 48 1711
77 49 2942
77 50 432
77 51 1663
77 52 2894
77 53 384
77 54 1615
77 55 2846
77 56 336
77 57 1567
77 58 2798
77 59 288
77 60 1519
77 61 2750
77 62 240
77 63 1471
77 64 2702
77 65 192
77 66 1423
77 67 2654
77 68 144
77 69 1375
77 70 2606
77 71 96
77 72 1327
77 73 2558
77 74 48
77 75 1279
77 76 2510
77 77 0
77 78 1231
77 79 2462
77 80 48
77 81 1279
77 82 2510
77 83 888
78 0 2119
78 1 930
78 2 1455
78 3 845
78 4 268
78 5 1897
78 6 224
78 7 903
78 8 1002
78 9 1060
78 10 1480
78 11 1203
78 12 1297
78 13 1290
78 14 1253
78 15 1229
78 16 1337
78 17 1053
78 18 1784
78 19 1257
78 20 37
78 21 1225
78 22 1507
78 23 1587
78 24 976
78 25 1042
78 26 514
78 27 333
78 28 710
78 29 1999
78 30 768
78 31 1999
78 32 1951
78 33 720
78 34 1951
78 35 1903
78 36 672
78 37 1903
78 38 1855
78 39 624
78 40 1855
78 41 1807
78 42 576
78 43 1807
78 44 1759
78 45 528
78 46 1759
78 47 1711
78 48 480
78 49 1711
78 50 1663
78 51 432
78 52 1663
78 53 1615
78 54 384
78 55 1615
78 56 1567
78 57 336
78 58 1567
78 59 1519
78 60 288
78 61 1519
78 62 1471
78 63 240
78 64 1471
78 65 1423
78 66 192
78 67 1423
78 68 1375
78 69 144
78 70 1375
78 71 1327
78 72 96
78 73 1327
78 74 1279
78 75 48
78 76 1279
78 77 1231
78 78 0
78 79 1231
78 80 1279
78 81 48
78 82 1279
78 83 2119
79 0 3350
79 1 1645
79 2 1312
79 3 962
79 4 1347
79 5 3128
79 6 1455
79 7 1384
79 8 1093
79 9 2291
79 10 999
79 11 124
79 12 2528
79 13 2521
79 14 2484
79 15 2460
79 16 2568
79 17 754
79 18 887
79 19 646
79 20 1268
79 21 2456
79 22 1260
79 23 508
79 24 2207
79 25 2273
79 26 813
79 27 1564
79 28 905
79 29 3230
79 30 1999
79 31 768
79 32 3182
79 33 1951
79 34 720
79 35 3134
79 36 1903
79 37 672
79 38 3086
79 39 1855
79 40 624
79 41 3038
79 42 1807
79 43 576
79 44 2990
79 45 1759
79 46 528
79 47 2942
79 48 1711
79 49 480
79 50 2894
79 51 1663
79 52 432
79 53 2846
79 54 1615
79 55 384
79 56 2798
79 57 1567
79 58 336
79 59 2750
79 60 1519
79 61 288
79 62 2702
79 63 1471
79 64 240
79 65 2654
79 66 1423
79 67 192
79 68 2606
79 69 1375
79 70 144
79 71 2558
79 72 1327
79 73 96
79 74 2510
79 75 1279
79 76 48
79 77 2462
79 78 1231
79 79 0
79 80 2510
79 81 1279
79 82 48
79 83 3350
80 0 936
80 1 2209
80 2 2734
80 3 2124
80 4 1547
80 5 918
80 6 1247
80 7 2182
80 8 2281
80 9 1563
80 10 2759
80 11 2482
80 12 942
80 13 181
80 14 794
80 15 50
80 16 1190
80 17 2332
80 18 3063
80 19 2536
80 20 1242
80 21 1494
80 22 2786
80 23 2866
80 24 1167
80 25 1389
80 26 1793
80 27 1330
80 28 1989
80 29 816
80 30 2047
80 31 3278
80 32 768
80 33 1999
80 34 3230
80 35 720
80 36 1951
80 37 3182
80 38 672
80 39 1903
80 40 3134
80 41 624
80 42 1855
80 43 3086
80 44 576
80 45 1807
80 46 3038
80 47 528
80 48 1759
80 49 2990
80 50 480
80 51 1711
80 52 2942
80 53 432
80 54 1663
80 55 2894
80 56 384
80 57 1615
80 58 2846
80 59 336
80 60 1567
80 61 2798
80 62 288
80 63 1519
80 64 2750
80 65 240
80 66 1471
80 67 2702
80 68 192
80 69 1423
80 70 2654
80 71 144
80 72 1375
80 73 2606
80 74 96
80 75 1327
80 76 2558
80 77 48
80 78 1279
80 79 2510
80 80 0
80 81 1231
80 82 2462
80 83 936
81 0 2167
81 1 978
81 2 1503
81 3 893
81 4 316
81 5 1945
81 6 272
81 7 951
81 8 1050
81 9 1108
81 10 1528
81 11 1251
81 12 1345
81 13 1338
81 14 1301
81 15 1181
81 16 1385
81 17 1101
81 18 1832
81 19 1305
81 20 85
81 21 1273
81 22 1555
81 23 1635
81 24 1024
81 25 1090
81 26 562
81 27 381
81 28 758
81 29 2047
81 30 816
81 31 2047
81 32 1999
81 33 768
81 34 1999
81 35 1951
81 36 720
81 37 1951
81 38 1903
81 39 672
81 40 1903
81 41 1855
81 42 624
81 43 1855
81 44 1807
81 45 576
81 46 1807
81 47 1759
81 48 528
81 49 1759
81 50 1711
81 51 480
81 52 1711
81 53 1663
81 54 432
81 55 1663
81 56 1615
81 57 384
81 58 1615
81 59 1567
81 60 336
81 61 1567
81 62 1519
81 63 288
81 64 1519
81 65 1471
81 66 240
81 67 1471
81 68 1423
81 69 192
81 70 1423
81 71 1375
81 72 144
81 73 1375
81 74 1327
81 75 96
81 76 1327
81 77 1279
81 78 48
81 79 1279
81 80 1231
81 81 0
81 82 1231
81 83 2167
82 0 3398
82 1 1693
82 2 1360
82 3 1010
82 4 1395
82 5 3176
82 6 1503
82 7 1432
82 8 1141
82 9 2339
82 10 1047
82 11 172
82 12 2576
82 13 2569
82 14 2532
82 15 2412
82 16 2616
82 17 802
82 18 935
82 19 694
82 20 1316
82 21 2504
82 22 1308
82 23 556
82 24 2255
82 25 2321
82 26 861
82 27 1612
82 28 953
82 29 3278
82 30 2047
82 31 816
82 32 3230
82 33 1999
82 34 768
82 35 3182
82 36 1951
82 37 720
82 38 3134
82 39 1903
82 40 672
82 41 3086
82 42 1855
82 43 624
82 44 3038
82 45 1807
82 46 576
82 47 2990
82 48 1759
82 49 528
82 50 2942
82 51 1711
82 52 480
82 53 2894
82 54 1663
82 55 432
82 56 2846
82 57 1615
82 58 384
82 59 2798
82 60 1567
82 61 336
82 62 2750
82 63 1519
82 64 288
82 65 2702
82 66 1471
82 67 240
82 68 2654
82 69 1423
82 70 192
82 71 2606
82 72 1375
82 73 144
82 74 2558
82 75 1327
82 76 96
82 77 2510
82 78 1279
82 79 48
82 80 2462
82 81 1231
82 82 0
82 83 3398
83 0 0
83 1 1705
83 2 2038
83 3 2388
83 4 2003
83 5 222
83 6 1895
83 7 1966
83 8 2257
83 9 1059
83 10 2351
83 11 3226
83 12 822
83 13 829
83 14 866
83 15 986
83 16 782
83 17 2596
83 18 2463
83 19 2704
83 20 2082
83 21 894
83 22 2090
83 23 2842
83 24 1143
83 25 1077
83 26 2537
83 27 1786
83 28 2445
83 29 120
83 30 1351
83 31 2582
83 32 168
83 33 1399
83 34 2630
83 35 216
83 36 1447
83 37 2678
83 38 264
83 39 1495
83 40 2726
83 41 312
83 42 1543
83 43 2774
83 44 360
83 45 1591
83 46 2822
83 47 408
83 48 1639
83 49 2870
83 50 456
83 51 1687
83 52 2918
83 53 504
83 54 1735
83 55 2966
83 56 552
83 57 1783
83 58 3014
83 59 600
83 60 1831
83 61 3062
83 62 648
83 63 1879
83 64 3110
83 65 696
83 66 1927
83 67 3158
83 68 744
83 69 1975
83 70 3206
83 71 792
83 72 2023
83 73 3254
83 74 840
83 75 2071
83 76 3302
83 77 888
83 78 2119
83 79 3350
83 80 936
83 81 2167
83 82 3398
83 83 0
//Location coordinates LocationName
//Loc x y
0 0.0 0.0 "depot"
1 96.0 1609.0 "product aisle 2 bloc 1 rank 35"
2 0.0 2038.0 "product aisle 0 bloc 1 rank 102"
3 480.0 1908.0 "product aisle 10 bloc 1 rank 82"
4 576.0 1427.0 "product aisle 12 bloc 1 rank 8"
5 0.0 222.0 "product aisle 0 bloc 0 rank 11"
6 672.0 1223.0 "product aisle 14 bloc 0 rank 165"
7 240.0 1726.0 "product aisle 5 bloc 1 rank 53"
8 336.0 1921.0 "product aisle 7 bloc 1 rank 84"
9 96.0 963.0 "product aisle 2 bloc 0 rank 125"
10 144.0 2207.0 "product aisle 3 bloc 1 rank 127"
11 720.0 2506.0 "product aisle 15 bloc 1 rank 173"
12 288.0 534.0 "product aisle 6 bloc 0 rank 59"
13 672.0 157.0 "product aisle 14 bloc 0 rank 1"
14 384.0 482.0 "product aisle 8 bloc 0 rank 52"
15 816.0 170.0 "product aisle 17 bloc 0 rank 4"
16 144.0 638.0 "product aisle 3 bloc 0 rank 76"
17 480.0 2116.0 "product aisle 10 bloc 1 rank 113"
18 48.0 2415.0 "product aisle 1 bloc 1 rank 160"
19 432.0 2272.0 "product aisle 9 bloc 1 rank 138"
20 768.0 1314.0 "product aisle 16 bloc 0 rank 180"
21 48.0 846.0 "product aisle 1 bloc 0 rank 107"
22 0.0 2090.0 "product aisle 0 bloc 1 rank 109"
23 336.0 2506.0 "product aisle 7 bloc 1 rank 173"
24 336.0 807.0 "product aisle 7 bloc 0 rank 102"
25 192.0 885.0 "product aisle 4 bloc 0 rank 113"
26 720.0 1817.0 "product aisle 15 bloc 1 rank 68"
27 576.0 1210.0 "product aisle 12 bloc 0 rank 163"
28 576.0 1869.0 "product aisle 12 bloc 1 rank 75"
29 24.0 120.0 "intersection aisle 0 bloc 0 rank 0"
30 24.0 1351.0 "intersection aisle 0 bloc 1 rank 1"
31 24.0 2582.0 "intersection aisle 0 bloc 2 rank 2"
32 72.0 120.0 "intersection aisle 1 bloc 0 rank 0"
33 72.0 1351.0 "intersection aisle 1 bloc 1 rank 1"
34 72.0 2582.0 "intersection aisle 1 bloc 2 rank 2"
35 120.0 120.0 "intersection aisle 2 bloc 0 rank 0"
36 120.0 1351.0 "intersection aisle 2 bloc 1 rank 1"
37 120.0 2582.0 "intersection aisle 2 bloc 2 rank 2"
38 168.0 120.0 "intersection aisle 3 bloc 0 rank 0"
39 168.0 1351.0 "intersection aisle 3 bloc 1 rank 1"
40 168.0 2582.0 "intersection aisle 3 bloc 2 rank 2"
41 216.0 120.0 "intersection aisle 4 bloc 0 rank 0"
42 216.0 1351.0 "intersection aisle 4 bloc 1 rank 1"
43 216.0 2582.0 "intersection aisle 4 bloc 2 rank 2"
44 264.0 120.0 "intersection aisle 5 bloc 0 rank 0"
45 264.0 1351.0 "intersection aisle 5 bloc 1 rank 1"
46 264.0 2582.0 "intersection aisle 5 bloc 2 rank 2"
47 312.0 120.0 "intersection aisle 6 bloc 0 rank 0"
48 312.0 1351.0 "intersection aisle 6 bloc 1 rank 1"
49 312.0 2582.0 "intersection aisle 6 bloc 2 rank 2"
50 360.0 120.0 "intersection aisle 7 bloc 0 rank 0"
51 360.0 1351.0 "intersection aisle 7 bloc 1 rank 1"
52 360.0 2582.0 "intersection aisle 7 bloc 2 rank 2"
53 408.0 120.0 "intersection aisle 8 bloc 0 rank 0"
54 408.0 1351.0 "intersection aisle 8 bloc 1 rank 1"
55 408.0 2582.0 "intersection aisle 8 bloc 2 rank 2"
56 456.0 120.0 "intersection aisle 9 bloc 0 rank 0"
57 456.0 1351.0 "intersection aisle 9 bloc 1 rank 1"
58 456.0 2582.0 "intersection aisle 9 bloc 2 rank 2"
59 504.0 120.0 "intersection aisle 10 bloc 0 rank 0"
60 504.0 1351.0 "intersection aisle 10 bloc 1 rank 1"
61 504.0 2582.0 "intersection aisle 10 bloc 2 rank 2"
62 552.0 120.0 "intersection aisle 11 bloc 0 rank 0"
63 552.0 1351.0 "intersection aisle 11 bloc 1 rank 1"
64 552.0 2582.0 "intersection aisle 11 bloc 2 rank 2"
65 600.0 120.0 "intersection aisle 12 bloc 0 rank 0"
66 600.0 1351.0 "intersection aisle 12 bloc 1 rank 1"
67 600.0 2582.0 "intersection aisle 12 bloc 2 rank 2"
68 648.0 120.0 "intersection aisle 13 bloc 0 rank 0"
69 648.0 1351.0 "intersection aisle 13 bloc 1 rank 1"
70 648.0 2582.0 "intersection aisle 13 bloc 2 rank 2"
71 696.0 120.0 "intersection aisle 14 bloc 0 rank 0"
72 696.0 1351.0 "intersection aisle 14 bloc 1 rank 1"
73 696.0 2582.0 "intersection aisle 14 bloc 2 rank 2"
74 744.0 120.0 "intersection aisle 15 bloc 0 rank 0"
75 744.0 1351.0 "intersection aisle 15 bloc 1 rank 1"
76 744.0 2582.0 "intersection aisle 15 bloc 2 rank 2"
77 792.0 120.0 "intersection aisle 16 bloc 0 rank 0"
78 792.0 1351.0 "intersection aisle 16 bloc 1 rank 1"
79 792.0 2582.0 "intersection aisle 16 bloc 2 rank 2"
80 840.0 120.0 "intersection aisle 17 bloc 0 rank 0"
81 840.0 1351.0 "intersection aisle 17 bloc 1 rank 1"
82 840.0 2582.0 "intersection aisle 17 bloc 2 rank 2"
83 0.0 0.0 "depot"
