//alpha
1
//NbLocations
87
//NbProducts
33
//NbPickers
2
//CapaPicker
4
//TimeToTravelOneDistanceUnit
3
//SetupTime
5400
//PickTime
300
//Products
//Idx Location Size
1 1 1
2 2 1
3 3 1
4 4 1
5 5 1
6 6 1
7 7 1
8 8 1
9 9 1
10 10 1
11 11 1
12 12 1
13 13 1
14 14 1
15 15 1
16 16 1
17 17 1
18 18 1
19 19 1
20 20 1
21 21 1
22 22 1
23 23 1
24 24 1
25 25 1
26 26 1
27 27 1
28 28 1
29 29 1
30 30 1
31 31 1
32 32 1
33 19 1
//Orders
//NbOrders
18
//Idx DueDate TardinessPenalty NbProdInOrder ProdIdx1 Qty1 ProdIdx2 Qty2 ...
1 126000 0 1 1 1
2 54000 0 1 2 1
3 36000 0 3 3 1 4 1 5 1
4 36000 0 3 6 1 7 1 8 1
5 144000 0 1 9 1
6 36000 0 1 10 1
7 144000 0 2 11 1 12 1
8 90000 0 3 13 1 14 1 15 1
9 36000 0 1 16 1
10 54000 0 1 17 1
11 36000 0 1 18 1
12 126000 0 1 19 1
13 144000 0 4 20 1 21 1 22 1 23 1
14 126000 0 2 24 1 25 1
15 90000 0 1 26 1
16 72000 0 4 27 1 28 1 29 1 30 1
17 126000 0 2 31 1 32 1
18 72000 0 1 33 1
//Graph (Products are vertices indexed from 1 to NbProducts)
//NbVerticesIntersections
54
//DepartingDepot
0
//ArrivalDepot
87
//Arcs
//Start End Distance
0 33 120
1 3 507
1 56 648
2 28 65
2 37 102
3 1 507
3 55 76
4 12 520
4 22 195
5 13 702
5 33 323
6 18 91
6 42 89
7 28 884
7 36 180
8 12 26
8 39 245
9 23 390
9 35 531
10 15 52
10 37 271
11 58 180
11 59 1051
12 4 520
12 8 26
13 5 702
13 34 206
14 46 167
14 47 1064
15 10 52
15 17 260
16 45 960
16 46 271
17 15 260
17 19 26
18 6 91
18 30 481
19 17 26
19 24 260
20 57 544
20 58 687
21 54 570
21 55 661
22 4 195
22 27 143
23 9 390
23 25 273
24 19 260
24 38 362
25 23 273
25 34 37
26 70 765
26 71 466
27 22 143
27 40 102
28 2 65
28 7 884
29 66 232
29 67 999
30 18 481
30 43 570
31 40 830
31 41 401
32 78 622
32 79 609
33 5 323
33 36 48
33 87 120
34 13 206
34 25 37
34 37 48
35 9 531
35 38 48
36 7 180
36 33 48
36 39 48
37 2 102
37 10 271
37 34 48
37 40 48
38 24 362
38 35 48
38 41 48
39 8 245
39 36 48
39 42 48
40 27 102
40 31 830
40 37 48
40 43 48
41 31 401
41 38 48
41 44 48
42 6 89
42 39 48
42 45 48
43 30 570
43 40 48
43 44 1231
43 46 48
44 41 48
44 43 1231
44 47 48
45 16 960
45 42 48
45 48 48
46 14 167
46 16 271
46 43 48
46 49 48
47 14 1064
47 44 48
47 50 48
48 45 48
48 49 1231
48 51 48
49 46 48
49 48 1231
49 50 1231
49 52 48
50 47 48
50 49 1231
50 53 48
51 48 48
51 52 1231
51 54 48
52 49 48
52 51 1231
52 53 1231
52 55 48
53 50 48
53 52 1231
53 56 48
54 21 570
54 51 48
54 57 48
55 3 76
55 21 661
55 52 48
55 58 48
56 1 648
56 53 48
56 59 48
57 20 544
57 54 48
57 60 48
58 11 180
58 20 687
58 55 48
58 61 48
59 11 1051
59 56 48
59 62 48
60 57 48
60 61 1231
60 63 48
61 58 48
61 60 1231
61 62 1231
61 64 48
62 59 48
62 61 1231
62 65 48
63 60 48
63 64 1231
63 66 48
64 61 48
64 63 1231
64 65 1231
64 67 48
65 62 48
65 64 1231
65 68 48
66 29 232
66 63 48
66 69 48
67 29 999
67 64 48
67 68 1231
67 70 48
68 65 48
68 67 1231
68 71 48
69 66 48
69 70 1231
69 72 48
70 26 765
70 67 48
70 69 1231
70 73 48
71 26 466
71 68 48
71 74 48
72 69 48
72 73 1231
72 75 48
73 70 48
73 72 1231
73 74 1231
73 76 48
74 71 48
74 73 1231
74 77 48
75 72 48
75 76 1231
75 78 48
76 73 48
76 75 1231
76 77 1231
76 79 48
77 74 48
77 76 1231
77 80 48
78 32 622
78 75 48
78 81 48
79 32 609
79 76 48
79 80 1231
79 82 48
80 77 48
80 79 1231
80 83 48
81 78 48
81 82 1231
81 84 48
82 79 48
82 81 1231
82 83 1231
82 85 48
83 80 48
83 82 1231
83 86 48
84 81 48
84 85 1231
85 82 48
85 84 1231
85 86 1231
86 83 48
86 85 1231
//LocStart LocEnd ShortestPath
0 0 0
0 1 2270
0 2 1297
0 3 1763
0 4 1007
0 5 443
0 6 353
0 7 348
0 8 461
0 9 2051
0 10 1670
0 11 1915
0 12 487
0 13 1145
0 14 1710
0 15 1722
0 16 1272
0 17 1982
0 18 444
0 19 2008
0 20 1048
0 21 1026
0 22 1202
0 23 1661
0 24 2268
0 25 1388
0 26 2692
0 27 1345
0 28 1232
0 29 880
0 30 925
0 31 2277
0 32 1462
0 33 120
0 34 1351
0 35 2582
0 36 168
0 37 1399
0 38 2630
0 39 216
0 40 1447
0 41 2678
0 42 264
0 43 1495
0 44 2726
0 45 312
0 46 1543
0 47 2774
0 48 360
0 49 1591
0 50 2822
0 51 408
0 52 1639
0 53 2870
0 54 456
0 55 1687
0 56 2918
0 57 504
0 58 1735
0 59 2966
0 60 552
0 61 1783
0 62 3014
0 63 600
0 64 1831
0 65 3062
0 66 648
0 67 1879
0 68 3110
0 69 696
0 70 1927
0 71 3158
0 72 744
0 73 1975
0 74 3206
0 75 792
0 76 2023
0 77 3254
0 78 840
0 79 2071
0 80 3302
0 81 888
0 82 2119
0 83 3350
0 84 936
0 85 2167
0 86 3398
0 87 0
1 0 2270
1 1 0
1 2 973
1 3 507
1 4 1263
1 5 1827
1 6 1917
1 7 1922
1 8 1809
1 9 1515
1 10 1142
1 11 811
1 12 1783
1 13 1125
1 14 894
1 15 1194
1 16 998
1 17 1454
1 18 1826
1 19 1480
1 20 1318
1 21 1244
1 22 1068
1 23 1229
1 24 1298
1 25 956
1 26 1354
1 27 925
1 28 1038
1 29 1774
1 30 1345
1 31 1289
1 32 1576
1 33 2150
1 34 919
1 35 984
1 36 2102
1 37 871
1 38 936
1 39 2054
1 40 823
1 41 888
1 42 2006
1 43 775
1 44 840
1 45 1958
1 46 727
1 47 792
1 48 1910
1 49 679
1 50 744
1 51 1862
1 52 631
1 53 696
1 54 1814
1 55 583
1 56 648
1 57 1862
1 58 631
1 59 696
1 60 1910
1 61 679
1 62 744
1 63 1958
1 64 727
1 65 792
1 66 2006
1 67 775
1 68 840
1 69 2054
1 70 823
1 71 888
1 72 2102
1 73 871
1 74 936
1 75 2150
1 76 919
1 77 984
1 78 2198
1 79 967
1 80 1032
1 81 2246
1 82 1015
1 83 1080
1 84 2294
1 85 1063
1 86 1128
1 87 2270
2 0 1297
2 1 973
2 2 0
2 3 466
2 4 590
2 5 1058
2 6 1314
2 7 949
2 8 1136
2 9 850
2 10 373
2 11 618
2 12 1110
2 13 356
2 14 413
2 15 425
2 16 517
2 17 685
2 18 1249
2 19 711
2 20 1125
2 21 1051
2 22 395
2 23 460
2 24 971
2 25 187
2 26 1395
2 27 252
2 28 65
2 29 1581
2 30 768
2 31 980
2 32 1383
2 33 1177
2 34 150
2 35 1381
2 36 1129
2 37 102
2 38 1333
2 39 1177
2 40 150
2 41 1381
2 42 1225
2 43 198
2 44 1429
2 45 1273
2 46 246
2 47 1477
2 48 1321
2 49 294
2 50 1525
2 51 1369
2 52 342
2 53 1573
2 54 1417
2 55 390
2 56 1621
2 57 1465
2 58 438
2 59 1669
2 60 1513
2 61 486
2 62 1717
2 63 1561
2 64 534
2 65 1765
2 66 1609
2 67 582
2 68 1813
2 69 1657
2 70 630
2 71 1861
2 72 1705
2 73 678
2 74 1909
2 75 1753
2 76 726
2 77 1957
2 78 1801
2 79 774
2 80 2005
2 81 1849
2 82 822
2 83 2053
2 84 1897
2 85 870
2 86 2101
2 87 1297
3 0 1763
3 1 507
3 2 466
3 3 0
3 4 756
3 5 1320
3 6 1410
3 7 1415
3 8 1302
3 9 1112
3 10 635
3 11 304
3 12 1276
3 13 618
3 14 387
3 15 687
3 16 491
3 17 947
3 18 1319
3 19 973
3 20 811
3 21 737
3 22 561
3 23 722
3 24 1233
3 25 449
3 26 1081
3 27 418
3 28 531
3 29 1267
3 30 838
3 31 1146
3 32 1069
3 33 1643
3 34 412
3 35 1491
3 36 1595
3 37 364
3 38 1443
3 39 1547
3 40 316
3 41 1395
3 42 1499
3 43 268
3 44 1347
3 45 1451
3 46 220
3 47 1299
3 48 1403
3 49 172
3 50 1251
3 51 1355
3 52 124
3 53 1203
3 54 1307
3 55 76
3 56 1155
3 57 1355
3 58 124
3 59 1203
3 60 1403
3 61 172
3 62 1251
3 63 1451
3 64 220
3 65 1299
3 66 1499
3 67 268
3 68 1347
3 69 1547
3 70 316
3 71 1395
3 72 1595
3 73 364
3 74 1443
3 75 1643
3 76 412
3 77 1491
3 78 1691
3 79 460
3 80 1539
3 81 1739
3 82 508
3 83 1587
3 84 1787
3 85 556
3 86 1635
3 87 1763
4 0 1007
4 1 1263
4 2 590
4 3 756
4 4 0
4 5 1210
4 6 928
4 7 1019
4 8 546
4 9 1236
4 10 759
4 11 908
4 12 520
4 13 742
4 14 703
4 15 811
4 16 807
4 17 1071
4 18 1019
4 19 1097
4 20 1415
4 21 1341
4 22 195
4 23 846
4 24 1357
4 25 573
4 26 1685
4 27 338
4 28 655
4 29 1455
4 30 1058
4 31 1270
4 32 1673
4 33 887
4 34 536
4 35 1767
4 36 839
4 37 488
4 38 1719
4 39 791
4 40 440
4 41 1671
4 42 839
4 43 488
4 44 1719
4 45 887
4 46 536
4 47 1767
4 48 935
4 49 584
4 50 1815
4 51 983
4 52 632
4 53 1863
4 54 1031
4 55 680
4 56 1911
4 57 1079
4 58 728
4 59 1959
4 60 1127
4 61 776
4 62 2007
4 63 1175
4 64 824
4 65 2055
4 66 1223
4 67 872
4 68 2103
4 69 1271
4 70 920
4 71 2151
4 72 1319
4 73 968
4 74 2199
4 75 1367
4 76 1016
4 77 2247
4 78 1415
4 79 1064
4 80 2295
4 81 1463
4 82 1112
4 83 2343
4 84 1511
4 85 1160
4 86 2391
4 87 1007
5 0 443
5 1 1827
5 2 1058
5 3 1320
5 4 1210
5 5 0
5 6 556
5 7 551
5 8 664
5 9 1608
5 10 1227
5 11 1472
5 12 690
5 13 702
5 14 1267
5 15 1279
5 16 1371
5 17 1539
5 18 647
5 19 1565
5 20 1251
5 21 1229
5 22 1249
5 23 1218
5 24 1825
5 25 945
5 26 2249
5 27 1106
5 28 1123
5 29 1083
5 30 1128
5 31 1834
5 32 1665
5 33 323
5 34 908
5 35 2139
5 36 371
5 37 956
5 38 2187
5 39 419
5 40 1004
5 41 2235
5 42 467
5 43 1052
5 44 2283
5 45 515
5 46 1100
5 47 2331
5 48 563
5 49 1148
5 50 2379
5 51 611
5 52 1196
5 53 2427
5 54 659
5 55 1244
5 56 2475
5 57 707
5 58 1292
5 59 2523
5 60 755
5 61 1340
5 62 2571
5 63 803
5 64 1388
5 65 2619
5 66 851
5 67 1436
5 68 2667
5 69 899
5 70 1484
5 71 2715
5 72 947
5 73 1532
5 74 2763
5 75 995
5 76 1580
5 77 2811
5 78 1043
5 79 1628
5 80 2859
5 81 1091
5 82 1676
5 83 2907
5 84 1139
5 85 1724
5 86 2955
5 87 443
6 0 353
6 1 1917
6 2 1314
6 3 1410
6 4 928
6 5 556
6 6 0
6 7 365
6 8 382
6 9 1986
6 10 1509
6 11 1562
6 12 408
6 13 1258
6 14 1357
6 15 1561
6 16 1097
6 17 1821
6 18 91
6 19 1847
6 20 873
6 21 851
6 22 1123
6 23 1596
6 24 2107
6 25 1323
6 26 2339
6 27 1266
6 28 1249
6 29 705
6 30 572
6 31 2020
6 32 1287
6 33 233
6 34 1286
6 35 2517
6 36 185
6 37 1238
6 38 2469
6 39 137
6 40 1190
6 41 2421
6 42 89
6 43 1142
6 44 2373
6 45 137
6 46 1190
6 47 2421
6 48 185
6 49 1238
6 50 2469
6 51 233
6 52 1286
6 53 2517
6 54 281
6 55 1334
6 56 2565
6 57 329
6 58 1382
6 59 2613
6 60 377
6 61 1430
6 62 2661
6 63 425
6 64 1478
6 65 2709
6 66 473
6 67 1526
6 68 2757
6 69 521
6 70 1574
6 71 2805
6 72 569
6 73 1622
6 74 2853
6 75 617
6 76 1670
6 77 2901
6 78 665
6 79 1718
6 80 2949
6 81 713
6 82 1766
6 83 2997
6 84 761
6 85 1814
6 86 3045
6 87 353
7 0 348
7 1 1922
7 2 949
7 3 1415
7 4 1019
7 5 551
7 6 365
7 7 0
7 8 473
7 9 1799
7 10 1322
7 11 1567
7 12 499
7 13 1253
7 14 1362
7 15 1374
7 16 1284
7 17 1634
7 18 456
7 19 1660
7 20 1060
7 21 1038
7 22 1214
7 23 1409
7 24 1920
7 25 1136
7 26 2344
7 27 1201
7 28 884
7 29 892
7 30 937
7 31 1929
7 32 1474
7 33 228
7 34 1099
7 35 2330
7 36 180
7 37 1051
7 38 2282
7 39 228
7 40 1099
7 41 2330
7 42 276
7 43 1147
7 44 2378
7 45 324
7 46 1195
7 47 2426
7 48 372
7 49 1243
7 50 2474
7 51 420
7 52 1291
7 53 2522
7 54 468
7 55 1339
7 56 2570
7 57 516
7 58 1387
7 59 2618
7 60 564
7 61 1435
7 62 2666
7 63 612
7 64 1483
7 65 2714
7 66 660
7 67 1531
7 68 2762
7 69 708
7 70 1579
7 71 2810
7 72 756
7 73 1627
7 74 2858
7 75 804
7 76 1675
7 77 2906
7 78 852
7 79 1723
7 80 2954
7 81 900
7 82 1771
7 83 3002
7 84 948
7 85 1819
7 86 3050
7 87 348
8 0 461
8 1 1809
8 2 1136
8 3 1302
8 4 546
8 5 664
8 6 382
8 7 473
8 8 0
8 9 1782
8 10 1305
8 11 1454
8 12 26
8 13 1288
8 14 1249
8 15 1357
8 16 1301
8 17 1617
8 18 473
8 19 1643
8 20 1077
8 21 1055
8 22 741
8 23 1392
8 24 1903
8 25 1119
8 26 2231
8 27 884
8 28 1201
8 29 909
8 30 954
8 31 1816
8 32 1491
8 33 341
8 34 1082
8 35 2313
8 36 293
8 37 1034
8 38 2265
8 39 245
8 40 986
8 41 2217
8 42 293
8 43 1034
8 44 2265
8 45 341
8 46 1082
8 47 2313
8 48 389
8 49 1130
8 50 2361
8 51 437
8 52 1178
8 53 2409
8 54 485
8 55 1226
8 56 2457
8 57 533
8 58 1274
8 59 2505
8 60 581
8 61 1322
8 62 2553
8 63 629
8 64 1370
8 65 2601
8 66 677
8 67 1418
8 68 2649
8 69 725
8 70 1466
8 71 2697
8 72 773
8 73 1514
8 74 2745
8 75 821
8 76 1562
8 77 2793
8 78 869
8 79 1610
8 80 2841
8 81 917
8 82 1658
8 83 2889
8 84 965
8 85 1706
8 86 2937
8 87 461
9 0 2051
9 1 1515
9 2 850
9 3 1112
9 4 1236
9 5 1608
9 6 1986
9 7 1799
9 8 1782
9 9 0
9 10 1019
9 11 1264
9 12 1756
9 13 906
9 14 1059
9 15 1071
9 16 1163
9 17 1227
9 18 1895
9 19 1201
9 20 1771
9 21 1697
9 22 1041
9 23 390
9 24 941
9 25 663
9 26 1573
9 27 898
9 28 915
9 29 2227
9 30 1414
9 31 1028
9 32 2029
9 33 1931
9 34 700
9 35 531
9 36 1979
9 37 748
9 38 579
9 39 2027
9 40 796
9 41 627
9 42 2075
9 43 844
9 44 675
9 45 2123
9 46 892
9 47 723
9 48 2171
9 49 940
9 50 771
9 51 2219
9 52 988
9 53 819
9 54 2267
9 55 1036
9 56 867
9 57 2315
9 58 1084
9 59 915
9 60 2363
9 61 1132
9 62 963
9 63 2411
9 64 1180
9 65 1011
9 66 2459
9 67 1228
9 68 1059
9 69 2507
9 70 1276
9 71 1107
9 72 2555
9 73 1324
9 74 1155
9 75 2603
9 76 1372
9 77 1203
9 78 2651
9 79 1420
9 80 1251
9 81 2699
9 82 1468
9 83 1299
9 84 2747
9 85 1516
9 86 1347
9 87 2051
10 0 1670
10 1 1142
10 2 373
10 3 635
10 4 759
10 5 1227
10 6 1509
10 7 1322
10 8 1305
10 9 1019
10 10 0
10 11 787
10 12 1279
10 13 525
10 14 582
10 15 52
10 16 686
10 17 312
10 18 1418
10 19 338
10 20 1294
10 21 1220
10 22 564
10 23 629
10 24 598
10 25 356
10 26 1564
10 27 421
10 28 438
10 29 1750
10 30 937
10 31 1149
10 32 1552
10 33 1550
10 34 319
10 35 1008
10 36 1502
10 37 271
10 38 960
10 39 1550
10 40 319
10 41 1008
10 42 1598
10 43 367
10 44 1056
10 45 1646
10 46 415
10 47 1104
10 48 1694
10 49 463
10 50 1152
10 51 1742
10 52 511
10 53 1200
10 54 1790
10 55 559
10 56 1248
10 57 1838
10 58 607
10 59 1296
10 60 1886
10 61 655
10 62 1344
10 63 1934
10 64 703
10 65 1392
10 66 1982
10 67 751
10 68 1440
10 69 2030
10 70 799
10 71 1488
10 72 2078
10 73 847
10 74 1536
10 75 2126
10 76 895
10 77 1584
10 78 2174
10 79 943
10 80 1632
10 81 2222
10 82 991
10 83 1680
10 84 2270
10 85 1039
10 86 1728
10 87 1670
11 0 1915
11 1 811
11 2 618
11 3 304
11 4 908
11 5 1472
11 6 1562
11 7 1567
11 8 1454
11 9 1264
11 10 787
11 11 0
11 12 1428
11 13 770
11 14 539
11 15 839
11 16 643
11 17 1099
11 18 1471
11 19 1125
11 20 867
11 21 889
11 22 713
11 23 874
11 24 1385
11 25 601
11 26 1137
11 27 570
11 28 683
11 29 1323
11 30 990
11 31 1298
11 32 1125
11 33 1795
11 34 564
11 35 1435
11 36 1747
11 37 516
11 38 1387
11 39 1699
11 40 468
11 41 1339
11 42 1651
11 43 420
11 44 1291
11 45 1603
11 46 372
11 47 1243
11 48 1555
11 49 324
11 50 1195
11 51 1507
11 52 276
11 53 1147
11 54 1459
11 55 228
11 56 1099
11 57 1411
11 58 180
11 59 1051
11 60 1459
11 61 228
11 62 1099
11 63 1507
11 64 276
11 65 1147
11 66 1555
11 67 324
11 68 1195
11 69 1603
11 70 372
11 71 1243
11 72 1651
11 73 420
11 74 1291
11 75 1699
11 76 468
11 77 1339
11 78 1747
11 79 516
11 80 1387
11 81 1795
11 82 564
11 83 1435
11 84 1843
11 85 612
11 86 1483
11 87 1915
12 0 487
12 1 1783
12 2 1110
12 3 1276
12 4 520
12 5 690
12 6 408
12 7 499
12 8 26
12 9 1756
12 10 1279
12 11 1428
12 12 0
12 13 1262
12 14 1223
12 15 1331
12 16 1327
12 17 1591
12 18 499
12 19 1617
12 20 1103
12 21 1081
12 22 715
12 23 1366
12 24 1877
12 25 1093
12 26 2205
12 27 858
12 28 1175
12 29 935
12 30 980
12 31 1790
12 32 1517
12 33 367
12 34 1056
12 35 2287
12 36 319
12 37 1008
12 38 2239
12 39 271
12 40 960
12 41 2191
12 42 319
12 43 1008
12 44 2239
12 45 367
12 46 1056
12 47 2287
12 48 415
12 49 1104
12 50 2335
12 51 463
12 52 1152
12 53 2383
12 54 511
12 55 1200
12 56 2431
12 57 559
12 58 1248
12 59 2479
12 60 607
12 61 1296
12 62 2527
12 63 655
12 64 1344
12 65 2575
12 66 703
12 67 1392
12 68 2623
12 69 751
12 70 1440
12 71 2671
12 72 799
12 73 1488
12 74 2719
12 75 847
12 76 1536
12 77 2767
12 78 895
12 79 1584
12 80 2815
12 81 943
12 82 1632
12 83 2863
12 84 991
12 85 1680
12 86 2911
12 87 487
13 0 1145
13 1 1125
13 2 356
13 3 618
13 4 742
13 5 702
13 6 1258
13 7 1253
13 8 1288
13 9 906
13 10 525
13 11 770
13 12 1262
13 13 0
13 14 565
13 15 577
13 16 669
13 17 837
13 18 1349
13 19 863
13 20 1277
13 21 1203
13 22 547
13 23 516
13 24 1123
13 25 243
13 26 1547
13 27 404
13 28 421
13 29 1733
13 30 920
13 31 1132
13 32 1535
13 33 1025
13 34 206
13 35 1437
13 36 1073
13 37 254
13 38 1485
13 39 1121
13 40 302
13 41 1533
13 42 1169
13 43 350
13 44 1581
13 45 1217
13 46 398
13 47 1629
13 48 1265
13 49 446
13 50 1677
13 51 1313
13 52 494
13 53 1725
13 54 1361
13 55 542
13 56 1773
13 57 1409
13 58 590
13 59 1821
13 60 1457
13 61 638
13 62 1869
13 63 1505
13 64 686
13 65 1917
13 66 1553
13 67 734
13 68 1965
13 69 1601
13 70 782
13 71 2013
13 72 1649
13 73 830
13 74 2061
13 75 1697
13 76 878
13 77 2109
13 78 1745
13 79 926
13 80 2157
13 81 1793
13 82 974
13 83 2205
13 84 1841
13 85 1022
13 86 2253
13 87 1145
14 0 1710
14 1 894
14 2 413
14 3 387
14 4 703
14 5 1267
14 6 1357
14 7 1362
14 8 1249
14 9 1059
14 10 582
14 11 539
14 12 1223
14 13 565
14 14 0
14 15 634
14 16 438
14 17 894
14 18 1266
14 19 920
14 20 1046
14 21 972
14 22 508
14 23 669
14 24 1180
14 25 396
14 26 1316
14 27 365
14 28 478
14 29 1502
14 30 785
14 31 1093
14 32 1304
14 33 1590
14 34 359
14 35 1256
14 36 1542
14 37 311
14 38 1208
14 39 1494
14 40 263
14 41 1160
14 42 1446
14 43 215
14 44 1112
14 45 1398
14 46 167
14 47 1064
14 48 1446
14 49 215
14 50 1112
14 51 1494
14 52 263
14 53 1160
14 54 1542
14 55 311
14 56 1208
14 57 1590
14 58 359
14 59 1256
14 60 1638
14 61 407
14 62 1304
14 63 1686
14 64 455
14 65 1352
14 66 1734
14 67 503
14 68 1400
14 69 1782
14 70 551
14 71 1448
14 72 1830
14 73 599
14 74 1496
14 75 1878
14 76 647
14 77 1544
14 78 1926
14 79 695
14 80 1592
14 81 1974
14 82 743
14 83 1640
14 84 2022
14 85 791
14 86 1688
14 87 1710
15 0 1722
15 1 1194
15 2 425
15 3 687
15 4 811
15 5 1279
15 6 1561
15 7 1374
15 8 1357
15 9 1071
15 10 52
15 11 839
15 12 1331
15 13 577
15 14 634
15 15 0
15 16 738
15 17 260
15 18 1470
15 19 286
15 20 1346
15 21 1272
15 22 616
15 23 681
15 24 546
15 25 408
15 26 1616
15 27 473
15 28 490
15 29 1802
15 30 989
15 31 1201
15 32 1604
15 33 1602
15 34 371
15 35 956
15 36 1554
15 37 323
15 38 908
15 39 1602
15 40 371
15 41 956
15 42 1650
15 43 419
15 44 1004
15 45 1698
15 46 467
15 47 1052
15 48 1746
15 49 515
15 50 1100
15 51 1794
15 52 563
15 53 1148
15 54 1842
15 55 611
15 56 1196
15 57 1890
15 58 659
15 59 1244
15 60 1938
15 61 707
15 62 1292
15 63 1986
15 64 755
15 65 1340
15 66 2034
15 67 803
15 68 1388
15 69 2082
15 70 851
15 71 1436
15 72 2130
15 73 899
15 74 1484
15 75 2178
15 76 947
15 77 1532
15 78 2226
15 79 995
15 80 1580
15 81 2274
15 82 1043
15 83 1628
15 84 2322
15 85 1091
15 86 1676
15 87 1722
16 0 1272
16 1 998
16 2 517
16 3 491
16 4 807
16 5 1371
16 6 1097
16 7 1284
16 8 1301
16 9 1163
16 10 686
16 11 643
16 12 1327
16 13 669
16 14 438
16 15 738
16 16 0
16 17 998
16 18 1188
16 19 1024
16 20 1150
16 21 1076
16 22 612
16 23 773
16 24 1284
16 25 500
16 26 1420
16 27 469
16 28 582
16 29 1528
16 30 889
16 31 1197
16 32 1408
16 33 1152
16 34 463
16 35 1694
16 36 1104
16 37 415
16 38 1646
16 39 1056
16 40 367
16 41 1598
16 42 1008
16 43 319
16 44 1550
16 45 960
16 46 271
16 47 1502
16 48 1008
16 49 319
16 50 1550
16 51 1056
16 52 367
16 53 1598
16 54 1104
16 55 415
16 56 1646
16 57 1152
16 58 463
16 59 1694
16 60 1200
16 61 511
16 62 1742
16 63 1248
16 64 559
16 65 1790
16 66 1296
16 67 607
16 68 1838
16 69 1344
16 70 655
16 71 1886
16 72 1392
16 73 703
16 74 1934
16 75 1440
16 76 751
16 77 1982
16 78 1488
16 79 799
16 80 2030
16 81 1536
16 82 847
16 83 2078
16 84 1584
16 85 895
16 86 2126
16 87 1272
17 0 1982
17 1 1454
17 2 685
17 3 947
17 4 1071
17 5 1539
17 6 1821
17 7 1634
17 8 1617
17 9 1227
17 10 312
17 11 1099
17 12 1591
17 13 837
17 14 894
17 15 260
17 16 998
17 17 0
17 18 1730
17 19 26
17 20 1606
17 21 1532
17 22 876
17 23 941
17 24 286
17 25 668
17 26 1642
17 27 733
17 28 750
17 29 2062
17 30 1249
17 31 1097
17 32 1864
17 33 1862
17 34 631
17 35 696
17 36 1814
17 37 583
17 38 648
17 39 1862
17 40 631
17 41 696
17 42 1910
17 43 679
17 44 744
17 45 1958
17 46 727
17 47 792
17 48 2006
17 49 775
17 50 840
17 51 2054
17 52 823
17 53 888
17 54 2102
17 55 871
17 56 936
17 57 2150
17 58 919
17 59 984
17 60 2198
17 61 967
17 62 1032
17 63 2246
17 64 1015
17 65 1080
17 66 2294
17 67 1063
17 68 1128
17 69 2342
17 70 1111
17 71 1176
17 72 2390
17 73 1159
17 74 1224
17 75 2438
17 76 1207
17 77 1272
17 78 2486
17 79 1255
17 80 1320
17 81 2534
17 82 1303
17 83 1368
17 84 2582
17 85 1351
17 86 1416
17 87 1982
18 0 444
18 1 1826
18 2 1249
18 3 1319
18 4 1019
18 5 647
18 6 91
18 7 456
18 8 473
18 9 1895
18 10 1418
18 11 1471
18 12 499
18 13 1349
18 14 1266
18 15 1470
18 16 1188
18 17 1730
18 18 0
18 19 1756
18 20 964
18 21 942
18 22 1214
18 23 1505
18 24 2016
18 25 1232
18 26 2248
18 27 1201
18 28 1314
18 29 796
18 30 481
18 31 1929
18 32 1378
18 33 324
18 34 1195
18 35 2426
18 36 276
18 37 1147
18 38 2378
18 39 228
18 40 1099
18 41 2330
18 42 180
18 43 1051
18 44 2282
18 45 228
18 46 1099
18 47 2330
18 48 276
18 49 1147
18 50 2378
18 51 324
18 52 1195
18 53 2426
18 54 372
18 55 1243
18 56 2474
18 57 420
18 58 1291
18 59 2522
18 60 468
18 61 1339
18 62 2570
18 63 516
18 64 1387
18 65 2618
18 66 564
18 67 1435
18 68 2666
18 69 612
18 70 1483
18 71 2714
18 72 660
18 73 1531
18 74 2762
18 75 708
18 76 1579
18 77 2810
18 78 756
18 79 1627
18 80 2858
18 81 804
18 82 1675
18 83 2906
18 84 852
18 85 1723
18 86 2954
18 87 444
19 0 2008
19 1 1480
19 2 711
19 3 973
19 4 1097
19 5 1565
19 6 1847
19 7 1660
19 8 1643
19 9 1201
19 10 338
19 11 1125
19 12 1617
19 13 863
19 14 920
19 15 286
19 16 1024
19 17 26
19 18 1756
19 19 0
19 20 1632
19 21 1558
19 22 902
19 23 967
19 24 260
19 25 694
19 26 1616
19 27 759
19 28 776
19 29 2088
19 30 1275
19 31 1071
19 32 1890
19 33 1888
19 34 657
19 35 670
19 36 1840
19 37 609
19 38 622
19 39 1888
19 40 657
19 41 670
19 42 1936
19 43 705
19 44 718
19 45 1984
19 46 753
19 47 766
19 48 2032
19 49 801
19 50 814
19 51 2080
19 52 849
19 53 862
19 54 2128
19 55 897
19 56 910
19 57 2176
19 58 945
19 59 958
19 60 2224
19 61 993
19 62 1006
19 63 2272
19 64 1041
19 65 1054
19 66 2320
19 67 1089
19 68 1102
19 69 2368
19 70 1137
19 71 1150
19 72 2416
19 73 1185
19 74 1198
19 75 2464
19 76 1233
19 77 1246
19 78 2512
19 79 1281
19 80 1294
19 81 2560
19 82 1329
19 83 1342
19 84 2608
19 85 1377
19 86 1390
19 87 2008
20 0 1048
20 1 1318
20 2 1125
20 3 811
20 4 1415
20 5 1251
20 6 873
20 7 1060
20 8 1077
20 9 1771
20 10 1294
20 11 867
20 12 1103
20 13 1277
20 14 1046
20 15 1346
20 16 1150
20 17 1606
20 18 964
20 19 1632
20 20 0
20 21 1162
20 22 1220
20 23 1381
20 24 1892
20 25 1108
20 26 1644
20 27 1077
20 28 1190
20 29 920
20 30 1445
20 31 1805
20 32 1502
20 33 928
20 34 1071
20 35 2302
20 36 880
20 37 1023
20 38 2254
20 39 832
20 40 975
20 41 2206
20 42 784
20 43 927
20 44 2158
20 45 736
20 46 879
20 47 2110
20 48 688
20 49 831
20 50 2062
20 51 640
20 52 783
20 53 2014
20 54 592
20 55 735
20 56 1966
20 57 544
20 58 687
20 59 1918
20 60 592
20 61 735
20 62 1966
20 63 640
20 64 783
20 65 2014
20 66 688
20 67 831
20 68 2062
20 69 736
20 70 879
20 71 2110
20 72 784
20 73 927
20 74 2158
20 75 832
20 76 975
20 77 2206
20 78 880
20 79 1023
20 80 2254
20 81 928
20 82 1071
20 83 2302
20 84 976
20 85 1119
20 86 2350
20 87 1048
21 0 1026
21 1 1244
21 2 1051
21 3 737
21 4 1341
21 5 1229
21 6 851
21 7 1038
21 8 1055
21 9 1697
21 10 1220
21 11 889
21 12 1081
21 13 1203
21 14 972
21 15 1272
21 16 1076
21 17 1532
21 18 942
21 19 1558
21 20 1162
21 21 0
21 22 1146
21 23 1307
21 24 1818
21 25 1034
21 26 1666
21 27 1003
21 28 1116
21 29 994
21 30 1423
21 31 1731
21 32 1576
21 33 906
21 34 997
21 35 2228
21 36 858
21 37 949
21 38 2180
21 39 810
21 40 901
21 41 2132
21 42 762
21 43 853
21 44 2084
21 45 714
21 46 805
21 47 2036
21 48 666
21 49 757
21 50 1988
21 51 618
21 52 709
21 53 1940
21 54 570
21 55 661
21 56 1892
21 57 618
21 58 709
21 59 1940
21 60 666
21 61 757
21 62 1988
21 63 714
21 64 805
21 65 2036
21 66 762
21 67 853
21 68 2084
21 69 810
21 70 901
21 71 2132
21 72 858
21 73 949
21 74 2180
21 75 906
21 76 997
21 77 2228
21 78 954
21 79 1045
21 80 2276
21 81 1002
21 82 1093
21 83 2324
21 84 1050
21 85 1141
21 86 2372
21 87 1026
22 0 1202
22 1 1068
22 2 395
22 3 561
22 4 195
22 5 1249
22 6 1123
22 7 1214
22 8 741
22 9 1041
22 10 564
22 11 713
22 12 715
22 13 547
22 14 508
22 15 616
22 16 612
22 17 876
22 18 1214
22 19 902
22 20 1220
22 21 1146
22 22 0
22 23 651
22 24 1162
22 25 378
22 26 1490
22 27 143
22 28 460
22 29 1650
22 30 863
22 31 1075
22 32 1478
22 33 1082
22 34 341
22 35 1572
22 36 1034
22 37 293
22 38 1524
22 39 986
22 40 245
22 41 1476
22 42 1034
22 43 293
22 44 1524
22 45 1082
22 46 341
22 47 1572
22 48 1130
22 49 389
22 50 1620
22 51 1178
22 52 437
22 53 1668
22 54 1226
22 55 485
22 56 1716
22 57 1274
22 58 533
22 59 1764
22 60 1322
22 61 581
22 62 1812
22 63 1370
22 64 629
22 65 1860
22 66 1418
22 67 677
22 68 1908
22 69 1466
22 70 725
22 71 1956
22 72 1514
22 73 773
22 74 2004
22 75 1562
22 76 821
22 77 2052
22 78 1610
22 79 869
22 80 2100
22 81 1658
22 82 917
22 83 2148
22 84 1706
22 85 965
22 86 2196
22 87 1202
23 0 1661
23 1 1229
23 2 460
23 3 722
23 4 846
23 5 1218
23 6 1596
23 7 1409
23 8 1392
23 9 390
23 10 629
23 11 874
23 12 1366
23 13 516
23 14 669
23 15 681
23 16 773
23 17 941
23 18 1505
23 19 967
23 20 1381
23 21 1307
23 22 651
23 23 0
23 24 1227
23 25 273
23 26 1651
23 27 508
23 28 525
23 29 1837
23 30 1024
23 31 1236
23 32 1639
23 33 1541
23 34 310
23 35 921
23 36 1589
23 37 358
23 38 969
23 39 1637
23 40 406
23 41 1017
23 42 1685
23 43 454
23 44 1065
23 45 1733
23 46 502
23 47 1113
23 48 1781
23 49 550
23 50 1161
23 51 1829
23 52 598
23 53 1209
23 54 1877
23 55 646
23 56 1257
23 57 1925
23 58 694
23 59 1305
23 60 1973
23 61 742
23 62 1353
23 63 2021
23 64 790
23 65 1401
23 66 2069
23 67 838
23 68 1449
23 69 2117
23 70 886
23 71 1497
23 72 2165
23 73 934
23 74 1545
23 75 2213
23 76 982
23 77 1593
23 78 2261
23 79 1030
23 80 1641
23 81 2309
23 82 1078
23 83 1689
23 84 2357
23 85 1126
23 86 1737
23 87 1661
24 0 2268
24 1 1298
24 2 971
24 3 1233
24 4 1357
24 5 1825
24 6 2107
24 7 1920
24 8 1903
24 9 941
24 10 598
24 11 1385
24 12 1877
24 13 1123
24 14 1180
24 15 546
24 16 1284
24 17 286
24 18 2016
24 19 260
24 20 1892
24 21 1818
24 22 1162
24 23 1227
24 24 0
24 25 954
24 26 1356
24 27 1019
24 28 1036
24 29 2348
24 30 1535
24 31 811
24 32 2150
24 33 2148
24 34 917
24 35 410
24 36 2100
24 37 869
24 38 362
24 39 2148
24 40 917
24 41 410
24 42 2196
24 43 965
24 44 458
24 45 2244
24 46 1013
24 47 506
24 48 2292
24 49 1061
24 50 554
24 51 2340
24 52 1109
24 53 602
24 54 2388
24 55 1157
24 56 650
24 57 2436
24 58 1205
24 59 698
24 60 2484
24 61 1253
24 62 746
24 63 2532
24 64 1301
24 65 794
24 66 2580
24 67 1349
24 68 842
24 69 2628
24 70 1397
24 71 890
24 72 2676
24 73 1445
24 74 938
24 75 2724
24 76 1493
24 77 986
24 78 2772
24 79 1541
24 80 1034
24 81 2820
24 82 1589
24 83 1082
24 84 2868
24 85 1637
24 86 1130
24 87 2268
25 0 1388
25 1 956
25 2 187
25 3 449
25 4 573
25 5 945
25 6 1323
25 7 1136
25 8 1119
25 9 663
25 10 356
25 11 601
25 12 1093
25 13 243
25 14 396
25 15 408
25 16 500
25 17 668
25 18 1232
25 19 694
25 20 1108
25 21 1034
25 22 378
25 23 273
25 24 954
25 25 0
25 26 1378
25 27 235
25 28 252
25 29 1564
25 30 751
25 31 963
25 32 1366
25 33 1268
25 34 37
25 35 1194
25 36 1316
25 37 85
25 38 1242
25 39 1364
25 40 133
25 41 1290
25 42 1412
25 43 181
25 44 1338
25 45 1460
25 46 229
25 47 1386
25 48 1508
25 49 277
25 50 1434
25 51 1556
25 52 325
25 53 1482
25 54 1604
25 55 373
25 56 1530
25 57 1652
25 58 421
25 59 1578
25 60 1700
25 61 469
25 62 1626
25 63 1748
25 64 517
25 65 1674
25 66 1796
25 67 565
25 68 1722
25 69 1844
25 70 613
25 71 1770
25 72 1892
25 73 661
25 74 1818
25 75 1940
25 76 709
25 77 1866
25 78 1988
25 79 757
25 80 1914
25 81 2036
25 82 805
25 83 1962
25 84 2084
25 85 853
25 86 2010
25 87 1388
26 0 2692
26 1 1354
26 2 1395
26 3 1081
26 4 1685
26 5 2249
26 6 2339
26 7 2344
26 8 2231
26 9 1573
26 10 1564
26 11 1137
26 12 2205
26 13 1547
26 14 1316
26 15 1616
26 16 1420
26 17 1642
26 18 2248
26 19 1616
26 20 1644
26 21 1666
26 22 1490
26 23 1651
26 24 1356
26 25 1378
26 26 0
26 27 1347
26 28 1460
26 29 1812
26 30 1767
26 31 1347
26 32 1518
26 33 2572
26 34 1341
26 35 1042
26 36 2524
26 37 1293
26 38 994
26 39 2476
26 40 1245
26 41 946
26 42 2428
26 43 1197
26 44 898
26 45 2380
26 46 1149
26 47 850
26 48 2332
26 49 1101
26 50 802
26 51 2284
26 52 1053
26 53 754
26 54 2236
26 55 1005
26 56 706
26 57 2188
26 58 957
26 59 658
26 60 2140
26 61 909
26 62 610
26 63 2092
26 64 861
26 65 562
26 66 2044
26 67 813
26 68 514
26 69 1996
26 70 765
26 71 466
26 72 2044
26 73 813
26 74 514
26 75 2092
26 76 861
26 77 562
26 78 2140
26 79 909
26 80 610
26 81 2188
26 82 957
26 83 658
26 84 2236
26 85 1005
26 86 706
26 87 2692
27 0 1345
27 1 925
27 2 252
27 3 418
27 4 338
27 5 1106
27 6 1266
27 7 1201
27 8 884
27 9 898
27 10 421
27 11 570
27 12 858
27 13 404
27 14 365
27 15 473
27 16 469
27 17 733
27 18 1201
27 19 759
27 20 1077
27 21 1003
27 22 143
27 23 508
27 24 1019
27 25 235
27 26 1347
27 27 0
27 28 317
27 29 1533
27 30 720
27 31 932
27 32 1335
27 33 1225
27 34 198
27 35 1429
27 36 1177
27 37 150
27 38 1381
27 39 1129
27 40 102
27 41 1333
27 42 1177
27 43 150
27 44 1381
27 45 1225
27 46 198
27 47 1429
27 48 1273
27 49 246
27 50 1477
27 51 1321
27 52 294
27 53 1525
27 54 1369
27 55 342
27 56 1573
27 57 1417
27 58 390
27 59 1621
27 60 1465
27 61 438
27 62 1669
27 63 1513
27 64 486
27 65 1717
27 66 1561
27 67 534
27 68 1765
27 69 1609
27 70 582
27 71 1813
27 72 1657
27 73 630
27 74 1861
27 75 1705
27 76 678
27 77 1909
27 78 1753
27 79 726
27 80 1957
27 81 1801
27 82 774
27 83 2005
27 84 1849
27 85 822
27 86 2053
27 87 1345
28 0 1232
28 1 1038
28 2 65
28 3 531
28 4 655
28 5 1123
28 6 1249
28 7 884
28 8 1201
28 9 915
28 10 438
28 11 683
28 12 1175
28 13 421
28 14 478
28 15 490
28 16 582
28 17 750
28 18 1314
28 19 776
28 20 1190
28 21 1116
28 22 460
28 23 525
28 24 1036
28 25 252
28 26 1460
28 27 317
28 28 0
28 29 1646
28 30 833
28 31 1045
28 32 1448
28 33 1112
28 34 215
28 35 1446
28 36 1064
28 37 167
28 38 1398
28 39 1112
28 40 215
28 41 1446
28 42 1160
28 43 263
28 44 1494
28 45 1208
28 46 311
28 47 1542
28 48 1256
28 49 359
28 50 1590
28 51 1304
28 52 407
28 53 1638
28 54 1352
28 55 455
28 56 1686
28 57 1400
28 58 503
28 59 1734
28 60 1448
28 61 551
28 62 1782
28 63 1496
28 64 599
28 65 1830
28 66 1544
28 67 647
28 68 1878
28 69 1592
28 70 695
28 71 1926
28 72 1640
28 73 743
28 74 1974
28 75 1688
28 76 791
28 77 2022
28 78 1736
28 79 839
28 80 2070
28 81 1784
28 82 887
28 83 2118
28 84 1832
28 85 935
28 86 2166
28 87 1232
29 0 880
29 1 1774
29 2 1581
29 3 1267
29 4 1455
29 5 1083
29 6 705
29 7 892
29 8 909
29 9 2227
29 10 1750
29 11 1323
29 12 935
29 13 1733
29 14 1502
29 15 1802
29 16 1528
29 17 2062
29 18 796
29 19 2088
29 20 920
29 21 994
29 22 1650
29 23 1837
29 24 2348
29 25 1564
29 26 1812
29 27 1533
29 28 1646
29 29 0
29 30 1277
29 31 2261
29 32 1046
29 33 760
29 34 1527
29 35 2758
29 36 712
29 37 1479
29 38 2710
29 39 664
29 40 1431
29 41 2662
29 42 616
29 43 1383
29 44 2614
29 45 568
29 46 1335
29 47 2566
29 48 520
29 49 1287
29 50 2518
29 51 472
29 52 1239
29 53 2470
29 54 424
29 55 1191
29 56 2422
29 57 376
29 58 1143
29 59 2374
29 60 328
29 61 1095
29 62 2326
29 63 280
29 64 1047
29 65 2278
29 66 232
29 67 999
29 68 2230
29 69 280
29 70 1047
29 71 2278
29 72 328
29 73 1095
29 74 2326
29 75 376
29 76 1143
29 77 2374
29 78 424
29 79 1191
29 80 2422
29 81 472
29 82 1239
29 83 2470
29 84 520
29 85 1287
29 86 2518
29 87 880
30 0 925
30 1 1345
30 2 768
30 3 838
30 4 1058
30 5 1128
30 6 572
30 7 937
30 8 954
30 9 1414
30 10 937
30 11 990
30 12 980
30 13 920
30 14 785
30 15 989
30 16 889
30 17 1249
30 18 481
30 19 1275
30 20 1445
30 21 1423
30 22 863
30 23 1024
30 24 1535
30 25 751
30 26 1767
30 27 720
30 28 833
30 29 1277
30 30 0
30 31 1448
30 32 1755
30 33 805
30 34 714
30 35 1945
30 36 757
30 37 666
30 38 1897
30 39 709
30 40 618
30 41 1849
30 42 661
30 43 570
30 44 1801
30 45 709
30 46 618
30 47 1849
30 48 757
30 49 666
30 50 1897
30 51 805
30 52 714
30 53 1945
30 54 853
30 55 762
30 56 1993
30 57 901
30 58 810
30 59 2041
30 60 949
30 61 858
30 62 2089
30 63 997
30 64 906
30 65 2137
30 66 1045
30 67 954
30 68 2185
30 69 1093
30 70 1002
30 71 2233
30 72 1141
30 73 1050
30 74 2281
30 75 1189
30 76 1098
30 77 2329
30 78 1237
30 79 1146
30 80 2377
30 81 1285
30 82 1194
30 83 2425
30 84 1333
30 85 1242
30 86 2473
30 87 925
31 0 2277
31 1 1289
31 2 980
31 3 1146
31 4 1270
31 5 1834
31 6 2020
31 7 1929
31 8 1816
31 9 1028
31 10 1149
31 11 1298
31 12 1790
31 13 1132
31 14 1093
31 15 1201
31 16 1197
31 17 1097
31 18 1929
31 19 1071
31 20 1805
31 21 1731
31 22 1075
31 23 1236
31 24 811
31 25 963
31 26 1347
31 27 932
31 28 1045
31 29 2261
31 30 1448
31 31 0
31 32 2063
31 33 2157
31 34 926
31 35 497
31 36 2109
31 37 878
31 38 449
31 39 2061
31 40 830
31 41 401
31 42 2109
31 43 878
31 44 449
31 45 2157
31 46 926
31 47 497
31 48 2205
31 49 974
31 50 545
31 51 2253
31 52 1022
31 53 593
31 54 2301
31 55 1070
31 56 641
31 57 2349
31 58 1118
31 59 689
31 60 2397
31 61 1166
31 62 737
31 63 2445
31 64 1214
31 65 785
31 66 2493
31 67 1262
31 68 833
31 69 2541
31 70 1310
31 71 881
31 72 2589
31 73 1358
31 74 929
31 75 2637
31 76 1406
31 77 977
31 78 2685
31 79 1454
31 80 1025
31 81 2733
31 82 1502
31 83 1073
31 84 2781
31 85 1550
31 86 1121
31 87 2277
32 0 1462
32 1 1576
32 2 1383
32 3 1069
32 4 1673
32 5 1665
32 6 1287
32 7 1474
32 8 1491
32 9 2029
32 10 1552
32 11 1125
32 12 1517
32 13 1535
32 14 1304
32 15 1604
32 16 1408
32 17 1864
32 18 1378
32 19 1890
32 20 1502
32 21 1576
32 22 1478
32 23 1639
32 24 2150
32 25 1366
32 26 1518
32 27 1335
32 28 1448
32 29 1046
32 30 1755
32 31 2063
32 32 0
32 33 1342
32 34 1329
32 35 2560
32 36 1294
32 37 1281
32 38 2512
32 39 1246
32 40 1233
32 41 2464
32 42 1198
32 43 1185
32 44 2416
32 45 1150
32 46 1137
32 47 2368
32 48 1102
32 49 1089
32 50 2320
32 51 1054
32 52 1041
32 53 2272
32 54 1006
32 55 993
32 56 2224
32 57 958
32 58 945
32 59 2176
32 60 910
32 61 897
32 62 2128
32 63 862
32 64 849
32 65 2080
32 66 814
32 67 801
32 68 2032
32 69 766
32 70 753
32 71 1984
32 72 718
32 73 705
32 74 1936
32 75 670
32 76 657
32 77 1888
32 78 622
32 79 609
32 80 1840
32 81 670
32 82 657
32 83 1888
32 84 718
32 85 705
32 86 1936
32 87 1462
33 0 120
33 1 2150
33 2 1177
33 3 1643
33 4 887
33 5 323
33 6 233
33 7 228
33 8 341
33 9 1931
33 10 1550
33 11 1795
33 12 367
33 13 1025
33 14 1590
33 15 1602
33 16 1152
33 17 1862
33 18 324
33 19 1888
33 20 928
33 21 906
33 22 1082
33 23 1541
33 24 2148
33 25 1268
33 26 2572
33 27 1225
33 28 1112
33 29 760
33 30 805
33 31 2157
33 32 1342
33 33 0
33 34 1231
33 35 2462
33 36 48
33 37 1279
33 38 2510
33 39 96
33 40 1327
33 41 2558
33 42 144
33 43 1375
33 44 2606
33 45 192
33 46 1423
33 47 2654
33 48 240
33 49 1471
33 50 2702
33 51 288
33 52 1519
33 53 2750
33 54 336
33 55 1567
33 56 2798
33 57 384
33 58 1615
33 59 2846
33 60 432
33 61 1663
33 62 2894
33 63 480
33 64 1711
33 65 2942
33 66 528
33 67 1759
33 68 2990
33 69 576
33 70 1807
33 71 3038
33 72 624
33 73 1855
33 74 3086
33 75 672
33 76 1903
33 77 3134
33 78 720
33 79 1951
33 80 3182
33 81 768
33 82 1999
33 83 3230
33 84 816
33 85 2047
33 86 3278
33 87 120
34 0 1351
34 1 919
34 2 150
34 3 412
34 4 536
34 5 908
34 6 1286
34 7 1099
34 8 1082
34 9 700
34 10 319
34 11 564
34 12 1056
34 13 206
34 14 359
34 15 371
34 16 463
34 17 631
34 18 1195
34 19 657
34 20 1071
34 21 997
34 22 341
34 23 310
34 24 917
34 25 37
34 26 1341
34 27 198
34 28 215
34 29 1527
34 30 714
34 31 926
34 32 1329
34 33 1231
34 34 0
34 35 1231
34 36 1279
34 37 48
34 38 1279
34 39 1327
34 40 96
34 41 1327
34 42 1375
34 43 144
34 44 1375
34 45 1423
34 46 192
34 47 1423
34 48 1471
34 49 240
34 50 1471
34 51 1519
34 52 288
34 53 1519
34 54 1567
34 55 336
34 56 1567
34 57 1615
34 58 384
34 59 1615
34 60 1663
34 61 432
34 62 1663
34 63 1711
34 64 480
34 65 1711
34 66 1759
34 67 528
34 68 1759
34 69 1807
34 70 576
34 71 1807
34 72 1855
34 73 624
34 74 1855
34 75 1903
34 76 672
34 77 1903
34 78 1951
34 79 720
34 80 1951
34 81 1999
34 82 768
34 83 1999
34 84 2047
34 85 816
34 86 2047
34 87 1351
35 0 2582
35 1 984
35 2 1381
35 3 1491
35 4 1767
35 5 2139
35 6 2517
35 7 2330
35 8 2313
35 9 531
35 10 1008
35 11 1435
35 12 2287
35 13 1437
35 14 1256
35 15 956
35 16 1694
35 17 696
35 18 2426
35 19 670
35 20 2302
35 21 2228
35 22 1572
35 23 921
35 24 410
35 25 1194
35 26 1042
35 27 1429
35 28 1446
35 29 2758
35 30 1945
35 31 497
35 32 2560
35 33 2462
35 34 1231
35 35 0
35 36 2510
35 37 1279
35 38 48
35 39 2558
35 40 1327
35 41 96
35 42 2606
35 43 1375
35 44 144
35 45 2654
35 46 1423
35 47 192
35 48 2702
35 49 1471
35 50 240
35 51 2750
35 52 1519
35 53 288
35 54 2798
35 55 1567
35 56 336
35 57 2846
35 58 1615
35 59 384
35 60 2894
35 61 1663
35 62 432
35 63 2942
35 64 1711
35 65 480
35 66 2990
35 67 1759
35 68 528
35 69 3038
35 70 1807
35 71 576
35 72 3086
35 73 1855
35 74 624
35 75 3134
35 76 1903
35 77 672
35 78 3182
35 79 1951
35 80 720
35 81 3230
35 82 1999
35 83 768
35 84 3278
35 85 2047
35 86 816
35 87 2582
36 0 168
36 1 2102
36 2 1129
36 3 1595
36 4 839
36 5 371
36 6 185
36 7 180
36 8 293
36 9 1979
36 10 1502
36 11 1747
36 12 319
36 13 1073
36 14 1542
36 15 1554
36 16 1104
36 17 1814
36 18 276
36 19 1840
36 20 880
36 21 858
36 22 1034
36 23 1589
36 24 2100
36 25 1316
36 26 2524
36 27 1177
36 28 1064
36 29 712
36 30 757
36 31 2109
36 32 1294
36 33 48
36 34 1279
36 35 2510
36 36 0
36 37 1231
36 38 2462
36 39 48
36 40 1279
36 41 2510
36 42 96
36 43 1327
36 44 2558
36 45 144
36 46 1375
36 47 2606
36 48 192
36 49 1423
36 50 2654
36 51 240
36 52 1471
36 53 2702
36 54 288
36 55 1519
36 56 2750
36 57 336
36 58 1567
36 59 2798
36 60 384
36 61 1615
36 62 2846
36 63 432
36 64 1663
36 65 2894
36 66 480
36 67 1711
36 68 2942
36 69 528
36 70 1759
36 71 2990
36 72 576
36 73 1807
36 74 3038
36 75 624
36 76 1855
36 77 3086
36 78 672
36 79 1903
36 80 3134
36 81 720
36 82 1951
36 83 3182
36 84 768
36 85 1999
36 86 3230
36 87 168
37 0 1399
37 1 871
37 2 102
37 3 364
37 4 488
37 5 956
37 6 1238
37 7 1051
37 8 1034
37 9 748
37 10 271
37 11 516
37 12 1008
37 13 254
37 14 311
37 15 323
37 16 415
37 17 583
37 18 1147
37 19 609
37 20 1023
37 21 949
37 22 293
37 23 358
37 24 869
37 25 85
37 26 1293
37 27 150
37 28 167
37 29 1479
37 30 666
37 31 878
37 32 1281
37 33 1279
37 34 48
37 35 1279
37 36 1231
37 37 0
37 38 1231
37 39 1279
37 40 48
37 41 1279
37 42 1327
37 43 96
37 44 1327
37 45 1375
37 46 144
37 47 1375
37 48 1423
37 49 192
37 50 1423
37 51 1471
37 52 240
37 53 1471
37 54 1519
37 55 288
37 56 1519
37 57 1567
37 58 336
37 59 1567
37 60 1615
37 61 384
37 62 1615
37 63 1663
37 64 432
37 65 1663
37 66 1711
37 67 480
37 68 1711
37 69 1759
37 70 528
37 71 1759
37 72 1807
37 73 576
37 74 1807
37 75 1855
37 76 624
37 77 1855
37 78 1903
37 79 672
37 80 1903
37 81 1951
37 82 720
37 83 1951
37 84 1999
37 85 768
37 86 1999
37 87 1399
38 0 2630
38 1 936
38 2 1333
38 3 1443
38 4 1719
38 5 2187
38 6 2469
38 7 2282
38 8 2265
38 9 579
38 10 960
38 11 1387
38 12 2239
38 13 1485
38 14 1208
38 15 908
38 16 1646
38 17 648
38 18 2378
38 19 622
38 20 2254
38 21 2180
38 22 1524
38 23 969
38 24 362
38 25 1242
38 26 994
38 27 1381
38 28 1398
38 29 2710
38 30 1897
38 31 449
38 32 2512
38 33 2510
38 34 1279
38 35 48
38 36 2462
38 37 1231
38 38 0
38 39 2510
38 40 1279
38 41 48
38 42 2558
38 43 1327
38 44 96
38 45 2606
38 46 1375
38 47 144
38 48 2654
38 49 1423
38 50 192
38 51 2702
38 52 1471
38 53 240
38 54 2750
38 55 1519
38 56 288
38 57 2798
38 58 1567
38 59 336
38 60 2846
38 61 1615
38 62 384
38 63 2894
38 64 1663
38 65 432
38 66 2942
38 67 1711
38 68 480
38 69 2990
38 70 1759
38 71 528
38 72 3038
38 73 1807
38 74 576
38 75 3086
38 76 1855
38 77 624
38 78 3134
38 79 1903
38 80 672
38 81 3182
38 82 1951
38 83 720
38 84 3230
38 85 1999
38 86 768
38 87 2630
39 0 216
39 1 2054
39 2 1177
39 3 1547
39 4 791
39 5 419
39 6 137
39 7 228
39 8 245
39 9 2027
39 10 1550
39 11 1699
39 12 271
39 13 1121
39 14 1494
39 15 1602
39 16 1056
39 17 1862
39 18 228
39 19 1888
39 20 832
39 21 810
39 22 986
39 23 1637
39 24 2148
39 25 1364
39 26 2476
39 27 1129
39 28 1112
39 29 664
39 30 709
39 31 2061
39 32 1246
39 33 96
39 34 1327
39 35 2558
39 36 48
39 37 1279
39 38 2510
39 39 0
39 40 1231
39 41 2462
39 42 48
39 43 1279
39 44 2510
39 45 96
39 46 1327
39 47 2558
39 48 144
39 49 1375
39 50 2606
39 51 192
39 52 1423
39 53 2654
39 54 240
39 55 1471
39 56 2702
39 57 288
39 58 1519
39 59 2750
39 60 336
39 61 1567
39 62 2798
39 63 384
39 64 1615
39 65 2846
39 66 432
39 67 1663
39 68 2894
39 69 480
39 70 1711
39 71 2942
39 72 528
39 73 1759
39 74 2990
39 75 576
39 76 1807
39 77 3038
39 78 624
39 79 1855
39 80 3086
39 81 672
39 82 1903
39 83 3134
39 84 720
39 85 1951
39 86 3182
39 87 216
40 0 1447
40 1 823
40 2 150
40 3 316
40 4 440
40 5 1004
40 6 1190
40 7 1099
40 8 986
40 9 796
40 10 319
40 11 468
40 12 960
40 13 302
40 14 263
40 15 371
40 16 367
40 17 631
40 18 1099
40 19 657
40 20 975
40 21 901
40 22 245
40 23 406
40 24 917
40 25 133
40 26 1245
40 27 102
40 28 215
40 29 1431
40 30 618
40 31 830
40 32 1233
40 33 1327
40 34 96
40 35 1327
40 36 1279
40 37 48
40 38 1279
40 39 1231
40 40 0
40 41 1231
40 42 1279
40 43 48
40 44 1279
40 45 1327
40 46 96
40 47 1327
40 48 1375
40 49 144
40 50 1375
40 51 1423
40 52 192
40 53 1423
40 54 1471
40 55 240
40 56 1471
40 57 1519
40 58 288
40 59 1519
40 60 1567
40 61 336
40 62 1567
40 63 1615
40 64 384
40 65 1615
40 66 1663
40 67 432
40 68 1663
40 69 1711
40 70 480
40 71 1711
40 72 1759
40 73 528
40 74 1759
40 75 1807
40 76 576
40 77 1807
40 78 1855
40 79 624
40 80 1855
40 81 1903
40 82 672
40 83 1903
40 84 1951
40 85 720
40 86 1951
40 87 1447
41 0 2678
41 1 888
41 2 1381
41 3 1395
41 4 1671
41 5 2235
41 6 2421
41 7 2330
41 8 2217
41 9 627
41 10 1008
41 11 1339
41 12 2191
41 13 1533
41 14 1160
41 15 956
41 16 1598
41 17 696
41 18 2330
41 19 670
41 20 2206
41 21 2132
41 22 1476
41 23 1017
41 24 410
41 25 1290
41 26 946
41 27 1333
41 28 1446
41 29 2662
41 30 1849
41 31 401
41 32 2464
41 33 2558
41 34 1327
41 35 96
41 36 2510
41 37 1279
41 38 48
41 39 2462
41 40 1231
41 41 0
41 42 2510
41 43 1279
41 44 48
41 45 2558
41 46 1327
41 47 96
41 48 2606
41 49 1375
41 50 144
41 51 2654
41 52 1423
41 53 192
41 54 2702
41 55 1471
41 56 240
41 57 2750
41 58 1519
41 59 288
41 60 2798
41 61 1567
41 62 336
41 63 2846
41 64 1615
41 65 384
41 66 2894
41 67 1663
41 68 432
41 69 2942
41 70 1711
41 71 480
41 72 2990
41 73 1759
41 74 528
41 75 3038
41 76 1807
41 77 576
41 78 3086
41 79 1855
41 80 624
41 81 3134
41 82 1903
41 83 672
41 84 3182
41 85 1951
41 86 720
41 87 2678
42 0 264
42 1 2006
42 2 1225
42 3 1499
42 4 839
42 5 467
42 6 89
42 7 276
42 8 293
42 9 2075
42 10 1598
42 11 1651
42 12 319
42 13 1169
42 14 1446
42 15 1650
42 16 1008
42 17 1910
42 18 180
42 19 1936
42 20 784
42 21 762
42 22 1034
42 23 1685
42 24 2196
42 25 1412
42 26 2428
42 27 1177
42 28 1160
42 29 616
42 30 661
42 31 2109
42 32 1198
42 33 144
42 34 1375
42 35 2606
42 36 96
42 37 1327
42 38 2558
42 39 48
42 40 1279
42 41 2510
42 42 0
42 43 1231
42 44 2462
42 45 48
42 46 1279
42 47 2510
42 48 96
42 49 1327
42 50 2558
42 51 144
42 52 1375
42 53 2606
42 54 192
42 55 1423
42 56 2654
42 57 240
42 58 1471
42 59 2702
42 60 288
42 61 1519
42 62 2750
42 63 336
42 64 1567
42 65 2798
42 66 384
42 67 1615
42 68 2846
42 69 432
42 70 1663
42 71 2894
42 72 480
42 73 1711
42 74 2942
42 75 528
42 76 1759
42 77 2990
42 78 576
42 79 1807
42 80 3038
42 81 624
42 82 1855
42 83 3086
42 84 672
42 85 1903
42 86 3134
42 87 264
43 0 1495
43 1 775
43 2 198
43 3 268
43 4 488
43 5 1052
43 6 1142
43 7 1147
43 8 1034
43 9 844
43 10 367
43 11 420
43 12 1008
43 13 350
43 14 215
43 15 419
43 16 319
43 17 679
43 18 1051
43 19 705
43 20 927
43 21 853
43 22 293
43 23 454
43 24 965
43 25 181
43 26 1197
43 27 150
43 28 263
43 29 1383
43 30 570
43 31 878
43 32 1185
43 33 1375
43 34 144
43 35 1375
43 36 1327
43 37 96
43 38 1327
43 39 1279
43 40 48
43 41 1279
43 42 1231
43 43 0
43 44 1231
43 45 1279
43 46 48
43 47 1279
43 48 1327
43 49 96
43 50 1327
43 51 1375
43 52 144
43 53 1375
43 54 1423
43 55 192
43 56 1423
43 57 1471
43 58 240
43 59 1471
43 60 1519
43 61 288
43 62 1519
43 63 1567
43 64 336
43 65 1567
43 66 1615
43 67 384
43 68 1615
43 69 1663
43 70 432
43 71 1663
43 72 1711
43 73 480
43 74 1711
43 75 1759
43 76 528
43 77 1759
43 78 1807
43 79 576
43 80 1807
43 81 1855
43 82 624
43 83 1855
43 84 1903
43 85 672
43 86 1903
43 87 1495
44 0 2726
44 1 840
44 2 1429
44 3 1347
44 4 1719
44 5 2283
44 6 2373
44 7 2378
44 8 2265
44 9 675
44 10 1056
44 11 1291
44 12 2239
44 13 1581
44 14 1112
44 15 1004
44 16 1550
44 17 744
44 18 2282
44 19 718
44 20 2158
44 21 2084
44 22 1524
44 23 1065
44 24 458
44 25 1338
44 26 898
44 27 1381
44 28 1494
44 29 2614
44 30 1801
44 31 449
44 32 2416
44 33 2606
44 34 1375
44 35 144
44 36 2558
44 37 1327
44 38 96
44 39 2510
44 40 1279
44 41 48
44 42 2462
44 43 1231
44 44 0
44 45 2510
44 46 1279
44 47 48
44 48 2558
44 49 1327
44 50 96
44 51 2606
44 52 1375
44 53 144
44 54 2654
44 55 1423
44 56 192
44 57 2702
44 58 1471
44 59 240
44 60 2750
44 61 1519
44 62 288
44 63 2798
44 64 1567
44 65 336
44 66 2846
44 67 1615
44 68 384
44 69 2894
44 70 1663
44 71 432
44 72 2942
44 73 1711
44 74 480
44 75 2990
44 76 1759
44 77 528
44 78 3038
44 79 1807
44 80 576
44 81 3086
44 82 1855
44 83 624
44 84 3134
44 85 1903
44 86 672
44 87 2726
45 0 312
45 1 1958
45 2 1273
45 3 1451
45 4 887
45 5 515
45 6 137
45 7 324
45 8 341
45 9 2123
45 10 1646
45 11 1603
45 12 367
45 13 1217
45 14 1398
45 15 1698
45 16 960
45 17 1958
45 18 228
45 19 1984
45 20 736
45 21 714
45 22 1082
45 23 1733
45 24 2244
45 25 1460
45 26 2380
45 27 1225
45 28 1208
45 29 568
45 30 709
45 31 2157
45 32 1150
45 33 192
45 34 1423
45 35 2654
45 36 144
45 37 1375
45 38 2606
45 39 96
45 40 1327
45 41 2558
45 42 48
45 43 1279
45 44 2510
45 45 0
45 46 1231
45 47 2462
45 48 48
45 49 1279
45 50 2510
45 51 96
45 52 1327
45 53 2558
45 54 144
45 55 1375
45 56 2606
45 57 192
45 58 1423
45 59 2654
45 60 240
45 61 1471
45 62 2702
45 63 288
45 64 1519
45 65 2750
45 66 336
45 67 1567
45 68 2798
45 69 384
45 70 1615
45 71 2846
45 72 432
45 73 1663
45 74 2894
45 75 480
45 76 1711
45 77 2942
45 78 528
45 79 1759
45 80 2990
45 81 576
45 82 1807
45 83 3038
45 84 624
45 85 1855
45 86 3086
45 87 312
46 0 1543
46 1 727
46 2 246
46 3 220
46 4 536
46 5 1100
46 6 1190
46 7 1195
46 8 1082
46 9 892
46 10 415
46 11 372
46 12 1056
46 13 398
46 14 167
46 15 467
46 16 271
46 17 727
46 18 1099
46 19 753
46 20 879
46 21 805
46 22 341
46 23 502
46 24 1013
46 25 229
46 26 1149
46 27 198
46 28 311
46 29 1335
46 30 618
46 31 926
46 32 1137
46 33 1423
46 34 192
46 35 1423
46 36 1375
46 37 144
46 38 1375
46 39 1327
46 40 96
46 41 1327
46 42 1279
46 43 48
46 44 1279
46 45 1231
46 46 0
46 47 1231
46 48 1279
46 49 48
46 50 1279
46 51 1327
46 52 96
46 53 1327
46 54 1375
46 55 144
46 56 1375
46 57 1423
46 58 192
46 59 1423
46 60 1471
46 61 240
46 62 1471
46 63 1519
46 64 288
46 65 1519
46 66 1567
46 67 336
46 68 1567
46 69 1615
46 70 384
46 71 1615
46 72 1663
46 73 432
46 74 1663
46 75 1711
46 76 480
46 77 1711
46 78 1759
46 79 528
46 80 1759
46 81 1807
46 82 576
46 83 1807
46 84 1855
46 85 624
46 86 1855
46 87 1543
47 0 2774
47 1 792
47 2 1477
47 3 1299
47 4 1767
47 5 2331
47 6 2421
47 7 2426
47 8 2313
47 9 723
47 10 1104
47 11 1243
47 12 2287
47 13 1629
47 14 1064
47 15 1052
47 16 1502
47 17 792
47 18 2330
47 19 766
47 20 2110
47 21 2036
47 22 1572
47 23 1113
47 24 506
47 25 1386
47 26 850
47 27 1429
47 28 1542
47 29 2566
47 30 1849
47 31 497
47 32 2368
47 33 2654
47 34 1423
47 35 192
47 36 2606
47 37 1375
47 38 144
47 39 2558
47 40 1327
47 41 96
47 42 2510
47 43 1279
47 44 48
47 45 2462
47 46 1231
47 47 0
47 48 2510
47 49 1279
47 50 48
47 51 2558
47 52 1327
47 53 96
47 54 2606
47 55 1375
47 56 144
47 57 2654
47 58 1423
47 59 192
47 60 2702
47 61 1471
47 62 240
47 63 2750
47 64 1519
47 65 288
47 66 2798
47 67 1567
47 68 336
47 69 2846
47 70 1615
47 71 384
47 72 2894
47 73 1663
47 74 432
47 75 2942
47 76 1711
47 77 480
47 78 2990
47 79 1759
47 80 528
47 81 3038
47 82 1807
47 83 576
47 84 3086
47 85 1855
47 86 624
47 87 2774
48 0 360
48 1 1910
48 2 1321
48 3 1403
48 4 935
48 5 563
48 6 185
48 7 372
48 8 389
48 9 2171
48 10 1694
48 11 1555
48 12 415
48 13 1265
48 14 1446
48 15 1746
48 16 1008
48 17 2006
48 18 276
48 19 2032
48 20 688
48 21 666
48 22 1130
48 23 1781
48 24 2292
48 25 1508
48 26 2332
48 27 1273
48 28 1256
48 29 520
48 30 757
48 31 2205
48 32 1102
48 33 240
48 34 1471
48 35 2702
48 36 192
48 37 1423
48 38 2654
48 39 144
48 40 1375
48 41 2606
48 42 96
48 43 1327
48 44 2558
48 45 48
48 46 1279
48 47 2510
48 48 0
48 49 1231
48 50 2462
48 51 48
48 52 1279
48 53 2510
48 54 96
48 55 1327
48 56 2558
48 57 144
48 58 1375
48 59 2606
48 60 192
48 61 1423
48 62 2654
48 63 240
48 64 1471
48 65 2702
48 66 288
48 67 1519
48 68 2750
48 69 336
48 70 1567
48 71 2798
48 72 384
48 73 1615
48 74 2846
48 75 432
48 76 1663
48 77 2894
48 78 480
48 79 1711
48 80 2942
48 81 528
48 82 1759
48 83 2990
48 84 576
48 85 1807
48 86 3038
48 87 360
49 0 1591
49 1 679
49 2 294
49 3 172
49 4 584
49 5 1148
49 6 1238
49 7 1243
49 8 1130
49 9 940
49 10 463
49 11 324
49 12 1104
49 13 446
49 14 215
49 15 515
49 16 319
49 17 775
49 18 1147
49 19 801
49 20 831
49 21 757
49 22 389
49 23 550
49 24 1061
49 25 277
49 26 1101
49 27 246
49 28 359
49 29 1287
49 30 666
49 31 974
49 32 1089
49 33 1471
49 34 240
49 35 1471
49 36 1423
49 37 192
49 38 1423
49 39 1375
49 40 144
49 41 1375
49 42 1327
49 43 96
49 44 1327
49 45 1279
49 46 48
49 47 1279
49 48 1231
49 49 0
49 50 1231
49 51 1279
49 52 48
49 53 1279
49 54 1327
49 55 96
49 56 1327
49 57 1375
49 58 144
49 59 1375
49 60 1423
49 61 192
49 62 1423
49 63 1471
49 64 240
49 65 1471
49 66 1519
49 67 288
49 68 1519
49 69 1567
49 70 336
49 71 1567
49 72 1615
49 73 384
49 74 1615
49 75 1663
49 76 432
49 77 1663
49 78 1711
49 79 480
49 80 1711
49 81 1759
49 82 528
49 83 1759
49 84 1807
49 85 576
49 86 1807
49 87 1591
50 0 2822
50 1 744
50 2 1525
50 3 1251
50 4 1815
50 5 2379
50 6 2469
50 7 2474
50 8 2361
50 9 771
50 10 1152
50 11 1195
50 12 2335
50 13 1677
50 14 1112
50 15 1100
50 16 1550
50 17 840
50 18 2378
50 19 814
50 20 2062
50 21 1988
50 22 1620
50 23 1161
50 24 554
50 25 1434
50 26 802
50 27 1477
50 28 1590
50 29 2518
50 30 1897
50 31 545
50 32 2320
50 33 2702
50 34 1471
50 35 240
50 36 2654
50 37 1423
50 38 192
50 39 2606
50 40 1375
50 41 144
50 42 2558
50 43 1327
50 44 96
50 45 2510
50 46 1279
50 47 48
50 48 2462
50 49 1231
50 50 0
50 51 2510
50 52 1279
50 53 48
50 54 2558
50 55 1327
50 56 96
50 57 2606
50 58 1375
50 59 144
50 60 2654
50 61 1423
50 62 192
50 63 2702
50 64 1471
50 65 240
50 66 2750
50 67 1519
50 68 288
50 69 2798
50 70 1567
50 71 336
50 72 2846
50 73 1615
50 74 384
50 75 2894
50 76 1663
50 77 432
50 78 2942
50 79 1711
50 80 480
50 81 2990
50 82 1759
50 83 528
50 84 3038
50 85 1807
50 86 576
50 87 2822
51 0 408
51 1 1862
51 2 1369
51 3 1355
51 4 983
51 5 611
51 6 233
51 7 420
51 8 437
51 9 2219
51 10 1742
51 11 1507
51 12 463
51 13 1313
51 14 1494
51 15 1794
51 16 1056
51 17 2054
51 18 324
51 19 2080
51 20 640
51 21 618
51 22 1178
51 23 1829
51 24 2340
51 25 1556
51 26 2284
51 27 1321
51 28 1304
51 29 472
51 30 805
51 31 2253
51 32 1054
51 33 288
51 34 1519
51 35 2750
51 36 240
51 37 1471
51 38 2702
51 39 192
51 40 1423
51 41 2654
51 42 144
51 43 1375
51 44 2606
51 45 96
51 46 1327
51 47 2558
51 48 48
51 49 1279
51 50 2510
51 51 0
51 52 1231
51 53 2462
51 54 48
51 55 1279
51 56 2510
51 57 96
51 58 1327
51 59 2558
51 60 144
51 61 1375
51 62 2606
51 63 192
51 64 1423
51 65 2654
51 66 240
51 67 1471
51 68 2702
51 69 288
51 70 1519
51 71 2750
51 72 336
51 73 1567
51 74 2798
51 75 384
51 76 1615
51 77 2846
51 78 432
51 79 1663
51 80 2894
51 81 480
51 82 1711
51 83 2942
51 84 528
51 85 1759
51 86 2990
51 87 408
52 0 1639
52 1 631
52 2 342
52 3 124
52 4 632
52 5 1196
52 6 1286
52 7 1291
52 8 1178
52 9 988
52 10 511
52 11 276
52 12 1152
52 13 494
52 14 263
52 15 563
52 16 367
52 17 823
52 18 1195
52 19 849
52 20 783
52 21 709
52 22 437
52 23 598
52 24 1109
52 25 325
52 26 1053
52 27 294
52 28 407
52 29 1239
52 30 714
52 31 1022
52 32 1041
52 33 1519
52 34 288
52 35 1519
52 36 1471
52 37 240
52 38 1471
52 39 1423
52 40 192
52 41 1423
52 42 1375
52 43 144
52 44 1375
52 45 1327
52 46 96
52 47 1327
52 48 1279
52 49 48
52 50 1279
52 51 1231
52 52 0
52 53 1231
52 54 1279
52 55 48
52 56 1279
52 57 1327
52 58 96
52 59 1327
52 60 1375
52 61 144
52 62 1375
52 63 1423
52 64 192
52 65 1423
52 66 1471
52 67 240
52 68 1471
52 69 1519
52 70 288
52 71 1519
52 72 1567
52 73 336
52 74 1567
52 75 1615
52 76 384
52 77 1615
52 78 1663
52 79 432
52 80 1663
52 81 1711
52 82 480
52 83 1711
52 84 1759
52 85 528
52 86 1759
52 87 1639
53 0 2870
53 1 696
53 2 1573
53 3 1203
53 4 1863
53 5 2427
53 6 2517
53 7 2522
53 8 2409
53 9 819
53 10 1200
53 11 1147
53 12 2383
53 13 1725
53 14 1160
53 15 1148
53 16 1598
53 17 888
53 18 2426
53 19 862
53 20 2014
53 21 1940
53 22 1668
53 23 1209
53 24 602
53 25 1482
53 26 754
53 27 1525
53 28 1638
53 29 2470
53 30 1945
53 31 593
53 32 2272
53 33 2750
53 34 1519
53 35 288
53 36 2702
53 37 1471
53 38 240
53 39 2654
53 40 1423
53 41 192
53 42 2606
53 43 1375
53 44 144
53 45 2558
53 46 1327
53 47 96
53 48 2510
53 49 1279
53 50 48
53 51 2462
53 52 1231
53 53 0
53 54 2510
53 55 1279
53 56 48
53 57 2558
53 58 1327
53 59 96
53 60 2606
53 61 1375
53 62 144
53 63 2654
53 64 1423
53 65 192
53 66 2702
53 67 1471
53 68 240
53 69 2750
53 70 1519
53 71 288
53 72 2798
53 73 1567
53 74 336
53 75 2846
53 76 1615
53 77 384
53 78 2894
53 79 1663
53 80 432
53 81 2942
53 82 1711
53 83 480
53 84 2990
53 85 1759
53 86 528
53 87 2870
54 0 456
54 1 1814
54 2 1417
54 3 1307
54 4 1031
54 5 659
54 6 281
54 7 468
54 8 485
54 9 2267
54 10 1790
54 11 1459
54 12 511
54 13 1361
54 14 1542
54 15 1842
54 16 1104
54 17 2102
54 18 372
54 19 2128
54 20 592
54 21 570
54 22 1226
54 23 1877
54 24 2388
54 25 1604
54 26 2236
54 27 1369
54 28 1352
54 29 424
54 30 853
54 31 2301
54 32 1006
54 33 336
54 34 1567
54 35 2798
54 36 288
54 37 1519
54 38 2750
54 39 240
54 40 1471
54 41 2702
54 42 192
54 43 1423
54 44 2654
54 45 144
54 46 1375
54 47 2606
54 48 96
54 49 1327
54 50 2558
54 51 48
54 52 1279
54 53 2510
54 54 0
54 55 1231
54 56 2462
54 57 48
54 58 1279
54 59 2510
54 60 96
54 61 1327
54 62 2558
54 63 144
54 64 1375
54 65 2606
54 66 192
54 67 1423
54 68 2654
54 69 240
54 70 1471
54 71 2702
54 72 288
54 73 1519
54 74 2750
54 75 336
54 76 1567
54 77 2798
54 78 384
54 79 1615
54 80 2846
54 81 432
54 82 1663
54 83 2894
54 84 480
54 85 1711
54 86 2942
54 87 456
55 0 1687
55 1 583
55 2 390
55 3 76
55 4 680
55 5 1244
55 6 1334
55 7 1339
55 8 1226
55 9 1036
55 10 559
55 11 228
55 12 1200
55 13 542
55 14 311
55 15 611
55 16 415
55 17 871
55 18 1243
55 19 897
55 20 735
55 21 661
55 22 485
55 23 646
55 24 1157
55 25 373
55 26 1005
55 27 342
55 28 455
55 29 1191
55 30 762
55 31 1070
55 32 993
55 33 1567
55 34 336
55 35 1567
55 36 1519
55 37 288
55 38 1519
55 39 1471
55 40 240
55 41 1471
55 42 1423
55 43 192
55 44 1423
55 45 1375
55 46 144
55 47 1375
55 48 1327
55 49 96
55 50 1327
55 51 1279
55 52 48
55 53 1279
55 54 1231
55 55 0
55 56 1231
55 57 1279
55 58 48
55 59 1279
55 60 1327
55 61 96
55 62 1327
55 63 1375
55 64 144
55 65 1375
55 66 1423
55 67 192
55 68 1423
55 69 1471
55 70 240
55 71 1471
55 72 1519
55 73 288
55 74 1519
55 75 1567
55 76 336
55 77 1567
55 78 1615
55 79 384
55 80 1615
55 81 1663
55 82 432
55 83 1663
55 84 1711
55 85 480
55 86 1711
55 87 1687
56 0 2918
56 1 648
56 2 1621
56 3 1155
56 4 1911
56 5 2475
56 6 2565
56 7 2570
56 8 2457
56 9 867
56 10 1248
56 11 1099
56 12 2431
56 13 1773
56 14 1208
56 15 1196
56 16 1646
56 17 936
56 18 2474
56 19 910
56 20 1966
56 21 1892
56 22 1716
56 23 1257
56 24 650
56 25 1530
56 26 706
56 27 1573
56 28 1686
56 29 2422
56 30 1993
56 31 641
56 32 2224
56 33 2798
56 34 1567
56 35 336
56 36 2750
56 37 1519
56 38 288
56 39 2702
56 40 1471
56 41 240
56 42 2654
56 43 1423
56 44 192
56 45 2606
56 46 1375
56 47 144
56 48 2558
56 49 1327
56 50 96
56 51 2510
56 52 1279
56 53 48
56 54 2462
56 55 1231
56 56 0
56 57 2510
56 58 1279
56 59 48
56 60 2558
56 61 1327
56 62 96
56 63 2606
56 64 1375
56 65 144
56 66 2654
56 67 1423
56 68 192
56 69 2702
56 70 1471
56 71 240
56 72 2750
56 73 1519
56 74 288
56 75 2798
56 76 1567
56 77 336
56 78 2846
56 79 1615
56 80 384
56 81 2894
56 82 1663
56 83 432
56 84 2942
56 85 1711
56 86 480
56 87 2918
57 0 504
57 1 1862
57 2 1465
57 3 1355
57 4 1079
57 5 707
57 6 329
57 7 516
57 8 533
57 9 2315
57 10 1838
57 11 1411
57 12 559
57 13 1409
57 14 1590
57 15 1890
57 16 1152
57 17 2150
57 18 420
57 19 2176
57 20 544
57 21 618
57 22 1274
57 23 1925
57 24 2436
57 25 1652
57 26 2188
57 27 1417
57 28 1400
57 29 376
57 30 901
57 31 2349
57 32 958
57 33 384
57 34 1615
57 35 2846
57 36 336
57 37 1567
57 38 2798
57 39 288
57 40 1519
57 41 2750
57 42 240
57 43 1471
57 44 2702
57 45 192
57 46 1423
57 47 2654
57 48 144
57 49 1375
57 50 2606
57 51 96
57 52 1327
57 53 2558
57 54 48
57 55 1279
57 56 2510
57 57 0
57 58 1231
57 59 2462
57 60 48
57 61 1279
57 62 2510
57 63 96
57 64 1327
57 65 2558
57 66 144
57 67 1375
57 68 2606
57 69 192
57 70 1423
57 71 2654
57 72 240
57 73 1471
57 74 2702
57 75 288
57 76 1519
57 77 2750
57 78 336
57 79 1567
57 80 2798
57 81 384
57 82 1615
57 83 2846
57 84 432
57 85 1663
57 86 2894
57 87 504
58 0 1735
58 1 631
58 2 438
58 3 124
58 4 728
58 5 1292
58 6 1382
58 7 1387
58 8 1274
58 9 1084
58 10 607
58 11 180
58 12 1248
58 13 590
58 14 359
58 15 659
58 16 463
58 17 919
58 18 1291
58 19 945
58 20 687
58 21 709
58 22 533
58 23 694
58 24 1205
58 25 421
58 26 957
58 27 390
58 28 503
58 29 1143
58 30 810
58 31 1118
58 32 945
58 33 1615
58 34 384
58 35 1615
58 36 1567
58 37 336
58 38 1567
58 39 1519
58 40 288
58 41 1519
58 42 1471
58 43 240
58 44 1471
58 45 1423
58 46 192
58 47 1423
58 48 1375
58 49 144
58 50 1375
58 51 1327
58 52 96
58 53 1327
58 54 1279
58 55 48
58 56 1279
58 57 1231
58 58 0
58 59 1231
58 60 1279
58 61 48
58 62 1279
58 63 1327
58 64 96
58 65 1327
58 66 1375
58 67 144
58 68 1375
58 69 1423
58 70 192
58 71 1423
58 72 1471
58 73 240
58 74 1471
58 75 1519
58 76 288
58 77 1519
58 78 1567
58 79 336
58 80 1567
58 81 1615
58 82 384
58 83 1615
58 84 1663
58 85 432
58 86 1663
58 87 1735
59 0 2966
59 1 696
59 2 1669
59 3 1203
59 4 1959
59 5 2523
59 6 2613
59 7 2618
59 8 2505
59 9 915
59 10 1296
59 11 1051
59 12 2479
59 13 1821
59 14 1256
59 15 1244
59 16 1694
59 17 984
59 18 2522
59 19 958
59 20 1918
59 21 1940
59 22 1764
59 23 1305
59 24 698
59 25 1578
59 26 658
59 27 1621
59 28 1734
59 29 2374
59 30 2041
59 31 689
59 32 2176
59 33 2846
59 34 1615
59 35 384
59 36 2798
59 37 1567
59 38 336
59 39 2750
59 40 1519
59 41 288
59 42 2702
59 43 1471
59 44 240
59 45 2654
59 46 1423
59 47 192
59 48 2606
59 49 1375
59 50 144
59 51 2558
59 52 1327
59 53 96
59 54 2510
59 55 1279
59 56 48
59 57 2462
59 58 1231
59 59 0
59 60 2510
59 61 1279
59 62 48
59 63 2558
59 64 1327
59 65 96
59 66 2606
59 67 1375
59 68 144
59 69 2654
59 70 1423
59 71 192
59 72 2702
59 73 1471
59 74 240
59 75 2750
59 76 1519
59 77 288
59 78 2798
59 79 1567
59 80 336
59 81 2846
59 82 1615
59 83 384
59 84 2894
59 85 1663
59 86 432
59 87 2966
60 0 552
60 1 1910
60 2 1513
60 3 1403
60 4 1127
60 5 755
60 6 377
60 7 564
60 8 581
60 9 2363
60 10 1886
60 11 1459
60 12 607
60 13 1457
60 14 1638
60 15 1938
60 16 1200
60 17 2198
60 18 468
60 19 2224
60 20 592
60 21 666
60 22 1322
60 23 1973
60 24 2484
60 25 1700
60 26 2140
60 27 1465
60 28 1448
60 29 328
60 30 949
60 31 2397
60 32 910
60 33 432
60 34 1663
60 35 2894
60 36 384
60 37 1615
60 38 2846
60 39 336
60 40 1567
60 41 2798
60 42 288
60 43 1519
60 44 2750
60 45 240
60 46 1471
60 47 2702
60 48 192
60 49 1423
60 50 2654
60 51 144
60 52 1375
60 53 2606
60 54 96
60 55 1327
60 56 2558
60 57 48
60 58 1279
60 59 2510
60 60 0
60 61 1231
60 62 2462
60 63 48
60 64 1279
60 65 2510
60 66 96
60 67 1327
60 68 2558
60 69 144
60 70 1375
60 71 2606
60 72 192
60 73 1423
60 74 2654
60 75 240
60 76 1471
60 77 2702
60 78 288
60 79 1519
60 80 2750
60 81 336
60 82 1567
60 83 2798
60 84 384
60 85 1615
60 86 2846
60 87 552
61 0 1783
61 1 679
61 2 486
61 3 172
61 4 776
61 5 1340
61 6 1430
61 7 1435
61 8 1322
61 9 1132
61 10 655
61 11 228
61 12 1296
61 13 638
61 14 407
61 15 707
61 16 511
61 17 967
61 18 1339
61 19 993
61 20 735
61 21 757
61 22 581
61 23 742
61 24 1253
61 25 469
61 26 909
61 27 438
61 28 551
61 29 1095
61 30 858
61 31 1166
61 32 897
61 33 1663
61 34 432
61 35 1663
61 36 1615
61 37 384
61 38 1615
61 39 1567
61 40 336
61 41 1567
61 42 1519
61 43 288
61 44 1519
61 45 1471
61 46 240
61 47 1471
61 48 1423
61 49 192
61 50 1423
61 51 1375
61 52 144
61 53 1375
61 54 1327
61 55 96
61 56 1327
61 57 1279
61 58 48
61 59 1279
61 60 1231
61 61 0
61 62 1231
61 63 1279
61 64 48
61 65 1279
61 66 1327
61 67 96
61 68 1327
61 69 1375
61 70 144
61 71 1375
61 72 1423
61 73 192
61 74 1423
61 75 1471
61 76 240
61 77 1471
61 78 1519
61 79 288
61 80 1519
61 81 1567
61 82 336
61 83 1567
61 84 1615
61 85 384
61 86 1615
61 87 1783
62 0 3014
62 1 744
62 2 1717
62 3 1251
62 4 2007
62 5 2571
62 6 2661
62 7 2666
62 8 2553
62 9 963
62 10 1344
62 11 1099
62 12 2527
62 13 1869
62 14 1304
62 15 1292
62 16 1742
62 17 1032
62 18 2570
62 19 1006
62 20 1966
62 21 1988
62 22 1812
62 23 1353
62 24 746
62 25 1626
62 26 610
62 27 1669
62 28 1782
62 29 2326
62 30 2089
62 31 737
62 32 2128
62 33 2894
62 34 1663
62 35 432
62 36 2846
62 37 1615
62 38 384
62 39 2798
62 40 1567
62 41 336
62 42 2750
62 43 1519
62 44 288
62 45 2702
62 46 1471
62 47 240
62 48 2654
62 49 1423
62 50 192
62 51 2606
62 52 1375
62 53 144
62 54 2558
62 55 1327
62 56 96
62 57 2510
62 58 1279
62 59 48
62 60 2462
62 61 1231
62 62 0
62 63 2510
62 64 1279
62 65 48
62 66 2558
62 67 1327
62 68 96
62 69 2606
62 70 1375
62 71 144
62 72 2654
62 73 1423
62 74 192
62 75 2702
62 76 1471
62 77 240
62 78 2750
62 79 1519
62 80 288
62 81 2798
62 82 1567
62 83 336
62 84 2846
62 85 1615
62 86 384
62 87 3014
63 0 600
63 1 1958
63 2 1561
63 3 1451
63 4 1175
63 5 803
63 6 425
63 7 612
63 8 629
63 9 2411
63 10 1934
63 11 1507
63 12 655
63 13 1505
63 14 1686
63 15 1986
63 16 1248
63 17 2246
63 18 516
63 19 2272
63 20 640
63 21 714
63 22 1370
63 23 2021
63 24 2532
63 25 1748
63 26 2092
63 27 1513
63 28 1496
63 29 280
63 30 997
63 31 2445
63 32 862
63 33 480
63 34 1711
63 35 2942
63 36 432
63 37 1663
63 38 2894
63 39 384
63 40 1615
63 41 2846
63 42 336
63 43 1567
63 44 2798
63 45 288
63 46 1519
63 47 2750
63 48 240
63 49 1471
63 50 2702
63 51 192
63 52 1423
63 53 2654
63 54 144
63 55 1375
63 56 2606
63 57 96
63 58 1327
63 59 2558
63 60 48
63 61 1279
63 62 2510
63 63 0
63 64 1231
63 65 2462
63 66 48
63 67 1279
63 68 2510
63 69 96
63 70 1327
63 71 2558
63 72 144
63 73 1375
63 74 2606
63 75 192
63 76 1423
63 77 2654
63 78 240
63 79 1471
63 80 2702
63 81 288
63 82 1519
63 83 2750
63 84 336
63 85 1567
63 86 2798
63 87 600
64 0 1831
64 1 727
64 2 534
64 3 220
64 4 824
64 5 1388
64 6 1478
64 7 1483
64 8 1370
64 9 1180
64 10 703
64 11 276
64 12 1344
64 13 686
64 14 455
64 15 755
64 16 559
64 17 1015
64 18 1387
64 19 1041
64 20 783
64 21 805
64 22 629
64 23 790
64 24 1301
64 25 517
64 26 861
64 27 486
64 28 599
64 29 1047
64 30 906
64 31 1214
64 32 849
64 33 1711
64 34 480
64 35 1711
64 36 1663
64 37 432
64 38 1663
64 39 1615
64 40 384
64 41 1615
64 42 1567
64 43 336
64 44 1567
64 45 1519
64 46 288
64 47 1519
64 48 1471
64 49 240
64 50 1471
64 51 1423
64 52 192
64 53 1423
64 54 1375
64 55 144
64 56 1375
64 57 1327
64 58 96
64 59 1327
64 60 1279
64 61 48
64 62 1279
64 63 1231
64 64 0
64 65 1231
64 66 1279
64 67 48
64 68 1279
64 69 1327
64 70 96
64 71 1327
64 72 1375
64 73 144
64 74 1375
64 75 1423
64 76 192
64 77 1423
64 78 1471
64 79 240
64 80 1471
64 81 1519
64 82 288
64 83 1519
64 84 1567
64 85 336
64 86 1567
64 87 1831
65 0 3062
65 1 792
65 2 1765
65 3 1299
65 4 2055
65 5 2619
65 6 2709
65 7 2714
65 8 2601
65 9 1011
65 10 1392
65 11 1147
65 12 2575
65 13 1917
65 14 1352
65 15 1340
65 16 1790
65 17 1080
65 18 2618
65 19 1054
65 20 2014
65 21 2036
65 22 1860
65 23 1401
65 24 794
65 25 1674
65 26 562
65 27 1717
65 28 1830
65 29 2278
65 30 2137
65 31 785
65 32 2080
65 33 2942
65 34 1711
65 35 480
65 36 2894
65 37 1663
65 38 432
65 39 2846
65 40 1615
65 41 384
65 42 2798
65 43 1567
65 44 336
65 45 2750
65 46 1519
65 47 288
65 48 2702
65 49 1471
65 50 240
65 51 2654
65 52 1423
65 53 192
65 54 2606
65 55 1375
65 56 144
65 57 2558
65 58 1327
65 59 96
65 60 2510
65 61 1279
65 62 48
65 63 2462
65 64 1231
65 65 0
65 66 2510
65 67 1279
65 68 48
65 69 2558
65 70 1327
65 71 96
65 72 2606
65 73 1375
65 74 144
65 75 2654
65 76 1423
65 77 192
65 78 2702
65 79 1471
65 80 240
65 81 2750
65 82 1519
65 83 288
65 84 2798
65 85 1567
65 86 336
65 87 3062
66 0 648
66 1 2006
66 2 1609
66 3 1499
66 4 1223
66 5 851
66 6 473
66 7 660
66 8 677
66 9 2459
66 10 1982
66 11 1555
66 12 703
66 13 1553
66 14 1734
66 15 2034
66 16 1296
66 17 2294
66 18 564
66 19 2320
66 20 688
66 21 762
66 22 1418
66 23 2069
66 24 2580
66 25 1796
66 26 2044
66 27 1561
66 28 1544
66 29 232
66 30 1045
66 31 2493
66 32 814
66 33 528
66 34 1759
66 35 2990
66 36 480
66 37 1711
66 38 2942
66 39 432
66 40 1663
66 41 2894
66 42 384
66 43 1615
66 44 2846
66 45 336
66 46 1567
66 47 2798
66 48 288
66 49 1519
66 50 2750
66 51 240
66 52 1471
66 53 2702
66 54 192
66 55 1423
66 56 2654
66 57 144
66 58 1375
66 59 2606
66 60 96
66 61 1327
66 62 2558
66 63 48
66 64 1279
66 65 2510
66 66 0
66 67 1231
66 68 2462
66 69 48
66 70 1279
66 71 2510
66 72 96
66 73 1327
66 74 2558
66 75 144
66 76 1375
66 77 2606
66 78 192
66 79 1423
66 80 2654
66 81 240
66 82 1471
66 83 2702
66 84 288
66 85 1519
66 86 2750
66 87 648
67 0 1879
67 1 775
67 2 582
67 3 268
67 4 872
67 5 1436
67 6 1526
67 7 1531
67 8 1418
67 9 1228
67 10 751
67 11 324
67 12 1392
67 13 734
67 14 503
67 15 803
67 16 607
67 17 1063
67 18 1435
67 19 1089
67 20 831
67 21 853
67 22 677
67 23 838
67 24 1349
67 25 565
67 26 813
67 27 534
67 28 647
67 29 999
67 30 954
67 31 1262
67 32 801
67 33 1759
67 34 528
67 35 1759
67 36 1711
67 37 480
67 38 1711
67 39 1663
67 40 432
67 41 1663
67 42 1615
67 43 384
67 44 1615
67 45 1567
67 46 336
67 47 1567
67 48 1519
67 49 288
67 50 1519
67 51 1471
67 52 240
67 53 1471
67 54 1423
67 55 192
67 56 1423
67 57 1375
67 58 144
67 59 1375
67 60 1327
67 61 96
67 62 1327
67 63 1279
67 64 48
67 65 1279
67 66 1231
67 67 0
67 68 1231
67 69 1279
67 70 48
67 71 1279
67 72 1327
67 73 96
67 74 1327
67 75 1375
67 76 144
67 77 1375
67 78 1423
67 79 192
67 80 1423
67 81 1471
67 82 240
67 83 1471
67 84 1519
67 85 288
67 86 1519
67 87 1879
68 0 3110
68 1 840
68 2 1813
68 3 1347
68 4 2103
68 5 2667
68 6 2757
68 7 2762
68 8 2649
68 9 1059
68 10 1440
68 11 1195
68 12 2623
68 13 1965
68 14 1400
68 15 1388
68 16 1838
68 17 1128
68 18 2666
68 19 1102
68 20 2062
68 21 2084
68 22 1908
68 23 1449
68 24 842
68 25 1722
68 26 514
68 27 1765
68 28 1878
68 29 2230
68 30 2185
68 31 833
68 32 2032
68 33 2990
68 34 1759
68 35 528
68 36 2942
68 37 1711
68 38 480
68 39 2894
68 40 1663
68 41 432
68 42 2846
68 43 1615
68 44 384
68 45 2798
68 46 1567
68 47 336
68 48 2750
68 49 1519
68 50 288
68 51 2702
68 52 1471
68 53 240
68 54 2654
68 55 1423
68 56 192
68 57 2606
68 58 1375
68 59 144
68 60 2558
68 61 1327
68 62 96
68 63 2510
68 64 1279
68 65 48
68 66 2462
68 67 1231
68 68 0
68 69 2510
68 70 1279
68 71 48
68 72 2558
68 73 1327
68 74 96
68 75 2606
68 76 1375
68 77 144
68 78 2654
68 79 1423
68 80 192
68 81 2702
68 82 1471
68 83 240
68 84 2750
68 85 1519
68 86 288
68 87 3110
69 0 696
69 1 2054
69 2 1657
69 3 1547
69 4 1271
69 5 899
69 6 521
69 7 708
69 8 725
69 9 2507
69 10 2030
69 11 1603
69 12 751
69 13 1601
69 14 1782
69 15 2082
69 16 1344
69 17 2342
69 18 612
69 19 2368
69 20 736
69 21 810
69 22 1466
69 23 2117
69 24 2628
69 25 1844
69 26 1996
69 27 1609
69 28 1592
69 29 280
69 30 1093
69 31 2541
69 32 766
69 33 576
69 34 1807
69 35 3038
69 36 528
69 37 1759
69 38 2990
69 39 480
69 40 1711
69 41 2942
69 42 432
69 43 1663
69 44 2894
69 45 384
69 46 1615
69 47 2846
69 48 336
69 49 1567
69 50 2798
69 51 288
69 52 1519
69 53 2750
69 54 240
69 55 1471
69 56 2702
69 57 192
69 58 1423
69 59 2654
69 60 144
69 61 1375
69 62 2606
69 63 96
69 64 1327
69 65 2558
69 66 48
69 67 1279
69 68 2510
69 69 0
69 70 1231
69 71 2462
69 72 48
69 73 1279
69 74 2510
69 75 96
69 76 1327
69 77 2558
69 78 144
69 79 1375
69 80 2606
69 81 192
69 82 1423
69 83 2654
69 84 240
69 85 1471
69 86 2702
69 87 696
70 0 1927
70 1 823
70 2 630
70 3 316
70 4 920
70 5 1484
70 6 1574
70 7 1579
70 8 1466
70 9 1276
70 10 799
70 11 372
70 12 1440
70 13 782
70 14 551
70 15 851
70 16 655
70 17 1111
70 18 1483
70 19 1137
70 20 879
70 21 901
70 22 725
70 23 886
70 24 1397
70 25 613
70 26 765
70 27 582
70 28 695
70 29 1047
70 30 1002
70 31 1310
70 32 753
70 33 1807
70 34 576
70 35 1807
70 36 1759
70 37 528
70 38 1759
70 39 1711
70 40 480
70 41 1711
70 42 1663
70 43 432
70 44 1663
70 45 1615
70 46 384
70 47 1615
70 48 1567
70 49 336
70 50 1567
70 51 1519
70 52 288
70 53 1519
70 54 1471
70 55 240
70 56 1471
70 57 1423
70 58 192
70 59 1423
70 60 1375
70 61 144
70 62 1375
70 63 1327
70 64 96
70 65 1327
70 66 1279
70 67 48
70 68 1279
70 69 1231
70 70 0
70 71 1231
70 72 1279
70 73 48
70 74 1279
70 75 1327
70 76 96
70 77 1327
70 78 1375
70 79 144
70 80 1375
70 81 1423
70 82 192
70 83 1423
70 84 1471
70 85 240
70 86 1471
70 87 1927
71 0 3158
71 1 888
71 2 1861
71 3 1395
71 4 2151
71 5 2715
71 6 2805
71 7 2810
71 8 2697
71 9 1107
71 10 1488
71 11 1243
71 12 2671
71 13 2013
71 14 1448
71 15 1436
71 16 1886
71 17 1176
71 18 2714
71 19 1150
71 20 2110
71 21 2132
71 22 1956
71 23 1497
71 24 890
71 25 1770
71 26 466
71 27 1813
71 28 1926
71 29 2278
71 30 2233
71 31 881
71 32 1984
71 33 3038
71 34 1807
71 35 576
71 36 2990
71 37 1759
71 38 528
71 39 2942
71 40 1711
71 41 480
71 42 2894
71 43 1663
71 44 432
71 45 2846
71 46 1615
71 47 384
71 48 2798
71 49 1567
71 50 336
71 51 2750
71 52 1519
71 53 288
71 54 2702
71 55 1471
71 56 240
71 57 2654
71 58 1423
71 59 192
71 60 2606
71 61 1375
71 62 144
71 63 2558
71 64 1327
71 65 96
71 66 2510
71 67 1279
71 68 48
71 69 2462
71 70 1231
71 71 0
71 72 2510
71 73 1279
71 74 48
71 75 2558
71 76 1327
71 77 96
71 78 2606
71 79 1375
71 80 144
71 81 2654
71 82 1423
71 83 192
71 84 2702
71 85 1471
71 86 240
71 87 3158
72 0 744
72 1 2102
72 2 1705
72 3 1595
72 4 1319
72 5 947
72 6 569
72 7 756
72 8 773
72 9 2555
72 10 2078
72 11 1651
72 12 799
72 13 1649
72 14 1830
72 15 2130
72 16 1392
72 17 2390
72 18 660
72 19 2416
72 20 784
72 21 858
72 22 1514
72 23 2165
72 24 2676
72 25 1892
72 26 2044
72 27 1657
72 28 1640
72 29 328
72 30 1141
72 31 2589
72 32 718
72 33 624
72 34 1855
72 35 3086
72 36 576
72 37 1807
72 38 3038
72 39 528
72 40 1759
72 41 2990
72 42 480
72 43 1711
72 44 2942
72 45 432
72 46 1663
72 47 2894
72 48 384
72 49 1615
72 50 2846
72 51 336
72 52 1567
72 53 2798
72 54 288
72 55 1519
72 56 2750
72 57 240
72 58 1471
72 59 2702
72 60 192
72 61 1423
72 62 2654
72 63 144
72 64 1375
72 65 2606
72 66 96
72 67 1327
72 68 2558
72 69 48
72 70 1279
72 71 2510
72 72 0
72 73 1231
72 74 2462
72 75 48
72 76 1279
72 77 2510
72 78 96
72 79 1327
72 80 2558
72 81 144
72 82 1375
72 83 2606
72 84 192
72 85 1423
72 86 2654
72 87 744
73 0 1975
73 1 871
73 2 678
73 3 364
73 4 968
73 5 1532
73 6 1622
73 7 1627
73 8 1514
73 9 1324
73 10 847
73 11 420
73 12 1488
73 13 830
73 14 599
73 15 899
73 16 703
73 17 1159
73 18 1531
73 19 1185
73 20 927
73 21 949
73 22 773
73 23 934
73 24 1445
73 25 661
73 26 813
73 27 630
73 28 743
73 29 1095
73 30 1050
73 31 1358
73 32 705
73 33 1855
73 34 624
73 35 1855
73 36 1807
73 37 576
73 38 1807
73 39 1759
73 40 528
73 41 1759
73 42 1711
73 43 480
73 44 1711
73 45 1663
73 46 432
73 47 1663
73 48 1615
73 49 384
73 50 1615
73 51 1567
73 52 336
73 53 1567
73 54 1519
73 55 288
73 56 1519
73 57 1471
73 58 240
73 59 1471
73 60 1423
73 61 192
73 62 1423
73 63 1375
73 64 144
73 65 1375
73 66 1327
73 67 96
73 68 1327
73 69 1279
73 70 48
73 71 1279
73 72 1231
73 73 0
73 74 1231
73 75 1279
73 76 48
73 77 1279
73 78 1327
73 79 96
73 80 1327
73 81 1375
73 82 144
73 83 1375
73 84 1423
73 85 192
73 86 1423
73 87 1975
74 0 3206
74 1 936
74 2 1909
74 3 1443
74 4 2199
74 5 2763
74 6 2853
74 7 2858
74 8 2745
74 9 1155
74 10 1536
74 11 1291
74 12 2719
74 13 2061
74 14 1496
74 15 1484
74 16 1934
74 17 1224
74 18 2762
74 19 1198
74 20 2158
74 21 2180
74 22 2004
74 23 1545
74 24 938
74 25 1818
74 26 514
74 27 1861
74 28 1974
74 29 2326
74 30 2281
74 31 929
74 32 1936
74 33 3086
74 34 1855
74 35 624
74 36 3038
74 37 1807
74 38 576
74 39 2990
74 40 1759
74 41 528
74 42 2942
74 43 1711
74 44 480
74 45 2894
74 46 1663
74 47 432
74 48 2846
74 49 1615
74 50 384
74 51 2798
74 52 1567
74 53 336
74 54 2750
74 55 1519
74 56 288
74 57 2702
74 58 1471
74 59 240
74 60 2654
74 61 1423
74 62 192
74 63 2606
74 64 1375
74 65 144
74 66 2558
74 67 1327
74 68 96
74 69 2510
74 70 1279
74 71 48
74 72 2462
74 73 1231
74 74 0
74 75 2510
74 76 1279
74 77 48
74 78 2558
74 79 1327
74 80 96
74 81 2606
74 82 1375
74 83 144
74 84 2654
74 85 1423
74 86 192
74 87 3206
75 0 792
75 1 2150
75 2 1753
75 3 1643
75 4 1367
75 5 995
75 6 617
75 7 804
75 8 821
75 9 2603
75 10 2126
75 11 1699
75 12 847
75 13 1697
75 14 1878
75 15 2178
75 16 1440
75 17 2438
75 18 708
75 19 2464
75 20 832
75 21 906
75 22 1562
75 23 2213
75 24 2724
75 25 1940
75 26 2092
75 27 1705
75 28 1688
75 29 376
75 30 1189
75 31 2637
75 32 670
75 33 672
75 34 1903
75 35 3134
75 36 624
75 37 1855
75 38 3086
75 39 576
75 40 1807
75 41 3038
75 42 528
75 43 1759
75 44 2990
75 45 480
75 46 1711
75 47 2942
75 48 432
75 49 1663
75 50 2894
75 51 384
75 52 1615
75 53 2846
75 54 336
75 55 1567
75 56 2798
75 57 288
75 58 1519
75 59 2750
75 60 240
75 61 1471
75 62 2702
75 63 192
75 64 1423
75 65 2654
75 66 144
75 67 1375
75 68 2606
75 69 96
75 70 1327
75 71 2558
75 72 48
75 73 1279
75 74 2510
75 75 0
75 76 1231
75 77 2462
75 78 48
75 79 1279
75 80 2510
75 81 96
75 82 1327
75 83 2558
75 84 144
75 85 1375
75 86 2606
75 87 792
76 0 2023
76 1 919
76 2 726
76 3 412
76 4 1016
76 5 1580
76 6 1670
76 7 1675
76 8 1562
76 9 1372
76 10 895
76 11 468
76 12 1536
76 13 878
76 14 647
76 15 947
76 16 751
76 17 1207
76 18 1579
76 19 1233
76 20 975
76 21 997
76 22 821
76 23 982
76 24 1493
76 25 709
76 26 861
76 27 678
76 28 791
76 29 1143
76 30 1098
76 31 1406
76 32 657
76 33 1903
76 34 672
76 35 1903
76 36 1855
76 37 624
76 38 1855
76 39 1807
76 40 576
76 41 1807
76 42 1759
76 43 528
76 44 1759
76 45 1711
76 46 480
76 47 1711
76 48 1663
76 49 432
76 50 1663
76 51 1615
76 52 384
76 53 1615
76 54 1567
76 55 336
76 56 1567
76 57 1519
76 58 288
76 59 1519
76 60 1471
76 61 240
76 62 1471
76 63 1423
76 64 192
76 65 1423
76 66 1375
76 67 144
76 68 1375
76 69 1327
76 70 96
76 71 1327
76 72 1279
76 73 48
76 74 1279
76 75 1231
76 76 0
76 77 1231
76 78 1279
76 79 48
76 80 1279
76 81 1327
76 82 96
76 83 1327
76 84 1375
76 85 144
76 86 1375
76 87 2023
77 0 3254
77 1 984
77 2 1957
77 3 1491
77 4 2247
77 5 2811
77 6 2901
77 7 2906
77 8 2793
77 9 1203
77 10 1584
77 11 1339
77 12 2767
77 13 2109
77 14 1544
77 15 1532
77 16 1982
77 17 1272
77 18 2810
77 19 1246
77 20 2206
77 21 2228
77 22 2052
77 23 1593
77 24 986
77 25 1866
77 26 562
77 27 1909
77 28 2022
77 29 2374
77 30 2329
77 31 977
77 32 1888
77 33 3134
77 34 1903
77 35 672
77 36 3086
77 37 1855
77 38 624
77 39 3038
77 40 1807
77 41 576
77 42 2990
77 43 1759
77 44 528
77 45 2942
77 46 1711
77 47 480
77 48 2894
77 49 1663
77 50 432
77 51 2846
77 52 1615
77 53 384
77 54 2798
77 55 1567
77 56 336
77 57 2750
77 58 1519
77 59 288
77 60 2702
77 61 1471
77 62 240
77 63 2654
77 64 1423
77 65 192
77 66 2606
77 67 1375
77 68 144
77 69 2558
77 70 1327
77 71 96
77 72 2510
77 73 1279
77 74 48
77 75 2462
77 76 1231
77 77 0
77 78 2510
77 79 1279
77 80 48
77 81 2558
77 82 1327
77 83 96
77 84 2606
77 85 1375
77 86 144
77 87 3254
78 0 840
78 1 2198
78 2 1801
78 3 1691
78 4 1415
78 5 1043
78 6 665
78 7 852
78 8 869
78 9 2651
78 10 2174
78 11 1747
78 12 895
78 13 1745
78 14 1926
78 15 2226
78 16 1488
78 17 2486
78 18 756
78 19 2512
78 20 880
78 21 954
78 22 1610
78 23 2261
78 24 2772
78 25 1988
78 26 2140
78 27 1753
78 28 1736
78 29 424
78 30 1237
78 31 2685
78 32 622
78 33 720
78 34 1951
78 35 3182
78 36 672
78 37 1903
78 38 3134
78 39 624
78 40 1855
78 41 3086
78 42 576
78 43 1807
78 44 3038
78 45 528
78 46 1759
78 47 2990
78 48 480
78 49 1711
78 50 2942
78 51 432
78 52 1663
78 53 2894
78 54 384
78 55 1615
78 56 2846
78 57 336
78 58 1567
78 59 2798
78 60 288
78 61 1519
78 62 2750
78 63 240
78 64 1471
78 65 2702
78 66 192
78 67 1423
78 68 2654
78 69 144
78 70 1375
78 71 2606
78 72 96
78 73 1327
78 74 2558
78 75 48
78 76 1279
78 77 2510
78 78 0
78 79 1231
78 80 2462
78 81 48
78 82 1279
78 83 2510
78 84 96
78 85 1327
78 86 2558
78 87 840
79 0 2071
79 1 967
79 2 774
79 3 460
79 4 1064
79 5 1628
79 6 1718
79 7 1723
79 8 1610
79 9 1420
79 10 943
79 11 516
79 12 1584
79 13 926
79 14 695
79 15 995
79 16 799
79 17 1255
79 18 1627
79 19 1281
79 20 1023
79 21 1045
79 22 869
79 23 1030
79 24 1541
79 25 757
79 26 909
79 27 726
79 28 839
79 29 1191
79 30 1146
79 31 1454
79 32 609
79 33 1951
79 34 720
79 35 1951
79 36 1903
79 37 672
79 38 1903
79 39 1855
79 40 624
79 41 1855
79 42 1807
79 43 576
79 44 1807
79 45 1759
79 46 528
79 47 1759
79 48 1711
79 49 480
79 50 1711
79 51 1663
79 52 432
79 53 1663
79 54 1615
79 55 384
79 56 1615
79 57 1567
79 58 336
79 59 1567
79 60 1519
79 61 288
79 62 1519
79 63 1471
79 64 240
79 65 1471
79 66 1423
79 67 192
79 68 1423
79 69 1375
79 70 144
79 71 1375
79 72 1327
79 73 96
79 74 1327
79 75 1279
79 76 48
79 77 1279
79 78 1231
79 79 0
79 80 1231
79 81 1279
79 82 48
79 83 1279
79 84 1327
79 85 96
79 86 1327
79 87 2071
80 0 3302
80 1 1032
80 2 2005
80 3 1539
80 4 2295
80 5 2859
80 6 2949
80 7 2954
80 8 2841
80 9 1251
80 10 1632
80 11 1387
80 12 2815
80 13 2157
80 14 1592
80 15 1580
80 16 2030
80 17 1320
80 18 2858
80 19 1294
80 20 2254
80 21 2276
80 22 2100
80 23 1641
80 24 1034
80 25 1914
80 26 610
80 27 1957
80 28 2070
80 29 2422
80 30 2377
80 31 1025
80 32 1840
80 33 3182
80 34 1951
80 35 720
80 36 3134
80 37 1903
80 38 672
80 39 3086
80 40 1855
80 41 624
80 42 3038
80 43 1807
80 44 576
80 45 2990
80 46 1759
80 47 528
80 48 2942
80 49 1711
80 50 480
80 51 2894
80 52 1663
80 53 432
80 54 2846
80 55 1615
80 56 384
80 57 2798
80 58 1567
80 59 336
80 60 2750
80 61 1519
80 62 288
80 63 2702
80 64 1471
80 65 240
80 66 2654
80 67 1423
80 68 192
80 69 2606
80 70 1375
80 71 144
80 72 2558
80 73 1327
80 74 96
80 75 2510
80 76 1279
80 77 48
80 78 2462
80 79 1231
80 80 0
80 81 2510
80 82 1279
80 83 48
80 84 2558
80 85 1327
80 86 96
80 87 3302
81 0 888
81 1 2246
81 2 1849
81 3 1739
81 4 1463
81 5 1091
81 6 713
81 7 900
81 8 917
81 9 2699
81 10 2222
81 11 1795
81 12 943
81 13 1793
81 14 1974
81 15 2274
81 16 1536
81 17 2534
81 18 804
81 19 2560
81 20 928
81 21 1002
81 22 1658
81 23 2309
81 24 2820
81 25 2036
81 26 2188
81 27 1801
81 28 1784
81 29 472
81 30 1285
81 31 2733
81 32 670
81 33 768
81 34 1999
81 35 3230
81 36 720
81 37 1951
81 38 3182
81 39 672
81 40 1903
81 41 3134
81 42 624
81 43 1855
81 44 3086
81 45 576
81 46 1807
81 47 3038
81 48 528
81 49 1759
81 50 2990
81 51 480
81 52 1711
81 53 2942
81 54 432
81 55 1663
81 56 2894
81 57 384
81 58 1615
81 59 2846
81 60 336
81 61 1567
81 62 2798
81 63 288
81 64 1519
81 65 2750
81 66 240
81 67 1471
81 68 2702
81 69 192
81 70 1423
81 71 2654
81 72 144
81 73 1375
81 74 2606
81 75 96
81 76 1327
81 77 2558
81 78 48
81 79 1279
81 80 2510
81 81 0
81 82 1231
81 83 2462
81 84 48
81 85 1279
81 86 2510
81 87 888
82 0 2119
82 1 1015
82 2 822
82 3 508
82 4 1112
82 5 1676
82 6 1766
82 7 1771
82 8 1658
82 9 1468
82 10 991
82 11 564
82 12 1632
82 13 974
82 14 743
82 15 1043
82 16 847
82 17 1303
82 18 1675
82 19 1329
82 20 1071
82 21 1093
82 22 917
82 23 1078
82 24 1589
82 25 805
82 26 957
82 27 774
82 28 887
82 29 1239
82 30 1194
82 31 1502
82 32 657
82 33 1999
82 34 768
82 35 1999
82 36 1951
82 37 720
82 38 1951
82 39 1903
82 40 672
82 41 1903
82 42 1855
82 43 624
82 44 1855
82 45 1807
82 46 576
82 47 1807
82 48 1759
82 49 528
82 50 1759
82 51 1711
82 52 480
82 53 1711
82 54 1663
82 55 432
82 56 1663
82 57 1615
82 58 384
82 59 1615
82 60 1567
82 61 336
82 62 1567
82 63 1519
82 64 288
82 65 1519
82 66 1471
82 67 240
82 68 1471
82 69 1423
82 70 192
82 71 1423
82 72 1375
82 73 144
82 74 1375
82 75 1327
82 76 96
82 77 1327
82 78 1279
82 79 48
82 80 1279
82 81 1231
82 82 0
82 83 1231
82 84 1279
82 85 48
82 86 1279
82 87 2119
83 0 3350
83 1 1080
83 2 2053
83 3 1587
83 4 2343
83 5 2907
83 6 2997
83 7 3002
83 8 2889
83 9 1299
83 10 1680
83 11 1435
83 12 2863
83 13 2205
83 14 1640
83 15 1628
83 16 2078
83 17 1368
83 18 2906
83 19 1342
83 20 2302
83 21 2324
83 22 2148
83 23 1689
83 24 1082
83 25 1962
83 26 658
83 27 2005
83 28 2118
83 29 2470
83 30 2425
83 31 1073
83 32 1888
83 33 3230
83 34 1999
83 35 768
83 36 3182
83 37 1951
83 38 720
83 39 3134
83 40 1903
83 41 672
83 42 3086
83 43 1855
83 44 624
83 45 3038
83 46 1807
83 47 576
83 48 2990
83 49 1759
83 50 528
83 51 2942
83 52 1711
83 53 480
83 54 2894
83 55 1663
83 56 432
83 57 2846
83 58 1615
83 59 384
83 60 2798
83 61 1567
83 62 336
83 63 2750
83 64 1519
83 65 288
83 66 2702
83 67 1471
83 68 240
83 69 2654
83 70 1423
83 71 192
83 72 2606
83 73 1375
83 74 144
83 75 2558
83 76 1327
83 77 96
83 78 2510
83 79 1279
83 80 48
83 81 2462
83 82 1231
83 83 0
83 84 2510
83 85 1279
83 86 48
83 87 3350
84 0 936
84 1 2294
84 2 1897
84 3 1787
84 4 1511
84 5 1139
84 6 761
84 7 948
84 8 965
84 9 2747
84 10 2270
84 11 1843
84 12 991
84 13 1841
84 14 2022
84 15 2322
84 16 1584
84 17 2582
84 18 852
84 19 2608
84 20 976
84 21 1050
84 22 1706
84 23 2357
84 24 2868
84 25 2084
84 26 2236
84 27 1849
84 28 1832
84 29 520
84 30 1333
84 31 2781
84 32 718
84 33 816
84 34 2047
84 35 3278
84 36 768
84 37 1999
84 38 3230
84 39 720
84 40 1951
84 41 3182
84 42 672
84 43 1903
84 44 3134
84 45 624
84 46 1855
84 47 3086
84 48 576
84 49 1807
84 50 3038
84 51 528
84 52 1759
84 53 2990
84 54 480
84 55 1711
84 56 2942
84 57 432
84 58 1663
84 59 2894
84 60 384
84 61 1615
84 62 2846
84 63 336
84 64 1567
84 65 2798
84 66 288
84 67 1519
84 68 2750
84 69 240
84 70 1471
84 71 2702
84 72 192
84 73 1423
84 74 2654
84 75 144
84 76 1375
84 77 2606
84 78 96
84 79 1327
84 80 2558
84 81 48
84 82 1279
84 83 2510
84 84 0
84 85 1231
84 86 2462
84 87 936
85 0 2167
85 1 1063
85 2 870
85 3 556
85 4 1160
85 5 1724
85 6 1814
85 7 1819
85 8 1706
85 9 1516
85 10 1039
85 11 612
85 12 1680
85 13 1022
85 14 791
85 15 1091
85 16 895
85 17 1351
85 18 1723
85 19 1377
85 20 1119
85 21 1141
85 22 965
85 23 1126
85 24 1637
85 25 853
85 26 1005
85 27 822
85 28 935
85 29 1287
85 30 1242
85 31 1550
85 32 705
85 33 2047
85 34 816
85 35 2047
85 36 1999
85 37 768
85 38 1999
85 39 1951
85 40 720
85 41 1951
85 42 1903
85 43 672
85 44 1903
85 45 1855
85 46 624
85 47 1855
85 48 1807
85 49 576
85 50 1807
85 51 1759
85 52 528
85 53 1759
85 54 1711
85 55 480
85 56 1711
85 57 1663
85 58 432
85 59 1663
85 60 1615
85 61 384
85 62 1615
85 63 1567
85 64 336
85 65 1567
85 66 1519
85 67 288
85 68 1519
85 69 1471
85 70 240
85 71 1471
85 72 1423
85 73 192
85 74 1423
85 75 1375
85 76 144
85 77 1375
85 78 1327
85 79 96
85 80 1327
85 81 1279
85 82 48
85 83 1279
85 84 1231
85 85 0
85 86 1231
85 87 2167
86 0 3398
86 1 1128
86 2 2101
86 3 1635
86 4 2391
86 5 2955
86 6 3045
86 7 3050
86 8 2937
86 9 1347
86 10 1728
86 11 1483
86 12 2911
86 13 2253
86 14 1688
86 15 1676
86 16 2126
86 17 1416
86 18 2954
86 19 1390
86 20 2350
86 21 2372
86 22 2196
86 23 1737
86 24 1130
86 25 2010
86 26 706
86 27 2053
86 28 2166
86 29 2518
86 30 2473
86 31 1121
86 32 1936
86 33 3278
86 34 2047
86 35 816
86 36 3230
86 37 1999
86 38 768
86 39 3182
86 40 1951
86 41 720
86 42 3134
86 43 1903
86 44 672
86 45 3086
86 46 1855
86 47 624
86 48 3038
86 49 1807
86 50 576
86 51 2990
86 52 1759
86 53 528
86 54 2942
86 55 1711
86 56 480
86 57 2894
86 58 1663
86 59 432
86 60 2846
86 61 1615
86 62 384
86 63 2798
86 64 1567
86 65 336
86 66 2750
86 67 1519
86 68 288
86 69 2702
86 70 1471
86 71 240
86 72 2654
86 73 1423
86 74 192
86 75 2606
86 76 1375
86 77 144
86 78 2558
86 79 1327
86 80 96
86 81 2510
86 82 1279
86 83 48
86 84 2462
86 85 1231
86 86 0
86 87 3398
87 0 0
87 1 2270
87 2 1297
87 3 1763
87 4 1007
87 5 443
87 6 353
87 7 348
87 8 461
87 9 2051
87 10 1670
87 11 1915
87 12 487
87 13 1145
87 14 1710
87 15 1722
87 16 1272
87 17 1982
87 18 444
87 19 2008
87 20 1048
87 21 1026
87 22 1202
87 23 1661
87 24 2268
87 25 1388
87 26 2692
87 27 1345
87 28 1232
87 29 880
87 30 925
87 31 2277
87 32 1462
87 33 120
87 34 1351
87 35 2582
87 36 168
87 37 1399
87 38 2630
87 39 216
87 40 1447
87 41 2678
87 42 264
87 43 1495
87 44 2726
87 45 312
87 46 1543
87 47 2774
87 48 360
87 49 1591
87 50 2822
87 51 408
87 52 1639
87 53 2870
87 54 456
87 55 1687
87 56 2918
87 57 504
87 58 1735
87 59 2966
87 60 552
87 61 1783
87 62 3014
87 63 600
87 64 1831
87 65 3062
87 66 648
87 67 1879
87 68 3110
87 69 696
87 70 1927
87 71 3158
87 72 744
87 73 1975
87 74 3206
87 75 792
87 76 2023
87 77 3254
87 78 840
87 79 2071
87 80 3302
87 81 888
87 82 2119
87 83 3350
87 84 936
87 85 2167
87 86 3398
87 87 0
//Location coordinates LocationName
//Loc x y
0 0.0 0.0 "depot"
1 336.0 1934.0 "product aisle 7 bloc 1 rank 85"
2 48.0 1249.0 "product aisle 1 bloc 0 rank 170"
3 336.0 1427.0 "product aisle 7 bloc 1 rank 7"
4 96.0 911.0 "product aisle 2 bloc 0 rank 117"
5 0.0 443.0 "product aisle 0 bloc 0 rank 46"
6 144.0 209.0 "product aisle 3 bloc 0 rank 9"
7 48.0 300.0 "product aisle 1 bloc 0 rank 23"
8 96.0 365.0 "product aisle 2 bloc 0 rank 33"
9 0.0 2051.0 "product aisle 0 bloc 1 rank 103"
10 48.0 1622.0 "product aisle 1 bloc 1 rank 37"
11 384.0 1531.0 "product aisle 8 bloc 1 rank 24"
12 96.0 391.0 "product aisle 2 bloc 0 rank 38"
13 0.0 1145.0 "product aisle 0 bloc 0 rank 153"
14 192.0 1518.0 "product aisle 4 bloc 1 rank 22"
15 48.0 1674.0 "product aisle 1 bloc 1 rank 46"
16 192.0 1080.0 "product aisle 4 bloc 0 rank 143"
17 48.0 1934.0 "product aisle 1 bloc 1 rank 86"
18 144.0 300.0 "product aisle 3 bloc 0 rank 24"
19 48.0 1960.0 "product aisle 1 bloc 1 rank 89"
20 384.0 664.0 "product aisle 8 bloc 0 rank 79"
21 336.0 690.0 "product aisle 7 bloc 0 rank 83"
22 96.0 1106.0 "product aisle 2 bloc 0 rank 147"
23 0.0 1661.0 "product aisle 0 bloc 1 rank 44"
24 48.0 2220.0 "product aisle 1 bloc 1 rank 129"
25 0.0 1388.0 "product aisle 0 bloc 1 rank 1"
26 576.0 2116.0 "product aisle 12 bloc 1 rank 114"
27 96.0 1249.0 "product aisle 2 bloc 0 rank 170"
28 48.0 1184.0 "product aisle 1 bloc 0 rank 159"
29 528.0 352.0 "product aisle 11 bloc 0 rank 31"
30 144.0 781.0 "product aisle 3 bloc 0 rank 98"
31 96.0 2181.0 "product aisle 2 bloc 1 rank 124"
32 720.0 742.0 "product aisle 15 bloc 0 rank 92"
33 24.0 120.0 "intersection aisle 0 bloc 0 rank 0"
34 24.0 1351.0 "intersection aisle 0 bloc 1 rank 1"
35 24.0 2582.0 "intersection aisle 0 bloc 2 rank 2"
36 72.0 120.0 "intersection aisle 1 bloc 0 rank 0"
37 72.0 1351.0 "intersection aisle 1 bloc 1 rank 1"
38 72.0 2582.0 "intersection aisle 1 bloc 2 rank 2"
39 120.0 120.0 "intersection aisle 2 bloc 0 rank 0"
40 120.0 1351.0 "intersection aisle 2 bloc 1 rank 1"
41 120.0 2582.0 "intersection aisle 2 bloc 2 rank 2"
42 168.0 120.0 "intersection aisle 3 bloc 0 rank 0"
43 168.0 1351.0 "intersection aisle 3 bloc 1 rank 1"
44 168.0 2582.0 "intersection aisle 3 bloc 2 rank 2"
45 216.0 120.0 "intersection aisle 4 bloc 0 rank 0"
46 216.0 1351.0 "intersection aisle 4 bloc 1 rank 1"
47 216.0 2582.0 "intersection aisle 4 bloc 2 rank 2"
48 264.0 120.0 "intersection aisle 5 bloc 0 rank 0"
49 264.0 1351.0 "intersection aisle 5 bloc 1 rank 1"
50 264.0 2582.0 "intersection aisle 5 bloc 2 rank 2"
51 312.0 120.0 "intersection aisle 6 bloc 0 rank 0"
52 312.0 1351.0 "intersection aisle 6 bloc 1 rank 1"
53 312.0 2582.0 "intersection aisle 6 bloc 2 rank 2"
54 360.0 120.0 "intersection aisle 7 bloc 0 rank 0"
55 360.0 1351.0 "intersection aisle 7 bloc 1 rank 1"
56 360.0 2582.0 "intersection aisle 7 bloc 2 rank 2"
57 408.0 120.0 "intersection aisle 8 bloc 0 rank 0"
58 408.0 1351.0 "intersection aisle 8 bloc 1 rank 1"
59 408.0 2582.0 "intersection aisle 8 bloc 2 rank 2"
60 456.0 120.0 "intersection aisle 9 bloc 0 rank 0"
61 456.0 1351.0 "intersection aisle 9 bloc 1 rank 1"
62 456.0 2582.0 "intersection aisle 9 bloc 2 rank 2"
63 504.0 120.0 "intersection aisle 10 bloc 0 rank 0"
64 504.0 1351.0 "intersection aisle 10 bloc 1 rank 1"
65 504.0 2582.0 "intersection aisle 10 bloc 2 rank 2"
66 552.0 120.0 "intersection aisle 11 bloc 0 rank 0"
67 552.0 1351.0 "intersection aisle 11 bloc 1 rank 1"
68 552.0 2582.0 "intersection aisle 11 bloc 2 rank 2"
69 600.0 120.0 "intersection aisle 12 bloc 0 rank 0"
70 600.0 1351.0 "intersection aisle 12 bloc 1 rank 1"
71 600.0 2582.0 "intersection aisle 12 bloc 2 rank 2"
72 648.0 120.0 "intersection aisle 13 bloc 0 rank 0"
73 648.0 1351.0 "intersection aisle 13 bloc 1 rank 1"
74 648.0 2582.0 "intersection aisle 13 bloc 2 rank 2"
75 696.0 120.0 "intersection aisle 14 bloc 0 rank 0"
76 696.0 1351.0 "intersection aisle 14 bloc 1 rank 1"
77 696.0 2582.0 "intersection aisle 14 bloc 2 rank 2"
78 744.0 120.0 "intersection aisle 15 bloc 0 rank 0"
79 744.0 1351.0 "intersection aisle 15 bloc 1 rank 1"
80 744.0 2582.0 "intersection aisle 15 bloc 2 rank 2"
81 792.0 120.0 "intersection aisle 16 bloc 0 rank 0"
82 792.0 1351.0 "intersection aisle 16 bloc 1 rank 1"
83 792.0 2582.0 "intersection aisle 16 bloc 2 rank 2"
84 840.0 120.0 "intersection aisle 17 bloc 0 rank 0"
85 840.0 1351.0 "intersection aisle 17 bloc 1 rank 1"
86 840.0 2582.0 "intersection aisle 17 bloc 2 rank 2"
87 0.0 0.0 "depot"
