//alpha
1
//NbLocations
73
//NbProducts
18
//NbPickers
2
//CapaPicker
8
//TimeToTravelOneDistanceUnit
3
//SetupTime
5400
//PickTime
300
//Products
//Idx Location Size
1 1 1
2 2 1
3 3 1
4 4 1
5 5 1
6 6 1
7 7 1
8 8 1
9 9 1
10 10 1
11 11 1
12 12 1
13 13 1
14 14 1
15 15 1
16 16 1
17 17 1
18 18 1
//Orders
//NbOrders
6
//Idx DueDate TardinessPenalty NbProdInOrder ProdIdx1 Qty1 ProdIdx2 Qty2 ...
1 126000 0 8 1 1 2 1 3 1 4 1 5 1 6 1 7 1 8 1
2 108000 0 2 9 1 10 1
3 54000 0 1 11 1
4 54000 0 3 12 1 13 1 14 1
5 72000 0 3 15 1 16 1 17 1
6 144000 0 1 18 1
//Graph (Products are vertices indexed from 1 to NbProducts)
//NbVerticesIntersections
54
//DepartingDepot
0
//ArrivalDepot
73
//Arcs
//Start End Distance
0 19 120
1 37 1038
1 38 193
2 16 247
2 66 791
3 64 219
3 65 1012
4 13 65
4 19 141
5 56 791
5 57 440
6 68 414
6 69 817
7 53 167
7 54 1064
8 50 466
8 51 765
9 67 180
9 68 1051
10 18 39
10 32 50
11 34 986
11 35 245
12 47 180
12 48 1051
13 4 65
13 20 1025
14 38 596
14 39 635
15 71 245
15 72 986
16 2 247
16 65 193
17 31 544
17 32 687
18 10 39
18 33 1142
19 4 141
19 22 48
19 73 120
20 13 1025
20 21 1231
20 23 48
21 20 1231
21 24 48
22 19 48
22 23 1231
22 25 48
23 20 48
23 22 1231
23 24 1231
23 26 48
24 21 48
24 23 1231
24 27 48
25 22 48
25 26 1231
25 28 48
26 23 48
26 25 1231
26 27 1231
26 29 48
27 24 48
27 26 1231
27 30 48
28 25 48
28 29 1231
28 31 48
29 26 48
29 28 1231
29 30 1231
29 32 48
30 27 48
30 29 1231
30 33 48
31 17 544
31 28 48
31 34 48
32 10 50
32 17 687
32 29 48
32 35 48
33 18 1142
33 30 48
33 36 48
34 11 986
34 31 48
34 37 48
35 11 245
35 32 48
35 36 1231
35 38 48
36 33 48
36 35 1231
36 39 48
37 1 1038
37 34 48
37 40 48
38 1 193
38 14 596
38 35 48
38 41 48
39 14 635
39 36 48
39 42 48
40 37 48
40 41 1231
40 43 48
41 38 48
41 40 1231
41 42 1231
41 44 48
42 39 48
42 41 1231
42 45 48
43 40 48
43 44 1231
43 46 48
44 41 48
44 43 1231
44 45 1231
44 47 48
45 42 48
45 44 1231
45 48 48
46 43 48
46 47 1231
46 49 48
47 12 180
47 44 48
47 46 1231
47 50 48
48 12 1051
48 45 48
48 51 48
49 46 48
49 50 1231
49 52 48
50 8 466
50 47 48
50 49 1231
50 53 48
51 8 765
51 48 48
51 54 48
52 49 48
52 53 1231
52 55 48
53 7 167
53 50 48
53 52 1231
53 56 48
54 7 1064
54 51 48
54 57 48
55 52 48
55 56 1231
55 58 48
56 5 791
56 53 48
56 55 1231
56 59 48
57 5 440
57 54 48
57 60 48
58 55 48
58 59 1231
58 61 48
59 56 48
59 58 1231
59 60 1231
59 62 48
60 57 48
60 59 1231
60 63 48
61 58 48
61 62 1231
61 64 48
62 59 48
62 61 1231
62 63 1231
62 65 48
63 60 48
63 62 1231
63 66 48
64 3 219
64 61 48
64 67 48
65 3 1012
65 16 193
65 62 48
65 68 48
66 2 791
66 63 48
66 69 48
67 9 180
67 64 48
67 70 48
68 6 414
68 9 1051
68 65 48
68 71 48
69 6 817
69 66 48
69 72 48
70 67 48
70 71 1231
71 15 245
71 68 48
71 70 1231
72 15 986
72 69 48
//LocStart LocEnd ShortestPath
0 0 0
0 1 1446
0 2 2511
0 3 1059
0 4 261
0 5 2718
0 6 2533
0 7 2046
0 8 2297
0 9 1068
0 10 1593
0 11 1346
0 12 1963
0 13 326
0 14 2235
0 15 2412
0 16 2264
0 17 856
0 18 1632
0 19 120
0 20 1351
0 21 2582
0 22 168
0 23 1399
0 24 2630
0 25 216
0 26 1447
0 27 2678
0 28 264
0 29 1495
0 30 2726
0 31 312
0 32 1543
0 33 2774
0 34 360
0 35 1591
0 36 2822
0 37 408
0 38 1639
0 39 2870
0 40 456
0 41 1687
0 42 2918
0 43 504
0 44 1735
0 45 2966
0 46 552
0 47 1783
0 48 3014
0 49 600
0 50 1831
0 51 3062
0 52 648
0 53 1879
0 54 3110
0 55 696
0 56 1927
0 57 3158
0 58 744
0 59 1975
0 60 3206
0 61 792
0 62 2023
0 63 3254
0 64 840
0 65 2071
0 66 3302
0 67 888
0 68 2119
0 69 3350
0 70 936
0 71 2167
0 72 3398
0 73 0
1 0 1446
1 1 0
1 2 1065
1 3 1637
1 4 1467
1 5 1272
1 6 1087
1 7 600
1 8 851
1 9 1698
1 10 339
1 11 486
1 12 517
1 13 1506
1 14 789
1 15 966
1 16 818
1 17 976
1 18 378
1 19 1326
1 20 481
1 21 1712
1 22 1278
1 23 433
1 24 1664
1 25 1230
1 26 385
1 27 1616
1 28 1182
1 29 337
1 30 1568
1 31 1134
1 32 289
1 33 1520
1 34 1086
1 35 241
1 36 1472
1 37 1038
1 38 193
1 39 1424
1 40 1086
1 41 241
1 42 1472
1 43 1134
1 44 289
1 45 1520
1 46 1182
1 47 337
1 48 1568
1 49 1230
1 50 385
1 51 1616
1 52 1278
1 53 433
1 54 1664
1 55 1326
1 56 481
1 57 1712
1 58 1374
1 59 529
1 60 1760
1 61 1422
1 62 577
1 63 1808
1 64 1470
1 65 625
1 66 1856
1 67 1518
1 68 673
1 69 1904
1 70 1566
1 71 721
1 72 1952
1 73 1446
2 0 2511
2 1 1065
2 2 0
2 3 1452
2 4 2250
2 5 1375
2 6 902
2 7 799
2 8 1146
2 9 1539
2 10 1018
2 11 1165
2 12 908
2 13 2185
2 14 1468
2 15 781
2 16 247
2 17 1655
2 18 1057
2 19 2391
2 20 1160
2 21 1511
2 22 2343
2 23 1112
2 24 1463
2 25 2295
2 26 1064
2 27 1415
2 28 2247
2 29 1016
2 30 1367
2 31 2199
2 32 968
2 33 1319
2 34 2151
2 35 920
2 36 1271
2 37 2103
2 38 872
2 39 1223
2 40 2055
2 41 824
2 42 1175
2 43 2007
2 44 776
2 45 1127
2 46 1959
2 47 728
2 48 1079
2 49 1911
2 50 680
2 51 1031
2 52 1863
2 53 632
2 54 983
2 55 1815
2 56 584
2 57 935
2 58 1767
2 59 536
2 60 887
2 61 1719
2 62 488
2 63 839
2 64 1671
2 65 440
2 66 791
2 67 1719
2 68 488
2 69 839
2 70 1767
2 71 536
2 72 887
2 73 2511
3 0 1059
3 1 1637
3 2 1452
3 3 0
3 4 1080
3 5 1947
3 6 1474
3 7 1371
3 8 1718
3 9 447
3 10 1590
3 11 1685
3 12 1480
3 13 1145
3 14 2040
3 15 1353
3 16 1205
3 17 1291
3 18 1629
3 19 939
3 20 1732
3 21 2963
3 22 891
3 23 1684
3 24 2915
3 25 843
3 26 1636
3 27 2867
3 28 795
3 29 1588
3 30 2819
3 31 747
3 32 1540
3 33 2771
3 34 699
3 35 1492
3 36 2723
3 37 651
3 38 1444
3 39 2675
3 40 603
3 41 1396
3 42 2627
3 43 555
3 44 1348
3 45 2579
3 46 507
3 47 1300
3 48 2531
3 49 459
3 50 1252
3 51 2483
3 52 411
3 53 1204
3 54 2435
3 55 363
3 56 1156
3 57 2387
3 58 315
3 59 1108
3 60 2339
3 61 267
3 62 1060
3 63 2291
3 64 219
3 65 1012
3 66 2243
3 67 267
3 68 1060
3 69 2291
3 70 315
3 71 1108
3 72 2339
3 73 1059
4 0 261
4 1 1467
4 2 2250
4 3 1080
4 4 0
4 5 2457
4 6 2272
4 7 1785
4 8 2036
4 9 1089
4 10 1332
4 11 1367
4 12 1702
4 13 65
4 14 1974
4 15 2151
4 16 2003
4 17 877
4 18 1371
4 19 141
4 20 1090
4 21 2321
4 22 189
4 23 1138
4 24 2369
4 25 237
4 26 1186
4 27 2417
4 28 285
4 29 1234
4 30 2465
4 31 333
4 32 1282
4 33 2513
4 34 381
4 35 1330
4 36 2561
4 37 429
4 38 1378
4 39 2609
4 40 477
4 41 1426
4 42 2657
4 43 525
4 44 1474
4 45 2705
4 46 573
4 47 1522
4 48 2753
4 49 621
4 50 1570
4 51 2801
4 52 669
4 53 1618
4 54 2849
4 55 717
4 56 1666
4 57 2897
4 58 765
4 59 1714
4 60 2945
4 61 813
4 62 1762
4 63 2993
4 64 861
4 65 1810
4 66 3041
4 67 909
4 68 1858
4 69 3089
4 70 957
4 71 1906
4 72 3137
4 73 261
5 0 2718
5 1 1272
5 2 1375
5 3 1947
5 4 2457
5 5 0
5 6 1397
5 7 1006
5 8 1301
5 9 2034
5 10 1225
5 11 1372
5 12 1115
5 13 2392
5 14 1363
5 15 1276
5 16 1128
5 17 1862
5 18 1264
5 19 2598
5 20 1367
5 21 1016
5 22 2550
5 23 1319
5 24 968
5 25 2502
5 26 1271
5 27 920
5 28 2454
5 29 1223
5 30 872
5 31 2406
5 32 1175
5 33 824
5 34 2358
5 35 1127
5 36 776
5 37 2310
5 38 1079
5 39 728
5 40 2262
5 41 1031
5 42 680
5 43 2214
5 44 983
5 45 632
5 46 2166
5 47 935
5 48 584
5 49 2118
5 50 887
5 51 536
5 52 2070
5 53 839
5 54 488
5 55 2022
5 56 791
5 57 440
5 58 2070
5 59 839
5 60 488
5 61 2118
5 62 887
5 63 536
5 64 2166
5 65 935
5 66 584
5 67 2214
5 68 983
5 69 632
5 70 2262
5 71 1031
5 72 680
5 73 2718
6 0 2533
6 1 1087
6 2 902
6 3 1474
6 4 2272
6 5 1397
6 6 0
6 7 821
6 8 1168
6 9 1465
6 10 1040
6 11 1187
6 12 930
6 13 2207
6 14 1490
6 15 707
6 16 655
6 17 1677
6 18 1079
6 19 2413
6 20 1182
6 21 1585
6 22 2365
6 23 1134
6 24 1537
6 25 2317
6 26 1086
6 27 1489
6 28 2269
6 29 1038
6 30 1441
6 31 2221
6 32 990
6 33 1393
6 34 2173
6 35 942
6 36 1345
6 37 2125
6 38 894
6 39 1297
6 40 2077
6 41 846
6 42 1249
6 43 2029
6 44 798
6 45 1201
6 46 1981
6 47 750
6 48 1153
6 49 1933
6 50 702
6 51 1105
6 52 1885
6 53 654
6 54 1057
6 55 1837
6 56 606
6 57 1009
6 58 1789
6 59 558
6 60 961
6 61 1741
6 62 510
6 63 913
6 64 1693
6 65 462
6 66 865
6 67 1645
6 68 414
6 69 817
6 70 1693
6 71 462
6 72 865
6 73 2533
7 0 2046
7 1 600
7 2 799
7 3 1371
7 4 1785
7 5 1006
7 6 821
7 7 0
7 8 681
7 9 1458
7 10 553
7 11 700
7 12 443
7 13 1720
7 14 1003
7 15 700
7 16 552
7 17 1190
7 18 592
7 19 1926
7 20 695
7 21 1592
7 22 1878
7 23 647
7 24 1544
7 25 1830
7 26 599
7 27 1496
7 28 1782
7 29 551
7 30 1448
7 31 1734
7 32 503
7 33 1400
7 34 1686
7 35 455
7 36 1352
7 37 1638
7 38 407
7 39 1304
7 40 1590
7 41 359
7 42 1256
7 43 1542
7 44 311
7 45 1208
7 46 1494
7 47 263
7 48 1160
7 49 1446
7 50 215
7 51 1112
7 52 1398
7 53 167
7 54 1064
7 55 1446
7 56 215
7 57 1112
7 58 1494
7 59 263
7 60 1160
7 61 1542
7 62 311
7 63 1208
7 64 1590
7 65 359
7 66 1256
7 67 1638
7 68 407
7 69 1304
7 70 1686
7 71 455
7 72 1352
7 73 2046
8 0 2297
8 1 851
8 2 1146
8 3 1718
8 4 2036
8 5 1301
8 6 1168
8 7 681
8 8 0
8 9 1805
8 10 804
8 11 951
8 12 694
8 13 1971
8 14 1254
8 15 1047
8 16 899
8 17 1441
8 18 843
8 19 2177
8 20 946
8 21 1245
8 22 2129
8 23 898
8 24 1197
8 25 2081
8 26 850
8 27 1149
8 28 2033
8 29 802
8 30 1101
8 31 1985
8 32 754
8 33 1053
8 34 1937
8 35 706
8 36 1005
8 37 1889
8 38 658
8 39 957
8 40 1841
8 41 610
8 42 909
8 43 1793
8 44 562
8 45 861
8 46 1745
8 47 514
8 48 813
8 49 1697
8 50 466
8 51 765
8 52 1745
8 53 514
8 54 813
8 55 1793
8 56 562
8 57 861
8 58 1841
8 59 610
8 60 909
8 61 1889
8 62 658
8 63 957
8 64 1937
8 65 706
8 66 1005
8 67 1985
8 68 754
8 69 1053
8 70 2033
8 71 802
8 72 1101
8 73 2297
9 0 1068
9 1 1698
9 2 1539
9 3 447
9 4 1089
9 5 2034
9 6 1465
9 7 1458
9 8 1805
9 9 0
9 10 1677
9 11 1694
9 12 1567
9 13 1154
9 14 2127
9 15 1344
9 16 1292
9 17 1300
9 18 1716
9 19 948
9 20 1819
9 21 3050
9 22 900
9 23 1771
9 24 3002
9 25 852
9 26 1723
9 27 2954
9 28 804
9 29 1675
9 30 2906
9 31 756
9 32 1627
9 33 2858
9 34 708
9 35 1579
9 36 2810
9 37 660
9 38 1531
9 39 2762
9 40 612
9 41 1483
9 42 2714
9 43 564
9 44 1435
9 45 2666
9 46 516
9 47 1387
9 48 2618
9 49 468
9 50 1339
9 51 2570
9 52 420
9 53 1291
9 54 2522
9 55 372
9 56 1243
9 57 2474
9 58 324
9 59 1195
9 60 2426
9 61 276
9 62 1147
9 63 2378
9 64 228
9 65 1099
9 66 2330
9 67 180
9 68 1051
9 69 2282
9 70 228
9 71 1099
9 72 2330
9 73 1068
10 0 1593
10 1 339
10 2 1018
10 3 1590
10 4 1332
10 5 1225
10 6 1040
10 7 553
10 8 804
10 9 1677
10 10 0
10 11 343
10 12 470
10 13 1267
10 14 742
10 15 919
10 16 771
10 17 737
10 18 39
10 19 1473
10 20 242
10 21 1373
10 22 1425
10 23 194
10 24 1325
10 25 1377
10 26 146
10 27 1277
10 28 1329
10 29 98
10 30 1229
10 31 1281
10 32 50
10 33 1181
10 34 1329
10 35 98
10 36 1229
10 37 1377
10 38 146
10 39 1277
10 40 1425
10 41 194
10 42 1325
10 43 1473
10 44 242
10 45 1373
10 46 1521
10 47 290
10 48 1421
10 49 1569
10 50 338
10 51 1469
10 52 1617
10 53 386
10 54 1517
10 55 1665
10 56 434
10 57 1565
10 58 1713
10 59 482
10 60 1613
10 61 1761
10 62 530
10 63 1661
10 64 1809
10 65 578
10 66 1709
10 67 1857
10 68 626
10 69 1757
10 70 1905
10 71 674
10 72 1805
10 73 1593
11 0 1346
11 1 486
11 2 1165
11 3 1685
11 4 1367
11 5 1372
11 6 1187
11 7 700
11 8 951
11 9 1694
11 10 343
11 11 0
11 12 617
11 13 1432
11 14 889
11 15 1066
11 16 918
11 17 980
11 18 382
11 19 1226
11 20 485
11 21 1716
11 22 1178
11 23 437
11 24 1668
11 25 1130
11 26 389
11 27 1620
11 28 1082
11 29 341
11 30 1572
11 31 1034
11 32 293
11 33 1524
11 34 986
11 35 245
11 36 1476
11 37 1034
11 38 293
11 39 1524
11 40 1082
11 41 341
11 42 1572
11 43 1130
11 44 389
11 45 1620
11 46 1178
11 47 437
11 48 1668
11 49 1226
11 50 485
11 51 1716
11 52 1274
11 53 533
11 54 1764
11 55 1322
11 56 581
11 57 1812
11 58 1370
11 59 629
11 60 1860
11 61 1418
11 62 677
11 63 1908
11 64 1466
11 65 725
11 66 1956
11 67 1514
11 68 773
11 69 2004
11 70 1562
11 71 821
11 72 2052
11 73 1346
12 0 1963
12 1 517
12 2 908
12 3 1480
12 4 1702
12 5 1115
12 6 930
12 7 443
12 8 694
12 9 1567
12 10 470
12 11 617
12 12 0
12 13 1637
12 14 920
12 15 809
12 16 661
12 17 1107
12 18 509
12 19 1843
12 20 612
12 21 1483
12 22 1795
12 23 564
12 24 1435
12 25 1747
12 26 516
12 27 1387
12 28 1699
12 29 468
12 30 1339
12 31 1651
12 32 420
12 33 1291
12 34 1603
12 35 372
12 36 1243
12 37 1555
12 38 324
12 39 1195
12 40 1507
12 41 276
12 42 1147
12 43 1459
12 44 228
12 45 1099
12 46 1411
12 47 180
12 48 1051
12 49 1459
12 50 228
12 51 1099
12 52 1507
12 53 276
12 54 1147
12 55 1555
12 56 324
12 57 1195
12 58 1603
12 59 372
12 60 1243
12 61 1651
12 62 420
12 63 1291
12 64 1699
12 65 468
12 66 1339
12 67 1747
12 68 516
12 69 1387
12 70 1795
12 71 564
12 72 1435
12 73 1963
13 0 326
13 1 1506
13 2 2185
13 3 1145
13 4 65
13 5 2392
13 6 2207
13 7 1720
13 8 1971
13 9 1154
13 10 1267
13 11 1432
13 12 1637
13 13 0
13 14 1909
13 15 2086
13 16 1938
13 17 942
13 18 1306
13 19 206
13 20 1025
13 21 2256
13 22 254
13 23 1073
13 24 2304
13 25 302
13 26 1121
13 27 2352
13 28 350
13 29 1169
13 30 2400
13 31 398
13 32 1217
13 33 2448
13 34 446
13 35 1265
13 36 2496
13 37 494
13 38 1313
13 39 2544
13 40 542
13 41 1361
13 42 2592
13 43 590
13 44 1409
13 45 2640
13 46 638
13 47 1457
13 48 2688
13 49 686
13 50 1505
13 51 2736
13 52 734
13 53 1553
13 54 2784
13 55 782
13 56 1601
13 57 2832
13 58 830
13 59 1649
13 60 2880
13 61 878
13 62 1697
13 63 2928
13 64 926
13 65 1745
13 66 2976
13 67 974
13 68 1793
13 69 3024
13 70 1022
13 71 1841
13 72 3072
13 73 326
14 0 2235
14 1 789
14 2 1468
14 3 2040
14 4 1974
14 5 1363
14 6 1490
14 7 1003
14 8 1254
14 9 2127
14 10 742
14 11 889
14 12 920
14 13 1909
14 14 0
14 15 1369
14 16 1221
14 17 1379
14 18 781
14 19 2115
14 20 884
14 21 923
14 22 2067
14 23 836
14 24 875
14 25 2019
14 26 788
14 27 827
14 28 1971
14 29 740
14 30 779
14 31 1923
14 32 692
14 33 731
14 34 1875
14 35 644
14 36 683
14 37 1827
14 38 596
14 39 635
14 40 1875
14 41 644
14 42 683
14 43 1923
14 44 692
14 45 731
14 46 1971
14 47 740
14 48 779
14 49 2019
14 50 788
14 51 827
14 52 2067
14 53 836
14 54 875
14 55 2115
14 56 884
14 57 923
14 58 2163
14 59 932
14 60 971
14 61 2211
14 62 980
14 63 1019
14 64 2259
14 65 1028
14 66 1067
14 67 2307
14 68 1076
14 69 1115
14 70 2355
14 71 1124
14 72 1163
14 73 2235
15 0 2412
15 1 966
15 2 781
15 3 1353
15 4 2151
15 5 1276
15 6 707
15 7 700
15 8 1047
15 9 1344
15 10 919
15 11 1066
15 12 809
15 13 2086
15 14 1369
15 15 0
15 16 534
15 17 1556
15 18 958
15 19 2292
15 20 1061
15 21 1802
15 22 2244
15 23 1013
15 24 1754
15 25 2196
15 26 965
15 27 1706
15 28 2148
15 29 917
15 30 1658
15 31 2100
15 32 869
15 33 1610
15 34 2052
15 35 821
15 36 1562
15 37 2004
15 38 773
15 39 1514
15 40 1956
15 41 725
15 42 1466
15 43 1908
15 44 677
15 45 1418
15 46 1860
15 47 629
15 48 1370
15 49 1812
15 50 581
15 51 1322
15 52 1764
15 53 533
15 54 1274
15 55 1716
15 56 485
15 57 1226
15 58 1668
15 59 437
15 60 1178
15 61 1620
15 62 389
15 63 1130
15 64 1572
15 65 341
15 66 1082
15 67 1524
15 68 293
15 69 1034
15 70 1476
15 71 245
15 72 986
15 73 2412
16 0 2264
16 1 818
16 2 247
16 3 1205
16 4 2003
16 5 1128
16 6 655
16 7 552
16 8 899
16 9 1292
16 10 771
16 11 918
16 12 661
16 13 1938
16 14 1221
16 15 534
16 16 0
16 17 1408
16 18 810
16 19 2144
16 20 913
16 21 1758
16 22 2096
16 23 865
16 24 1710
16 25 2048
16 26 817
16 27 1662
16 28 2000
16 29 769
16 30 1614
16 31 1952
16 32 721
16 33 1566
16 34 1904
16 35 673
16 36 1518
16 37 1856
16 38 625
16 39 1470
16 40 1808
16 41 577
16 42 1422
16 43 1760
16 44 529
16 45 1374
16 46 1712
16 47 481
16 48 1326
16 49 1664
16 50 433
16 51 1278
16 52 1616
16 53 385
16 54 1230
16 55 1568
16 56 337
16 57 1182
16 58 1520
16 59 289
16 60 1134
16 61 1472
16 62 241
16 63 1086
16 64 1424
16 65 193
16 66 1038
16 67 1472
16 68 241
16 69 1086
16 70 1520
16 71 289
16 72 1134
16 73 2264
17 0 856
17 1 976
17 2 1655
17 3 1291
17 4 877
17 5 1862
17 6 1677
17 7 1190
17 8 1441
17 9 1300
17 10 737
17 11 980
17 12 1107
17 13 942
17 14 1379
17 15 1556
17 16 1408
17 17 0
17 18 776
17 19 736
17 20 879
17 21 2110
17 22 688
17 23 831
17 24 2062
17 25 640
17 26 783
17 27 2014
17 28 592
17 29 735
17 30 1966
17 31 544
17 32 687
17 33 1918
17 34 592
17 35 735
17 36 1966
17 37 640
17 38 783
17 39 2014
17 40 688
17 41 831
17 42 2062
17 43 736
17 44 879
17 45 2110
17 46 784
17 47 927
17 48 2158
17 49 832
17 50 975
17 51 2206
17 52 880
17 53 1023
17 54 2254
17 55 928
17 56 1071
17 57 2302
17 58 976
17 59 1119
17 60 2350
17 61 1024
17 62 1167
17 63 2398
17 64 1072
17 65 1215
17 66 2446
17 67 1120
17 68 1263
17 69 2494
17 70 1168
17 71 1311
17 72 2542
17 73 856
18 0 1632
18 1 378
18 2 1057
18 3 1629
18 4 1371
18 5 1264
18 6 1079
18 7 592
18 8 843
18 9 1716
18 10 39
18 11 382
18 12 509
18 13 1306
18 14 781
18 15 958
18 16 810
18 17 776
18 18 0
18 19 1512
18 20 281
18 21 1334
18 22 1464
18 23 233
18 24 1286
18 25 1416
18 26 185
18 27 1238
18 28 1368
18 29 137
18 30 1190
18 31 1320
18 32 89
18 33 1142
18 34 1368
18 35 137
18 36 1190
18 37 1416
18 38 185
18 39 1238
18 40 1464
18 41 233
18 42 1286
18 43 1512
18 44 281
18 45 1334
18 46 1560
18 47 329
18 48 1382
18 49 1608
18 50 377
18 51 1430
18 52 1656
18 53 425
18 54 1478
18 55 1704
18 56 473
18 57 1526
18 58 1752
18 59 521
18 60 1574
18 61 1800
18 62 569
18 63 1622
18 64 1848
18 65 617
18 66 1670
18 67 1896
18 68 665
18 69 1718
18 70 1944
18 71 713
18 72 1766
18 73 1632
19 0 120
19 1 1326
19 2 2391
19 3 939
19 4 141
19 5 2598
19 6 2413
19 7 1926
19 8 2177
19 9 948
19 10 1473
19 11 1226
19 12 1843
19 13 206
19 14 2115
19 15 2292
19 16 2144
19 17 736
19 18 1512
19 19 0
19 20 1231
19 21 2462
19 22 48
19 23 1279
19 24 2510
19 25 96
19 26 1327
19 27 2558
19 28 144
19 29 1375
19 30 2606
19 31 192
19 32 1423
19 33 2654
19 34 240
19 35 1471
19 36 2702
19 37 288
19 38 1519
19 39 2750
19 40 336
19 41 1567
19 42 2798
19 43 384
19 44 1615
19 45 2846
19 46 432
19 47 1663
19 48 2894
19 49 480
19 50 1711
19 51 2942
19 52 528
19 53 1759
19 54 2990
19 55 576
19 56 1807
19 57 3038
19 58 624
19 59 1855
19 60 3086
19 61 672
19 62 1903
19 63 3134
19 64 720
19 65 1951
19 66 3182
19 67 768
19 68 1999
19 69 3230
19 70 816
19 71 2047
19 72 3278
19 73 120
20 0 1351
20 1 481
20 2 1160
20 3 1732
20 4 1090
20 5 1367
20 6 1182
20 7 695
20 8 946
20 9 1819
20 10 242
20 11 485
20 12 612
20 13 1025
20 14 884
20 15 1061
20 16 913
20 17 879
20 18 281
20 19 1231
20 20 0
20 21 1231
20 22 1279
20 23 48
20 24 1279
20 25 1327
20 26 96
20 27 1327
20 28 1375
20 29 144
20 30 1375
20 31 1423
20 32 192
20 33 1423
20 34 1471
20 35 240
20 36 1471
20 37 1519
20 38 288
20 39 1519
20 40 1567
20 41 336
20 42 1567
20 43 1615
20 44 384
20 45 1615
20 46 1663
20 47 432
20 48 1663
20 49 1711
20 50 480
20 51 1711
20 52 1759
20 53 528
20 54 1759
20 55 1807
20 56 576
20 57 1807
20 58 1855
20 59 624
20 60 1855
20 61 1903
20 62 672
20 63 1903
20 64 1951
20 65 720
20 66 1951
20 67 1999
20 68 768
20 69 1999
20 70 2047
20 71 816
20 72 2047
20 73 1351
21 0 2582
21 1 1712
21 2 1511
21 3 2963
21 4 2321
21 5 1016
21 6 1585
21 7 1592
21 8 1245
21 9 3050
21 10 1373
21 11 1716
21 12 1483
21 13 2256
21 14 923
21 15 1802
21 16 1758
21 17 2110
21 18 1334
21 19 2462
21 20 1231
21 21 0
21 22 2510
21 23 1279
21 24 48
21 25 2558
21 26 1327
21 27 96
21 28 2606
21 29 1375
21 30 144
21 31 2654
21 32 1423
21 33 192
21 34 2702
21 35 1471
21 36 240
21 37 2750
21 38 1519
21 39 288
21 40 2798
21 41 1567
21 42 336
21 43 2846
21 44 1615
21 45 384
21 46 2894
21 47 1663
21 48 432
21 49 2942
21 50 1711
21 51 480
21 52 2990
21 53 1759
21 54 528
21 55 3038
21 56 1807
21 57 576
21 58 3086
21 59 1855
21 60 624
21 61 3134
21 62 1903
21 63 672
21 64 3182
21 65 1951
21 66 720
21 67 3230
21 68 1999
21 69 768
21 70 3278
21 71 2047
21 72 816
21 73 2582
22 0 168
22 1 1278
22 2 2343
22 3 891
22 4 189
22 5 2550
22 6 2365
22 7 1878
22 8 2129
22 9 900
22 10 1425
22 11 1178
22 12 1795
22 13 254
22 14 2067
22 15 2244
22 16 2096
22 17 688
22 18 1464
22 19 48
22 20 1279
22 21 2510
22 22 0
22 23 1231
22 24 2462
22 25 48
22 26 1279
22 27 2510
22 28 96
22 29 1327
22 30 2558
22 31 144
22 32 1375
22 33 2606
22 34 192
22 35 1423
22 36 2654
22 37 240
22 38 1471
22 39 2702
22 40 288
22 41 1519
22 42 2750
22 43 336
22 44 1567
22 45 2798
22 46 384
22 47 1615
22 48 2846
22 49 432
22 50 1663
22 51 2894
22 52 480
22 53 1711
22 54 2942
22 55 528
22 56 1759
22 57 2990
22 58 576
22 59 1807
22 60 3038
22 61 624
22 62 1855
22 63 3086
22 64 672
22 65 1903
22 66 3134
22 67 720
22 68 1951
22 69 3182
22 70 768
22 71 1999
22 72 3230
22 73 168
23 0 1399
23 1 433
23 2 1112
23 3 1684
23 4 1138
23 5 1319
23 6 1134
23 7 647
23 8 898
23 9 1771
23 10 194
23 11 437
23 12 564
23 13 1073
23 14 836
23 15 1013
23 16 865
23 17 831
23 18 233
23 19 1279
23 20 48
23 21 1279
23 22 1231
23 23 0
23 24 1231
23 25 1279
23 26 48
23 27 1279
23 28 1327
23 29 96
23 30 1327
23 31 1375
23 32 144
23 33 1375
23 34 1423
23 35 192
23 36 1423
23 37 1471
23 38 240
23 39 1471
23 40 1519
23 41 288
23 42 1519
23 43 1567
23 44 336
23 45 1567
23 46 1615
23 47 384
23 48 1615
23 49 1663
23 50 432
23 51 1663
23 52 1711
23 53 480
23 54 1711
23 55 1759
23 56 528
23 57 1759
23 58 1807
23 59 576
23 60 1807
23 61 1855
23 62 624
23 63 1855
23 64 1903
23 65 672
23 66 1903
23 67 1951
23 68 720
23 69 1951
23 70 1999
23 71 768
23 72 1999
23 73 1399
24 0 2630
24 1 1664
24 2 1463
24 3 2915
24 4 2369
24 5 968
24 6 1537
24 7 1544
24 8 1197
24 9 3002
24 10 1325
24 11 1668
24 12 1435
24 13 2304
24 14 875
24 15 1754
24 16 1710
24 17 2062
24 18 1286
24 19 2510
24 20 1279
24 21 48
24 22 2462
24 23 1231
24 24 0
24 25 2510
24 26 1279
24 27 48
24 28 2558
24 29 1327
24 30 96
24 31 2606
24 32 1375
24 33 144
24 34 2654
24 35 1423
24 36 192
24 37 2702
24 38 1471
24 39 240
24 40 2750
24 41 1519
24 42 288
24 43 2798
24 44 1567
24 45 336
24 46 2846
24 47 1615
24 48 384
24 49 2894
24 50 1663
24 51 432
24 52 2942
24 53 1711
24 54 480
24 55 2990
24 56 1759
24 57 528
24 58 3038
24 59 1807
24 60 576
24 61 3086
24 62 1855
24 63 624
24 64 3134
24 65 1903
24 66 672
24 67 3182
24 68 1951
24 69 720
24 70 3230
24 71 1999
24 72 768
24 73 2630
25 0 216
25 1 1230
25 2 2295
25 3 843
25 4 237
25 5 2502
25 6 2317
25 7 1830
25 8 2081
25 9 852
25 10 1377
25 11 1130
25 12 1747
25 13 302
25 14 2019
25 15 2196
25 16 2048
25 17 640
25 18 1416
25 19 96
25 20 1327
25 21 2558
25 22 48
25 23 1279
25 24 2510
25 25 0
25 26 1231
25 27 2462
25 28 48
25 29 1279
25 30 2510
25 31 96
25 32 1327
25 33 2558
25 34 144
25 35 1375
25 36 2606
25 37 192
25 38 1423
25 39 2654
25 40 240
25 41 1471
25 42 2702
25 43 288
25 44 1519
25 45 2750
25 46 336
25 47 1567
25 48 2798
25 49 384
25 50 1615
25 51 2846
25 52 432
25 53 1663
25 54 2894
25 55 480
25 56 1711
25 57 2942
25 58 528
25 59 1759
25 60 2990
25 61 576
25 62 1807
25 63 3038
25 64 624
25 65 1855
25 66 3086
25 67 672
25 68 1903
25 69 3134
25 70 720
25 71 1951
25 72 3182
25 73 216
26 0 1447
26 1 385
26 2 1064
26 3 1636
26 4 1186
26 5 1271
26 6 1086
26 7 599
26 8 850
26 9 1723
26 10 146
26 11 389
26 12 516
26 13 1121
26 14 788
26 15 965
26 16 817
26 17 783
26 18 185
26 19 1327
26 20 96
26 21 1327
26 22 1279
26 23 48
26 24 1279
26 25 1231
26 26 0
26 27 1231
26 28 1279
26 29 48
26 30 1279
26 31 1327
26 32 96
26 33 1327
26 34 1375
26 35 144
26 36 1375
26 37 1423
26 38 192
26 39 1423
26 40 1471
26 41 240
26 42 1471
26 43 1519
26 44 288
26 45 1519
26 46 1567
26 47 336
26 48 1567
26 49 1615
26 50 384
26 51 1615
26 52 1663
26 53 432
26 54 1663
26 55 1711
26 56 480
26 57 1711
26 58 1759
26 59 528
26 60 1759
26 61 1807
26 62 576
26 63 1807
26 64 1855
26 65 624
26 66 1855
26 67 1903
26 68 672
26 69 1903
26 70 1951
26 71 720
26 72 1951
26 73 1447
27 0 2678
27 1 1616
27 2 1415
27 3 2867
27 4 2417
27 5 920
27 6 1489
27 7 1496
27 8 1149
27 9 2954
27 10 1277
27 11 1620
27 12 1387
27 13 2352
27 14 827
27 15 1706
27 16 1662
27 17 2014
27 18 1238
27 19 2558
27 20 1327
27 21 96
27 22 2510
27 23 1279
27 24 48
27 25 2462
27 26 1231
27 27 0
27 28 2510
27 29 1279
27 30 48
27 31 2558
27 32 1327
27 33 96
27 34 2606
27 35 1375
27 36 144
27 37 2654
27 38 1423
27 39 192
27 40 2702
27 41 1471
27 42 240
27 43 2750
27 44 1519
27 45 288
27 46 2798
27 47 1567
27 48 336
27 49 2846
27 50 1615
27 51 384
27 52 2894
27 53 1663
27 54 432
27 55 2942
27 56 1711
27 57 480
27 58 2990
27 59 1759
27 60 528
27 61 3038
27 62 1807
27 63 576
27 64 3086
27 65 1855
27 66 624
27 67 3134
27 68 1903
27 69 672
27 70 3182
27 71 1951
27 72 720
27 73 2678
28 0 264
28 1 1182
28 2 2247
28 3 795
28 4 285
28 5 2454
28 6 2269
28 7 1782
28 8 2033
28 9 804
28 10 1329
28 11 1082
28 12 1699
28 13 350
28 14 1971
28 15 2148
28 16 2000
28 17 592
28 18 1368
28 19 144
28 20 1375
28 21 2606
28 22 96
28 23 1327
28 24 2558
28 25 48
28 26 1279
28 27 2510
28 28 0
28 29 1231
28 30 2462
28 31 48
28 32 1279
28 33 2510
28 34 96
28 35 1327
28 36 2558
28 37 144
28 38 1375
28 39 2606
28 40 192
28 41 1423
28 42 2654
28 43 240
28 44 1471
28 45 2702
28 46 288
28 47 1519
28 48 2750
28 49 336
28 50 1567
28 51 2798
28 52 384
28 53 1615
28 54 2846
28 55 432
28 56 1663
28 57 2894
28 58 480
28 59 1711
28 60 2942
28 61 528
28 62 1759
28 63 2990
28 64 576
28 65 1807
28 66 3038
28 67 624
28 68 1855
28 69 3086
28 70 672
28 71 1903
28 72 3134
28 73 264
29 0 1495
29 1 337
29 2 1016
29 3 1588
29 4 1234
29 5 1223
29 6 1038
29 7 551
29 8 802
29 9 1675
29 10 98
29 11 341
29 12 468
29 13 1169
29 14 740
29 15 917
29 16 769
29 17 735
29 18 137
29 19 1375
29 20 144
29 21 1375
29 22 1327
29 23 96
29 24 1327
29 25 1279
29 26 48
29 27 1279
29 28 1231
29 29 0
29 30 1231
29 31 1279
29 32 48
29 33 1279
29 34 1327
29 35 96
29 36 1327
29 37 1375
29 38 144
29 39 1375
29 40 1423
29 41 192
29 42 1423
29 43 1471
29 44 240
29 45 1471
29 46 1519
29 47 288
29 48 1519
29 49 1567
29 50 336
29 51 1567
29 52 1615
29 53 384
29 54 1615
29 55 1663
29 56 432
29 57 1663
29 58 1711
29 59 480
29 60 1711
29 61 1759
29 62 528
29 63 1759
29 64 1807
29 65 576
29 66 1807
29 67 1855
29 68 624
29 69 1855
29 70 1903
29 71 672
29 72 1903
29 73 1495
30 0 2726
30 1 1568
30 2 1367
30 3 2819
30 4 2465
30 5 872
30 6 1441
30 7 1448
30 8 1101
30 9 2906
30 10 1229
30 11 1572
30 12 1339
30 13 2400
30 14 779
30 15 1658
30 16 1614
30 17 1966
30 18 1190
30 19 2606
30 20 1375
30 21 144
30 22 2558
30 23 1327
30 24 96
30 25 2510
30 26 1279
30 27 48
30 28 2462
30 29 1231
30 30 0
30 31 2510
30 32 1279
30 33 48
30 34 2558
30 35 1327
30 36 96
30 37 2606
30 38 1375
30 39 144
30 40 2654
30 41 1423
30 42 192
30 43 2702
30 44 1471
30 45 240
30 46 2750
30 47 1519
30 48 288
30 49 2798
30 50 1567
30 51 336
30 52 2846
30 53 1615
30 54 384
30 55 2894
30 56 1663
30 57 432
30 58 2942
30 59 1711
30 60 480
30 61 2990
30 62 1759
30 63 528
30 64 3038
30 65 1807
30 66 576
30 67 3086
30 68 1855
30 69 624
30 70 3134
30 71 1903
30 72 672
30 73 2726
31 0 312
31 1 1134
31 2 2199
31 3 747
31 4 333
31 5 2406
31 6 2221
31 7 1734
31 8 1985
31 9 756
31 10 1281
31 11 1034
31 12 1651
31 13 398
31 14 1923
31 15 2100
31 16 1952
31 17 544
31 18 1320
31 19 192
31 20 1423
31 21 2654
31 22 144
31 23 1375
31 24 2606
31 25 96
31 26 1327
31 27 2558
31 28 48
31 29 1279
31 30 2510
31 31 0
31 32 1231
31 33 2462
31 34 48
31 35 1279
31 36 2510
31 37 96
31 38 1327
31 39 2558
31 40 144
31 41 1375
31 42 2606
31 43 192
31 44 1423
31 45 2654
31 46 240
31 47 1471
31 48 2702
31 49 288
31 50 1519
31 51 2750
31 52 336
31 53 1567
31 54 2798
31 55 384
31 56 1615
31 57 2846
31 58 432
31 59 1663
31 60 2894
31 61 480
31 62 1711
31 63 2942
31 64 528
31 65 1759
31 66 2990
31 67 576
31 68 1807
31 69 3038
31 70 624
31 71 1855
31 72 3086
31 73 312
32 0 1543
32 1 289
32 2 968
32 3 1540
32 4 1282
32 5 1175
32 6 990
32 7 503
32 8 754
32 9 1627
32 10 50
32 11 293
32 12 420
32 13 1217
32 14 692
32 15 869
32 16 721
32 17 687
32 18 89
32 19 1423
32 20 192
32 21 1423
32 22 1375
32 23 144
32 24 1375
32 25 1327
32 26 96
32 27 1327
32 28 1279
32 29 48
32 30 1279
32 31 1231
32 32 0
32 33 1231
32 34 1279
32 35 48
32 36 1279
32 37 1327
32 38 96
32 39 1327
32 40 1375
32 41 144
32 42 1375
32 43 1423
32 44 192
32 45 1423
32 46 1471
32 47 240
32 48 1471
32 49 1519
32 50 288
32 51 1519
32 52 1567
32 53 336
32 54 1567
32 55 1615
32 56 384
32 57 1615
32 58 1663
32 59 432
32 60 1663
32 61 1711
32 62 480
32 63 1711
32 64 1759
32 65 528
32 66 1759
32 67 1807
32 68 576
32 69 1807
32 70 1855
32 71 624
32 72 1855
32 73 1543
33 0 2774
33 1 1520
33 2 1319
33 3 2771
33 4 2513
33 5 824
33 6 1393
33 7 1400
33 8 1053
33 9 2858
33 10 1181
33 11 1524
33 12 1291
33 13 2448
33 14 731
33 15 1610
33 16 1566
33 17 1918
33 18 1142
33 19 2654
33 20 1423
33 21 192
33 22 2606
33 23 1375
33 24 144
33 25 2558
33 26 1327
33 27 96
33 28 2510
33 29 1279
33 30 48
33 31 2462
33 32 1231
33 33 0
33 34 2510
33 35 1279
33 36 48
33 37 2558
33 38 1327
33 39 96
33 40 2606
33 41 1375
33 42 144
33 43 2654
33 44 1423
33 45 192
33 46 2702
33 47 1471
33 48 240
33 49 2750
33 50 1519
33 51 288
33 52 2798
33 53 1567
33 54 336
33 55 2846
33 56 1615
33 57 384
33 58 2894
33 59 1663
33 60 432
33 61 2942
33 62 1711
33 63 480
33 64 2990
33 65 1759
33 66 528
33 67 3038
33 68 1807
33 69 576
33 70 3086
33 71 1855
33 72 624
33 73 2774
34 0 360
34 1 1086
34 2 2151
34 3 699
34 4 381
34 5 2358
34 6 2173
34 7 1686
34 8 1937
34 9 708
34 10 1329
34 11 986
34 12 1603
34 13 446
34 14 1875
34 15 2052
34 16 1904
34 17 592
34 18 1368
34 19 240
34 20 1471
34 21 2702
34 22 192
34 23 1423
34 24 2654
34 25 144
34 26 1375
34 27 2606
34 28 96
34 29 1327
34 30 2558
34 31 48
34 32 1279
34 33 2510
34 34 0
34 35 1231
34 36 2462
34 37 48
34 38 1279
34 39 2510
34 40 96
34 41 1327
34 42 2558
34 43 144
34 44 1375
34 45 2606
34 46 192
34 47 1423
34 48 2654
34 49 240
34 50 1471
34 51 2702
34 52 288
34 53 1519
34 54 2750
34 55 336
34 56 1567
34 57 2798
34 58 384
34 59 1615
34 60 2846
34 61 432
34 62 1663
34 63 2894
34 64 480
34 65 1711
34 66 2942
34 67 528
34 68 1759
34 69 2990
34 70 576
34 71 1807
34 72 3038
34 73 360
35 0 1591
35 1 241
35 2 920
35 3 1492
35 4 1330
35 5 1127
35 6 942
35 7 455
35 8 706
35 9 1579
35 10 98
35 11 245
35 12 372
35 13 1265
35 14 644
35 15 821
35 16 673
35 17 735
35 18 137
35 19 1471
35 20 240
35 21 1471
35 22 1423
35 23 192
35 24 1423
35 25 1375
35 26 144
35 27 1375
35 28 1327
35 29 96
35 30 1327
35 31 1279
35 32 48
35 33 1279
35 34 1231
35 35 0
35 36 1231
35 37 1279
35 38 48
35 39 1279
35 40 1327
35 41 96
35 42 1327
35 43 1375
35 44 144
35 45 1375
35 46 1423
35 47 192
35 48 1423
35 49 1471
35 50 240
35 51 1471
35 52 1519
35 53 288
35 54 1519
35 55 1567
35 56 336
35 57 1567
35 58 1615
35 59 384
35 60 1615
35 61 1663
35 62 432
35 63 1663
35 64 1711
35 65 480
35 66 1711
35 67 1759
35 68 528
35 69 1759
35 70 1807
35 71 576
35 72 1807
35 73 1591
36 0 2822
36 1 1472
36 2 1271
36 3 2723
36 4 2561
36 5 776
36 6 1345
36 7 1352
36 8 1005
36 9 2810
36 10 1229
36 11 1476
36 12 1243
36 13 2496
36 14 683
36 15 1562
36 16 1518
36 17 1966
36 18 1190
36 19 2702
36 20 1471
36 21 240
36 22 2654
36 23 1423
36 24 192
36 25 2606
36 26 1375
36 27 144
36 28 2558
36 29 1327
36 30 96
36 31 2510
36 32 1279
36 33 48
36 34 2462
36 35 1231
36 36 0
36 37 2510
36 38 1279
36 39 48
36 40 2558
36 41 1327
36 42 96
36 43 2606
36 44 1375
36 45 144
36 46 2654
36 47 1423
36 48 192
36 49 2702
36 50 1471
36 51 240
36 52 2750
36 53 1519
36 54 288
36 55 2798
36 56 1567
36 57 336
36 58 2846
36 59 1615
36 60 384
36 61 2894
36 62 1663
36 63 432
36 64 2942
36 65 1711
36 66 480
36 67 2990
36 68 1759
36 69 528
36 70 3038
36 71 1807
36 72 576
36 73 2822
37 0 408
37 1 1038
37 2 2103
37 3 651
37 4 429
37 5 2310
37 6 2125
37 7 1638
37 8 1889
37 9 660
37 10 1377
37 11 1034
37 12 1555
37 13 494
37 14 1827
37 15 2004
37 16 1856
37 17 640
37 18 1416
37 19 288
37 20 1519
37 21 2750
37 22 240
37 23 1471
37 24 2702
37 25 192
37 26 1423
37 27 2654
37 28 144
37 29 1375
37 30 2606
37 31 96
37 32 1327
37 33 2558
37 34 48
37 35 1279
37 36 2510
37 37 0
37 38 1231
37 39 2462
37 40 48
37 41 1279
37 42 2510
37 43 96
37 44 1327
37 45 2558
37 46 144
37 47 1375
37 48 2606
37 49 192
37 50 1423
37 51 2654
37 52 240
37 53 1471
37 54 2702
37 55 288
37 56 1519
37 57 2750
37 58 336
37 59 1567
37 60 2798
37 61 384
37 62 1615
37 63 2846
37 64 432
37 65 1663
37 66 2894
37 67 480
37 68 1711
37 69 2942
37 70 528
37 71 1759
37 72 2990
37 73 408
38 0 1639
38 1 193
38 2 872
38 3 1444
38 4 1378
38 5 1079
38 6 894
38 7 407
38 8 658
38 9 1531
38 10 146
38 11 293
38 12 324
38 13 1313
38 14 596
38 15 773
38 16 625
38 17 783
38 18 185
38 19 1519
38 20 288
38 21 1519
38 22 1471
38 23 240
38 24 1471
38 25 1423
38 26 192
38 27 1423
38 28 1375
38 29 144
38 30 1375
38 31 1327
38 32 96
38 33 1327
38 34 1279
38 35 48
38 36 1279
38 37 1231
38 38 0
38 39 1231
38 40 1279
38 41 48
38 42 1279
38 43 1327
38 44 96
38 45 1327
38 46 1375
38 47 144
38 48 1375
38 49 1423
38 50 192
38 51 1423
38 52 1471
38 53 240
38 54 1471
38 55 1519
38 56 288
38 57 1519
38 58 1567
38 59 336
38 60 1567
38 61 1615
38 62 384
38 63 1615
38 64 1663
38 65 432
38 66 1663
38 67 1711
38 68 480
38 69 1711
38 70 1759
38 71 528
38 72 1759
38 73 1639
39 0 2870
39 1 1424
39 2 1223
39 3 2675
39 4 2609
39 5 728
39 6 1297
39 7 1304
39 8 957
39 9 2762
39 10 1277
39 11 1524
39 12 1195
39 13 2544
39 14 635
39 15 1514
39 16 1470
39 17 2014
39 18 1238
39 19 2750
39 20 1519
39 21 288
39 22 2702
39 23 1471
39 24 240
39 25 2654
39 26 1423
39 27 192
39 28 2606
39 29 1375
39 30 144
39 31 2558
39 32 1327
39 33 96
39 34 2510
39 35 1279
39 36 48
39 37 2462
39 38 1231
39 39 0
39 40 2510
39 41 1279
39 42 48
39 43 2558
39 44 1327
39 45 96
39 46 2606
39 47 1375
39 48 144
39 49 2654
39 50 1423
39 51 192
39 52 2702
39 53 1471
39 54 240
39 55 2750
39 56 1519
39 57 288
39 58 2798
39 59 1567
39 60 336
39 61 2846
39 62 1615
39 63 384
39 64 2894
39 65 1663
39 66 432
39 67 2942
39 68 1711
39 69 480
39 70 2990
39 71 1759
39 72 528
39 73 2870
40 0 456
40 1 1086
40 2 2055
40 3 603
40 4 477
40 5 2262
40 6 2077
40 7 1590
40 8 1841
40 9 612
40 10 1425
40 11 1082
40 12 1507
40 13 542
40 14 1875
40 15 1956
40 16 1808
40 17 688
40 18 1464
40 19 336
40 20 1567
40 21 2798
40 22 288
40 23 1519
40 24 2750
40 25 240
40 26 1471
40 27 2702
40 28 192
40 29 1423
40 30 2654
40 31 144
40 32 1375
40 33 2606
40 34 96
40 35 1327
40 36 2558
40 37 48
40 38 1279
40 39 2510
40 40 0
40 41 1231
40 42 2462
40 43 48
40 44 1279
40 45 2510
40 46 96
40 47 1327
40 48 2558
40 49 144
40 50 1375
40 51 2606
40 52 192
40 53 1423
40 54 2654
40 55 240
40 56 1471
40 57 2702
40 58 288
40 59 1519
40 60 2750
40 61 336
40 62 1567
40 63 2798
40 64 384
40 65 1615
40 66 2846
40 67 432
40 68 1663
40 69 2894
40 70 480
40 71 1711
40 72 2942
40 73 456
41 0 1687
41 1 241
41 2 824
41 3 1396
41 4 1426
41 5 1031
41 6 846
41 7 359
41 8 610
41 9 1483
41 10 194
41 11 341
41 12 276
41 13 1361
41 14 644
41 15 725
41 16 577
41 17 831
41 18 233
41 19 1567
41 20 336
41 21 1567
41 22 1519
41 23 288
41 24 1519
41 25 1471
41 26 240
41 27 1471
41 28 1423
41 29 192
41 30 1423
41 31 1375
41 32 144
41 33 1375
41 34 1327
41 35 96
41 36 1327
41 37 1279
41 38 48
41 39 1279
41 40 1231
41 41 0
41 42 1231
41 43 1279
41 44 48
41 45 1279
41 46 1327
41 47 96
41 48 1327
41 49 1375
41 50 144
41 51 1375
41 52 1423
41 53 192
41 54 1423
41 55 1471
41 56 240
41 57 1471
41 58 1519
41 59 288
41 60 1519
41 61 1567
41 62 336
41 63 1567
41 64 1615
41 65 384
41 66 1615
41 67 1663
41 68 432
41 69 1663
41 70 1711
41 71 480
41 72 1711
41 73 1687
42 0 2918
42 1 1472
42 2 1175
42 3 2627
42 4 2657
42 5 680
42 6 1249
42 7 1256
42 8 909
42 9 2714
42 10 1325
42 11 1572
42 12 1147
42 13 2592
42 14 683
42 15 1466
42 16 1422
42 17 2062
42 18 1286
42 19 2798
42 20 1567
42 21 336
42 22 2750
42 23 1519
42 24 288
42 25 2702
42 26 1471
42 27 240
42 28 2654
42 29 1423
42 30 192
42 31 2606
42 32 1375
42 33 144
42 34 2558
42 35 1327
42 36 96
42 37 2510
42 38 1279
42 39 48
42 40 2462
42 41 1231
42 42 0
42 43 2510
42 44 1279
42 45 48
42 46 2558
42 47 1327
42 48 96
42 49 2606
42 50 1375
42 51 144
42 52 2654
42 53 1423
42 54 192
42 55 2702
42 56 1471
42 57 240
42 58 2750
42 59 1519
42 60 288
42 61 2798
42 62 1567
42 63 336
42 64 2846
42 65 1615
42 66 384
42 67 2894
42 68 1663
42 69 432
42 70 2942
42 71 1711
42 72 480
42 73 2918
43 0 504
43 1 1134
43 2 2007
43 3 555
43 4 525
43 5 2214
43 6 2029
43 7 1542
43 8 1793
43 9 564
43 10 1473
43 11 1130
43 12 1459
43 13 590
43 14 1923
43 15 1908
43 16 1760
43 17 736
43 18 1512
43 19 384
43 20 1615
43 21 2846
43 22 336
43 23 1567
43 24 2798
43 25 288
43 26 1519
43 27 2750
43 28 240
43 29 1471
43 30 2702
43 31 192
43 32 1423
43 33 2654
43 34 144
43 35 1375
43 36 2606
43 37 96
43 38 1327
43 39 2558
43 40 48
43 41 1279
43 42 2510
43 43 0
43 44 1231
43 45 2462
43 46 48
43 47 1279
43 48 2510
43 49 96
43 50 1327
43 51 2558
43 52 144
43 53 1375
43 54 2606
43 55 192
43 56 1423
43 57 2654
43 58 240
43 59 1471
43 60 2702
43 61 288
43 62 1519
43 63 2750
43 64 336
43 65 1567
43 66 2798
43 67 384
43 68 1615
43 69 2846
43 70 432
43 71 1663
43 72 2894
43 73 504
44 0 1735
44 1 289
44 2 776
44 3 1348
44 4 1474
44 5 983
44 6 798
44 7 311
44 8 562
44 9 1435
44 10 242
44 11 389
44 12 228
44 13 1409
44 14 692
44 15 677
44 16 529
44 17 879
44 18 281
44 19 1615
44 20 384
44 21 1615
44 22 1567
44 23 336
44 24 1567
44 25 1519
44 26 288
44 27 1519
44 28 1471
44 29 240
44 30 1471
44 31 1423
44 32 192
44 33 1423
44 34 1375
44 35 144
44 36 1375
44 37 1327
44 38 96
44 39 1327
44 40 1279
44 41 48
44 42 1279
44 43 1231
44 44 0
44 45 1231
44 46 1279
44 47 48
44 48 1279
44 49 1327
44 50 96
44 51 1327
44 52 1375
44 53 144
44 54 1375
44 55 1423
44 56 192
44 57 1423
44 58 1471
44 59 240
44 60 1471
44 61 1519
44 62 288
44 63 1519
44 64 1567
44 65 336
44 66 1567
44 67 1615
44 68 384
44 69 1615
44 70 1663
44 71 432
44 72 1663
44 73 1735
45 0 2966
45 1 1520
45 2 1127
45 3 2579
45 4 2705
45 5 632
45 6 1201
45 7 1208
45 8 861
45 9 2666
45 10 1373
45 11 1620
45 12 1099
45 13 2640
45 14 731
45 15 1418
45 16 1374
45 17 2110
45 18 1334
45 19 2846
45 20 1615
45 21 384
45 22 2798
45 23 1567
45 24 336
45 25 2750
45 26 1519
45 27 288
45 28 2702
45 29 1471
45 30 240
45 31 2654
45 32 1423
45 33 192
45 34 2606
45 35 1375
45 36 144
45 37 2558
45 38 1327
45 39 96
45 40 2510
45 41 1279
45 42 48
45 43 2462
45 44 1231
45 45 0
45 46 2510
45 47 1279
45 48 48
45 49 2558
45 50 1327
45 51 96
45 52 2606
45 53 1375
45 54 144
45 55 2654
45 56 1423
45 57 192
45 58 2702
45 59 1471
45 60 240
45 61 2750
45 62 1519
45 63 288
45 64 2798
45 65 1567
45 66 336
45 67 2846
45 68 1615
45 69 384
45 70 2894
45 71 1663
45 72 432
45 73 2966
46 0 552
46 1 1182
46 2 1959
46 3 507
46 4 573
46 5 2166
46 6 1981
46 7 1494
46 8 1745
46 9 516
46 10 1521
46 11 1178
46 12 1411
46 13 638
46 14 1971
46 15 1860
46 16 1712
46 17 784
46 18 1560
46 19 432
46 20 1663
46 21 2894
46 22 384
46 23 1615
46 24 2846
46 25 336
46 26 1567
46 27 2798
46 28 288
46 29 1519
46 30 2750
46 31 240
46 32 1471
46 33 2702
46 34 192
46 35 1423
46 36 2654
46 37 144
46 38 1375
46 39 2606
46 40 96
46 41 1327
46 42 2558
46 43 48
46 44 1279
46 45 2510
46 46 0
46 47 1231
46 48 2462
46 49 48
46 50 1279
46 51 2510
46 52 96
46 53 1327
46 54 2558
46 55 144
46 56 1375
46 57 2606
46 58 192
46 59 1423
46 60 2654
46 61 240
46 62 1471
46 63 2702
46 64 288
46 65 1519
46 66 2750
46 67 336
46 68 1567
46 69 2798
46 70 384
46 71 1615
46 72 2846
46 73 552
47 0 1783
47 1 337
47 2 728
47 3 1300
47 4 1522
47 5 935
47 6 750
47 7 263
47 8 514
47 9 1387
47 10 290
47 11 437
47 12 180
47 13 1457
47 14 740
47 15 629
47 16 481
47 17 927
47 18 329
47 19 1663
47 20 432
47 21 1663
47 22 1615
47 23 384
47 24 1615
47 25 1567
47 26 336
47 27 1567
47 28 1519
47 29 288
47 30 1519
47 31 1471
47 32 240
47 33 1471
47 34 1423
47 35 192
47 36 1423
47 37 1375
47 38 144
47 39 1375
47 40 1327
47 41 96
47 42 1327
47 43 1279
47 44 48
47 45 1279
47 46 1231
47 47 0
47 48 1231
47 49 1279
47 50 48
47 51 1279
47 52 1327
47 53 96
47 54 1327
47 55 1375
47 56 144
47 57 1375
47 58 1423
47 59 192
47 60 1423
47 61 1471
47 62 240
47 63 1471
47 64 1519
47 65 288
47 66 1519
47 67 1567
47 68 336
47 69 1567
47 70 1615
47 71 384
47 72 1615
47 73 1783
48 0 3014
48 1 1568
48 2 1079
48 3 2531
48 4 2753
48 5 584
48 6 1153
48 7 1160
48 8 813
48 9 2618
48 10 1421
48 11 1668
48 12 1051
48 13 2688
48 14 779
48 15 1370
48 16 1326
48 17 2158
48 18 1382
48 19 2894
48 20 1663
48 21 432
48 22 2846
48 23 1615
48 24 384
48 25 2798
48 26 1567
48 27 336
48 28 2750
48 29 1519
48 30 288
48 31 2702
48 32 1471
48 33 240
48 34 2654
48 35 1423
48 36 192
48 37 2606
48 38 1375
48 39 144
48 40 2558
48 41 1327
48 42 96
48 43 2510
48 44 1279
48 45 48
48 46 2462
48 47 1231
48 48 0
48 49 2510
48 50 1279
48 51 48
48 52 2558
48 53 1327
48 54 96
48 55 2606
48 56 1375
48 57 144
48 58 2654
48 59 1423
48 60 192
48 61 2702
48 62 1471
48 63 240
48 64 2750
48 65 1519
48 66 288
48 67 2798
48 68 1567
48 69 336
48 70 2846
48 71 1615
48 72 384
48 73 3014
49 0 600
49 1 1230
49 2 1911
49 3 459
49 4 621
49 5 2118
49 6 1933
49 7 1446
49 8 1697
49 9 468
49 10 1569
49 11 1226
49 12 1459
49 13 686
49 14 2019
49 15 1812
49 16 1664
49 17 832
49 18 1608
49 19 480
49 20 1711
49 21 2942
49 22 432
49 23 1663
49 24 2894
49 25 384
49 26 1615
49 27 2846
49 28 336
49 29 1567
49 30 2798
49 31 288
49 32 1519
49 33 2750
49 34 240
49 35 1471
49 36 2702
49 37 192
49 38 1423
49 39 2654
49 40 144
49 41 1375
49 42 2606
49 43 96
49 44 1327
49 45 2558
49 46 48
49 47 1279
49 48 2510
49 49 0
49 50 1231
49 51 2462
49 52 48
49 53 1279
49 54 2510
49 55 96
49 56 1327
49 57 2558
49 58 144
49 59 1375
49 60 2606
49 61 192
49 62 1423
49 63 2654
49 64 240
49 65 1471
49 66 2702
49 67 288
49 68 1519
49 69 2750
49 70 336
49 71 1567
49 72 2798
49 73 600
50 0 1831
50 1 385
50 2 680
50 3 1252
50 4 1570
50 5 887
50 6 702
50 7 215
50 8 466
50 9 1339
50 10 338
50 11 485
50 12 228
50 13 1505
50 14 788
50 15 581
50 16 433
50 17 975
50 18 377
50 19 1711
50 20 480
50 21 1711
50 22 1663
50 23 432
50 24 1663
50 25 1615
50 26 384
50 27 1615
50 28 1567
50 29 336
50 30 1567
50 31 1519
50 32 288
50 33 1519
50 34 1471
50 35 240
50 36 1471
50 37 1423
50 38 192
50 39 1423
50 40 1375
50 41 144
50 42 1375
50 43 1327
50 44 96
50 45 1327
50 46 1279
50 47 48
50 48 1279
50 49 1231
50 50 0
50 51 1231
50 52 1279
50 53 48
50 54 1279
50 55 1327
50 56 96
50 57 1327
50 58 1375
50 59 144
50 60 1375
50 61 1423
50 62 192
50 63 1423
50 64 1471
50 65 240
50 66 1471
50 67 1519
50 68 288
50 69 1519
50 70 1567
50 71 336
50 72 1567
50 73 1831
51 0 3062
51 1 1616
51 2 1031
51 3 2483
51 4 2801
51 5 536
51 6 1105
51 7 1112
51 8 765
51 9 2570
51 10 1469
51 11 1716
51 12 1099
51 13 2736
51 14 827
51 15 1322
51 16 1278
51 17 2206
51 18 1430
51 19 2942
51 20 1711
51 21 480
51 22 2894
51 23 1663
51 24 432
51 25 2846
51 26 1615
51 27 384
51 28 2798
51 29 1567
51 30 336
51 31 2750
51 32 1519
51 33 288
51 34 2702
51 35 1471
51 36 240
51 37 2654
51 38 1423
51 39 192
51 40 2606
51 41 1375
51 42 144
51 43 2558
51 44 1327
51 45 96
51 46 2510
51 47 1279
51 48 48
51 49 2462
51 50 1231
51 51 0
51 52 2510
51 53 1279
51 54 48
51 55 2558
51 56 1327
51 57 96
51 58 2606
51 59 1375
51 60 144
51 61 2654
51 62 1423
51 63 192
51 64 2702
51 65 1471
51 66 240
51 67 2750
51 68 1519
51 69 288
51 70 2798
51 71 1567
51 72 336
51 73 3062
52 0 648
52 1 1278
52 2 1863
52 3 411
52 4 669
52 5 2070
52 6 1885
52 7 1398
52 8 1745
52 9 420
52 10 1617
52 11 1274
52 12 1507
52 13 734
52 14 2067
52 15 1764
52 16 1616
52 17 880
52 18 1656
52 19 528
52 20 1759
52 21 2990
52 22 480
52 23 1711
52 24 2942
52 25 432
52 26 1663
52 27 2894
52 28 384
52 29 1615
52 30 2846
52 31 336
52 32 1567
52 33 2798
52 34 288
52 35 1519
52 36 2750
52 37 240
52 38 1471
52 39 2702
52 40 192
52 41 1423
52 42 2654
52 43 144
52 44 1375
52 45 2606
52 46 96
52 47 1327
52 48 2558
52 49 48
52 50 1279
52 51 2510
52 52 0
52 53 1231
52 54 2462
52 55 48
52 56 1279
52 57 2510
52 58 96
52 59 1327
52 60 2558
52 61 144
52 62 1375
52 63 2606
52 64 192
52 65 1423
52 66 2654
52 67 240
52 68 1471
52 69 2702
52 70 288
52 71 1519
52 72 2750
52 73 648
53 0 1879
53 1 433
53 2 632
53 3 1204
53 4 1618
53 5 839
53 6 654
53 7 167
53 8 514
53 9 1291
53 10 386
53 11 533
53 12 276
53 13 1553
53 14 836
53 15 533
53 16 385
53 17 1023
53 18 425
53 19 1759
53 20 528
53 21 1759
53 22 1711
53 23 480
53 24 1711
53 25 1663
53 26 432
53 27 1663
53 28 1615
53 29 384
53 30 1615
53 31 1567
53 32 336
53 33 1567
53 34 1519
53 35 288
53 36 1519
53 37 1471
53 38 240
53 39 1471
53 40 1423
53 41 192
53 42 1423
53 43 1375
53 44 144
53 45 1375
53 46 1327
53 47 96
53 48 1327
53 49 1279
53 50 48
53 51 1279
53 52 1231
53 53 0
53 54 1231
53 55 1279
53 56 48
53 57 1279
53 58 1327
53 59 96
53 60 1327
53 61 1375
53 62 144
53 63 1375
53 64 1423
53 65 192
53 66 1423
53 67 1471
53 68 240
53 69 1471
53 70 1519
53 71 288
53 72 1519
53 73 1879
54 0 3110
54 1 1664
54 2 983
54 3 2435
54 4 2849
54 5 488
54 6 1057
54 7 1064
54 8 813
54 9 2522
54 10 1517
54 11 1764
54 12 1147
54 13 2784
54 14 875
54 15 1274
54 16 1230
54 17 2254
54 18 1478
54 19 2990
54 20 1759
54 21 528
54 22 2942
54 23 1711
54 24 480
54 25 2894
54 26 1663
54 27 432
54 28 2846
54 29 1615
54 30 384
54 31 2798
54 32 1567
54 33 336
54 34 2750
54 35 1519
54 36 288
54 37 2702
54 38 1471
54 39 240
54 40 2654
54 41 1423
54 42 192
54 43 2606
54 44 1375
54 45 144
54 46 2558
54 47 1327
54 48 96
54 49 2510
54 50 1279
54 51 48
54 52 2462
54 53 1231
54 54 0
54 55 2510
54 56 1279
54 57 48
54 58 2558
54 59 1327
54 60 96
54 61 2606
54 62 1375
54 63 144
54 64 2654
54 65 1423
54 66 192
54 67 2702
54 68 1471
54 69 240
54 70 2750
54 71 1519
54 72 288
54 73 3110
55 0 696
55 1 1326
55 2 1815
55 3 363
55 4 717
55 5 2022
55 6 1837
55 7 1446
55 8 1793
55 9 372
55 10 1665
55 11 1322
55 12 1555
55 13 782
55 14 2115
55 15 1716
55 16 1568
55 17 928
55 18 1704
55 19 576
55 20 1807
55 21 3038
55 22 528
55 23 1759
55 24 2990
55 25 480
55 26 1711
55 27 2942
55 28 432
55 29 1663
55 30 2894
55 31 384
55 32 1615
55 33 2846
55 34 336
55 35 1567
55 36 2798
55 37 288
55 38 1519
55 39 2750
55 40 240
55 41 1471
55 42 2702
55 43 192
55 44 1423
55 45 2654
55 46 144
55 47 1375
55 48 2606
55 49 96
55 50 1327
55 51 2558
55 52 48
55 53 1279
55 54 2510
55 55 0
55 56 1231
55 57 2462
55 58 48
55 59 1279
55 60 2510
55 61 96
55 62 1327
55 63 2558
55 64 144
55 65 1375
55 66 2606
55 67 192
55 68 1423
55 69 2654
55 70 240
55 71 1471
55 72 2702
55 73 696
56 0 1927
56 1 481
56 2 584
56 3 1156
56 4 1666
56 5 791
56 6 606
56 7 215
56 8 562
56 9 1243
56 10 434
56 11 581
56 12 324
56 13 1601
56 14 884
56 15 485
56 16 337
56 17 1071
56 18 473
56 19 1807
56 20 576
56 21 1807
56 22 1759
56 23 528
56 24 1759
56 25 1711
56 26 480
56 27 1711
56 28 1663
56 29 432
56 30 1663
56 31 1615
56 32 384
56 33 1615
56 34 1567
56 35 336
56 36 1567
56 37 1519
56 38 288
56 39 1519
56 40 1471
56 41 240
56 42 1471
56 43 1423
56 44 192
56 45 1423
56 46 1375
56 47 144
56 48 1375
56 49 1327
56 50 96
56 51 1327
56 52 1279
56 53 48
56 54 1279
56 55 1231
56 56 0
56 57 1231
56 58 1279
56 59 48
56 60 1279
56 61 1327
56 62 96
56 63 1327
56 64 1375
56 65 144
56 66 1375
56 67 1423
56 68 192
56 69 1423
56 70 1471
56 71 240
56 72 1471
56 73 1927
57 0 3158
57 1 1712
57 2 935
57 3 2387
57 4 2897
57 5 440
57 6 1009
57 7 1112
57 8 861
57 9 2474
57 10 1565
57 11 1812
57 12 1195
57 13 2832
57 14 923
57 15 1226
57 16 1182
57 17 2302
57 18 1526
57 19 3038
57 20 1807
57 21 576
57 22 2990
57 23 1759
57 24 528
57 25 2942
57 26 1711
57 27 480
57 28 2894
57 29 1663
57 30 432
57 31 2846
57 32 1615
57 33 384
57 34 2798
57 35 1567
57 36 336
57 37 2750
57 38 1519
57 39 288
57 40 2702
57 41 1471
57 42 240
57 43 2654
57 44 1423
57 45 192
57 46 2606
57 47 1375
57 48 144
57 49 2558
57 50 1327
57 51 96
57 52 2510
57 53 1279
57 54 48
57 55 2462
57 56 1231
57 57 0
57 58 2510
57 59 1279
57 60 48
57 61 2558
57 62 1327
57 63 96
57 64 2606
57 65 1375
57 66 144
57 67 2654
57 68 1423
57 69 192
57 70 2702
57 71 1471
57 72 240
57 73 3158
58 0 744
58 1 1374
58 2 1767
58 3 315
58 4 765
58 5 2070
58 6 1789
58 7 1494
58 8 1841
58 9 324
58 10 1713
58 11 1370
58 12 1603
58 13 830
58 14 2163
58 15 1668
58 16 1520
58 17 976
58 18 1752
58 19 624
58 20 1855
58 21 3086
58 22 576
58 23 1807
58 24 3038
58 25 528
58 26 1759
58 27 2990
58 28 480
58 29 1711
58 30 2942
58 31 432
58 32 1663
58 33 2894
58 34 384
58 35 1615
58 36 2846
58 37 336
58 38 1567
58 39 2798
58 40 288
58 41 1519
58 42 2750
58 43 240
58 44 1471
58 45 2702
58 46 192
58 47 1423
58 48 2654
58 49 144
58 50 1375
58 51 2606
58 52 96
58 53 1327
58 54 2558
58 55 48
58 56 1279
58 57 2510
58 58 0
58 59 1231
58 60 2462
58 61 48
58 62 1279
58 63 2510
58 64 96
58 65 1327
58 66 2558
58 67 144
58 68 1375
58 69 2606
58 70 192
58 71 1423
58 72 2654
58 73 744
59 0 1975
59 1 529
59 2 536
59 3 1108
59 4 1714
59 5 839
59 6 558
59 7 263
59 8 610
59 9 1195
59 10 482
59 11 629
59 12 372
59 13 1649
59 14 932
59 15 437
59 16 289
59 17 1119
59 18 521
59 19 1855
59 20 624
59 21 1855
59 22 1807
59 23 576
59 24 1807
59 25 1759
59 26 528
59 27 1759
59 28 1711
59 29 480
59 30 1711
59 31 1663
59 32 432
59 33 1663
59 34 1615
59 35 384
59 36 1615
59 37 1567
59 38 336
59 39 1567
59 40 1519
59 41 288
59 42 1519
59 43 1471
59 44 240
59 45 1471
59 46 1423
59 47 192
59 48 1423
59 49 1375
59 50 144
59 51 1375
59 52 1327
59 53 96
59 54 1327
59 55 1279
59 56 48
59 57 1279
59 58 1231
59 59 0
59 60 1231
59 61 1279
59 62 48
59 63 1279
59 64 1327
59 65 96
59 66 1327
59 67 1375
59 68 144
59 69 1375
59 70 1423
59 71 192
59 72 1423
59 73 1975
60 0 3206
60 1 1760
60 2 887
60 3 2339
60 4 2945
60 5 488
60 6 961
60 7 1160
60 8 909
60 9 2426
60 10 1613
60 11 1860
60 12 1243
60 13 2880
60 14 971
60 15 1178
60 16 1134
60 17 2350
60 18 1574
60 19 3086
60 20 1855
60 21 624
60 22 3038
60 23 1807
60 24 576
60 25 2990
60 26 1759
60 27 528
60 28 2942
60 29 1711
60 30 480
60 31 2894
60 32 1663
60 33 432
60 34 2846
60 35 1615
60 36 384
60 37 2798
60 38 1567
60 39 336
60 40 2750
60 41 1519
60 42 288
60 43 2702
60 44 1471
60 45 240
60 46 2654
60 47 1423
60 48 192
60 49 2606
60 50 1375
60 51 144
60 52 2558
60 53 1327
60 54 96
60 55 2510
60 56 1279
60 57 48
60 58 2462
60 59 1231
60 60 0
60 61 2510
60 62 1279
60 63 48
60 64 2558
60 65 1327
60 66 96
60 67 2606
60 68 1375
60 69 144
60 70 2654
60 71 1423
60 72 192
60 73 3206
61 0 792
61 1 1422
61 2 1719
61 3 267
61 4 813
61 5 2118
61 6 1741
61 7 1542
61 8 1889
61 9 276
61 10 1761
61 11 1418
61 12 1651
61 13 878
61 14 2211
61 15 1620
61 16 1472
61 17 1024
61 18 1800
61 19 672
61 20 1903
61 21 3134
61 22 624
61 23 1855
61 24 3086
61 25 576
61 26 1807
61 27 3038
61 28 528
61 29 1759
61 30 2990
61 31 480
61 32 1711
61 33 2942
61 34 432
61 35 1663
61 36 2894
61 37 384
61 38 1615
61 39 2846
61 40 336
61 41 1567
61 42 2798
61 43 288
61 44 1519
61 45 2750
61 46 240
61 47 1471
61 48 2702
61 49 192
61 50 1423
61 51 2654
61 52 144
61 53 1375
61 54 2606
61 55 96
61 56 1327
61 57 2558
61 58 48
61 59 1279
61 60 2510
61 61 0
61 62 1231
61 63 2462
61 64 48
61 65 1279
61 66 2510
61 67 96
61 68 1327
61 69 2558
61 70 144
61 71 1375
61 72 2606
61 73 792
62 0 2023
62 1 577
62 2 488
62 3 1060
62 4 1762
62 5 887
62 6 510
62 7 311
62 8 658
62 9 1147
62 10 530
62 11 677
62 12 420
62 13 1697
62 14 980
62 15 389
62 16 241
62 17 1167
62 18 569
62 19 1903
62 20 672
62 21 1903
62 22 1855
62 23 624
62 24 1855
62 25 1807
62 26 576
62 27 1807
62 28 1759
62 29 528
62 30 1759
62 31 1711
62 32 480
62 33 1711
62 34 1663
62 35 432
62 36 1663
62 37 1615
62 38 384
62 39 1615
62 40 1567
62 41 336
62 42 1567
62 43 1519
62 44 288
62 45 1519
62 46 1471
62 47 240
62 48 1471
62 49 1423
62 50 192
62 51 1423
62 52 1375
62 53 144
62 54 1375
62 55 1327
62 56 96
62 57 1327
62 58 1279
62 59 48
62 60 1279
62 61 1231
62 62 0
62 63 1231
62 64 1279
62 65 48
62 66 1279
62 67 1327
62 68 96
62 69 1327
62 70 1375
62 71 144
62 72 1375
62 73 2023
63 0 3254
63 1 1808
63 2 839
63 3 2291
63 4 2993
63 5 536
63 6 913
63 7 1208
63 8 957
63 9 2378
63 10 1661
63 11 1908
63 12 1291
63 13 2928
63 14 1019
63 15 1130
63 16 1086
63 17 2398
63 18 1622
63 19 3134
63 20 1903
63 21 672
63 22 3086
63 23 1855
63 24 624
63 25 3038
63 26 1807
63 27 576
63 28 2990
63 29 1759
63 30 528
63 31 2942
63 32 1711
63 33 480
63 34 2894
63 35 1663
63 36 432
63 37 2846
63 38 1615
63 39 384
63 40 2798
63 41 1567
63 42 336
63 43 2750
63 44 1519
63 45 288
63 46 2702
63 47 1471
63 48 240
63 49 2654
63 50 1423
63 51 192
63 52 2606
63 53 1375
63 54 144
63 55 2558
63 56 1327
63 57 96
63 58 2510
63 59 1279
63 60 48
63 61 2462
63 62 1231
63 63 0
63 64 2510
63 65 1279
63 66 48
63 67 2558
63 68 1327
63 69 96
63 70 2606
63 71 1375
63 72 144
63 73 3254
64 0 840
64 1 1470
64 2 1671
64 3 219
64 4 861
64 5 2166
64 6 1693
64 7 1590
64 8 1937
64 9 228
64 10 1809
64 11 1466
64 12 1699
64 13 926
64 14 2259
64 15 1572
64 16 1424
64 17 1072
64 18 1848
64 19 720
64 20 1951
64 21 3182
64 22 672
64 23 1903
64 24 3134
64 25 624
64 26 1855
64 27 3086
64 28 576
64 29 1807
64 30 3038
64 31 528
64 32 1759
64 33 2990
64 34 480
64 35 1711
64 36 2942
64 37 432
64 38 1663
64 39 2894
64 40 384
64 41 1615
64 42 2846
64 43 336
64 44 1567
64 45 2798
64 46 288
64 47 1519
64 48 2750
64 49 240
64 50 1471
64 51 2702
64 52 192
64 53 1423
64 54 2654
64 55 144
64 56 1375
64 57 2606
64 58 96
64 59 1327
64 60 2558
64 61 48
64 62 1279
64 63 2510
64 64 0
64 65 1231
64 66 2462
64 67 48
64 68 1279
64 69 2510
64 70 96
64 71 1327
64 72 2558
64 73 840
65 0 2071
65 1 625
65 2 440
65 3 1012
65 4 1810
65 5 935
65 6 462
65 7 359
65 8 706
65 9 1099
65 10 578
65 11 725
65 12 468
65 13 1745
65 14 1028
65 15 341
65 16 193
65 17 1215
65 18 617
65 19 1951
65 20 720
65 21 1951
65 22 1903
65 23 672
65 24 1903
65 25 1855
65 26 624
65 27 1855
65 28 1807
65 29 576
65 30 1807
65 31 1759
65 32 528
65 33 1759
65 34 1711
65 35 480
65 36 1711
65 37 1663
65 38 432
65 39 1663
65 40 1615
65 41 384
65 42 1615
65 43 1567
65 44 336
65 45 1567
65 46 1519
65 47 288
65 48 1519
65 49 1471
65 50 240
65 51 1471
65 52 1423
65 53 192
65 54 1423
65 55 1375
65 56 144
65 57 1375
65 58 1327
65 59 96
65 60 1327
65 61 1279
65 62 48
65 63 1279
65 64 1231
65 65 0
65 66 1231
65 67 1279
65 68 48
65 69 1279
65 70 1327
65 71 96
65 72 1327
65 73 2071
66 0 3302
66 1 1856
66 2 791
66 3 2243
66 4 3041
66 5 584
66 6 865
66 7 1256
66 8 1005
66 9 2330
66 10 1709
66 11 1956
66 12 1339
66 13 2976
66 14 1067
66 15 1082
66 16 1038
66 17 2446
66 18 1670
66 19 3182
66 20 1951
66 21 720
66 22 3134
66 23 1903
66 24 672
66 25 3086
66 26 1855
66 27 624
66 28 3038
66 29 1807
66 30 576
66 31 2990
66 32 1759
66 33 528
66 34 2942
66 35 1711
66 36 480
66 37 2894
66 38 1663
66 39 432
66 40 2846
66 41 1615
66 42 384
66 43 2798
66 44 1567
66 45 336
66 46 2750
66 47 1519
66 48 288
66 49 2702
66 50 1471
66 51 240
66 52 2654
66 53 1423
66 54 192
66 55 2606
66 56 1375
66 57 144
66 58 2558
66 59 1327
66 60 96
66 61 2510
66 62 1279
66 63 48
66 64 2462
66 65 1231
66 66 0
66 67 2510
66 68 1279
66 69 48
66 70 2558
66 71 1327
66 72 96
66 73 3302
67 0 888
67 1 1518
67 2 1719
67 3 267
67 4 909
67 5 2214
67 6 1645
67 7 1638
67 8 1985
67 9 180
67 10 1857
67 11 1514
67 12 1747
67 13 974
67 14 2307
67 15 1524
67 16 1472
67 17 1120
67 18 1896
67 19 768
67 20 1999
67 21 3230
67 22 720
67 23 1951
67 24 3182
67 25 672
67 26 1903
67 27 3134
67 28 624
67 29 1855
67 30 3086
67 31 576
67 32 1807
67 33 3038
67 34 528
67 35 1759
67 36 2990
67 37 480
67 38 1711
67 39 2942
67 40 432
67 41 1663
67 42 2894
67 43 384
67 44 1615
67 45 2846
67 46 336
67 47 1567
67 48 2798
67 49 288
67 50 1519
67 51 2750
67 52 240
67 53 1471
67 54 2702
67 55 192
67 56 1423
67 57 2654
67 58 144
67 59 1375
67 60 2606
67 61 96
67 62 1327
67 63 2558
67 64 48
67 65 1279
67 66 2510
67 67 0
67 68 1231
67 69 2462
67 70 48
67 71 1279
67 72 2510
67 73 888
68 0 2119
68 1 673
68 2 488
68 3 1060
68 4 1858
68 5 983
68 6 414
68 7 407
68 8 754
68 9 1051
68 10 626
68 11 773
68 12 516
68 13 1793
68 14 1076
68 15 293
68 16 241
68 17 1263
68 18 665
68 19 1999
68 20 768
68 21 1999
68 22 1951
68 23 720
68 24 1951
68 25 1903
68 26 672
68 27 1903
68 28 1855
68 29 624
68 30 1855
68 31 1807
68 32 576
68 33 1807
68 34 1759
68 35 528
68 36 1759
68 37 1711
68 38 480
68 39 1711
68 40 1663
68 41 432
68 42 1663
68 43 1615
68 44 384
68 45 1615
68 46 1567
68 47 336
68 48 1567
68 49 1519
68 50 288
68 51 1519
68 52 1471
68 53 240
68 54 1471
68 55 1423
68 56 192
68 57 1423
68 58 1375
68 59 144
68 60 1375
68 61 1327
68 62 96
68 63 1327
68 64 1279
68 65 48
68 66 1279
68 67 1231
68 68 0
68 69 1231
68 70 1279
68 71 48
68 72 1279
68 73 2119
69 0 3350
69 1 1904
69 2 839
69 3 2291
69 4 3089
69 5 632
69 6 817
69 7 1304
69 8 1053
69 9 2282
69 10 1757
69 11 2004
69 12 1387
69 13 3024
69 14 1115
69 15 1034
69 16 1086
69 17 2494
69 18 1718
69 19 3230
69 20 1999
69 21 768
69 22 3182
69 23 1951
69 24 720
69 25 3134
69 26 1903
69 27 672
69 28 3086
69 29 1855
69 30 624
69 31 3038
69 32 1807
69 33 576
69 34 2990
69 35 1759
69 36 528
69 37 2942
69 38 1711
69 39 480
69 40 2894
69 41 1663
69 42 432
69 43 2846
69 44 1615
69 45 384
69 46 2798
69 47 1567
69 48 336
69 49 2750
69 50 1519
69 51 288
69 52 2702
69 53 1471
69 54 240
69 55 2654
69 56 1423
69 57 192
69 58 2606
69 59 1375
69 60 144
69 61 2558
69 62 1327
69 63 96
69 64 2510
69 65 1279
69 66 48
69 67 2462
69 68 1231
69 69 0
69 70 2510
69 71 1279
69 72 48
69 73 3350
70 0 936
70 1 1566
70 2 1767
70 3 315
70 4 957
70 5 2262
70 6 1693
70 7 1686
70 8 2033
70 9 228
70 10 1905
70 11 1562
70 12 1795
70 13 1022
70 14 2355
70 15 1476
70 16 1520
70 17 1168
70 18 1944
70 19 816
70 20 2047
70 21 3278
70 22 768
70 23 1999
70 24 3230
70 25 720
70 26 1951
70 27 3182
70 28 672
70 29 1903
70 30 3134
70 31 624
70 32 1855
70 33 3086
70 34 576
70 35 1807
70 36 3038
70 37 528
70 38 1759
70 39 2990
70 40 480
70 41 1711
70 42 2942
70 43 432
70 44 1663
70 45 2894
70 46 384
70 47 1615
70 48 2846
70 49 336
70 50 1567
70 51 2798
70 52 288
70 53 1519
70 54 2750
70 55 240
70 56 1471
70 57 2702
70 58 192
70 59 1423
70 60 2654
70 61 144
70 62 1375
70 63 2606
70 64 96
70 65 1327
70 66 2558
70 67 48
70 68 1279
70 69 2510
70 70 0
70 71 1231
70 72 2462
70 73 936
71 0 2167
71 1 721
71 2 536
71 3 1108
71 4 1906
71 5 1031
71 6 462
71 7 455
71 8 802
71 9 1099
71 10 674
71 11 821
71 12 564
71 13 1841
71 14 1124
71 15 245
71 16 289
71 17 1311
71 18 713
71 19 2047
71 20 816
71 21 2047
71 22 1999
71 23 768
71 24 1999
71 25 1951
71 26 720
71 27 1951
71 28 1903
71 29 672
71 30 1903
71 31 1855
71 32 624
71 33 1855
71 34 1807
71 35 576
71 36 1807
71 37 1759
71 38 528
71 39 1759
71 40 1711
71 41 480
71 42 1711
71 43 1663
71 44 432
71 45 1663
71 46 1615
71 47 384
71 48 1615
71 49 1567
71 50 336
71 51 1567
71 52 1519
71 53 288
71 54 1519
71 55 1471
71 56 240
71 57 1471
71 58 1423
71 59 192
71 60 1423
71 61 1375
71 62 144
71 63 1375
71 64 1327
71 65 96
71 66 1327
71 67 1279
71 68 48
71 69 1279
71 70 1231
71 71 0
71 72 1231
71 73 2167
72 0 3398
72 1 1952
72 2 887
72 3 2339
72 4 3137
72 5 680
72 6 865
72 7 1352
72 8 1101
72 9 2330
72 10 1805
72 11 2052
72 12 1435
72 13 3072
72 14 1163
72 15 986
72 16 1134
72 17 2542
72 18 1766
72 19 3278
72 20 2047
72 21 816
72 22 3230
72 23 1999
72 24 768
72 25 3182
72 26 1951
72 27 720
72 28 3134
72 29 1903
72 30 672
72 31 3086
72 32 1855
72 33 624
72 34 3038
72 35 1807
72 36 576
72 37 2990
72 38 1759
72 39 528
72 40 2942
72 41 1711
72 42 480
72 43 2894
72 44 1663
72 45 432
72 46 2846
72 47 1615
72 48 384
72 49 2798
72 50 1567
72 51 336
72 52 2750
72 53 1519
72 54 288
72 55 2702
72 56 1471
72 57 240
72 58 2654
72 59 1423
72 60 192
72 61 2606
72 62 1375
72 63 144
72 64 2558
72 65 1327
72 66 96
72 67 2510
72 68 1279
72 69 48
72 70 2462
72 71 1231
72 72 0
72 73 3398
73 0 0
73 1 1446
73 2 2511
73 3 1059
73 4 261
73 5 2718
73 6 2533
73 7 2046
73 8 2297
73 9 1068
73 10 1593
73 11 1346
73 12 1963
73 13 326
73 14 2235
73 15 2412
73 16 2264
73 17 856
73 18 1632
73 19 120
73 20 1351
73 21 2582
73 22 168
73 23 1399
73 24 2630
73 25 216
73 26 1447
73 27 2678
73 28 264
73 29 1495
73 30 2726
73 31 312
73 32 1543
73 33 2774
73 34 360
73 35 1591
73 36 2822
73 37 408
73 38 1639
73 39 2870
73 40 456
73 41 1687
73 42 2918
73 43 504
73 44 1735
73 45 2966
73 46 552
73 47 1783
73 48 3014
73 49 600
73 50 1831
73 51 3062
73 52 648
73 53 1879
73 54 3110
73 55 696
73 56 1927
73 57 3158
73 58 744
73 59 1975
73 60 3206
73 61 792
73 62 2023
73 63 3254
73 64 840
73 65 2071
73 66 3302
73 67 888
73 68 2119
73 69 3350
73 70 936
73 71 2167
73 72 3398
73 73 0
//Location coordinates LocationName
//Loc x y
0 0.0 0.0 "depot"
1 288.0 1158.0 "product aisle 6 bloc 0 rank 156"
2 720.0 1791.0 "product aisle 15 bloc 1 rank 64"
3 720.0 339.0 "product aisle 15 bloc 0 rank 30"
4 0.0 261.0 "product aisle 0 bloc 0 rank 17"
5 576.0 2142.0 "product aisle 12 bloc 1 rank 118"
6 768.0 1765.0 "product aisle 16 bloc 1 rank 60"
7 528.0 1518.0 "product aisle 11 bloc 1 rank 22"
8 480.0 1817.0 "product aisle 10 bloc 1 rank 67"
9 768.0 300.0 "product aisle 16 bloc 0 rank 24"
10 192.0 1401.0 "product aisle 4 bloc 1 rank 4"
11 240.0 1106.0 "product aisle 5 bloc 0 rank 147"
12 432.0 1531.0 "product aisle 9 bloc 1 rank 23"
13 0.0 326.0 "product aisle 0 bloc 0 rank 27"
14 288.0 1947.0 "product aisle 6 bloc 1 rank 88"
15 816.0 1596.0 "product aisle 17 bloc 1 rank 34"
16 720.0 1544.0 "product aisle 15 bloc 1 rank 25"
17 192.0 664.0 "product aisle 4 bloc 0 rank 80"
18 192.0 1440.0 "product aisle 4 bloc 1 rank 10"
19 24.0 120.0 "intersection aisle 0 bloc 0 rank 0"
20 24.0 1351.0 "intersection aisle 0 bloc 1 rank 1"
21 24.0 2582.0 "intersection aisle 0 bloc 2 rank 2"
22 72.0 120.0 "intersection aisle 1 bloc 0 rank 0"
23 72.0 1351.0 "intersection aisle 1 bloc 1 rank 1"
24 72.0 2582.0 "intersection aisle 1 bloc 2 rank 2"
25 120.0 120.0 "intersection aisle 2 bloc 0 rank 0"
26 120.0 1351.0 "intersection aisle 2 bloc 1 rank 1"
27 120.0 2582.0 "intersection aisle 2 bloc 2 rank 2"
28 168.0 120.0 "intersection aisle 3 bloc 0 rank 0"
29 168.0 1351.0 "intersection aisle 3 bloc 1 rank 1"
30 168.0 2582.0 "intersection aisle 3 bloc 2 rank 2"
31 216.0 120.0 "intersection aisle 4 bloc 0 rank 0"
32 216.0 1351.0 "intersection aisle 4 bloc 1 rank 1"
33 216.0 2582.0 "intersection aisle 4 bloc 2 rank 2"
34 264.0 120.0 "intersection aisle 5 bloc 0 rank 0"
35 264.0 1351.0 "intersection aisle 5 bloc 1 rank 1"
36 264.0 2582.0 "intersection aisle 5 bloc 2 rank 2"
37 312.0 120.0 "intersection aisle 6 bloc 0 rank 0"
38 312.0 1351.0 "intersection aisle 6 bloc 1 rank 1"
39 312.0 2582.0 "intersection aisle 6 bloc 2 rank 2"
40 360.0 120.0 "intersection aisle 7 bloc 0 rank 0"
41 360.0 1351.0 "intersection aisle 7 bloc 1 rank 1"
42 360.0 2582.0 "intersection aisle 7 bloc 2 rank 2"
43 408.0 120.0 "intersection aisle 8 bloc 0 rank 0"
44 408.0 1351.0 "intersection aisle 8 bloc 1 rank 1"
45 408.0 2582.0 "intersection aisle 8 bloc 2 rank 2"
46 456.0 120.0 "intersection aisle 9 bloc 0 rank 0"
47 456.0 1351.0 "intersection aisle 9 bloc 1 rank 1"
48 456.0 2582.0 "intersection aisle 9 bloc 2 rank 2"
49 504.0 120.0 "intersection aisle 10 bloc 0 rank 0"
50 504.0 1351.0 "intersection aisle 10 bloc 1 rank 1"
51 504.0 2582.0 "intersection aisle 10 bloc 2 rank 2"
52 552.0 120.0 "intersection aisle 11 bloc 0 rank 0"
53 552.0 1351.0 "intersection aisle 11 bloc 1 rank 1"
54 552.0 2582.0 "intersection aisle 11 bloc 2 rank 2"
55 600.0 120.0 "intersection aisle 12 bloc 0 rank 0"
56 600.0 1351.0 "intersection aisle 12 bloc 1 rank 1"
57 600.0 2582.0 "intersection aisle 12 bloc 2 rank 2"
58 648.0 120.0 "intersection aisle 13 bloc 0 rank 0"
59 648.0 1351.0 "intersection aisle 13 bloc 1 rank 1"
60 648.0 2582.0 "intersection aisle 13 bloc 2 rank 2"
61 696.0 120.0 "intersection aisle 14 bloc 0 rank 0"
62 696.0 1351.0 "intersection aisle 14 bloc 1 rank 1"
63 696.0 2582.0 "intersection aisle 14 bloc 2 rank 2"
64 744.0 120.0 "intersection aisle 15 bloc 0 rank 0"
65 744.0 1351.0 "intersection aisle 15 bloc 1 rank 1"
66 744.0 2582.0 "intersection aisle 15 bloc 2 rank 2"
67 792.0 120.0 "intersection aisle 16 bloc 0 rank 0"
68 792.0 1351.0 "intersection aisle 16 bloc 1 rank 1"
69 792.0 2582.0 "intersection aisle 16 bloc 2 rank 2"
70 840.0 120.0 "intersection aisle 17 bloc 0 rank 0"
71 840.0 1351.0 "intersection aisle 17 bloc 1 rank 1"
72 840.0 2582.0 "intersection aisle 17 bloc 2 rank 2"
73 0.0 0.0 "depot"
