//alpha
1
//NbLocations
84
//NbProducts
29
//NbPickers
2
//CapaPicker
12
//TimeToTravelOneDistanceUnit
3
//SetupTime
5400
//PickTime
300
//Products
//Idx Location Size
1 1 1
2 2 1
3 3 1
4 4 1
5 5 1
6 6 1
7 7 1
8 8 1
9 9 1
10 10 1
11 11 1
12 12 1
13 13 1
14 14 1
15 15 1
16 16 1
17 17 1
18 18 1
19 19 1
20 20 1
21 21 1
22 22 1
23 23 1
24 24 1
25 25 1
26 26 1
27 27 1
28 28 1
29 29 1
//Orders
//NbOrders
6
//Idx DueDate TardinessPenalty NbProdInOrder ProdIdx1 Qty1 ProdIdx2 Qty2 ...
1 144000 0 2 1 1 2 1
2 90000 0 3 3 1 4 1 5 1
3 108000 0 10 6 1 7 1 8 1 9 1 10 1 11 1 12 1 13 1 14 1 15 1
4 72000 0 3 16 1 17 1 18 1
5 72000 0 6 19 1 20 1 21 1 22 1 23 1 24 1
6 54000 0 5 25 1 26 1 27 1 28 1 29 1
//Graph (Products are vertices indexed from 1 to NbProducts)
//NbVerticesIntersections
54
//DepartingDepot
0
//ArrivalDepot
84
//Arcs
//Start End Distance
0 30 120
1 37 89
1 38 1142
2 10 52
2 37 1142
3 13 351
3 49 63
4 8 741
4 31 219
5 7 26
5 78 115
6 12 247
6 73 89
7 5 26
7 79 1090
8 4 741
8 32 271
9 42 193
9 43 1038
10 2 52
10 36 37
11 64 596
11 65 635
12 6 247
12 74 895
13 3 351
13 50 817
14 48 37
14 49 1194
15 33 37
15 34 1194
16 72 583
16 73 648
17 23 13
17 71 1051
18 40 1142
18 41 89
19 69 310
19 70 921
20 76 557
20 77 674
21 45 89
21 46 1142
22 55 752
22 56 479
23 17 13
23 70 167
24 28 754
24 46 167
25 34 167
25 35 1064
26 29 13
26 52 492
27 39 557
27 40 674
28 24 754
28 47 310
29 26 13
29 53 726
30 31 1231
30 33 48
30 84 120
31 4 219
31 30 1231
31 34 48
32 8 271
32 35 48
33 15 37
33 30 48
33 36 48
34 15 1194
34 25 167
34 31 48
34 37 48
35 25 1064
35 32 48
35 38 48
36 10 37
36 33 48
36 39 48
37 1 89
37 2 1142
37 34 48
37 40 48
38 1 1142
38 35 48
38 41 48
39 27 557
39 36 48
39 42 48
40 18 1142
40 27 674
40 37 48
40 43 48
41 18 89
41 38 48
41 44 48
42 9 193
42 39 48
42 45 48
43 9 1038
43 40 48
43 44 1231
43 46 48
44 41 48
44 43 1231
44 47 48
45 21 89
45 42 48
45 48 48
46 21 1142
46 24 167
46 43 48
46 49 48
47 28 310
47 44 48
47 50 48
48 14 37
48 45 48
48 51 48
49 3 63
49 14 1194
49 46 48
49 52 48
50 13 817
50 47 48
50 53 48
51 48 48
51 52 1231
51 54 48
52 26 492
52 49 48
52 51 1231
52 55 48
53 29 726
53 50 48
53 56 48
54 51 48
54 55 1231
54 57 48
55 22 752
55 52 48
55 54 1231
55 58 48
56 22 479
56 53 48
56 59 48
57 54 48
57 58 1231
57 60 48
58 55 48
58 57 1231
58 59 1231
58 61 48
59 56 48
59 58 1231
59 62 48
60 57 48
60 61 1231
60 63 48
61 58 48
61 60 1231
61 62 1231
61 64 48
62 59 48
62 61 1231
62 65 48
63 60 48
63 64 1231
63 66 48
64 11 596
64 61 48
64 63 1231
64 67 48
65 11 635
65 62 48
65 68 48
66 63 48
66 67 1231
66 69 48
67 64 48
67 66 1231
67 68 1231
67 70 48
68 65 48
68 67 1231
68 71 48
69 19 310
69 66 48
69 72 48
70 19 921
70 23 167
70 67 48
70 73 48
71 17 1051
71 68 48
71 74 48
72 16 583
72 69 48
72 75 48
73 6 89
73 16 648
73 70 48
73 76 48
74 12 895
74 71 48
74 77 48
75 72 48
75 76 1231
75 78 48
76 20 557
76 73 48
76 75 1231
76 79 48
77 20 674
77 74 48
77 80 48
78 5 115
78 75 48
78 81 48
79 7 1090
79 76 48
79 80 1231
79 82 48
80 77 48
80 79 1231
80 83 48
81 78 48
81 82 1231
82 79 48
82 81 1231
82 83 1231
83 80 48
83 82 1231
//LocStart LocEnd ShortestPath
0 0 0
0 1 1536
0 2 305
0 3 1702
0 4 1570
0 5 1003
0 6 2112
0 7 1029
0 8 2311
0 9 505
0 10 253
0 11 2475
0 12 2359
0 13 2053
0 14 445
0 15 205
0 16 1375
0 17 2155
0 18 2637
0 19 1054
0 20 2628
0 21 449
0 22 2487
0 23 2142
0 24 1758
0 25 1566
0 26 2179
0 27 821
0 28 2512
0 29 2192
0 30 120
0 31 1351
0 32 2582
0 33 168
0 34 1399
0 35 2630
0 36 216
0 37 1447
0 38 2678
0 39 264
0 40 1495
0 41 2726
0 42 312
0 43 1543
0 44 2774
0 45 360
0 46 1591
0 47 2822
0 48 408
0 49 1639
0 50 2870
0 51 456
0 52 1687
0 53 2918
0 54 504
0 55 1735
0 56 2966
0 57 552
0 58 1783
0 59 3014
0 60 600
0 61 1831
0 62 3062
0 63 648
0 64 1879
0 65 3110
0 66 696
0 67 1927
0 68 3158
0 69 744
0 70 1975
0 71 3206
0 72 792
0 73 2023
0 74 3254
0 75 840
0 76 2071
0 77 3302
0 78 888
0 79 2119
0 80 3350
0 81 936
0 82 2167
0 83 3398
0 84 0
1 0 1536
1 1 0
1 2 1231
1 3 344
1 4 404
1 5 1877
1 6 754
1 7 1851
1 8 1145
1 9 1223
1 10 1283
1 11 1117
1 12 1001
1 13 695
1 14 1475
1 15 1331
1 16 1313
1 17 797
1 18 1279
1 19 1538
1 20 1270
1 21 1375
1 22 1129
1 23 784
1 24 400
1 25 304
1 26 821
1 27 811
1 28 1154
1 29 834
1 30 1416
1 31 185
1 32 1238
1 33 1368
1 34 137
1 35 1190
1 36 1320
1 37 89
1 38 1142
1 39 1368
1 40 137
1 41 1190
1 42 1416
1 43 185
1 44 1238
1 45 1464
1 46 233
1 47 1286
1 48 1512
1 49 281
1 50 1334
1 51 1560
1 52 329
1 53 1382
1 54 1608
1 55 377
1 56 1430
1 57 1656
1 58 425
1 59 1478
1 60 1704
1 61 473
1 62 1526
1 63 1752
1 64 521
1 65 1574
1 66 1800
1 67 569
1 68 1622
1 69 1848
1 70 617
1 71 1670
1 72 1896
1 73 665
1 74 1718
1 75 1944
1 76 713
1 77 1766
1 78 1992
1 79 761
1 80 1814
1 81 2040
1 82 809
1 83 1862
1 84 1536
2 0 305
2 1 1231
2 2 0
2 3 1397
2 4 1457
2 5 876
2 6 1807
2 7 902
2 8 2198
2 9 378
2 10 52
2 11 2170
2 12 2054
2 13 1748
2 14 318
2 15 174
2 16 1248
2 17 1850
2 18 2332
2 19 927
2 20 2323
2 21 322
2 22 2182
2 23 1837
2 24 1453
2 25 1357
2 26 1874
2 27 694
2 28 2207
2 29 1887
2 30 185
2 31 1238
2 32 2469
2 33 137
2 34 1190
2 35 2421
2 36 89
2 37 1142
2 38 2373
2 39 137
2 40 1190
2 41 2421
2 42 185
2 43 1238
2 44 2469
2 45 233
2 46 1286
2 47 2517
2 48 281
2 49 1334
2 50 2565
2 51 329
2 52 1382
2 53 2613
2 54 377
2 55 1430
2 56 2661
2 57 425
2 58 1478
2 59 2709
2 60 473
2 61 1526
2 62 2757
2 63 521
2 64 1574
2 65 2805
2 66 569
2 67 1622
2 68 2853
2 69 617
2 70 1670
2 71 2901
2 72 665
2 73 1718
2 74 2949
2 75 713
2 76 1766
2 77 2997
2 78 761
2 79 1814
2 80 3045
2 81 809
2 82 1862
2 83 3093
2 84 305
3 0 1702
3 1 344
3 2 1397
3 3 0
3 4 570
3 5 1659
3 6 536
3 7 1633
3 8 1311
3 9 1197
3 10 1449
3 11 899
3 12 783
3 13 351
3 14 1257
3 15 1497
3 16 1095
3 17 579
3 18 1349
3 19 1320
3 20 1052
3 21 1253
3 22 911
3 23 566
3 24 278
3 25 470
3 26 603
3 27 881
3 28 1032
3 29 616
3 30 1582
3 31 351
3 32 1456
3 33 1534
3 34 303
3 35 1408
3 36 1486
3 37 255
3 38 1360
3 39 1438
3 40 207
3 41 1312
3 42 1390
3 43 159
3 44 1264
3 45 1342
3 46 111
3 47 1216
3 48 1294
3 49 63
3 50 1168
3 51 1342
3 52 111
3 53 1216
3 54 1390
3 55 159
3 56 1264
3 57 1438
3 58 207
3 59 1312
3 60 1486
3 61 255
3 62 1360
3 63 1534
3 64 303
3 65 1408
3 66 1582
3 67 351
3 68 1456
3 69 1630
3 70 399
3 71 1504
3 72 1678
3 73 447
3 74 1552
3 75 1726
3 76 495
3 77 1600
3 78 1774
3 79 543
3 80 1648
3 81 1822
3 82 591
3 83 1696
3 84 1702
4 0 1570
4 1 404
4 2 1457
4 3 570
4 4 0
4 5 2103
4 6 980
4 7 2077
4 8 741
4 9 1449
4 10 1509
4 11 1343
4 12 1227
4 13 921
4 14 1701
4 15 1461
4 16 1539
4 17 1023
4 18 1245
4 19 1764
4 20 1496
4 21 1601
4 22 1355
4 23 1010
4 24 626
4 25 434
4 26 1047
4 27 1037
4 28 1380
4 29 1060
4 30 1450
4 31 219
4 32 1012
4 33 1498
4 34 267
4 35 1060
4 36 1546
4 37 315
4 38 1108
4 39 1594
4 40 363
4 41 1156
4 42 1642
4 43 411
4 44 1204
4 45 1690
4 46 459
4 47 1252
4 48 1738
4 49 507
4 50 1300
4 51 1786
4 52 555
4 53 1348
4 54 1834
4 55 603
4 56 1396
4 57 1882
4 58 651
4 59 1444
4 60 1930
4 61 699
4 62 1492
4 63 1978
4 64 747
4 65 1540
4 66 2026
4 67 795
4 68 1588
4 69 2074
4 70 843
4 71 1636
4 72 2122
4 73 891
4 74 1684
4 75 2170
4 76 939
4 77 1732
4 78 2218
4 79 987
4 80 1780
4 81 2266
4 82 1035
4 83 1828
4 84 1570
5 0 1003
5 1 1877
5 2 876
5 3 1659
5 4 2103
5 5 0
5 6 1301
5 7 26
5 8 2844
5 9 884
5 10 824
5 11 1952
5 12 1548
5 13 2010
5 14 632
5 15 872
5 16 794
5 17 1440
5 18 2882
5 19 569
5 20 1721
5 21 732
5 22 2252
5 23 1427
5 24 1811
5 25 2003
5 26 2040
5 27 1296
5 28 2565
5 29 2053
5 30 883
5 31 1884
5 32 3115
5 33 835
5 34 1836
5 35 3067
5 36 787
5 37 1788
5 38 3019
5 39 739
5 40 1740
5 41 2971
5 42 691
5 43 1692
5 44 2923
5 45 643
5 46 1644
5 47 2875
5 48 595
5 49 1596
5 50 2827
5 51 547
5 52 1548
5 53 2779
5 54 499
5 55 1500
5 56 2731
5 57 451
5 58 1452
5 59 2683
5 60 403
5 61 1404
5 62 2635
5 63 355
5 64 1356
5 65 2587
5 66 307
5 67 1308
5 68 2539
5 69 259
5 70 1260
5 71 2491
5 72 211
5 73 1212
5 74 2443
5 75 163
5 76 1164
5 77 2395
5 78 115
5 79 1116
5 80 2347
5 81 163
5 82 1164
5 83 2395
5 84 1003
6 0 2112
6 1 754
6 2 1807
6 3 536
6 4 980
6 5 1301
6 6 0
6 7 1275
6 8 1721
6 9 1607
6 10 1859
6 11 829
6 12 247
6 13 887
6 14 1667
6 15 1907
6 16 737
6 17 317
6 18 1759
6 19 1058
6 20 694
6 21 1663
6 22 1129
6 23 304
6 24 688
6 25 880
6 26 917
6 27 1291
6 28 1442
6 29 930
6 30 1992
6 31 761
6 32 1814
6 33 1944
6 34 713
6 35 1766
6 36 1896
6 37 665
6 38 1718
6 39 1848
6 40 617
6 41 1670
6 42 1800
6 43 569
6 44 1622
6 45 1752
6 46 521
6 47 1574
6 48 1704
6 49 473
6 50 1526
6 51 1656
6 52 425
6 53 1478
6 54 1608
6 55 377
6 56 1430
6 57 1560
6 58 329
6 59 1382
6 60 1512
6 61 281
6 62 1334
6 63 1464
6 64 233
6 65 1286
6 66 1416
6 67 185
6 68 1238
6 69 1368
6 70 137
6 71 1190
6 72 1320
6 73 89
6 74 1142
6 75 1368
6 76 137
6 77 1190
6 78 1416
6 79 185
6 80 1238
6 81 1464
6 82 233
6 83 1286
6 84 2112
7 0 1029
7 1 1851
7 2 902
7 3 1633
7 4 2077
7 5 26
7 6 1275
7 7 0
7 8 2818
7 9 910
7 10 850
7 11 1926
7 12 1522
7 13 1984
7 14 658
7 15 898
7 16 820
7 17 1414
7 18 2856
7 19 595
7 20 1695
7 21 758
7 22 2226
7 23 1401
7 24 1785
7 25 1977
7 26 2014
7 27 1322
7 28 2539
7 29 2027
7 30 909
7 31 1858
7 32 3089
7 33 861
7 34 1810
7 35 3041
7 36 813
7 37 1762
7 38 2993
7 39 765
7 40 1714
7 41 2945
7 42 717
7 43 1666
7 44 2897
7 45 669
7 46 1618
7 47 2849
7 48 621
7 49 1570
7 50 2801
7 51 573
7 52 1522
7 53 2753
7 54 525
7 55 1474
7 56 2705
7 57 477
7 58 1426
7 59 2657
7 60 429
7 61 1378
7 62 2609
7 63 381
7 64 1330
7 65 2561
7 66 333
7 67 1282
7 68 2513
7 69 285
7 70 1234
7 71 2465
7 72 237
7 73 1186
7 74 2417
7 75 189
7 76 1138
7 77 2369
7 78 141
7 79 1090
7 80 2321
7 81 189
7 82 1138
7 83 2369
7 84 1029
8 0 2311
8 1 1145
8 2 2198
8 3 1311
8 4 741
8 5 2844
8 6 1721
8 7 2818
8 8 0
8 9 2190
8 10 2250
8 11 1434
8 12 1838
8 13 1376
8 14 2442
8 15 2202
8 16 2280
8 17 1764
8 18 504
8 19 2505
8 20 1665
8 21 2342
8 22 1134
8 23 1751
8 24 1367
8 25 1175
8 26 1346
8 27 1778
8 28 821
8 29 1333
8 30 2191
8 31 960
8 32 271
8 33 2239
8 34 1008
8 35 319
8 36 2287
8 37 1056
8 38 367
8 39 2335
8 40 1104
8 41 415
8 42 2383
8 43 1152
8 44 463
8 45 2431
8 46 1200
8 47 511
8 48 2479
8 49 1248
8 50 559
8 51 2527
8 52 1296
8 53 607
8 54 2575
8 55 1344
8 56 655
8 57 2623
8 58 1392
8 59 703
8 60 2671
8 61 1440
8 62 751
8 63 2719
8 64 1488
8 65 799
8 66 2767
8 67 1536
8 68 847
8 69 2815
8 70 1584
8 71 895
8 72 2863
8 73 1632
8 74 943
8 75 2911
8 76 1680
8 77 991
8 78 2959
8 79 1728
8 80 1039
8 81 3007
8 82 1776
8 83 1087
8 84 2311
9 0 505
9 1 1223
9 2 378
9 3 1197
9 4 1449
9 5 884
9 6 1607
9 7 910
9 8 2190
9 9 0
9 10 326
9 11 1970
9 12 1854
9 13 1548
9 14 326
9 15 374
9 16 1256
9 17 1650
9 18 2228
9 19 935
9 20 2123
9 21 330
9 22 1982
9 23 1637
9 24 1253
9 25 1349
9 26 1674
9 27 798
9 28 2007
9 29 1687
9 30 385
9 31 1230
9 32 2461
9 33 337
9 34 1182
9 35 2413
9 36 289
9 37 1134
9 38 2365
9 39 241
9 40 1086
9 41 2317
9 42 193
9 43 1038
9 44 2269
9 45 241
9 46 1086
9 47 2317
9 48 289
9 49 1134
9 50 2365
9 51 337
9 52 1182
9 53 2413
9 54 385
9 55 1230
9 56 2461
9 57 433
9 58 1278
9 59 2509
9 60 481
9 61 1326
9 62 2557
9 63 529
9 64 1374
9 65 2605
9 66 577
9 67 1422
9 68 2653
9 69 625
9 70 1470
9 71 2701
9 72 673
9 73 1518
9 74 2749
9 75 721
9 76 1566
9 77 2797
9 78 769
9 79 1614
9 80 2845
9 81 817
9 82 1662
9 83 2893
9 84 505
10 0 253
10 1 1283
10 2 52
10 3 1449
10 4 1509
10 5 824
10 6 1859
10 7 850
10 8 2250
10 9 326
10 10 0
10 11 2222
10 12 2106
10 13 1800
10 14 266
10 15 122
10 16 1196
10 17 1902
10 18 2384
10 19 875
10 20 2375
10 21 270
10 22 2234
10 23 1889
10 24 1505
10 25 1409
10 26 1926
10 27 642
10 28 2259
10 29 1939
10 30 133
10 31 1290
10 32 2521
10 33 85
10 34 1242
10 35 2473
10 36 37
10 37 1194
10 38 2425
10 39 85
10 40 1242
10 41 2473
10 42 133
10 43 1290
10 44 2521
10 45 181
10 46 1338
10 47 2569
10 48 229
10 49 1386
10 50 2617
10 51 277
10 52 1434
10 53 2665
10 54 325
10 55 1482
10 56 2713
10 57 373
10 58 1530
10 59 2761
10 60 421
10 61 1578
10 62 2809
10 63 469
10 64 1626
10 65 2857
10 66 517
10 67 1674
10 68 2905
10 69 565
10 70 1722
10 71 2953
10 72 613
10 73 1770
10 74 3001
10 75 661
10 76 1818
10 77 3049
10 78 709
10 79 1866
10 80 3097
10 81 757
10 82 1914
10 83 3145
10 84 253
11 0 2475
11 1 1117
11 2 2170
11 3 899
11 4 1343
11 5 1952
11 6 829
11 7 1926
11 8 1434
11 9 1970
11 10 2222
11 11 0
11 12 1076
11 13 1250
11 14 2030
11 15 2270
11 16 1388
11 17 872
11 18 1108
11 19 1613
11 20 1345
11 21 2026
11 22 1258
11 23 859
11 24 1051
11 25 1243
11 26 1280
11 27 1654
11 28 1233
11 29 1293
11 30 2355
11 31 1124
11 32 1163
11 33 2307
11 34 1076
11 35 1115
11 36 2259
11 37 1028
11 38 1067
11 39 2211
11 40 980
11 41 1019
11 42 2163
11 43 932
11 44 971
11 45 2115
11 46 884
11 47 923
11 48 2067
11 49 836
11 50 875
11 51 2019
11 52 788
11 53 827
11 54 1971
11 55 740
11 56 779
11 57 1923
11 58 692
11 59 731
11 60 1875
11 61 644
11 62 683
11 63 1827
11 64 596
11 65 635
11 66 1875
11 67 644
11 68 683
11 69 1923
11 70 692
11 71 731
11 72 1971
11 73 740
11 74 779
11 75 2019
11 76 788
11 77 827
11 78 2067
11 79 836
11 80 875
11 81 2115
11 82 884
11 83 923
11 84 2475
12 0 2359
12 1 1001
12 2 2054
12 3 783
12 4 1227
12 5 1548
12 6 247
12 7 1522
12 8 1838
12 9 1854
12 10 2106
12 11 1076
12 12 0
12 13 1134
12 14 1914
12 15 2154
12 16 984
12 17 564
12 18 1512
12 19 1305
12 20 941
12 21 1910
12 22 1376
12 23 551
12 24 935
12 25 1127
12 26 1164
12 27 1538
12 28 1637
12 29 1177
12 30 2239
12 31 1008
12 32 1567
12 33 2191
12 34 960
12 35 1519
12 36 2143
12 37 912
12 38 1471
12 39 2095
12 40 864
12 41 1423
12 42 2047
12 43 816
12 44 1375
12 45 1999
12 46 768
12 47 1327
12 48 1951
12 49 720
12 50 1279
12 51 1903
12 52 672
12 53 1231
12 54 1855
12 55 624
12 56 1183
12 57 1807
12 58 576
12 59 1135
12 60 1759
12 61 528
12 62 1087
12 63 1711
12 64 480
12 65 1039
12 66 1663
12 67 432
12 68 991
12 69 1615
12 70 384
12 71 943
12 72 1567
12 73 336
12 74 895
12 75 1615
12 76 384
12 77 943
12 78 1663
12 79 432
12 80 991
12 81 1711
12 82 480
12 83 1039
12 84 2359
13 0 2053
13 1 695
13 2 1748
13 3 351
13 4 921
13 5 2010
13 6 887
13 7 1984
13 8 1376
13 9 1548
13 10 1800
13 11 1250
13 12 1134
13 13 0
13 14 1608
13 15 1848
13 16 1446
13 17 930
13 18 1050
13 19 1671
13 20 1403
13 21 1604
13 22 1262
13 23 917
13 24 629
13 25 821
13 26 954
13 27 1232
13 28 1175
13 29 967
13 30 1933
13 31 702
13 32 1105
13 33 1885
13 34 654
13 35 1057
13 36 1837
13 37 606
13 38 1009
13 39 1789
13 40 558
13 41 961
13 42 1741
13 43 510
13 44 913
13 45 1693
13 46 462
13 47 865
13 48 1645
13 49 414
13 50 817
13 51 1693
13 52 462
13 53 865
13 54 1741
13 55 510
13 56 913
13 57 1789
13 58 558
13 59 961
13 60 1837
13 61 606
13 62 1009
13 63 1885
13 64 654
13 65 1057
13 66 1933
13 67 702
13 68 1105
13 69 1981
13 70 750
13 71 1153
13 72 2029
13 73 798
13 74 1201
13 75 2077
13 76 846
13 77 1249
13 78 2125
13 79 894
13 80 1297
13 81 2173
13 82 942
13 83 1345
13 84 2053
14 0 445
14 1 1475
14 2 318
14 3 1257
14 4 1701
14 5 632
14 6 1667
14 7 658
14 8 2442
14 9 326
14 10 266
14 11 2030
14 12 1914
14 13 1608
14 14 0
14 15 314
14 16 1004
14 17 1710
14 18 2480
14 19 683
14 20 2183
14 21 174
14 22 2042
14 23 1697
14 24 1409
14 25 1601
14 26 1734
14 27 738
14 28 2163
14 29 1747
14 30 325
14 31 1482
14 32 2713
14 33 277
14 34 1434
14 35 2665
14 36 229
14 37 1386
14 38 2617
14 39 181
14 40 1338
14 41 2569
14 42 133
14 43 1290
14 44 2521
14 45 85
14 46 1242
14 47 2473
14 48 37
14 49 1194
14 50 2425
14 51 85
14 52 1242
14 53 2473
14 54 133
14 55 1290
14 56 2521
14 57 181
14 58 1338
14 59 2569
14 60 229
14 61 1386
14 62 2617
14 63 277
14 64 1434
14 65 2665
14 66 325
14 67 1482
14 68 2713
14 69 373
14 70 1530
14 71 2761
14 72 421
14 73 1578
14 74 2809
14 75 469
14 76 1626
14 77 2857
14 78 517
14 79 1674
14 80 2905
14 81 565
14 82 1722
14 83 2953
14 84 445
15 0 205
15 1 1331
15 2 174
15 3 1497
15 4 1461
15 5 872
15 6 1907
15 7 898
15 8 2202
15 9 374
15 10 122
15 11 2270
15 12 2154
15 13 1848
15 14 314
15 15 0
15 16 1244
15 17 1950
15 18 2432
15 19 923
15 20 2423
15 21 318
15 22 2282
15 23 1937
15 24 1553
15 25 1361
15 26 1974
15 27 690
15 28 2307
15 29 1987
15 30 85
15 31 1242
15 32 2473
15 33 37
15 34 1194
15 35 2425
15 36 85
15 37 1242
15 38 2473
15 39 133
15 40 1290
15 41 2521
15 42 181
15 43 1338
15 44 2569
15 45 229
15 46 1386
15 47 2617
15 48 277
15 49 1434
15 50 2665
15 51 325
15 52 1482
15 53 2713
15 54 373
15 55 1530
15 56 2761
15 57 421
15 58 1578
15 59 2809
15 60 469
15 61 1626
15 62 2857
15 63 517
15 64 1674
15 65 2905
15 66 565
15 67 1722
15 68 2953
15 69 613
15 70 1770
15 71 3001
15 72 661
15 73 1818
15 74 3049
15 75 709
15 76 1866
15 77 3097
15 78 757
15 79 1914
15 80 3145
15 81 805
15 82 1962
15 83 3193
15 84 205
16 0 1375
16 1 1313
16 2 1248
16 3 1095
16 4 1539
16 5 794
16 6 737
16 7 820
16 8 2280
16 9 1256
16 10 1196
16 11 1388
16 12 984
16 13 1446
16 14 1004
16 15 1244
16 16 0
16 17 876
16 18 2318
16 19 941
16 20 1253
16 21 1104
16 22 1688
16 23 863
16 24 1247
16 25 1439
16 26 1476
16 27 1668
16 28 2001
16 29 1489
16 30 1255
16 31 1320
16 32 2551
16 33 1207
16 34 1272
16 35 2503
16 36 1159
16 37 1224
16 38 2455
16 39 1111
16 40 1176
16 41 2407
16 42 1063
16 43 1128
16 44 2359
16 45 1015
16 46 1080
16 47 2311
16 48 967
16 49 1032
16 50 2263
16 51 919
16 52 984
16 53 2215
16 54 871
16 55 936
16 56 2167
16 57 823
16 58 888
16 59 2119
16 60 775
16 61 840
16 62 2071
16 63 727
16 64 792
16 65 2023
16 66 679
16 67 744
16 68 1975
16 69 631
16 70 696
16 71 1927
16 72 583
16 73 648
16 74 1879
16 75 631
16 76 696
16 77 1927
16 78 679
16 79 744
16 80 1975
16 81 727
16 82 792
16 83 2023
16 84 1375
17 0 2155
17 1 797
17 2 1850
17 3 579
17 4 1023
17 5 1440
17 6 317
17 7 1414
17 8 1764
17 9 1650
17 10 1902
17 11 872
17 12 564
17 13 930
17 14 1710
17 15 1950
17 16 876
17 17 0
17 18 1620
17 19 1101
17 20 833
17 21 1706
17 22 1172
17 23 13
17 24 731
17 25 923
17 26 960
17 27 1334
17 28 1485
17 29 973
17 30 2035
17 31 804
17 32 1675
17 33 1987
17 34 756
17 35 1627
17 36 1939
17 37 708
17 38 1579
17 39 1891
17 40 660
17 41 1531
17 42 1843
17 43 612
17 44 1483
17 45 1795
17 46 564
17 47 1435
17 48 1747
17 49 516
17 50 1387
17 51 1699
17 52 468
17 53 1339
17 54 1651
17 55 420
17 56 1291
17 57 1603
17 58 372
17 59 1243
17 60 1555
17 61 324
17 62 1195
17 63 1507
17 64 276
17 65 1147
17 66 1459
17 67 228
17 68 1099
17 69 1411
17 70 180
17 71 1051
17 72 1459
17 73 228
17 74 1099
17 75 1507
17 76 276
17 77 1147
17 78 1555
17 79 324
17 80 1195
17 81 1603
17 82 372
17 83 1243
17 84 2155
18 0 2637
18 1 1279
18 2 2332
18 3 1349
18 4 1245
18 5 2882
18 6 1759
18 7 2856
18 8 504
18 9 2228
18 10 2384
18 11 1108
18 12 1512
18 13 1050
18 14 2480
18 15 2432
18 16 2318
18 17 1620
18 18 0
18 19 2543
18 20 1339
18 21 2380
18 22 808
18 23 1633
18 24 1249
18 25 1249
18 26 1020
18 27 1816
18 28 495
18 29 1007
18 30 2517
18 31 1286
18 32 233
18 33 2469
18 34 1238
18 35 185
18 36 2421
18 37 1190
18 38 137
18 39 2373
18 40 1142
18 41 89
18 42 2421
18 43 1190
18 44 137
18 45 2469
18 46 1238
18 47 185
18 48 2517
18 49 1286
18 50 233
18 51 2565
18 52 1334
18 53 281
18 54 2613
18 55 1382
18 56 329
18 57 2661
18 58 1430
18 59 377
18 60 2709
18 61 1478
18 62 425
18 63 2757
18 64 1526
18 65 473
18 66 2805
18 67 1574
18 68 521
18 69 2853
18 70 1622
18 71 569
18 72 2901
18 73 1670
18 74 617
18 75 2949
18 76 1718
18 77 665
18 78 2997
18 79 1766
18 80 713
18 81 3045
18 82 1814
18 83 761
18 84 2637
19 0 1054
19 1 1538
19 2 927
19 3 1320
19 4 1764
19 5 569
19 6 1058
19 7 595
19 8 2505
19 9 935
19 10 875
19 11 1613
19 12 1305
19 13 1671
19 14 683
19 15 923
19 16 941
19 17 1101
19 18 2543
19 19 0
19 20 1574
19 21 783
19 22 1913
19 23 1088
19 24 1472
19 25 1664
19 26 1701
19 27 1347
19 28 2226
19 29 1714
19 30 934
19 31 1545
19 32 2776
19 33 886
19 34 1497
19 35 2728
19 36 838
19 37 1449
19 38 2680
19 39 790
19 40 1401
19 41 2632
19 42 742
19 43 1353
19 44 2584
19 45 694
19 46 1305
19 47 2536
19 48 646
19 49 1257
19 50 2488
19 51 598
19 52 1209
19 53 2440
19 54 550
19 55 1161
19 56 2392
19 57 502
19 58 1113
19 59 2344
19 60 454
19 61 1065
19 62 2296
19 63 406
19 64 1017
19 65 2248
19 66 358
19 67 969
19 68 2200
19 69 310
19 70 921
19 71 2152
19 72 358
19 73 969
19 74 2200
19 75 406
19 76 1017
19 77 2248
19 78 454
19 79 1065
19 80 2296
19 81 502
19 82 1113
19 83 2344
19 84 1054
20 0 2628
20 1 1270
20 2 2323
20 3 1052
20 4 1496
20 5 1721
20 6 694
20 7 1695
20 8 1665
20 9 2123
20 10 2375
20 11 1345
20 12 941
20 13 1403
20 14 2183
20 15 2423
20 16 1253
20 17 833
20 18 1339
20 19 1574
20 20 0
20 21 2179
20 22 1489
20 23 820
20 24 1204
20 25 1396
20 26 1433
20 27 1807
20 28 1464
20 29 1446
20 30 2508
20 31 1277
20 32 1394
20 33 2460
20 34 1229
20 35 1346
20 36 2412
20 37 1181
20 38 1298
20 39 2364
20 40 1133
20 41 1250
20 42 2316
20 43 1085
20 44 1202
20 45 2268
20 46 1037
20 47 1154
20 48 2220
20 49 989
20 50 1106
20 51 2172
20 52 941
20 53 1058
20 54 2124
20 55 893
20 56 1010
20 57 2076
20 58 845
20 59 962
20 60 2028
20 61 797
20 62 914
20 63 1980
20 64 749
20 65 866
20 66 1932
20 67 701
20 68 818
20 69 1884
20 70 653
20 71 770
20 72 1836
20 73 605
20 74 722
20 75 1788
20 76 557
20 77 674
20 78 1836
20 79 605
20 80 722
20 81 1884
20 82 653
20 83 770
20 84 2628
21 0 449
21 1 1375
21 2 322
21 3 1253
21 4 1601
21 5 732
21 6 1663
21 7 758
21 8 2342
21 9 330
21 10 270
21 11 2026
21 12 1910
21 13 1604
21 14 174
21 15 318
21 16 1104
21 17 1706
21 18 2380
21 19 783
21 20 2179
21 21 0
21 22 2038
21 23 1693
21 24 1309
21 25 1501
21 26 1730
21 27 742
21 28 2063
21 29 1743
21 30 329
21 31 1382
21 32 2613
21 33 281
21 34 1334
21 35 2565
21 36 233
21 37 1286
21 38 2517
21 39 185
21 40 1238
21 41 2469
21 42 137
21 43 1190
21 44 2421
21 45 89
21 46 1142
21 47 2373
21 48 137
21 49 1190
21 50 2421
21 51 185
21 52 1238
21 53 2469
21 54 233
21 55 1286
21 56 2517
21 57 281
21 58 1334
21 59 2565
21 60 329
21 61 1382
21 62 2613
21 63 377
21 64 1430
21 65 2661
21 66 425
21 67 1478
21 68 2709
21 69 473
21 70 1526
21 71 2757
21 72 521
21 73 1574
21 74 2805
21 75 569
21 76 1622
21 77 2853
21 78 617
21 79 1670
21 80 2901
21 81 665
21 82 1718
21 83 2949
21 84 449
22 0 2487
22 1 1129
22 2 2182
22 3 911
22 4 1355
22 5 2252
22 6 1129
22 7 2226
22 8 1134
22 9 1982
22 10 2234
22 11 1258
22 12 1376
22 13 1262
22 14 2042
22 15 2282
22 16 1688
22 17 1172
22 18 808
22 19 1913
22 20 1489
22 21 2038
22 22 0
22 23 1159
22 24 1063
22 25 1255
22 26 1266
22 27 1666
22 28 933
22 29 1253
22 30 2367
22 31 1136
22 32 863
22 33 2319
22 34 1088
22 35 815
22 36 2271
22 37 1040
22 38 767
22 39 2223
22 40 992
22 41 719
22 42 2175
22 43 944
22 44 671
22 45 2127
22 46 896
22 47 623
22 48 2079
22 49 848
22 50 575
22 51 2031
22 52 800
22 53 527
22 54 1983
22 55 752
22 56 479
22 57 2031
22 58 800
22 59 527
22 60 2079
22 61 848
22 62 575
22 63 2127
22 64 896
22 65 623
22 66 2175
22 67 944
22 68 671
22 69 2223
22 70 992
22 71 719
22 72 2271
22 73 1040
22 74 767
22 75 2319
22 76 1088
22 77 815
22 78 2367
22 79 1136
22 80 863
22 81 2415
22 82 1184
22 83 911
22 84 2487
23 0 2142
23 1 784
23 2 1837
23 3 566
23 4 1010
23 5 1427
23 6 304
23 7 1401
23 8 1751
23 9 1637
23 10 1889
23 11 859
23 12 551
23 13 917
23 14 1697
23 15 1937
23 16 863
23 17 13
23 18 1633
23 19 1088
23 20 820
23 21 1693
23 22 1159
23 23 0
23 24 718
23 25 910
23 26 947
23 27 1321
23 28 1472
23 29 960
23 30 2022
23 31 791
23 32 1688
23 33 1974
23 34 743
23 35 1640
23 36 1926
23 37 695
23 38 1592
23 39 1878
23 40 647
23 41 1544
23 42 1830
23 43 599
23 44 1496
23 45 1782
23 46 551
23 47 1448
23 48 1734
23 49 503
23 50 1400
23 51 1686
23 52 455
23 53 1352
23 54 1638
23 55 407
23 56 1304
23 57 1590
23 58 359
23 59 1256
23 60 1542
23 61 311
23 62 1208
23 63 1494
23 64 263
23 65 1160
23 66 1446
23 67 215
23 68 1112
23 69 1398
23 70 167
23 71 1064
23 72 1446
23 73 215
23 74 1112
23 75 1494
23 76 263
23 77 1160
23 78 1542
23 79 311
23 80 1208
23 81 1590
23 82 359
23 83 1256
23 84 2142
24 0 1758
24 1 400
24 2 1453
24 3 278
24 4 626
24 5 1811
24 6 688
24 7 1785
24 8 1367
24 9 1253
24 10 1505
24 11 1051
24 12 935
24 13 629
24 14 1409
24 15 1553
24 16 1247
24 17 731
24 18 1249
24 19 1472
24 20 1204
24 21 1309
24 22 1063
24 23 718
24 24 0
24 25 526
24 26 755
24 27 937
24 28 754
24 29 768
24 30 1638
24 31 407
24 32 1304
24 33 1590
24 34 359
24 35 1256
24 36 1542
24 37 311
24 38 1208
24 39 1494
24 40 263
24 41 1160
24 42 1446
24 43 215
24 44 1112
24 45 1398
24 46 167
24 47 1064
24 48 1446
24 49 215
24 50 1112
24 51 1494
24 52 263
24 53 1160
24 54 1542
24 55 311
24 56 1208
24 57 1590
24 58 359
24 59 1256
24 60 1638
24 61 407
24 62 1304
24 63 1686
24 64 455
24 65 1352
24 66 1734
24 67 503
24 68 1400
24 69 1782
24 70 551
24 71 1448
24 72 1830
24 73 599
24 74 1496
24 75 1878
24 76 647
24 77 1544
24 78 1926
24 79 695
24 80 1592
24 81 1974
24 82 743
24 83 1640
24 84 1758
25 0 1566
25 1 304
25 2 1357
25 3 470
25 4 434
25 5 2003
25 6 880
25 7 1977
25 8 1175
25 9 1349
25 10 1409
25 11 1243
25 12 1127
25 13 821
25 14 1601
25 15 1361
25 16 1439
25 17 923
25 18 1249
25 19 1664
25 20 1396
25 21 1501
25 22 1255
25 23 910
25 24 526
25 25 0
25 26 947
25 27 937
25 28 1280
25 29 960
25 30 1446
25 31 215
25 32 1112
25 33 1398
25 34 167
25 35 1064
25 36 1446
25 37 215
25 38 1112
25 39 1494
25 40 263
25 41 1160
25 42 1542
25 43 311
25 44 1208
25 45 1590
25 46 359
25 47 1256
25 48 1638
25 49 407
25 50 1304
25 51 1686
25 52 455
25 53 1352
25 54 1734
25 55 503
25 56 1400
25 57 1782
25 58 551
25 59 1448
25 60 1830
25 61 599
25 62 1496
25 63 1878
25 64 647
25 65 1544
25 66 1926
25 67 695
25 68 1592
25 69 1974
25 70 743
25 71 1640
25 72 2022
25 73 791
25 74 1688
25 75 2070
25 76 839
25 77 1736
25 78 2118
25 79 887
25 80 1784
25 81 2166
25 82 935
25 83 1832
25 84 1566
26 0 2179
26 1 821
26 2 1874
26 3 603
26 4 1047
26 5 2040
26 6 917
26 7 2014
26 8 1346
26 9 1674
26 10 1926
26 11 1280
26 12 1164
26 13 954
26 14 1734
26 15 1974
26 16 1476
26 17 960
26 18 1020
26 19 1701
26 20 1433
26 21 1730
26 22 1266
26 23 947
26 24 755
26 25 947
26 26 0
26 27 1358
26 28 1145
26 29 13
26 30 2059
26 31 828
26 32 1075
26 33 2011
26 34 780
26 35 1027
26 36 1963
26 37 732
26 38 979
26 39 1915
26 40 684
26 41 931
26 42 1867
26 43 636
26 44 883
26 45 1819
26 46 588
26 47 835
26 48 1771
26 49 540
26 50 787
26 51 1723
26 52 492
26 53 739
26 54 1771
26 55 540
26 56 787
26 57 1819
26 58 588
26 59 835
26 60 1867
26 61 636
26 62 883
26 63 1915
26 64 684
26 65 931
26 66 1963
26 67 732
26 68 979
26 69 2011
26 70 780
26 71 1027
26 72 2059
26 73 828
26 74 1075
26 75 2107
26 76 876
26 77 1123
26 78 2155
26 79 924
26 80 1171
26 81 2203
26 82 972
26 83 1219
26 84 2179
27 0 821
27 1 811
27 2 694
27 3 881
27 4 1037
27 5 1296
27 6 1291
27 7 1322
27 8 1778
27 9 798
27 10 642
27 11 1654
27 12 1538
27 13 1232
27 14 738
27 15 690
27 16 1668
27 17 1334
27 18 1816
27 19 1347
27 20 1807
27 21 742
27 22 1666
27 23 1321
27 24 937
27 25 937
27 26 1358
27 27 0
27 28 1691
27 29 1371
27 30 701
27 31 818
27 32 2049
27 33 653
27 34 770
27 35 2001
27 36 605
27 37 722
27 38 1953
27 39 557
27 40 674
27 41 1905
27 42 605
27 43 722
27 44 1953
27 45 653
27 46 770
27 47 2001
27 48 701
27 49 818
27 50 2049
27 51 749
27 52 866
27 53 2097
27 54 797
27 55 914
27 56 2145
27 57 845
27 58 962
27 59 2193
27 60 893
27 61 1010
27 62 2241
27 63 941
27 64 1058
27 65 2289
27 66 989
27 67 1106
27 68 2337
27 69 1037
27 70 1154
27 71 2385
27 72 1085
27 73 1202
27 74 2433
27 75 1133
27 76 1250
27 77 2481
27 78 1181
27 79 1298
27 80 2529
27 81 1229
27 82 1346
27 83 2577
27 84 821
28 0 2512
28 1 1154
28 2 2207
28 3 1032
28 4 1380
28 5 2565
28 6 1442
28 7 2539
28 8 821
28 9 2007
28 10 2259
28 11 1233
28 12 1637
28 13 1175
28 14 2163
28 15 2307
28 16 2001
28 17 1485
28 18 495
28 19 2226
28 20 1464
28 21 2063
28 22 933
28 23 1472
28 24 754
28 25 1280
28 26 1145
28 27 1691
28 28 0
28 29 1132
28 30 2392
28 31 1161
28 32 550
28 33 2344
28 34 1113
28 35 502
28 36 2296
28 37 1065
28 38 454
28 39 2248
28 40 1017
28 41 406
28 42 2200
28 43 969
28 44 358
28 45 2152
28 46 921
28 47 310
28 48 2200
28 49 969
28 50 358
28 51 2248
28 52 1017
28 53 406
28 54 2296
28 55 1065
28 56 454
28 57 2344
28 58 1113
28 59 502
28 60 2392
28 61 1161
28 62 550
28 63 2440
28 64 1209
28 65 598
28 66 2488
28 67 1257
28 68 646
28 69 2536
28 70 1305
28 71 694
28 72 2584
28 73 1353
28 74 742
28 75 2632
28 76 1401
28 77 790
28 78 2680
28 79 1449
28 80 838
28 81 2728
28 82 1497
28 83 886
28 84 2512
29 0 2192
29 1 834
29 2 1887
29 3 616
29 4 1060
29 5 2053
29 6 930
29 7 2027
29 8 1333
29 9 1687
29 10 1939
29 11 1293
29 12 1177
29 13 967
29 14 1747
29 15 1987
29 16 1489
29 17 973
29 18 1007
29 19 1714
29 20 1446
29 21 1743
29 22 1253
29 23 960
29 24 768
29 25 960
29 26 13
29 27 1371
29 28 1132
29 29 0
29 30 2072
29 31 841
29 32 1062
29 33 2024
29 34 793
29 35 1014
29 36 1976
29 37 745
29 38 966
29 39 1928
29 40 697
29 41 918
29 42 1880
29 43 649
29 44 870
29 45 1832
29 46 601
29 47 822
29 48 1784
29 49 553
29 50 774
29 51 1736
29 52 505
29 53 726
29 54 1784
29 55 553
29 56 774
29 57 1832
29 58 601
29 59 822
29 60 1880
29 61 649
29 62 870
29 63 1928
29 64 697
29 65 918
29 66 1976
29 67 745
29 68 966
29 69 2024
29 70 793
29 71 1014
29 72 2072
29 73 841
29 74 1062
29 75 2120
29 76 889
29 77 1110
29 78 2168
29 79 937
29 80 1158
29 81 2216
29 82 985
29 83 1206
29 84 2192
30 0 120
30 1 1416
30 2 185
30 3 1582
30 4 1450
30 5 883
30 6 1992
30 7 909
30 8 2191
30 9 385
30 10 133
30 11 2355
30 12 2239
30 13 1933
30 14 325
30 15 85
30 16 1255
30 17 2035
30 18 2517
30 19 934
30 20 2508
30 21 329
30 22 2367
30 23 2022
30 24 1638
30 25 1446
30 26 2059
30 27 701
30 28 2392
30 29 2072
30 30 0
30 31 1231
30 32 2462
30 33 48
30 34 1279
30 35 2510
30 36 96
30 37 1327
30 38 2558
30 39 144
30 40 1375
30 41 2606
30 42 192
30 43 1423
30 44 2654
30 45 240
30 46 1471
30 47 2702
30 48 288
30 49 1519
30 50 2750
30 51 336
30 52 1567
30 53 2798
30 54 384
30 55 1615
30 56 2846
30 57 432
30 58 1663
30 59 2894
30 60 480
30 61 1711
30 62 2942
30 63 528
30 64 1759
30 65 2990
30 66 576
30 67 1807
30 68 3038
30 69 624
30 70 1855
30 71 3086
30 72 672
30 73 1903
30 74 3134
30 75 720
30 76 1951
30 77 3182
30 78 768
30 79 1999
30 80 3230
30 81 816
30 82 2047
30 83 3278
30 84 120
31 0 1351
31 1 185
31 2 1238
31 3 351
31 4 219
31 5 1884
31 6 761
31 7 1858
31 8 960
31 9 1230
31 10 1290
31 11 1124
31 12 1008
31 13 702
31 14 1482
31 15 1242
31 16 1320
31 17 804
31 18 1286
31 19 1545
31 20 1277
31 21 1382
31 22 1136
31 23 791
31 24 407
31 25 215
31 26 828
31 27 818
31 28 1161
31 29 841
31 30 1231
31 31 0
31 32 1231
31 33 1279
31 34 48
31 35 1279
31 36 1327
31 37 96
31 38 1327
31 39 1375
31 40 144
31 41 1375
31 42 1423
31 43 192
31 44 1423
31 45 1471
31 46 240
31 47 1471
31 48 1519
31 49 288
31 50 1519
31 51 1567
31 52 336
31 53 1567
31 54 1615
31 55 384
31 56 1615
31 57 1663
31 58 432
31 59 1663
31 60 1711
31 61 480
31 62 1711
31 63 1759
31 64 528
31 65 1759
31 66 1807
31 67 576
31 68 1807
31 69 1855
31 70 624
31 71 1855
31 72 1903
31 73 672
31 74 1903
31 75 1951
31 76 720
31 77 1951
31 78 1999
31 79 768
31 80 1999
31 81 2047
31 82 816
31 83 2047
31 84 1351
32 0 2582
32 1 1238
32 2 2469
32 3 1456
32 4 1012
32 5 3115
32 6 1814
32 7 3089
32 8 271
32 9 2461
32 10 2521
32 11 1163
32 12 1567
32 13 1105
32 14 2713
32 15 2473
32 16 2551
32 17 1675
32 18 233
32 19 2776
32 20 1394
32 21 2613
32 22 863
32 23 1688
32 24 1304
32 25 1112
32 26 1075
32 27 2049
32 28 550
32 29 1062
32 30 2462
32 31 1231
32 32 0
32 33 2510
32 34 1279
32 35 48
32 36 2558
32 37 1327
32 38 96
32 39 2606
32 40 1375
32 41 144
32 42 2654
32 43 1423
32 44 192
32 45 2702
32 46 1471
32 47 240
32 48 2750
32 49 1519
32 50 288
32 51 2798
32 52 1567
32 53 336
32 54 2846
32 55 1615
32 56 384
32 57 2894
32 58 1663
32 59 432
32 60 2942
32 61 1711
32 62 480
32 63 2990
32 64 1759
32 65 528
32 66 3038
32 67 1807
32 68 576
32 69 3086
32 70 1855
32 71 624
32 72 3134
32 73 1903
32 74 672
32 75 3182
32 76 1951
32 77 720
32 78 3230
32 79 1999
32 80 768
32 81 3278
32 82 2047
32 83 816
32 84 2582
33 0 168
33 1 1368
33 2 137
33 3 1534
33 4 1498
33 5 835
33 6 1944
33 7 861
33 8 2239
33 9 337
33 10 85
33 11 2307
33 12 2191
33 13 1885
33 14 277
33 15 37
33 16 1207
33 17 1987
33 18 2469
33 19 886
33 20 2460
33 21 281
33 22 2319
33 23 1974
33 24 1590
33 25 1398
33 26 2011
33 27 653
33 28 2344
33 29 2024
33 30 48
33 31 1279
33 32 2510
33 33 0
33 34 1231
33 35 2462
33 36 48
33 37 1279
33 38 2510
33 39 96
33 40 1327
33 41 2558
33 42 144
33 43 1375
33 44 2606
33 45 192
33 46 1423
33 47 2654
33 48 240
33 49 1471
33 50 2702
33 51 288
33 52 1519
33 53 2750
33 54 336
33 55 1567
33 56 2798
33 57 384
33 58 1615
33 59 2846
33 60 432
33 61 1663
33 62 2894
33 63 480
33 64 1711
33 65 2942
33 66 528
33 67 1759
33 68 2990
33 69 576
33 70 1807
33 71 3038
33 72 624
33 73 1855
33 74 3086
33 75 672
33 76 1903
33 77 3134
33 78 720
33 79 1951
33 80 3182
33 81 768
33 82 1999
33 83 3230
33 84 168
34 0 1399
34 1 137
34 2 1190
34 3 303
34 4 267
34 5 1836
34 6 713
34 7 1810
34 8 1008
34 9 1182
34 10 1242
34 11 1076
34 12 960
34 13 654
34 14 1434
34 15 1194
34 16 1272
34 17 756
34 18 1238
34 19 1497
34 20 1229
34 21 1334
34 22 1088
34 23 743
34 24 359
34 25 167
34 26 780
34 27 770
34 28 1113
34 29 793
34 30 1279
34 31 48
34 32 1279
34 33 1231
34 34 0
34 35 1231
34 36 1279
34 37 48
34 38 1279
34 39 1327
34 40 96
34 41 1327
34 42 1375
34 43 144
34 44 1375
34 45 1423
34 46 192
34 47 1423
34 48 1471
34 49 240
34 50 1471
34 51 1519
34 52 288
34 53 1519
34 54 1567
34 55 336
34 56 1567
34 57 1615
34 58 384
34 59 1615
34 60 1663
34 61 432
34 62 1663
34 63 1711
34 64 480
34 65 1711
34 66 1759
34 67 528
34 68 1759
34 69 1807
34 70 576
34 71 1807
34 72 1855
34 73 624
34 74 1855
34 75 1903
34 76 672
34 77 1903
34 78 1951
34 79 720
34 80 1951
34 81 1999
34 82 768
34 83 1999
34 84 1399
35 0 2630
35 1 1190
35 2 2421
35 3 1408
35 4 1060
35 5 3067
35 6 1766
35 7 3041
35 8 319
35 9 2413
35 10 2473
35 11 1115
35 12 1519
35 13 1057
35 14 2665
35 15 2425
35 16 2503
35 17 1627
35 18 185
35 19 2728
35 20 1346
35 21 2565
35 22 815
35 23 1640
35 24 1256
35 25 1064
35 26 1027
35 27 2001
35 28 502
35 29 1014
35 30 2510
35 31 1279
35 32 48
35 33 2462
35 34 1231
35 35 0
35 36 2510
35 37 1279
35 38 48
35 39 2558
35 40 1327
35 41 96
35 42 2606
35 43 1375
35 44 144
35 45 2654
35 46 1423
35 47 192
35 48 2702
35 49 1471
35 50 240
35 51 2750
35 52 1519
35 53 288
35 54 2798
35 55 1567
35 56 336
35 57 2846
35 58 1615
35 59 384
35 60 2894
35 61 1663
35 62 432
35 63 2942
35 64 1711
35 65 480
35 66 2990
35 67 1759
35 68 528
35 69 3038
35 70 1807
35 71 576
35 72 3086
35 73 1855
35 74 624
35 75 3134
35 76 1903
35 77 672
35 78 3182
35 79 1951
35 80 720
35 81 3230
35 82 1999
35 83 768
35 84 2630
36 0 216
36 1 1320
36 2 89
36 3 1486
36 4 1546
36 5 787
36 6 1896
36 7 813
36 8 2287
36 9 289
36 10 37
36 11 2259
36 12 2143
36 13 1837
36 14 229
36 15 85
36 16 1159
36 17 1939
36 18 2421
36 19 838
36 20 2412
36 21 233
36 22 2271
36 23 1926
36 24 1542
36 25 1446
36 26 1963
36 27 605
36 28 2296
36 29 1976
36 30 96
36 31 1327
36 32 2558
36 33 48
36 34 1279
36 35 2510
36 36 0
36 37 1231
36 38 2462
36 39 48
36 40 1279
36 41 2510
36 42 96
36 43 1327
36 44 2558
36 45 144
36 46 1375
36 47 2606
36 48 192
36 49 1423
36 50 2654
36 51 240
36 52 1471
36 53 2702
36 54 288
36 55 1519
36 56 2750
36 57 336
36 58 1567
36 59 2798
36 60 384
36 61 1615
36 62 2846
36 63 432
36 64 1663
36 65 2894
36 66 480
36 67 1711
36 68 2942
36 69 528
36 70 1759
36 71 2990
36 72 576
36 73 1807
36 74 3038
36 75 624
36 76 1855
36 77 3086
36 78 672
36 79 1903
36 80 3134
36 81 720
36 82 1951
36 83 3182
36 84 216
37 0 1447
37 1 89
37 2 1142
37 3 255
37 4 315
37 5 1788
37 6 665
37 7 1762
37 8 1056
37 9 1134
37 10 1194
37 11 1028
37 12 912
37 13 606
37 14 1386
37 15 1242
37 16 1224
37 17 708
37 18 1190
37 19 1449
37 20 1181
37 21 1286
37 22 1040
37 23 695
37 24 311
37 25 215
37 26 732
37 27 722
37 28 1065
37 29 745
37 30 1327
37 31 96
37 32 1327
37 33 1279
37 34 48
37 35 1279
37 36 1231
37 37 0
37 38 1231
37 39 1279
37 40 48
37 41 1279
37 42 1327
37 43 96
37 44 1327
37 45 1375
37 46 144
37 47 1375
37 48 1423
37 49 192
37 50 1423
37 51 1471
37 52 240
37 53 1471
37 54 1519
37 55 288
37 56 1519
37 57 1567
37 58 336
37 59 1567
37 60 1615
37 61 384
37 62 1615
37 63 1663
37 64 432
37 65 1663
37 66 1711
37 67 480
37 68 1711
37 69 1759
37 70 528
37 71 1759
37 72 1807
37 73 576
37 74 1807
37 75 1855
37 76 624
37 77 1855
37 78 1903
37 79 672
37 80 1903
37 81 1951
37 82 720
37 83 1951
37 84 1447
38 0 2678
38 1 1142
38 2 2373
38 3 1360
38 4 1108
38 5 3019
38 6 1718
38 7 2993
38 8 367
38 9 2365
38 10 2425
38 11 1067
38 12 1471
38 13 1009
38 14 2617
38 15 2473
38 16 2455
38 17 1579
38 18 137
38 19 2680
38 20 1298
38 21 2517
38 22 767
38 23 1592
38 24 1208
38 25 1112
38 26 979
38 27 1953
38 28 454
38 29 966
38 30 2558
38 31 1327
38 32 96
38 33 2510
38 34 1279
38 35 48
38 36 2462
38 37 1231
38 38 0
38 39 2510
38 40 1279
38 41 48
38 42 2558
38 43 1327
38 44 96
38 45 2606
38 46 1375
38 47 144
38 48 2654
38 49 1423
38 50 192
38 51 2702
38 52 1471
38 53 240
38 54 2750
38 55 1519
38 56 288
38 57 2798
38 58 1567
38 59 336
38 60 2846
38 61 1615
38 62 384
38 63 2894
38 64 1663
38 65 432
38 66 2942
38 67 1711
38 68 480
38 69 2990
38 70 1759
38 71 528
38 72 3038
38 73 1807
38 74 576
38 75 3086
38 76 1855
38 77 624
38 78 3134
38 79 1903
38 80 672
38 81 3182
38 82 1951
38 83 720
38 84 2678
39 0 264
39 1 1368
39 2 137
39 3 1438
39 4 1594
39 5 739
39 6 1848
39 7 765
39 8 2335
39 9 241
39 10 85
39 11 2211
39 12 2095
39 13 1789
39 14 181
39 15 133
39 16 1111
39 17 1891
39 18 2373
39 19 790
39 20 2364
39 21 185
39 22 2223
39 23 1878
39 24 1494
39 25 1494
39 26 1915
39 27 557
39 28 2248
39 29 1928
39 30 144
39 31 1375
39 32 2606
39 33 96
39 34 1327
39 35 2558
39 36 48
39 37 1279
39 38 2510
39 39 0
39 40 1231
39 41 2462
39 42 48
39 43 1279
39 44 2510
39 45 96
39 46 1327
39 47 2558
39 48 144
39 49 1375
39 50 2606
39 51 192
39 52 1423
39 53 2654
39 54 240
39 55 1471
39 56 2702
39 57 288
39 58 1519
39 59 2750
39 60 336
39 61 1567
39 62 2798
39 63 384
39 64 1615
39 65 2846
39 66 432
39 67 1663
39 68 2894
39 69 480
39 70 1711
39 71 2942
39 72 528
39 73 1759
39 74 2990
39 75 576
39 76 1807
39 77 3038
39 78 624
39 79 1855
39 80 3086
39 81 672
39 82 1903
39 83 3134
39 84 264
40 0 1495
40 1 137
40 2 1190
40 3 207
40 4 363
40 5 1740
40 6 617
40 7 1714
40 8 1104
40 9 1086
40 10 1242
40 11 980
40 12 864
40 13 558
40 14 1338
40 15 1290
40 16 1176
40 17 660
40 18 1142
40 19 1401
40 20 1133
40 21 1238
40 22 992
40 23 647
40 24 263
40 25 263
40 26 684
40 27 674
40 28 1017
40 29 697
40 30 1375
40 31 144
40 32 1375
40 33 1327
40 34 96
40 35 1327
40 36 1279
40 37 48
40 38 1279
40 39 1231
40 40 0
40 41 1231
40 42 1279
40 43 48
40 44 1279
40 45 1327
40 46 96
40 47 1327
40 48 1375
40 49 144
40 50 1375
40 51 1423
40 52 192
40 53 1423
40 54 1471
40 55 240
40 56 1471
40 57 1519
40 58 288
40 59 1519
40 60 1567
40 61 336
40 62 1567
40 63 1615
40 64 384
40 65 1615
40 66 1663
40 67 432
40 68 1663
40 69 1711
40 70 480
40 71 1711
40 72 1759
40 73 528
40 74 1759
40 75 1807
40 76 576
40 77 1807
40 78 1855
40 79 624
40 80 1855
40 81 1903
40 82 672
40 83 1903
40 84 1495
41 0 2726
41 1 1190
41 2 2421
41 3 1312
41 4 1156
41 5 2971
41 6 1670
41 7 2945
41 8 415
41 9 2317
41 10 2473
41 11 1019
41 12 1423
41 13 961
41 14 2569
41 15 2521
41 16 2407
41 17 1531
41 18 89
41 19 2632
41 20 1250
41 21 2469
41 22 719
41 23 1544
41 24 1160
41 25 1160
41 26 931
41 27 1905
41 28 406
41 29 918
41 30 2606
41 31 1375
41 32 144
41 33 2558
41 34 1327
41 35 96
41 36 2510
41 37 1279
41 38 48
41 39 2462
41 40 1231
41 41 0
41 42 2510
41 43 1279
41 44 48
41 45 2558
41 46 1327
41 47 96
41 48 2606
41 49 1375
41 50 144
41 51 2654
41 52 1423
41 53 192
41 54 2702
41 55 1471
41 56 240
41 57 2750
41 58 1519
41 59 288
41 60 2798
41 61 1567
41 62 336
41 63 2846
41 64 1615
41 65 384
41 66 2894
41 67 1663
41 68 432
41 69 2942
41 70 1711
41 71 480
41 72 2990
41 73 1759
41 74 528
41 75 3038
41 76 1807
41 77 576
41 78 3086
41 79 1855
41 80 624
41 81 3134
41 82 1903
41 83 672
41 84 2726
42 0 312
42 1 1416
42 2 185
42 3 1390
42 4 1642
42 5 691
42 6 1800
42 7 717
42 8 2383
42 9 193
42 10 133
42 11 2163
42 12 2047
42 13 1741
42 14 133
42 15 181
42 16 1063
42 17 1843
42 18 2421
42 19 742
42 20 2316
42 21 137
42 22 2175
42 23 1830
42 24 1446
42 25 1542
42 26 1867
42 27 605
42 28 2200
42 29 1880
42 30 192
42 31 1423
42 32 2654
42 33 144
42 34 1375
42 35 2606
42 36 96
42 37 1327
42 38 2558
42 39 48
42 40 1279
42 41 2510
42 42 0
42 43 1231
42 44 2462
42 45 48
42 46 1279
42 47 2510
42 48 96
42 49 1327
42 50 2558
42 51 144
42 52 1375
42 53 2606
42 54 192
42 55 1423
42 56 2654
42 57 240
42 58 1471
42 59 2702
42 60 288
42 61 1519
42 62 2750
42 63 336
42 64 1567
42 65 2798
42 66 384
42 67 1615
42 68 2846
42 69 432
42 70 1663
42 71 2894
42 72 480
42 73 1711
42 74 2942
42 75 528
42 76 1759
42 77 2990
42 78 576
42 79 1807
42 80 3038
42 81 624
42 82 1855
42 83 3086
42 84 312
43 0 1543
43 1 185
43 2 1238
43 3 159
43 4 411
43 5 1692
43 6 569
43 7 1666
43 8 1152
43 9 1038
43 10 1290
43 11 932
43 12 816
43 13 510
43 14 1290
43 15 1338
43 16 1128
43 17 612
43 18 1190
43 19 1353
43 20 1085
43 21 1190
43 22 944
43 23 599
43 24 215
43 25 311
43 26 636
43 27 722
43 28 969
43 29 649
43 30 1423
43 31 192
43 32 1423
43 33 1375
43 34 144
43 35 1375
43 36 1327
43 37 96
43 38 1327
43 39 1279
43 40 48
43 41 1279
43 42 1231
43 43 0
43 44 1231
43 45 1279
43 46 48
43 47 1279
43 48 1327
43 49 96
43 50 1327
43 51 1375
43 52 144
43 53 1375
43 54 1423
43 55 192
43 56 1423
43 57 1471
43 58 240
43 59 1471
43 60 1519
43 61 288
43 62 1519
43 63 1567
43 64 336
43 65 1567
43 66 1615
43 67 384
43 68 1615
43 69 1663
43 70 432
43 71 1663
43 72 1711
43 73 480
43 74 1711
43 75 1759
43 76 528
43 77 1759
43 78 1807
43 79 576
43 80 1807
43 81 1855
43 82 624
43 83 1855
43 84 1543
44 0 2774
44 1 1238
44 2 2469
44 3 1264
44 4 1204
44 5 2923
44 6 1622
44 7 2897
44 8 463
44 9 2269
44 10 2521
44 11 971
44 12 1375
44 13 913
44 14 2521
44 15 2569
44 16 2359
44 17 1483
44 18 137
44 19 2584
44 20 1202
44 21 2421
44 22 671
44 23 1496
44 24 1112
44 25 1208
44 26 883
44 27 1953
44 28 358
44 29 870
44 30 2654
44 31 1423
44 32 192
44 33 2606
44 34 1375
44 35 144
44 36 2558
44 37 1327
44 38 96
44 39 2510
44 40 1279
44 41 48
44 42 2462
44 43 1231
44 44 0
44 45 2510
44 46 1279
44 47 48
44 48 2558
44 49 1327
44 50 96
44 51 2606
44 52 1375
44 53 144
44 54 2654
44 55 1423
44 56 192
44 57 2702
44 58 1471
44 59 240
44 60 2750
44 61 1519
44 62 288
44 63 2798
44 64 1567
44 65 336
44 66 2846
44 67 1615
44 68 384
44 69 2894
44 70 1663
44 71 432
44 72 2942
44 73 1711
44 74 480
44 75 2990
44 76 1759
44 77 528
44 78 3038
44 79 1807
44 80 576
44 81 3086
44 82 1855
44 83 624
44 84 2774
45 0 360
45 1 1464
45 2 233
45 3 1342
45 4 1690
45 5 643
45 6 1752
45 7 669
45 8 2431
45 9 241
45 10 181
45 11 2115
45 12 1999
45 13 1693
45 14 85
45 15 229
45 16 1015
45 17 1795
45 18 2469
45 19 694
45 20 2268
45 21 89
45 22 2127
45 23 1782
45 24 1398
45 25 1590
45 26 1819
45 27 653
45 28 2152
45 29 1832
45 30 240
45 31 1471
45 32 2702
45 33 192
45 34 1423
45 35 2654
45 36 144
45 37 1375
45 38 2606
45 39 96
45 40 1327
45 41 2558
45 42 48
45 43 1279
45 44 2510
45 45 0
45 46 1231
45 47 2462
45 48 48
45 49 1279
45 50 2510
45 51 96
45 52 1327
45 53 2558
45 54 144
45 55 1375
45 56 2606
45 57 192
45 58 1423
45 59 2654
45 60 240
45 61 1471
45 62 2702
45 63 288
45 64 1519
45 65 2750
45 66 336
45 67 1567
45 68 2798
45 69 384
45 70 1615
45 71 2846
45 72 432
45 73 1663
45 74 2894
45 75 480
45 76 1711
45 77 2942
45 78 528
45 79 1759
45 80 2990
45 81 576
45 82 1807
45 83 3038
45 84 360
46 0 1591
46 1 233
46 2 1286
46 3 111
46 4 459
46 5 1644
46 6 521
46 7 1618
46 8 1200
46 9 1086
46 10 1338
46 11 884
46 12 768
46 13 462
46 14 1242
46 15 1386
46 16 1080
46 17 564
46 18 1238
46 19 1305
46 20 1037
46 21 1142
46 22 896
46 23 551
46 24 167
46 25 359
46 26 588
46 27 770
46 28 921
46 29 601
46 30 1471
46 31 240
46 32 1471
46 33 1423
46 34 192
46 35 1423
46 36 1375
46 37 144
46 38 1375
46 39 1327
46 40 96
46 41 1327
46 42 1279
46 43 48
46 44 1279
46 45 1231
46 46 0
46 47 1231
46 48 1279
46 49 48
46 50 1279
46 51 1327
46 52 96
46 53 1327
46 54 1375
46 55 144
46 56 1375
46 57 1423
46 58 192
46 59 1423
46 60 1471
46 61 240
46 62 1471
46 63 1519
46 64 288
46 65 1519
46 66 1567
46 67 336
46 68 1567
46 69 1615
46 70 384
46 71 1615
46 72 1663
46 73 432
46 74 1663
46 75 1711
46 76 480
46 77 1711
46 78 1759
46 79 528
46 80 1759
46 81 1807
46 82 576
46 83 1807
46 84 1591
47 0 2822
47 1 1286
47 2 2517
47 3 1216
47 4 1252
47 5 2875
47 6 1574
47 7 2849
47 8 511
47 9 2317
47 10 2569
47 11 923
47 12 1327
47 13 865
47 14 2473
47 15 2617
47 16 2311
47 17 1435
47 18 185
47 19 2536
47 20 1154
47 21 2373
47 22 623
47 23 1448
47 24 1064
47 25 1256
47 26 835
47 27 2001
47 28 310
47 29 822
47 30 2702
47 31 1471
47 32 240
47 33 2654
47 34 1423
47 35 192
47 36 2606
47 37 1375
47 38 144
47 39 2558
47 40 1327
47 41 96
47 42 2510
47 43 1279
47 44 48
47 45 2462
47 46 1231
47 47 0
47 48 2510
47 49 1279
47 50 48
47 51 2558
47 52 1327
47 53 96
47 54 2606
47 55 1375
47 56 144
47 57 2654
47 58 1423
47 59 192
47 60 2702
47 61 1471
47 62 240
47 63 2750
47 64 1519
47 65 288
47 66 2798
47 67 1567
47 68 336
47 69 2846
47 70 1615
47 71 384
47 72 2894
47 73 1663
47 74 432
47 75 2942
47 76 1711
47 77 480
47 78 2990
47 79 1759
47 80 528
47 81 3038
47 82 1807
47 83 576
47 84 2822
48 0 408
48 1 1512
48 2 281
48 3 1294
48 4 1738
48 5 595
48 6 1704
48 7 621
48 8 2479
48 9 289
48 10 229
48 11 2067
48 12 1951
48 13 1645
48 14 37
48 15 277
48 16 967
48 17 1747
48 18 2517
48 19 646
48 20 2220
48 21 137
48 22 2079
48 23 1734
48 24 1446
48 25 1638
48 26 1771
48 27 701
48 28 2200
48 29 1784
48 30 288
48 31 1519
48 32 2750
48 33 240
48 34 1471
48 35 2702
48 36 192
48 37 1423
48 38 2654
48 39 144
48 40 1375
48 41 2606
48 42 96
48 43 1327
48 44 2558
48 45 48
48 46 1279
48 47 2510
48 48 0
48 49 1231
48 50 2462
48 51 48
48 52 1279
48 53 2510
48 54 96
48 55 1327
48 56 2558
48 57 144
48 58 1375
48 59 2606
48 60 192
48 61 1423
48 62 2654
48 63 240
48 64 1471
48 65 2702
48 66 288
48 67 1519
48 68 2750
48 69 336
48 70 1567
48 71 2798
48 72 384
48 73 1615
48 74 2846
48 75 432
48 76 1663
48 77 2894
48 78 480
48 79 1711
48 80 2942
48 81 528
48 82 1759
48 83 2990
48 84 408
49 0 1639
49 1 281
49 2 1334
49 3 63
49 4 507
49 5 1596
49 6 473
49 7 1570
49 8 1248
49 9 1134
49 10 1386
49 11 836
49 12 720
49 13 414
49 14 1194
49 15 1434
49 16 1032
49 17 516
49 18 1286
49 19 1257
49 20 989
49 21 1190
49 22 848
49 23 503
49 24 215
49 25 407
49 26 540
49 27 818
49 28 969
49 29 553
49 30 1519
49 31 288
49 32 1519
49 33 1471
49 34 240
49 35 1471
49 36 1423
49 37 192
49 38 1423
49 39 1375
49 40 144
49 41 1375
49 42 1327
49 43 96
49 44 1327
49 45 1279
49 46 48
49 47 1279
49 48 1231
49 49 0
49 50 1231
49 51 1279
49 52 48
49 53 1279
49 54 1327
49 55 96
49 56 1327
49 57 1375
49 58 144
49 59 1375
49 60 1423
49 61 192
49 62 1423
49 63 1471
49 64 240
49 65 1471
49 66 1519
49 67 288
49 68 1519
49 69 1567
49 70 336
49 71 1567
49 72 1615
49 73 384
49 74 1615
49 75 1663
49 76 432
49 77 1663
49 78 1711
49 79 480
49 80 1711
49 81 1759
49 82 528
49 83 1759
49 84 1639
50 0 2870
50 1 1334
50 2 2565
50 3 1168
50 4 1300
50 5 2827
50 6 1526
50 7 2801
50 8 559
50 9 2365
50 10 2617
50 11 875
50 12 1279
50 13 817
50 14 2425
50 15 2665
50 16 2263
50 17 1387
50 18 233
50 19 2488
50 20 1106
50 21 2421
50 22 575
50 23 1400
50 24 1112
50 25 1304
50 26 787
50 27 2049
50 28 358
50 29 774
50 30 2750
50 31 1519
50 32 288
50 33 2702
50 34 1471
50 35 240
50 36 2654
50 37 1423
50 38 192
50 39 2606
50 40 1375
50 41 144
50 42 2558
50 43 1327
50 44 96
50 45 2510
50 46 1279
50 47 48
50 48 2462
50 49 1231
50 50 0
50 51 2510
50 52 1279
50 53 48
50 54 2558
50 55 1327
50 56 96
50 57 2606
50 58 1375
50 59 144
50 60 2654
50 61 1423
50 62 192
50 63 2702
50 64 1471
50 65 240
50 66 2750
50 67 1519
50 68 288
50 69 2798
50 70 1567
50 71 336
50 72 2846
50 73 1615
50 74 384
50 75 2894
50 76 1663
50 77 432
50 78 2942
50 79 1711
50 80 480
50 81 2990
50 82 1759
50 83 528
50 84 2870
51 0 456
51 1 1560
51 2 329
51 3 1342
51 4 1786
51 5 547
51 6 1656
51 7 573
51 8 2527
51 9 337
51 10 277
51 11 2019
51 12 1903
51 13 1693
51 14 85
51 15 325
51 16 919
51 17 1699
51 18 2565
51 19 598
51 20 2172
51 21 185
51 22 2031
51 23 1686
51 24 1494
51 25 1686
51 26 1723
51 27 749
51 28 2248
51 29 1736
51 30 336
51 31 1567
51 32 2798
51 33 288
51 34 1519
51 35 2750
51 36 240
51 37 1471
51 38 2702
51 39 192
51 40 1423
51 41 2654
51 42 144
51 43 1375
51 44 2606
51 45 96
51 46 1327
51 47 2558
51 48 48
51 49 1279
51 50 2510
51 51 0
51 52 1231
51 53 2462
51 54 48
51 55 1279
51 56 2510
51 57 96
51 58 1327
51 59 2558
51 60 144
51 61 1375
51 62 2606
51 63 192
51 64 1423
51 65 2654
51 66 240
51 67 1471
51 68 2702
51 69 288
51 70 1519
51 71 2750
51 72 336
51 73 1567
51 74 2798
51 75 384
51 76 1615
51 77 2846
51 78 432
51 79 1663
51 80 2894
51 81 480
51 82 1711
51 83 2942
51 84 456
52 0 1687
52 1 329
52 2 1382
52 3 111
52 4 555
52 5 1548
52 6 425
52 7 1522
52 8 1296
52 9 1182
52 10 1434
52 11 788
52 12 672
52 13 462
52 14 1242
52 15 1482
52 16 984
52 17 468
52 18 1334
52 19 1209
52 20 941
52 21 1238
52 22 800
52 23 455
52 24 263
52 25 455
52 26 492
52 27 866
52 28 1017
52 29 505
52 30 1567
52 31 336
52 32 1567
52 33 1519
52 34 288
52 35 1519
52 36 1471
52 37 240
52 38 1471
52 39 1423
52 40 192
52 41 1423
52 42 1375
52 43 144
52 44 1375
52 45 1327
52 46 96
52 47 1327
52 48 1279
52 49 48
52 50 1279
52 51 1231
52 52 0
52 53 1231
52 54 1279
52 55 48
52 56 1279
52 57 1327
52 58 96
52 59 1327
52 60 1375
52 61 144
52 62 1375
52 63 1423
52 64 192
52 65 1423
52 66 1471
52 67 240
52 68 1471
52 69 1519
52 70 288
52 71 1519
52 72 1567
52 73 336
52 74 1567
52 75 1615
52 76 384
52 77 1615
52 78 1663
52 79 432
52 80 1663
52 81 1711
52 82 480
52 83 1711
52 84 1687
53 0 2918
53 1 1382
53 2 2613
53 3 1216
53 4 1348
53 5 2779
53 6 1478
53 7 2753
53 8 607
53 9 2413
53 10 2665
53 11 827
53 12 1231
53 13 865
53 14 2473
53 15 2713
53 16 2215
53 17 1339
53 18 281
53 19 2440
53 20 1058
53 21 2469
53 22 527
53 23 1352
53 24 1160
53 25 1352
53 26 739
53 27 2097
53 28 406
53 29 726
53 30 2798
53 31 1567
53 32 336
53 33 2750
53 34 1519
53 35 288
53 36 2702
53 37 1471
53 38 240
53 39 2654
53 40 1423
53 41 192
53 42 2606
53 43 1375
53 44 144
53 45 2558
53 46 1327
53 47 96
53 48 2510
53 49 1279
53 50 48
53 51 2462
53 52 1231
53 53 0
53 54 2510
53 55 1279
53 56 48
53 57 2558
53 58 1327
53 59 96
53 60 2606
53 61 1375
53 62 144
53 63 2654
53 64 1423
53 65 192
53 66 2702
53 67 1471
53 68 240
53 69 2750
53 70 1519
53 71 288
53 72 2798
53 73 1567
53 74 336
53 75 2846
53 76 1615
53 77 384
53 78 2894
53 79 1663
53 80 432
53 81 2942
53 82 1711
53 83 480
53 84 2918
54 0 504
54 1 1608
54 2 377
54 3 1390
54 4 1834
54 5 499
54 6 1608
54 7 525
54 8 2575
54 9 385
54 10 325
54 11 1971
54 12 1855
54 13 1741
54 14 133
54 15 373
54 16 871
54 17 1651
54 18 2613
54 19 550
54 20 2124
54 21 233
54 22 1983
54 23 1638
54 24 1542
54 25 1734
54 26 1771
54 27 797
54 28 2296
54 29 1784
54 30 384
54 31 1615
54 32 2846
54 33 336
54 34 1567
54 35 2798
54 36 288
54 37 1519
54 38 2750
54 39 240
54 40 1471
54 41 2702
54 42 192
54 43 1423
54 44 2654
54 45 144
54 46 1375
54 47 2606
54 48 96
54 49 1327
54 50 2558
54 51 48
54 52 1279
54 53 2510
54 54 0
54 55 1231
54 56 2462
54 57 48
54 58 1279
54 59 2510
54 60 96
54 61 1327
54 62 2558
54 63 144
54 64 1375
54 65 2606
54 66 192
54 67 1423
54 68 2654
54 69 240
54 70 1471
54 71 2702
54 72 288
54 73 1519
54 74 2750
54 75 336
54 76 1567
54 77 2798
54 78 384
54 79 1615
54 80 2846
54 81 432
54 82 1663
54 83 2894
54 84 504
55 0 1735
55 1 377
55 2 1430
55 3 159
55 4 603
55 5 1500
55 6 377
55 7 1474
55 8 1344
55 9 1230
55 10 1482
55 11 740
55 12 624
55 13 510
55 14 1290
55 15 1530
55 16 936
55 17 420
55 18 1382
55 19 1161
55 20 893
55 21 1286
55 22 752
55 23 407
55 24 311
55 25 503
55 26 540
55 27 914
55 28 1065
55 29 553
55 30 1615
55 31 384
55 32 1615
55 33 1567
55 34 336
55 35 1567
55 36 1519
55 37 288
55 38 1519
55 39 1471
55 40 240
55 41 1471
55 42 1423
55 43 192
55 44 1423
55 45 1375
55 46 144
55 47 1375
55 48 1327
55 49 96
55 50 1327
55 51 1279
55 52 48
55 53 1279
55 54 1231
55 55 0
55 56 1231
55 57 1279
55 58 48
55 59 1279
55 60 1327
55 61 96
55 62 1327
55 63 1375
55 64 144
55 65 1375
55 66 1423
55 67 192
55 68 1423
55 69 1471
55 70 240
55 71 1471
55 72 1519
55 73 288
55 74 1519
55 75 1567
55 76 336
55 77 1567
55 78 1615
55 79 384
55 80 1615
55 81 1663
55 82 432
55 83 1663
55 84 1735
56 0 2966
56 1 1430
56 2 2661
56 3 1264
56 4 1396
56 5 2731
56 6 1430
56 7 2705
56 8 655
56 9 2461
56 10 2713
56 11 779
56 12 1183
56 13 913
56 14 2521
56 15 2761
56 16 2167
56 17 1291
56 18 329
56 19 2392
56 20 1010
56 21 2517
56 22 479
56 23 1304
56 24 1208
56 25 1400
56 26 787
56 27 2145
56 28 454
56 29 774
56 30 2846
56 31 1615
56 32 384
56 33 2798
56 34 1567
56 35 336
56 36 2750
56 37 1519
56 38 288
56 39 2702
56 40 1471
56 41 240
56 42 2654
56 43 1423
56 44 192
56 45 2606
56 46 1375
56 47 144
56 48 2558
56 49 1327
56 50 96
56 51 2510
56 52 1279
56 53 48
56 54 2462
56 55 1231
56 56 0
56 57 2510
56 58 1279
56 59 48
56 60 2558
56 61 1327
56 62 96
56 63 2606
56 64 1375
56 65 144
56 66 2654
56 67 1423
56 68 192
56 69 2702
56 70 1471
56 71 240
56 72 2750
56 73 1519
56 74 288
56 75 2798
56 76 1567
56 77 336
56 78 2846
56 79 1615
56 80 384
56 81 2894
56 82 1663
56 83 432
56 84 2966
57 0 552
57 1 1656
57 2 425
57 3 1438
57 4 1882
57 5 451
57 6 1560
57 7 477
57 8 2623
57 9 433
57 10 373
57 11 1923
57 12 1807
57 13 1789
57 14 181
57 15 421
57 16 823
57 17 1603
57 18 2661
57 19 502
57 20 2076
57 21 281
57 22 2031
57 23 1590
57 24 1590
57 25 1782
57 26 1819
57 27 845
57 28 2344
57 29 1832
57 30 432
57 31 1663
57 32 2894
57 33 384
57 34 1615
57 35 2846
57 36 336
57 37 1567
57 38 2798
57 39 288
57 40 1519
57 41 2750
57 42 240
57 43 1471
57 44 2702
57 45 192
57 46 1423
57 47 2654
57 48 144
57 49 1375
57 50 2606
57 51 96
57 52 1327
57 53 2558
57 54 48
57 55 1279
57 56 2510
57 57 0
57 58 1231
57 59 2462
57 60 48
57 61 1279
57 62 2510
57 63 96
57 64 1327
57 65 2558
57 66 144
57 67 1375
57 68 2606
57 69 192
57 70 1423
57 71 2654
57 72 240
57 73 1471
57 74 2702
57 75 288
57 76 1519
57 77 2750
57 78 336
57 79 1567
57 80 2798
57 81 384
57 82 1615
57 83 2846
57 84 552
58 0 1783
58 1 425
58 2 1478
58 3 207
58 4 651
58 5 1452
58 6 329
58 7 1426
58 8 1392
58 9 1278
58 10 1530
58 11 692
58 12 576
58 13 558
58 14 1338
58 15 1578
58 16 888
58 17 372
58 18 1430
58 19 1113
58 20 845
58 21 1334
58 22 800
58 23 359
58 24 359
58 25 551
58 26 588
58 27 962
58 28 1113
58 29 601
58 30 1663
58 31 432
58 32 1663
58 33 1615
58 34 384
58 35 1615
58 36 1567
58 37 336
58 38 1567
58 39 1519
58 40 288
58 41 1519
58 42 1471
58 43 240
58 44 1471
58 45 1423
58 46 192
58 47 1423
58 48 1375
58 49 144
58 50 1375
58 51 1327
58 52 96
58 53 1327
58 54 1279
58 55 48
58 56 1279
58 57 1231
58 58 0
58 59 1231
58 60 1279
58 61 48
58 62 1279
58 63 1327
58 64 96
58 65 1327
58 66 1375
58 67 144
58 68 1375
58 69 1423
58 70 192
58 71 1423
58 72 1471
58 73 240
58 74 1471
58 75 1519
58 76 288
58 77 1519
58 78 1567
58 79 336
58 80 1567
58 81 1615
58 82 384
58 83 1615
58 84 1783
59 0 3014
59 1 1478
59 2 2709
59 3 1312
59 4 1444
59 5 2683
59 6 1382
59 7 2657
59 8 703
59 9 2509
59 10 2761
59 11 731
59 12 1135
59 13 961
59 14 2569
59 15 2809
59 16 2119
59 17 1243
59 18 377
59 19 2344
59 20 962
59 21 2565
59 22 527
59 23 1256
59 24 1256
59 25 1448
59 26 835
59 27 2193
59 28 502
59 29 822
59 30 2894
59 31 1663
59 32 432
59 33 2846
59 34 1615
59 35 384
59 36 2798
59 37 1567
59 38 336
59 39 2750
59 40 1519
59 41 288
59 42 2702
59 43 1471
59 44 240
59 45 2654
59 46 1423
59 47 192
59 48 2606
59 49 1375
59 50 144
59 51 2558
59 52 1327
59 53 96
59 54 2510
59 55 1279
59 56 48
59 57 2462
59 58 1231
59 59 0
59 60 2510
59 61 1279
59 62 48
59 63 2558
59 64 1327
59 65 96
59 66 2606
59 67 1375
59 68 144
59 69 2654
59 70 1423
59 71 192
59 72 2702
59 73 1471
59 74 240
59 75 2750
59 76 1519
59 77 288
59 78 2798
59 79 1567
59 80 336
59 81 2846
59 82 1615
59 83 384
59 84 3014
60 0 600
60 1 1704
60 2 473
60 3 1486
60 4 1930
60 5 403
60 6 1512
60 7 429
60 8 2671
60 9 481
60 10 421
60 11 1875
60 12 1759
60 13 1837
60 14 229
60 15 469
60 16 775
60 17 1555
60 18 2709
60 19 454
60 20 2028
60 21 329
60 22 2079
60 23 1542
60 24 1638
60 25 1830
60 26 1867
60 27 893
60 28 2392
60 29 1880
60 30 480
60 31 1711
60 32 2942
60 33 432
60 34 1663
60 35 2894
60 36 384
60 37 1615
60 38 2846
60 39 336
60 40 1567
60 41 2798
60 42 288
60 43 1519
60 44 2750
60 45 240
60 46 1471
60 47 2702
60 48 192
60 49 1423
60 50 2654
60 51 144
60 52 1375
60 53 2606
60 54 96
60 55 1327
60 56 2558
60 57 48
60 58 1279
60 59 2510
60 60 0
60 61 1231
60 62 2462
60 63 48
60 64 1279
60 65 2510
60 66 96
60 67 1327
60 68 2558
60 69 144
60 70 1375
60 71 2606
60 72 192
60 73 1423
60 74 2654
60 75 240
60 76 1471
60 77 2702
60 78 288
60 79 1519
60 80 2750
60 81 336
60 82 1567
60 83 2798
60 84 600
61 0 1831
61 1 473
61 2 1526
61 3 255
61 4 699
61 5 1404
61 6 281
61 7 1378
61 8 1440
61 9 1326
61 10 1578
61 11 644
61 12 528
61 13 606
61 14 1386
61 15 1626
61 16 840
61 17 324
61 18 1478
61 19 1065
61 20 797
61 21 1382
61 22 848
61 23 311
61 24 407
61 25 599
61 26 636
61 27 1010
61 28 1161
61 29 649
61 30 1711
61 31 480
61 32 1711
61 33 1663
61 34 432
61 35 1663
61 36 1615
61 37 384
61 38 1615
61 39 1567
61 40 336
61 41 1567
61 42 1519
61 43 288
61 44 1519
61 45 1471
61 46 240
61 47 1471
61 48 1423
61 49 192
61 50 1423
61 51 1375
61 52 144
61 53 1375
61 54 1327
61 55 96
61 56 1327
61 57 1279
61 58 48
61 59 1279
61 60 1231
61 61 0
61 62 1231
61 63 1279
61 64 48
61 65 1279
61 66 1327
61 67 96
61 68 1327
61 69 1375
61 70 144
61 71 1375
61 72 1423
61 73 192
61 74 1423
61 75 1471
61 76 240
61 77 1471
61 78 1519
61 79 288
61 80 1519
61 81 1567
61 82 336
61 83 1567
61 84 1831
62 0 3062
62 1 1526
62 2 2757
62 3 1360
62 4 1492
62 5 2635
62 6 1334
62 7 2609
62 8 751
62 9 2557
62 10 2809
62 11 683
62 12 1087
62 13 1009
62 14 2617
62 15 2857
62 16 2071
62 17 1195
62 18 425
62 19 2296
62 20 914
62 21 2613
62 22 575
62 23 1208
62 24 1304
62 25 1496
62 26 883
62 27 2241
62 28 550
62 29 870
62 30 2942
62 31 1711
62 32 480
62 33 2894
62 34 1663
62 35 432
62 36 2846
62 37 1615
62 38 384
62 39 2798
62 40 1567
62 41 336
62 42 2750
62 43 1519
62 44 288
62 45 2702
62 46 1471
62 47 240
62 48 2654
62 49 1423
62 50 192
62 51 2606
62 52 1375
62 53 144
62 54 2558
62 55 1327
62 56 96
62 57 2510
62 58 1279
62 59 48
62 60 2462
62 61 1231
62 62 0
62 63 2510
62 64 1279
62 65 48
62 66 2558
62 67 1327
62 68 96
62 69 2606
62 70 1375
62 71 144
62 72 2654
62 73 1423
62 74 192
62 75 2702
62 76 1471
62 77 240
62 78 2750
62 79 1519
62 80 288
62 81 2798
62 82 1567
62 83 336
62 84 3062
63 0 648
63 1 1752
63 2 521
63 3 1534
63 4 1978
63 5 355
63 6 1464
63 7 381
63 8 2719
63 9 529
63 10 469
63 11 1827
63 12 1711
63 13 1885
63 14 277
63 15 517
63 16 727
63 17 1507
63 18 2757
63 19 406
63 20 1980
63 21 377
63 22 2127
63 23 1494
63 24 1686
63 25 1878
63 26 1915
63 27 941
63 28 2440
63 29 1928
63 30 528
63 31 1759
63 32 2990
63 33 480
63 34 1711
63 35 2942
63 36 432
63 37 1663
63 38 2894
63 39 384
63 40 1615
63 41 2846
63 42 336
63 43 1567
63 44 2798
63 45 288
63 46 1519
63 47 2750
63 48 240
63 49 1471
63 50 2702
63 51 192
63 52 1423
63 53 2654
63 54 144
63 55 1375
63 56 2606
63 57 96
63 58 1327
63 59 2558
63 60 48
63 61 1279
63 62 2510
63 63 0
63 64 1231
63 65 2462
63 66 48
63 67 1279
63 68 2510
63 69 96
63 70 1327
63 71 2558
63 72 144
63 73 1375
63 74 2606
63 75 192
63 76 1423
63 77 2654
63 78 240
63 79 1471
63 80 2702
63 81 288
63 82 1519
63 83 2750
63 84 648
64 0 1879
64 1 521
64 2 1574
64 3 303
64 4 747
64 5 1356
64 6 233
64 7 1330
64 8 1488
64 9 1374
64 10 1626
64 11 596
64 12 480
64 13 654
64 14 1434
64 15 1674
64 16 792
64 17 276
64 18 1526
64 19 1017
64 20 749
64 21 1430
64 22 896
64 23 263
64 24 455
64 25 647
64 26 684
64 27 1058
64 28 1209
64 29 697
64 30 1759
64 31 528
64 32 1759
64 33 1711
64 34 480
64 35 1711
64 36 1663
64 37 432
64 38 1663
64 39 1615
64 40 384
64 41 1615
64 42 1567
64 43 336
64 44 1567
64 45 1519
64 46 288
64 47 1519
64 48 1471
64 49 240
64 50 1471
64 51 1423
64 52 192
64 53 1423
64 54 1375
64 55 144
64 56 1375
64 57 1327
64 58 96
64 59 1327
64 60 1279
64 61 48
64 62 1279
64 63 1231
64 64 0
64 65 1231
64 66 1279
64 67 48
64 68 1279
64 69 1327
64 70 96
64 71 1327
64 72 1375
64 73 144
64 74 1375
64 75 1423
64 76 192
64 77 1423
64 78 1471
64 79 240
64 80 1471
64 81 1519
64 82 288
64 83 1519
64 84 1879
65 0 3110
65 1 1574
65 2 2805
65 3 1408
65 4 1540
65 5 2587
65 6 1286
65 7 2561
65 8 799
65 9 2605
65 10 2857
65 11 635
65 12 1039
65 13 1057
65 14 2665
65 15 2905
65 16 2023
65 17 1147
65 18 473
65 19 2248
65 20 866
65 21 2661
65 22 623
65 23 1160
65 24 1352
65 25 1544
65 26 931
65 27 2289
65 28 598
65 29 918
65 30 2990
65 31 1759
65 32 528
65 33 2942
65 34 1711
65 35 480
65 36 2894
65 37 1663
65 38 432
65 39 2846
65 40 1615
65 41 384
65 42 2798
65 43 1567
65 44 336
65 45 2750
65 46 1519
65 47 288
65 48 2702
65 49 1471
65 50 240
65 51 2654
65 52 1423
65 53 192
65 54 2606
65 55 1375
65 56 144
65 57 2558
65 58 1327
65 59 96
65 60 2510
65 61 1279
65 62 48
65 63 2462
65 64 1231
65 65 0
65 66 2510
65 67 1279
65 68 48
65 69 2558
65 70 1327
65 71 96
65 72 2606
65 73 1375
65 74 144
65 75 2654
65 76 1423
65 77 192
65 78 2702
65 79 1471
65 80 240
65 81 2750
65 82 1519
65 83 288
65 84 3110
66 0 696
66 1 1800
66 2 569
66 3 1582
66 4 2026
66 5 307
66 6 1416
66 7 333
66 8 2767
66 9 577
66 10 517
66 11 1875
66 12 1663
66 13 1933
66 14 325
66 15 565
66 16 679
66 17 1459
66 18 2805
66 19 358
66 20 1932
66 21 425
66 22 2175
66 23 1446
66 24 1734
66 25 1926
66 26 1963
66 27 989
66 28 2488
66 29 1976
66 30 576
66 31 1807
66 32 3038
66 33 528
66 34 1759
66 35 2990
66 36 480
66 37 1711
66 38 2942
66 39 432
66 40 1663
66 41 2894
66 42 384
66 43 1615
66 44 2846
66 45 336
66 46 1567
66 47 2798
66 48 288
66 49 1519
66 50 2750
66 51 240
66 52 1471
66 53 2702
66 54 192
66 55 1423
66 56 2654
66 57 144
66 58 1375
66 59 2606
66 60 96
66 61 1327
66 62 2558
66 63 48
66 64 1279
66 65 2510
66 66 0
66 67 1231
66 68 2462
66 69 48
66 70 1279
66 71 2510
66 72 96
66 73 1327
66 74 2558
66 75 144
66 76 1375
66 77 2606
66 78 192
66 79 1423
66 80 2654
66 81 240
66 82 1471
66 83 2702
66 84 696
67 0 1927
67 1 569
67 2 1622
67 3 351
67 4 795
67 5 1308
67 6 185
67 7 1282
67 8 1536
67 9 1422
67 10 1674
67 11 644
67 12 432
67 13 702
67 14 1482
67 15 1722
67 16 744
67 17 228
67 18 1574
67 19 969
67 20 701
67 21 1478
67 22 944
67 23 215
67 24 503
67 25 695
67 26 732
67 27 1106
67 28 1257
67 29 745
67 30 1807
67 31 576
67 32 1807
67 33 1759
67 34 528
67 35 1759
67 36 1711
67 37 480
67 38 1711
67 39 1663
67 40 432
67 41 1663
67 42 1615
67 43 384
67 44 1615
67 45 1567
67 46 336
67 47 1567
67 48 1519
67 49 288
67 50 1519
67 51 1471
67 52 240
67 53 1471
67 54 1423
67 55 192
67 56 1423
67 57 1375
67 58 144
67 59 1375
67 60 1327
67 61 96
67 62 1327
67 63 1279
67 64 48
67 65 1279
67 66 1231
67 67 0
67 68 1231
67 69 1279
67 70 48
67 71 1279
67 72 1327
67 73 96
67 74 1327
67 75 1375
67 76 144
67 77 1375
67 78 1423
67 79 192
67 80 1423
67 81 1471
67 82 240
67 83 1471
67 84 1927
68 0 3158
68 1 1622
68 2 2853
68 3 1456
68 4 1588
68 5 2539
68 6 1238
68 7 2513
68 8 847
68 9 2653
68 10 2905
68 11 683
68 12 991
68 13 1105
68 14 2713
68 15 2953
68 16 1975
68 17 1099
68 18 521
68 19 2200
68 20 818
68 21 2709
68 22 671
68 23 1112
68 24 1400
68 25 1592
68 26 979
68 27 2337
68 28 646
68 29 966
68 30 3038
68 31 1807
68 32 576
68 33 2990
68 34 1759
68 35 528
68 36 2942
68 37 1711
68 38 480
68 39 2894
68 40 1663
68 41 432
68 42 2846
68 43 1615
68 44 384
68 45 2798
68 46 1567
68 47 336
68 48 2750
68 49 1519
68 50 288
68 51 2702
68 52 1471
68 53 240
68 54 2654
68 55 1423
68 56 192
68 57 2606
68 58 1375
68 59 144
68 60 2558
68 61 1327
68 62 96
68 63 2510
68 64 1279
68 65 48
68 66 2462
68 67 1231
68 68 0
68 69 2510
68 70 1279
68 71 48
68 72 2558
68 73 1327
68 74 96
68 75 2606
68 76 1375
68 77 144
68 78 2654
68 79 1423
68 80 192
68 81 2702
68 82 1471
68 83 240
68 84 3158
69 0 744
69 1 1848
69 2 617
69 3 1630
69 4 2074
69 5 259
69 6 1368
69 7 285
69 8 2815
69 9 625
69 10 565
69 11 1923
69 12 1615
69 13 1981
69 14 373
69 15 613
69 16 631
69 17 1411
69 18 2853
69 19 310
69 20 1884
69 21 473
69 22 2223
69 23 1398
69 24 1782
69 25 1974
69 26 2011
69 27 1037
69 28 2536
69 29 2024
69 30 624
69 31 1855
69 32 3086
69 33 576
69 34 1807
69 35 3038
69 36 528
69 37 1759
69 38 2990
69 39 480
69 40 1711
69 41 2942
69 42 432
69 43 1663
69 44 2894
69 45 384
69 46 1615
69 47 2846
69 48 336
69 49 1567
69 50 2798
69 51 288
69 52 1519
69 53 2750
69 54 240
69 55 1471
69 56 2702
69 57 192
69 58 1423
69 59 2654
69 60 144
69 61 1375
69 62 2606
69 63 96
69 64 1327
69 65 2558
69 66 48
69 67 1279
69 68 2510
69 69 0
69 70 1231
69 71 2462
69 72 48
69 73 1279
69 74 2510
69 75 96
69 76 1327
69 77 2558
69 78 144
69 79 1375
69 80 2606
69 81 192
69 82 1423
69 83 2654
69 84 744
70 0 1975
70 1 617
70 2 1670
70 3 399
70 4 843
70 5 1260
70 6 137
70 7 1234
70 8 1584
70 9 1470
70 10 1722
70 11 692
70 12 384
70 13 750
70 14 1530
70 15 1770
70 16 696
70 17 180
70 18 1622
70 19 921
70 20 653
70 21 1526
70 22 992
70 23 167
70 24 551
70 25 743
70 26 780
70 27 1154
70 28 1305
70 29 793
70 30 1855
70 31 624
70 32 1855
70 33 1807
70 34 576
70 35 1807
70 36 1759
70 37 528
70 38 1759
70 39 1711
70 40 480
70 41 1711
70 42 1663
70 43 432
70 44 1663
70 45 1615
70 46 384
70 47 1615
70 48 1567
70 49 336
70 50 1567
70 51 1519
70 52 288
70 53 1519
70 54 1471
70 55 240
70 56 1471
70 57 1423
70 58 192
70 59 1423
70 60 1375
70 61 144
70 62 1375
70 63 1327
70 64 96
70 65 1327
70 66 1279
70 67 48
70 68 1279
70 69 1231
70 70 0
70 71 1231
70 72 1279
70 73 48
70 74 1279
70 75 1327
70 76 96
70 77 1327
70 78 1375
70 79 144
70 80 1375
70 81 1423
70 82 192
70 83 1423
70 84 1975
71 0 3206
71 1 1670
71 2 2901
71 3 1504
71 4 1636
71 5 2491
71 6 1190
71 7 2465
71 8 895
71 9 2701
71 10 2953
71 11 731
71 12 943
71 13 1153
71 14 2761
71 15 3001
71 16 1927
71 17 1051
71 18 569
71 19 2152
71 20 770
71 21 2757
71 22 719
71 23 1064
71 24 1448
71 25 1640
71 26 1027
71 27 2385
71 28 694
71 29 1014
71 30 3086
71 31 1855
71 32 624
71 33 3038
71 34 1807
71 35 576
71 36 2990
71 37 1759
71 38 528
71 39 2942
71 40 1711
71 41 480
71 42 2894
71 43 1663
71 44 432
71 45 2846
71 46 1615
71 47 384
71 48 2798
71 49 1567
71 50 336
71 51 2750
71 52 1519
71 53 288
71 54 2702
71 55 1471
71 56 240
71 57 2654
71 58 1423
71 59 192
71 60 2606
71 61 1375
71 62 144
71 63 2558
71 64 1327
71 65 96
71 66 2510
71 67 1279
71 68 48
71 69 2462
71 70 1231
71 71 0
71 72 2510
71 73 1279
71 74 48
71 75 2558
71 76 1327
71 77 96
71 78 2606
71 79 1375
71 80 144
71 81 2654
71 82 1423
71 83 192
71 84 3206
72 0 792
72 1 1896
72 2 665
72 3 1678
72 4 2122
72 5 211
72 6 1320
72 7 237
72 8 2863
72 9 673
72 10 613
72 11 1971
72 12 1567
72 13 2029
72 14 421
72 15 661
72 16 583
72 17 1459
72 18 2901
72 19 358
72 20 1836
72 21 521
72 22 2271
72 23 1446
72 24 1830
72 25 2022
72 26 2059
72 27 1085
72 28 2584
72 29 2072
72 30 672
72 31 1903
72 32 3134
72 33 624
72 34 1855
72 35 3086
72 36 576
72 37 1807
72 38 3038
72 39 528
72 40 1759
72 41 2990
72 42 480
72 43 1711
72 44 2942
72 45 432
72 46 1663
72 47 2894
72 48 384
72 49 1615
72 50 2846
72 51 336
72 52 1567
72 53 2798
72 54 288
72 55 1519
72 56 2750
72 57 240
72 58 1471
72 59 2702
72 60 192
72 61 1423
72 62 2654
72 63 144
72 64 1375
72 65 2606
72 66 96
72 67 1327
72 68 2558
72 69 48
72 70 1279
72 71 2510
72 72 0
72 73 1231
72 74 2462
72 75 48
72 76 1279
72 77 2510
72 78 96
72 79 1327
72 80 2558
72 81 144
72 82 1375
72 83 2606
72 84 792
73 0 2023
73 1 665
73 2 1718
73 3 447
73 4 891
73 5 1212
73 6 89
73 7 1186
73 8 1632
73 9 1518
73 10 1770
73 11 740
73 12 336
73 13 798
73 14 1578
73 15 1818
73 16 648
73 17 228
73 18 1670
73 19 969
73 20 605
73 21 1574
73 22 1040
73 23 215
73 24 599
73 25 791
73 26 828
73 27 1202
73 28 1353
73 29 841
73 30 1903
73 31 672
73 32 1903
73 33 1855
73 34 624
73 35 1855
73 36 1807
73 37 576
73 38 1807
73 39 1759
73 40 528
73 41 1759
73 42 1711
73 43 480
73 44 1711
73 45 1663
73 46 432
73 47 1663
73 48 1615
73 49 384
73 50 1615
73 51 1567
73 52 336
73 53 1567
73 54 1519
73 55 288
73 56 1519
73 57 1471
73 58 240
73 59 1471
73 60 1423
73 61 192
73 62 1423
73 63 1375
73 64 144
73 65 1375
73 66 1327
73 67 96
73 68 1327
73 69 1279
73 70 48
73 71 1279
73 72 1231
73 73 0
73 74 1231
73 75 1279
73 76 48
73 77 1279
73 78 1327
73 79 96
73 80 1327
73 81 1375
73 82 144
73 83 1375
73 84 2023
74 0 3254
74 1 1718
74 2 2949
74 3 1552
74 4 1684
74 5 2443
74 6 1142
74 7 2417
74 8 943
74 9 2749
74 10 3001
74 11 779
74 12 895
74 13 1201
74 14 2809
74 15 3049
74 16 1879
74 17 1099
74 18 617
74 19 2200
74 20 722
74 21 2805
74 22 767
74 23 1112
74 24 1496
74 25 1688
74 26 1075
74 27 2433
74 28 742
74 29 1062
74 30 3134
74 31 1903
74 32 672
74 33 3086
74 34 1855
74 35 624
74 36 3038
74 37 1807
74 38 576
74 39 2990
74 40 1759
74 41 528
74 42 2942
74 43 1711
74 44 480
74 45 2894
74 46 1663
74 47 432
74 48 2846
74 49 1615
74 50 384
74 51 2798
74 52 1567
74 53 336
74 54 2750
74 55 1519
74 56 288
74 57 2702
74 58 1471
74 59 240
74 60 2654
74 61 1423
74 62 192
74 63 2606
74 64 1375
74 65 144
74 66 2558
74 67 1327
74 68 96
74 69 2510
74 70 1279
74 71 48
74 72 2462
74 73 1231
74 74 0
74 75 2510
74 76 1279
74 77 48
74 78 2558
74 79 1327
74 80 96
74 81 2606
74 82 1375
74 83 144
74 84 3254
75 0 840
75 1 1944
75 2 713
75 3 1726
75 4 2170
75 5 163
75 6 1368
75 7 189
75 8 2911
75 9 721
75 10 661
75 11 2019
75 12 1615
75 13 2077
75 14 469
75 15 709
75 16 631
75 17 1507
75 18 2949
75 19 406
75 20 1788
75 21 569
75 22 2319
75 23 1494
75 24 1878
75 25 2070
75 26 2107
75 27 1133
75 28 2632
75 29 2120
75 30 720
75 31 1951
75 32 3182
75 33 672
75 34 1903
75 35 3134
75 36 624
75 37 1855
75 38 3086
75 39 576
75 40 1807
75 41 3038
75 42 528
75 43 1759
75 44 2990
75 45 480
75 46 1711
75 47 2942
75 48 432
75 49 1663
75 50 2894
75 51 384
75 52 1615
75 53 2846
75 54 336
75 55 1567
75 56 2798
75 57 288
75 58 1519
75 59 2750
75 60 240
75 61 1471
75 62 2702
75 63 192
75 64 1423
75 65 2654
75 66 144
75 67 1375
75 68 2606
75 69 96
75 70 1327
75 71 2558
75 72 48
75 73 1279
75 74 2510
75 75 0
75 76 1231
75 77 2462
75 78 48
75 79 1279
75 80 2510
75 81 96
75 82 1327
75 83 2558
75 84 840
76 0 2071
76 1 713
76 2 1766
76 3 495
76 4 939
76 5 1164
76 6 137
76 7 1138
76 8 1680
76 9 1566
76 10 1818
76 11 788
76 12 384
76 13 846
76 14 1626
76 15 1866
76 16 696
76 17 276
76 18 1718
76 19 1017
76 20 557
76 21 1622
76 22 1088
76 23 263
76 24 647
76 25 839
76 26 876
76 27 1250
76 28 1401
76 29 889
76 30 1951
76 31 720
76 32 1951
76 33 1903
76 34 672
76 35 1903
76 36 1855
76 37 624
76 38 1855
76 39 1807
76 40 576
76 41 1807
76 42 1759
76 43 528
76 44 1759
76 45 1711
76 46 480
76 47 1711
76 48 1663
76 49 432
76 50 1663
76 51 1615
76 52 384
76 53 1615
76 54 1567
76 55 336
76 56 1567
76 57 1519
76 58 288
76 59 1519
76 60 1471
76 61 240
76 62 1471
76 63 1423
76 64 192
76 65 1423
76 66 1375
76 67 144
76 68 1375
76 69 1327
76 70 96
76 71 1327
76 72 1279
76 73 48
76 74 1279
76 75 1231
76 76 0
76 77 1231
76 78 1279
76 79 48
76 80 1279
76 81 1327
76 82 96
76 83 1327
76 84 2071
77 0 3302
77 1 1766
77 2 2997
77 3 1600
77 4 1732
77 5 2395
77 6 1190
77 7 2369
77 8 991
77 9 2797
77 10 3049
77 11 827
77 12 943
77 13 1249
77 14 2857
77 15 3097
77 16 1927
77 17 1147
77 18 665
77 19 2248
77 20 674
77 21 2853
77 22 815
77 23 1160
77 24 1544
77 25 1736
77 26 1123
77 27 2481
77 28 790
77 29 1110
77 30 3182
77 31 1951
77 32 720
77 33 3134
77 34 1903
77 35 672
77 36 3086
77 37 1855
77 38 624
77 39 3038
77 40 1807
77 41 576
77 42 2990
77 43 1759
77 44 528
77 45 2942
77 46 1711
77 47 480
77 48 2894
77 49 1663
77 50 432
77 51 2846
77 52 1615
77 53 384
77 54 2798
77 55 1567
77 56 336
77 57 2750
77 58 1519
77 59 288
77 60 2702
77 61 1471
77 62 240
77 63 2654
77 64 1423
77 65 192
77 66 2606
77 67 1375
77 68 144
77 69 2558
77 70 1327
77 71 96
77 72 2510
77 73 1279
77 74 48
77 75 2462
77 76 1231
77 77 0
77 78 2510
77 79 1279
77 80 48
77 81 2558
77 82 1327
77 83 96
77 84 3302
78 0 888
78 1 1992
78 2 761
78 3 1774
78 4 2218
78 5 115
78 6 1416
78 7 141
78 8 2959
78 9 769
78 10 709
78 11 2067
78 12 1663
78 13 2125
78 14 517
78 15 757
78 16 679
78 17 1555
78 18 2997
78 19 454
78 20 1836
78 21 617
78 22 2367
78 23 1542
78 24 1926
78 25 2118
78 26 2155
78 27 1181
78 28 2680
78 29 2168
78 30 768
78 31 1999
78 32 3230
78 33 720
78 34 1951
78 35 3182
78 36 672
78 37 1903
78 38 3134
78 39 624
78 40 1855
78 41 3086
78 42 576
78 43 1807
78 44 3038
78 45 528
78 46 1759
78 47 2990
78 48 480
78 49 1711
78 50 2942
78 51 432
78 52 1663
78 53 2894
78 54 384
78 55 1615
78 56 2846
78 57 336
78 58 1567
78 59 2798
78 60 288
78 61 1519
78 62 2750
78 63 240
78 64 1471
78 65 2702
78 66 192
78 67 1423
78 68 2654
78 69 144
78 70 1375
78 71 2606
78 72 96
78 73 1327
78 74 2558
78 75 48
78 76 1279
78 77 2510
78 78 0
78 79 1231
78 80 2462
78 81 48
78 82 1279
78 83 2510
78 84 888
79 0 2119
79 1 761
79 2 1814
79 3 543
79 4 987
79 5 1116
79 6 185
79 7 1090
79 8 1728
79 9 1614
79 10 1866
79 11 836
79 12 432
79 13 894
79 14 1674
79 15 1914
79 16 744
79 17 324
79 18 1766
79 19 1065
79 20 605
79 21 1670
79 22 1136
79 23 311
79 24 695
79 25 887
79 26 924
79 27 1298
79 28 1449
79 29 937
79 30 1999
79 31 768
79 32 1999
79 33 1951
79 34 720
79 35 1951
79 36 1903
79 37 672
79 38 1903
79 39 1855
79 40 624
79 41 1855
79 42 1807
79 43 576
79 44 1807
79 45 1759
79 46 528
79 47 1759
79 48 1711
79 49 480
79 50 1711
79 51 1663
79 52 432
79 53 1663
79 54 1615
79 55 384
79 56 1615
79 57 1567
79 58 336
79 59 1567
79 60 1519
79 61 288
79 62 1519
79 63 1471
79 64 240
79 65 1471
79 66 1423
79 67 192
79 68 1423
79 69 1375
79 70 144
79 71 1375
79 72 1327
79 73 96
79 74 1327
79 75 1279
79 76 48
79 77 1279
79 78 1231
79 79 0
79 80 1231
79 81 1279
79 82 48
79 83 1279
79 84 2119
80 0 3350
80 1 1814
80 2 3045
80 3 1648
80 4 1780
80 5 2347
80 6 1238
80 7 2321
80 8 1039
80 9 2845
80 10 3097
80 11 875
80 12 991
80 13 1297
80 14 2905
80 15 3145
80 16 1975
80 17 1195
80 18 713
80 19 2296
80 20 722
80 21 2901
80 22 863
80 23 1208
80 24 1592
80 25 1784
80 26 1171
80 27 2529
80 28 838
80 29 1158
80 30 3230
80 31 1999
80 32 768
80 33 3182
80 34 1951
80 35 720
80 36 3134
80 37 1903
80 38 672
80 39 3086
80 40 1855
80 41 624
80 42 3038
80 43 1807
80 44 576
80 45 2990
80 46 1759
80 47 528
80 48 2942
80 49 1711
80 50 480
80 51 2894
80 52 1663
80 53 432
80 54 2846
80 55 1615
80 56 384
80 57 2798
80 58 1567
80 59 336
80 60 2750
80 61 1519
80 62 288
80 63 2702
80 64 1471
80 65 240
80 66 2654
80 67 1423
80 68 192
80 69 2606
80 70 1375
80 71 144
80 72 2558
80 73 1327
80 74 96
80 75 2510
80 76 1279
80 77 48
80 78 2462
80 79 1231
80 80 0
80 81 2510
80 82 1279
80 83 48
80 84 3350
81 0 936
81 1 2040
81 2 809
81 3 1822
81 4 2266
81 5 163
81 6 1464
81 7 189
81 8 3007
81 9 817
81 10 757
81 11 2115
81 12 1711
81 13 2173
81 14 565
81 15 805
81 16 727
81 17 1603
81 18 3045
81 19 502
81 20 1884
81 21 665
81 22 2415
81 23 1590
81 24 1974
81 25 2166
81 26 2203
81 27 1229
81 28 2728
81 29 2216
81 30 816
81 31 2047
81 32 3278
81 33 768
81 34 1999
81 35 3230
81 36 720
81 37 1951
81 38 3182
81 39 672
81 40 1903
81 41 3134
81 42 624
81 43 1855
81 44 3086
81 45 576
81 46 1807
81 47 3038
81 48 528
81 49 1759
81 50 2990
81 51 480
81 52 1711
81 53 2942
81 54 432
81 55 1663
81 56 2894
81 57 384
81 58 1615
81 59 2846
81 60 336
81 61 1567
81 62 2798
81 63 288
81 64 1519
81 65 2750
81 66 240
81 67 1471
81 68 2702
81 69 192
81 70 1423
81 71 2654
81 72 144
81 73 1375
81 74 2606
81 75 96
81 76 1327
81 77 2558
81 78 48
81 79 1279
81 80 2510
81 81 0
81 82 1231
81 83 2462
81 84 936
82 0 2167
82 1 809
82 2 1862
82 3 591
82 4 1035
82 5 1164
82 6 233
82 7 1138
82 8 1776
82 9 1662
82 10 1914
82 11 884
82 12 480
82 13 942
82 14 1722
82 15 1962
82 16 792
82 17 372
82 18 1814
82 19 1113
82 20 653
82 21 1718
82 22 1184
82 23 359
82 24 743
82 25 935
82 26 972
82 27 1346
82 28 1497
82 29 985
82 30 2047
82 31 816
82 32 2047
82 33 1999
82 34 768
82 35 1999
82 36 1951
82 37 720
82 38 1951
82 39 1903
82 40 672
82 41 1903
82 42 1855
82 43 624
82 44 1855
82 45 1807
82 46 576
82 47 1807
82 48 1759
82 49 528
82 50 1759
82 51 1711
82 52 480
82 53 1711
82 54 1663
82 55 432
82 56 1663
82 57 1615
82 58 384
82 59 1615
82 60 1567
82 61 336
82 62 1567
82 63 1519
82 64 288
82 65 1519
82 66 1471
82 67 240
82 68 1471
82 69 1423
82 70 192
82 71 1423
82 72 1375
82 73 144
82 74 1375
82 75 1327
82 76 96
82 77 1327
82 78 1279
82 79 48
82 80 1279
82 81 1231
82 82 0
82 83 1231
82 84 2167
83 0 3398
83 1 1862
83 2 3093
83 3 1696
83 4 1828
83 5 2395
83 6 1286
83 7 2369
83 8 1087
83 9 2893
83 10 3145
83 11 923
83 12 1039
83 13 1345
83 14 2953
83 15 3193
83 16 2023
83 17 1243
83 18 761
83 19 2344
83 20 770
83 21 2949
83 22 911
83 23 1256
83 24 1640
83 25 1832
83 26 1219
83 27 2577
83 28 886
83 29 1206
83 30 3278
83 31 2047
83 32 816
83 33 3230
83 34 1999
83 35 768
83 36 3182
83 37 1951
83 38 720
83 39 3134
83 40 1903
83 41 672
83 42 3086
83 43 1855
83 44 624
83 45 3038
83 46 1807
83 47 576
83 48 2990
83 49 1759
83 50 528
83 51 2942
83 52 1711
83 53 480
83 54 2894
83 55 1663
83 56 432
83 57 2846
83 58 1615
83 59 384
83 60 2798
83 61 1567
83 62 336
83 63 2750
83 64 1519
83 65 288
83 66 2702
83 67 1471
83 68 240
83 69 2654
83 70 1423
83 71 192
83 72 2606
83 73 1375
83 74 144
83 75 2558
83 76 1327
83 77 96
83 78 2510
83 79 1279
83 80 48
83 81 2462
83 82 1231
83 83 0
83 84 3398
84 0 0
84 1 1536
84 2 305
84 3 1702
84 4 1570
84 5 1003
84 6 2112
84 7 1029
84 8 2311
84 9 505
84 10 253
84 11 2475
84 12 2359
84 13 2053
84 14 445
84 15 205
84 16 1375
84 17 2155
84 18 2637
84 19 1054
84 20 2628
84 21 449
84 22 2487
84 23 2142
84 24 1758
84 25 1566
84 26 2179
84 27 821
84 28 2512
84 29 2192
84 30 120
84 31 1351
84 32 2582
84 33 168
84 34 1399
84 35 2630
84 36 216
84 37 1447
84 38 2678
84 39 264
84 40 1495
84 41 2726
84 42 312
84 43 1543
84 44 2774
84 45 360
84 46 1591
84 47 2822
84 48 408
84 49 1639
84 50 2870
84 51 456
84 52 1687
84 53 2918
84 54 504
84 55 1735
84 56 2966
84 57 552
84 58 1783
84 59 3014
84 60 600
84 61 1831
84 62 3062
84 63 648
84 64 1879
84 65 3110
84 66 696
84 67 1927
84 68 3158
84 69 744
84 70 1975
84 71 3206
84 72 792
84 73 2023
84 74 3254
84 75 840
84 76 2071
84 77 3302
84 78 888
84 79 2119
84 80 3350
84 81 936
84 82 2167
84 83 3398
84 84 0
//Location coordinates LocationName
//Loc x y
0 0.0 0.0 "depot"
1 96.0 1440.0 "product aisle 2 bloc 1 rank 9"
2 96.0 209.0 "product aisle 2 bloc 0 rank 10"
3 288.0 1414.0 "product aisle 6 bloc 1 rank 5"
4 0.0 1570.0 "product aisle 0 bloc 1 rank 30"
5 768.0 235.0 "product aisle 16 bloc 0 rank 13"
6 672.0 1440.0 "product aisle 14 bloc 1 rank 10"
7 768.0 261.0 "product aisle 16 bloc 0 rank 18"
8 0.0 2311.0 "product aisle 0 bloc 1 rank 144"
9 192.0 313.0 "product aisle 4 bloc 0 rank 26"
10 96.0 157.0 "product aisle 2 bloc 0 rank 1"
11 528.0 1947.0 "product aisle 11 bloc 1 rank 87"
12 672.0 1687.0 "product aisle 14 bloc 1 rank 48"
13 288.0 1765.0 "product aisle 6 bloc 1 rank 60"
14 288.0 157.0 "product aisle 6 bloc 0 rank 1"
15 48.0 157.0 "product aisle 1 bloc 0 rank 2"
16 672.0 703.0 "product aisle 14 bloc 0 rank 86"
17 624.0 1531.0 "product aisle 13 bloc 1 rank 24"
18 144.0 2493.0 "product aisle 3 bloc 1 rank 172"
19 624.0 430.0 "product aisle 13 bloc 0 rank 44"
20 720.0 1908.0 "product aisle 15 bloc 1 rank 81"
21 240.0 209.0 "product aisle 5 bloc 0 rank 9"
22 384.0 2103.0 "product aisle 8 bloc 1 rank 111"
23 624.0 1518.0 "product aisle 13 bloc 1 rank 21"
24 240.0 1518.0 "product aisle 5 bloc 1 rank 22"
25 48.0 1518.0 "product aisle 1 bloc 1 rank 21"
26 336.0 1843.0 "product aisle 7 bloc 1 rank 71"
27 144.0 677.0 "product aisle 3 bloc 0 rank 82"
28 240.0 2272.0 "product aisle 5 bloc 1 rank 138"
29 336.0 1856.0 "product aisle 7 bloc 1 rank 74"
30 24.0 120.0 "intersection aisle 0 bloc 0 rank 0"
31 24.0 1351.0 "intersection aisle 0 bloc 1 rank 1"
32 24.0 2582.0 "intersection aisle 0 bloc 2 rank 2"
33 72.0 120.0 "intersection aisle 1 bloc 0 rank 0"
34 72.0 1351.0 "intersection aisle 1 bloc 1 rank 1"
35 72.0 2582.0 "intersection aisle 1 bloc 2 rank 2"
36 120.0 120.0 "intersection aisle 2 bloc 0 rank 0"
37 120.0 1351.0 "intersection aisle 2 bloc 1 rank 1"
38 120.0 2582.0 "intersection aisle 2 bloc 2 rank 2"
39 168.0 120.0 "intersection aisle 3 bloc 0 rank 0"
40 168.0 1351.0 "intersection aisle 3 bloc 1 rank 1"
41 168.0 2582.0 "intersection aisle 3 bloc 2 rank 2"
42 216.0 120.0 "intersection aisle 4 bloc 0 rank 0"
43 216.0 1351.0 "intersection aisle 4 bloc 1 rank 1"
44 216.0 2582.0 "intersection aisle 4 bloc 2 rank 2"
45 264.0 120.0 "intersection aisle 5 bloc 0 rank 0"
46 264.0 1351.0 "intersection aisle 5 bloc 1 rank 1"
47 264.0 2582.0 "intersection aisle 5 bloc 2 rank 2"
48 312.0 120.0 "intersection aisle 6 bloc 0 rank 0"
49 312.0 1351.0 "intersection aisle 6 bloc 1 rank 1"
50 312.0 2582.0 "intersection aisle 6 bloc 2 rank 2"
51 360.0 120.0 "intersection aisle 7 bloc 0 rank 0"
52 360.0 1351.0 "intersection aisle 7 bloc 1 rank 1"
53 360.0 2582.0 "intersection aisle 7 bloc 2 rank 2"
54 408.0 120.0 "intersection aisle 8 bloc 0 rank 0"
55 408.0 1351.0 "intersection aisle 8 bloc 1 rank 1"
56 408.0 2582.0 "intersection aisle 8 bloc 2 rank 2"
57 456.0 120.0 "intersection aisle 9 bloc 0 rank 0"
58 456.0 1351.0 "intersection aisle 9 bloc 1 rank 1"
59 456.0 2582.0 "intersection aisle 9 bloc 2 rank 2"
60 504.0 120.0 "intersection aisle 10 bloc 0 rank 0"
61 504.0 1351.0 "intersection aisle 10 bloc 1 rank 1"
62 504.0 2582.0 "intersection aisle 10 bloc 2 rank 2"
63 552.0 120.0 "intersection aisle 11 bloc 0 rank 0"
64 552.0 1351.0 "intersection aisle 11 bloc 1 rank 1"
65 552.0 2582.0 "intersection aisle 11 bloc 2 rank 2"
66 600.0 120.0 "intersection aisle 12 bloc 0 rank 0"
67 600.0 1351.0 "intersection aisle 12 bloc 1 rank 1"
68 600.0 2582.0 "intersection aisle 12 bloc 2 rank 2"
69 648.0 120.0 "intersection aisle 13 bloc 0 rank 0"
70 648.0 1351.0 "intersection aisle 13 bloc 1 rank 1"
71 648.0 2582.0 "intersection aisle 13 bloc 2 rank 2"
72 696.0 120.0 "intersection aisle 14 bloc 0 rank 0"
73 696.0 1351.0 "intersection aisle 14 bloc 1 rank 1"
74 696.0 2582.0 "intersection aisle 14 bloc 2 rank 2"
75 744.0 120.0 "intersection aisle 15 bloc 0 rank 0"
76 744.0 1351.0 "intersection aisle 15 bloc 1 rank 1"
77 744.0 2582.0 "intersection aisle 15 bloc 2 rank 2"
78 792.0 120.0 "intersection aisle 16 bloc 0 rank 0"
79 792.0 1351.0 "intersection aisle 16 bloc 1 rank 1"
80 792.0 2582.0 "intersection aisle 16 bloc 2 rank 2"
81 840.0 120.0 "intersection aisle 17 bloc 0 rank 0"
82 840.0 1351.0 "intersection aisle 17 bloc 1 rank 1"
83 840.0 2582.0 "intersection aisle 17 bloc 2 rank 2"
84 0.0 0.0 "depot"
