//alpha
1
//NbLocations
85
//NbProducts
30
//NbPickers
2
//CapaPicker
8
//TimeToTravelOneDistanceUnit
3
//SetupTime
5400
//PickTime
300
//Products
//Idx Location Size
1 1 1
2 2 1
3 3 1
4 4 1
5 5 1
6 6 1
7 7 1
8 8 1
9 9 1
10 10 1
11 11 1
12 12 1
13 13 1
14 14 1
15 15 1
16 16 1
17 17 1
18 18 1
19 19 1
20 20 1
21 21 1
22 22 1
23 23 1
24 24 1
25 25 1
26 26 1
27 27 1
28 28 1
29 29 1
30 30 1
//Orders
//NbOrders
6
//Idx DueDate TardinessPenalty NbProdInOrder ProdIdx1 Qty1 ProdIdx2 Qty2 ...
1 54000 0 2 1 1 2 1
2 36000 0 3 3 1 4 1 5 1
3 36000 0 3 6 1 7 1 8 1
4 54000 0 8 9 1 10 1 11 1 12 1 13 1 14 1 15 1 16 1
5 90000 0 8 17 1 18 1 19 1 20 1 21 1 22 1 23 1 24 1
6 54000 0 6 25 1 26 1 27 1 28 1 29 1 30 1
//Graph (Products are vertices indexed from 1 to NbProducts)
//NbVerticesIntersections
54
//DepartingDepot
0
//ArrivalDepot
85
//Arcs
//Start End Distance
0 31 120
1 6 481
1 37 453
2 10 156
2 18 221
3 55 596
3 56 635
4 40 570
4 41 661
5 44 1077
5 45 154
6 1 481
6 38 297
7 43 1129
7 44 102
8 65 362
8 66 869
9 11 195
9 21 234
10 2 156
10 29 26
11 9 195
11 34 635
12 27 338
12 53 375
13 26 247
13 31 401
14 17 182
14 38 375
15 62 388
15 63 843
16 53 89
16 54 1142
17 14 182
17 25 325
18 2 221
18 30 52
19 26 13
19 32 570
20 22 780
20 36 37
21 9 234
21 35 167
22 20 780
22 28 195
23 56 778
23 57 453
24 25 26
24 39 323
25 17 325
25 24 26
26 13 247
26 19 13
27 12 338
27 52 518
28 22 195
28 35 219
29 10 26
29 32 609
30 18 52
30 33 167
31 13 401
31 34 48
31 85 120
32 19 570
32 29 609
32 35 48
33 30 167
33 36 48
34 11 635
34 31 48
34 37 48
35 21 167
35 28 219
35 32 48
35 38 48
36 20 37
36 33 48
36 39 48
37 1 453
37 34 48
37 40 48
38 6 297
38 14 375
38 35 48
38 41 48
39 24 323
39 36 48
39 42 48
40 4 570
40 37 48
40 43 48
41 4 661
41 38 48
41 42 1231
41 44 48
42 39 48
42 41 1231
42 45 48
43 7 1129
43 40 48
43 46 48
44 5 1077
44 7 102
44 41 48
44 47 48
45 5 154
45 42 48
45 48 48
46 43 48
46 47 1231
46 49 48
47 44 48
47 46 1231
47 48 1231
47 50 48
48 45 48
48 47 1231
48 51 48
49 46 48
49 50 1231
49 52 48
50 47 48
50 49 1231
50 51 1231
50 53 48
51 48 48
51 50 1231
51 54 48
52 27 518
52 49 48
52 55 48
53 12 375
53 16 89
53 50 48
53 56 48
54 16 1142
54 51 48
54 57 48
55 3 596
55 52 48
55 58 48
56 3 635
56 23 778
56 53 48
56 59 48
57 23 453
57 54 48
57 60 48
58 55 48
58 59 1231
58 61 48
59 56 48
59 58 1231
59 60 1231
59 62 48
60 57 48
60 59 1231
60 63 48
61 58 48
61 62 1231
61 64 48
62 15 388
62 59 48
62 61 1231
62 65 48
63 15 843
63 60 48
63 66 48
64 61 48
64 65 1231
64 67 48
65 8 362
65 62 48
65 64 1231
65 68 48
66 8 869
66 63 48
66 69 48
67 64 48
67 68 1231
67 70 48
68 65 48
68 67 1231
68 69 1231
68 71 48
69 66 48
69 68 1231
69 72 48
70 67 48
70 71 1231
70 73 48
71 68 48
71 70 1231
71 72 1231
71 74 48
72 69 48
72 71 1231
72 75 48
73 70 48
73 74 1231
73 76 48
74 71 48
74 73 1231
74 75 1231
74 77 48
75 72 48
75 74 1231
75 78 48
76 73 48
76 77 1231
76 79 48
77 74 48
77 76 1231
77 78 1231
77 80 48
78 75 48
78 77 1231
78 81 48
79 76 48
79 80 1231
79 82 48
80 77 48
80 79 1231
80 81 1231
80 83 48
81 78 48
81 80 1231
81 84 48
82 79 48
82 83 1231
83 80 48
83 82 1231
83 84 1231
84 81 48
84 83 1231
//LocStart LocEnd ShortestPath
0 0 0
0 1 669
0 2 2142
0 3 1100
0 4 834
0 5 2620
0 6 1150
0 7 1441
0 8 2241
0 9 998
0 10 1986
0 11 803
0 12 1312
0 13 521
0 14 1822
0 15 2219
0 16 1776
0 17 2004
0 18 2363
0 19 781
0 20 2593
0 21 1232
0 22 1813
0 23 2513
0 24 2355
0 25 2329
0 26 768
0 27 974
0 28 1618
0 29 1960
0 30 2415
0 31 120
0 32 1351
0 33 2582
0 34 168
0 35 1399
0 36 2630
0 37 216
0 38 1447
0 39 2678
0 40 264
0 41 1495
0 42 2726
0 43 312
0 44 1543
0 45 2774
0 46 360
0 47 1591
0 48 2822
0 49 408
0 50 1639
0 51 2870
0 52 456
0 53 1687
0 54 2918
0 55 504
0 56 1735
0 57 2966
0 58 552
0 59 1783
0 60 3014
0 61 600
0 62 1831
0 63 3062
0 64 648
0 65 1879
0 66 3110
0 67 696
0 68 1927
0 69 3158
0 70 744
0 71 1975
0 72 3206
0 73 792
0 74 2023
0 75 3254
0 76 840
0 77 2071
0 78 3302
0 79 888
0 80 2119
0 81 3350
0 82 936
0 83 2167
0 84 3398
0 85 0
1 0 669
1 1 0
1 2 1665
1 3 1337
1 4 1071
1 5 1951
1 6 481
1 7 976
1 8 1572
1 9 1227
1 10 1509
1 11 1136
1 12 1393
1 13 950
1 14 1153
1 15 1550
1 16 1107
1 17 1335
1 18 1886
1 19 1210
1 20 2020
1 21 993
1 22 1240
1 23 1844
1 24 1686
1 25 1660
1 26 1197
1 27 1211
1 28 1045
1 29 1483
1 30 1938
1 31 549
1 32 874
1 33 2105
1 34 501
1 35 826
1 36 2057
1 37 453
1 38 778
1 39 2009
1 40 501
1 41 826
1 42 2057
1 43 549
1 44 874
1 45 2105
1 46 597
1 47 922
1 48 2153
1 49 645
1 50 970
1 51 2201
1 52 693
1 53 1018
1 54 2249
1 55 741
1 56 1066
1 57 2297
1 58 789
1 59 1114
1 60 2345
1 61 837
1 62 1162
1 63 2393
1 64 885
1 65 1210
1 66 2441
1 67 933
1 68 1258
1 69 2489
1 70 981
1 71 1306
1 72 2537
1 73 1029
1 74 1354
1 75 2585
1 76 1077
1 77 1402
1 78 2633
1 79 1125
1 80 1450
1 81 2681
1 82 1173
1 83 1498
1 84 2729
1 85 669
2 0 2142
2 1 1665
2 2 0
2 3 1810
2 4 1596
2 5 786
2 6 1184
2 7 1085
2 8 1681
2 9 1240
2 10 156
2 11 1435
2 12 1502
2 13 1621
2 14 1262
2 15 1659
2 16 1216
2 17 1210
2 18 221
2 19 1361
2 20 525
2 21 1006
2 22 1253
2 23 1277
2 24 859
2 25 885
2 26 1374
2 27 1840
2 28 1058
2 29 182
2 30 273
2 31 2022
2 32 791
2 33 440
2 34 2070
2 35 839
2 36 488
2 37 2118
2 38 887
2 39 536
2 40 2166
2 41 935
2 42 584
2 43 2214
2 44 983
2 45 632
2 46 2262
2 47 1031
2 48 680
2 49 2310
2 50 1079
2 51 728
2 52 2358
2 53 1127
2 54 776
2 55 2406
2 56 1175
2 57 824
2 58 2454
2 59 1223
2 60 872
2 61 2502
2 62 1271
2 63 920
2 64 2550
2 65 1319
2 66 968
2 67 2598
2 68 1367
2 69 1016
2 70 2646
2 71 1415
2 72 1064
2 73 2694
2 74 1463
2 75 1112
2 76 2742
2 77 1511
2 78 1160
2 79 2790
2 80 1559
2 81 1208
2 82 2838
2 83 1607
2 84 1256
2 85 2142
3 0 1100
3 1 1337
3 2 1810
3 3 0
3 4 1406
3 5 1904
3 6 1220
3 7 929
3 8 1141
3 9 1372
3 10 1654
3 11 1567
3 12 1058
3 13 1381
3 14 1298
3 15 1119
3 16 772
3 17 1480
3 18 2031
3 19 1589
3 20 2165
3 21 1138
3 22 1385
3 23 1413
3 24 1831
3 25 1805
3 26 1602
3 27 1162
3 28 1190
3 29 1628
3 30 2083
3 31 980
3 32 1019
3 33 2250
3 34 932
3 35 971
3 36 2202
3 37 884
3 38 923
3 39 2154
3 40 836
3 41 875
3 42 2106
3 43 788
3 44 827
3 45 2058
3 46 740
3 47 779
3 48 2010
3 49 692
3 50 731
3 51 1962
3 52 644
3 53 683
3 54 1914
3 55 596
3 56 635
3 57 1866
3 58 644
3 59 683
3 60 1914
3 61 692
3 62 731
3 63 1962
3 64 740
3 65 779
3 66 2010
3 67 788
3 68 827
3 69 2058
3 70 836
3 71 875
3 72 2106
3 73 884
3 74 923
3 75 2154
3 76 932
3 77 971
3 78 2202
3 79 980
3 80 1019
3 81 2250
3 82 1028
3 83 1067
3 84 2298
3 85 1100
4 0 834
4 1 1071
4 2 1596
4 3 1406
4 4 0
4 5 1786
4 6 1006
4 7 811
4 8 1407
4 9 1158
4 10 1440
4 11 1301
4 12 1228
4 13 1115
4 14 1084
4 15 1385
4 16 942
4 17 1266
4 18 1817
4 19 1375
4 20 1951
4 21 924
4 22 1171
4 23 1679
4 24 1617
4 25 1591
4 26 1362
4 27 1280
4 28 976
4 29 1414
4 30 1869
4 31 714
4 32 805
4 33 2036
4 34 666
4 35 757
4 36 1988
4 37 618
4 38 709
4 39 1940
4 40 570
4 41 661
4 42 1892
4 43 618
4 44 709
4 45 1940
4 46 666
4 47 757
4 48 1988
4 49 714
4 50 805
4 51 2036
4 52 762
4 53 853
4 54 2084
4 55 810
4 56 901
4 57 2132
4 58 858
4 59 949
4 60 2180
4 61 906
4 62 997
4 63 2228
4 64 954
4 65 1045
4 66 2276
4 67 1002
4 68 1093
4 69 2324
4 70 1050
4 71 1141
4 72 2372
4 73 1098
4 74 1189
4 75 2420
4 76 1146
4 77 1237
4 78 2468
4 79 1194
4 80 1285
4 81 2516
4 82 1242
4 83 1333
4 84 2564
4 85 834
5 0 2620
5 1 1951
5 2 786
5 3 1904
5 4 1786
5 5 0
5 6 1470
5 7 1179
5 8 1359
5 9 1622
5 10 942
5 11 1817
5 12 1596
5 13 2099
5 14 1106
5 15 1285
5 16 1310
5 17 924
5 18 565
5 19 1839
5 20 335
5 21 1388
5 22 1115
5 23 799
5 24 573
5 25 599
5 26 1852
5 27 1934
5 28 1310
5 29 968
5 30 513
5 31 2500
5 32 1269
5 33 346
5 34 2452
5 35 1221
5 36 298
5 37 2404
5 38 1173
5 39 250
5 40 2356
5 41 1125
5 42 202
5 43 2308
5 44 1077
5 45 154
5 46 2356
5 47 1125
5 48 202
5 49 2404
5 50 1173
5 51 250
5 52 2452
5 53 1221
5 54 298
5 55 2500
5 56 1269
5 57 346
5 58 2548
5 59 1317
5 60 394
5 61 2596
5 62 1365
5 63 442
5 64 2644
5 65 1413
5 66 490
5 67 2692
5 68 1461
5 69 538
5 70 2740
5 71 1509
5 72 586
5 73 2788
5 74 1557
5 75 634
5 76 2836
5 77 1605
5 78 682
5 79 2884
5 80 1653
5 81 730
5 82 2932
5 83 1701
5 84 778
5 85 2620
6 0 1150
6 1 481
6 2 1184
6 3 1220
6 4 1006
6 5 1470
6 6 0
6 7 495
6 8 1091
6 9 746
6 10 1028
6 11 941
6 12 912
6 13 1223
6 14 672
6 15 1069
6 16 626
6 17 854
6 18 1405
6 19 963
6 20 1539
6 21 512
6 22 759
6 23 1363
6 24 1205
6 25 1179
6 26 976
6 27 1250
6 28 564
6 29 1002
6 30 1457
6 31 1030
6 32 393
6 33 1624
6 34 982
6 35 345
6 36 1576
6 37 934
6 38 297
6 39 1528
6 40 982
6 41 345
6 42 1576
6 43 1030
6 44 393
6 45 1624
6 46 1078
6 47 441
6 48 1672
6 49 1126
6 50 489
6 51 1720
6 52 1174
6 53 537
6 54 1768
6 55 1222
6 56 585
6 57 1816
6 58 1270
6 59 633
6 60 1864
6 61 1318
6 62 681
6 63 1912
6 64 1366
6 65 729
6 66 1960
6 67 1414
6 68 777
6 69 2008
6 70 1462
6 71 825
6 72 2056
6 73 1510
6 74 873
6 75 2104
6 76 1558
6 77 921
6 78 2152
6 79 1606
6 80 969
6 81 2200
6 82 1654
6 83 1017
6 84 2248
6 85 1150
7 0 1441
7 1 976
7 2 1085
7 3 929
7 4 811
7 5 1179
7 6 495
7 7 0
7 8 800
7 9 647
7 10 929
7 11 842
7 12 621
7 13 1124
7 14 573
7 15 778
7 16 335
7 17 755
7 18 1306
7 19 864
7 20 1440
7 21 413
7 22 660
7 23 1072
7 24 1106
7 25 1080
7 26 877
7 27 959
7 28 465
7 29 903
7 30 1358
7 31 1321
7 32 294
7 33 1525
7 34 1273
7 35 246
7 36 1477
7 37 1225
7 38 198
7 39 1429
7 40 1177
7 41 150
7 42 1381
7 43 1129
7 44 102
7 45 1333
7 46 1177
7 47 150
7 48 1381
7 49 1225
7 50 198
7 51 1429
7 52 1273
7 53 246
7 54 1477
7 55 1321
7 56 294
7 57 1525
7 58 1369
7 59 342
7 60 1573
7 61 1417
7 62 390
7 63 1621
7 64 1465
7 65 438
7 66 1669
7 67 1513
7 68 486
7 69 1717
7 70 1561
7 71 534
7 72 1765
7 73 1609
7 74 582
7 75 1813
7 76 1657
7 77 630
7 78 1861
7 79 1705
7 80 678
7 81 1909
7 82 1753
7 83 726
7 84 1957
7 85 1441
8 0 2241
8 1 1572
8 2 1681
8 3 1141
8 4 1407
8 5 1359
8 6 1091
8 7 800
8 8 0
8 9 1243
8 10 1525
8 11 1438
8 12 929
8 13 1720
8 14 1169
8 15 798
8 16 643
8 17 1351
8 18 1616
8 19 1460
8 20 1386
8 21 1009
8 22 1256
8 23 1284
8 24 1624
8 25 1650
8 26 1473
8 27 1267
8 28 1061
8 29 1499
8 30 1564
8 31 2121
8 32 890
8 33 1397
8 34 2073
8 35 842
8 36 1349
8 37 2025
8 38 794
8 39 1301
8 40 1977
8 41 746
8 42 1253
8 43 1929
8 44 698
8 45 1205
8 46 1881
8 47 650
8 48 1157
8 49 1833
8 50 602
8 51 1109
8 52 1785
8 53 554
8 54 1061
8 55 1737
8 56 506
8 57 1013
8 58 1689
8 59 458
8 60 965
8 61 1641
8 62 410
8 63 917
8 64 1593
8 65 362
8 66 869
8 67 1641
8 68 410
8 69 917
8 70 1689
8 71 458
8 72 965
8 73 1737
8 74 506
8 75 1013
8 76 1785
8 77 554
8 78 1061
8 79 1833
8 80 602
8 81 1109
8 82 1881
8 83 650
8 84 1157
8 85 2241
9 0 998
9 1 1227
9 2 1240
9 3 1372
9 4 1158
9 5 1622
9 6 746
9 7 647
9 8 1243
9 9 0
9 10 1084
9 11 195
9 12 1064
9 13 1279
9 14 824
9 15 1221
9 16 778
9 17 1006
9 18 1461
9 19 1019
9 20 1595
9 21 234
9 22 815
9 23 1515
9 24 1357
9 25 1331
9 26 1032
9 27 1402
9 28 620
9 29 1058
9 30 1513
9 31 878
9 32 449
9 33 1680
9 34 830
9 35 401
9 36 1632
9 37 878
9 38 449
9 39 1680
9 40 926
9 41 497
9 42 1728
9 43 974
9 44 545
9 45 1776
9 46 1022
9 47 593
9 48 1824
9 49 1070
9 50 641
9 51 1872
9 52 1118
9 53 689
9 54 1920
9 55 1166
9 56 737
9 57 1968
9 58 1214
9 59 785
9 60 2016
9 61 1262
9 62 833
9 63 2064
9 64 1310
9 65 881
9 66 2112
9 67 1358
9 68 929
9 69 2160
9 70 1406
9 71 977
9 72 2208
9 73 1454
9 74 1025
9 75 2256
9 76 1502
9 77 1073
9 78 2304
9 79 1550
9 80 1121
9 81 2352
9 82 1598
9 83 1169
9 84 2400
9 85 998
10 0 1986
10 1 1509
10 2 156
10 3 1654
10 4 1440
10 5 942
10 6 1028
10 7 929
10 8 1525
10 9 1084
10 10 0
10 11 1279
10 12 1346
10 13 1465
10 14 1106
10 15 1503
10 16 1060
10 17 1288
10 18 377
10 19 1205
10 20 681
10 21 850
10 22 1097
10 23 1433
10 24 1015
10 25 1041
10 26 1218
10 27 1684
10 28 902
10 29 26
10 30 429
10 31 1866
10 32 635
10 33 596
10 34 1914
10 35 683
10 36 644
10 37 1962
10 38 731
10 39 692
10 40 2010
10 41 779
10 42 740
10 43 2058
10 44 827
10 45 788
10 46 2106
10 47 875
10 48 836
10 49 2154
10 50 923
10 51 884
10 52 2202
10 53 971
10 54 932
10 55 2250
10 56 1019
10 57 980
10 58 2298
10 59 1067
10 60 1028
10 61 2346
10 62 1115
10 63 1076
10 64 2394
10 65 1163
10 66 1124
10 67 2442
10 68 1211
10 69 1172
10 70 2490
10 71 1259
10 72 1220
10 73 2538
10 74 1307
10 75 1268
10 76 2586
10 77 1355
10 78 1316
10 79 2634
10 80 1403
10 81 1364
10 82 2682
10 83 1451
10 84 1412
10 85 1986
11 0 803
11 1 1136
11 2 1435
11 3 1567
11 4 1301
11 5 1817
11 6 941
11 7 842
11 8 1438
11 9 195
11 10 1279
11 11 0
11 12 1259
11 13 1084
11 14 1019
11 15 1416
11 16 973
11 17 1201
11 18 1656
11 19 1214
11 20 1790
11 21 429
11 22 1010
11 23 1710
11 24 1552
11 25 1526
11 26 1227
11 27 1441
11 28 815
11 29 1253
11 30 1708
11 31 683
11 32 644
11 33 1875
11 34 635
11 35 596
11 36 1827
11 37 683
11 38 644
11 39 1875
11 40 731
11 41 692
11 42 1923
11 43 779
11 44 740
11 45 1971
11 46 827
11 47 788
11 48 2019
11 49 875
11 50 836
11 51 2067
11 52 923
11 53 884
11 54 2115
11 55 971
11 56 932
11 57 2163
11 58 1019
11 59 980
11 60 2211
11 61 1067
11 62 1028
11 63 2259
11 64 1115
11 65 1076
11 66 2307
11 67 1163
11 68 1124
11 69 2355
11 70 1211
11 71 1172
11 72 2403
11 73 1259
11 74 1220
11 75 2451
11 76 1307
11 77 1268
11 78 2499
11 79 1355
11 80 1316
11 81 2547
11 82 1403
11 83 1364
11 84 2595
11 85 803
12 0 1312
12 1 1393
12 2 1502
12 3 1058
12 4 1228
12 5 1596
12 6 912
12 7 621
12 8 929
12 9 1064
12 10 1346
12 11 1259
12 12 0
12 13 1541
12 14 990
12 15 907
12 16 464
12 17 1172
12 18 1723
12 19 1281
12 20 1857
12 21 830
12 22 1077
12 23 1201
12 24 1523
12 25 1497
12 26 1294
12 27 338
12 28 882
12 29 1320
12 30 1775
12 31 1192
12 32 711
12 33 1942
12 34 1144
12 35 663
12 36 1894
12 37 1096
12 38 615
12 39 1846
12 40 1048
12 41 567
12 42 1798
12 43 1000
12 44 519
12 45 1750
12 46 952
12 47 471
12 48 1702
12 49 904
12 50 423
12 51 1654
12 52 856
12 53 375
12 54 1606
12 55 904
12 56 423
12 57 1654
12 58 952
12 59 471
12 60 1702
12 61 1000
12 62 519
12 63 1750
12 64 1048
12 65 567
12 66 1798
12 67 1096
12 68 615
12 69 1846
12 70 1144
12 71 663
12 72 1894
12 73 1192
12 74 711
12 75 1942
12 76 1240
12 77 759
12 78 1990
12 79 1288
12 80 807
12 81 2038
12 82 1336
12 83 855
12 84 2086
12 85 1312
13 0 521
13 1 950
13 2 1621
13 3 1381
13 4 1115
13 5 2099
13 6 1223
13 7 1124
13 8 1720
13 9 1279
13 10 1465
13 11 1084
13 12 1541
13 13 0
13 14 1301
13 15 1698
13 16 1255
13 17 1483
13 18 1842
13 19 260
13 20 2072
13 21 1045
13 22 1292
13 23 1992
13 24 1834
13 25 1808
13 26 247
13 27 1255
13 28 1097
13 29 1439
13 30 1894
13 31 401
13 32 830
13 33 2061
13 34 449
13 35 878
13 36 2109
13 37 497
13 38 926
13 39 2157
13 40 545
13 41 974
13 42 2205
13 43 593
13 44 1022
13 45 2253
13 46 641
13 47 1070
13 48 2301
13 49 689
13 50 1118
13 51 2349
13 52 737
13 53 1166
13 54 2397
13 55 785
13 56 1214
13 57 2445
13 58 833
13 59 1262
13 60 2493
13 61 881
13 62 1310
13 63 2541
13 64 929
13 65 1358
13 66 2589
13 67 977
13 68 1406
13 69 2637
13 70 1025
13 71 1454
13 72 2685
13 73 1073
13 74 1502
13 75 2733
13 76 1121
13 77 1550
13 78 2781
13 79 1169
13 80 1598
13 81 2829
13 82 1217
13 83 1646
13 84 2877
13 85 521
14 0 1822
14 1 1153
14 2 1262
14 3 1298
14 4 1084
14 5 1106
14 6 672
14 7 573
14 8 1169
14 9 824
14 10 1106
14 11 1019
14 12 990
14 13 1301
14 14 0
14 15 1147
14 16 704
14 17 182
14 18 1171
14 19 1041
14 20 941
14 21 590
14 22 837
14 23 1441
14 24 533
14 25 507
14 26 1054
14 27 1328
14 28 642
14 29 1080
14 30 1119
14 31 1702
14 32 471
14 33 952
14 34 1654
14 35 423
14 36 904
14 37 1606
14 38 375
14 39 856
14 40 1654
14 41 423
14 42 904
14 43 1702
14 44 471
14 45 952
14 46 1750
14 47 519
14 48 1000
14 49 1798
14 50 567
14 51 1048
14 52 1846
14 53 615
14 54 1096
14 55 1894
14 56 663
14 57 1144
14 58 1942
14 59 711
14 60 1192
14 61 1990
14 62 759
14 63 1240
14 64 2038
14 65 807
14 66 1288
14 67 2086
14 68 855
14 69 1336
14 70 2134
14 71 903
14 72 1384
14 73 2182
14 74 951
14 75 1432
14 76 2230
14 77 999
14 78 1480
14 79 2278
14 80 1047
14 81 1528
14 82 2326
14 83 1095
14 84 1576
14 85 1822
15 0 2219
15 1 1550
15 2 1659
15 3 1119
15 4 1385
15 5 1285
15 6 1069
15 7 778
15 8 798
15 9 1221
15 10 1503
15 11 1416
15 12 907
15 13 1698
15 14 1147
15 15 0
15 16 621
15 17 1329
15 18 1542
15 19 1438
15 20 1312
15 21 987
15 22 1234
15 23 1262
15 24 1550
15 25 1576
15 26 1451
15 27 1245
15 28 1039
15 29 1477
15 30 1490
15 31 2099
15 32 868
15 33 1323
15 34 2051
15 35 820
15 36 1275
15 37 2003
15 38 772
15 39 1227
15 40 1955
15 41 724
15 42 1179
15 43 1907
15 44 676
15 45 1131
15 46 1859
15 47 628
15 48 1083
15 49 1811
15 50 580
15 51 1035
15 52 1763
15 53 532
15 54 987
15 55 1715
15 56 484
15 57 939
15 58 1667
15 59 436
15 60 891
15 61 1619
15 62 388
15 63 843
15 64 1667
15 65 436
15 66 891
15 67 1715
15 68 484
15 69 939
15 70 1763
15 71 532
15 72 987
15 73 1811
15 74 580
15 75 1035
15 76 1859
15 77 628
15 78 1083
15 79 1907
15 80 676
15 81 1131
15 82 1955
15 83 724
15 84 1179
15 85 2219
16 0 1776
16 1 1107
16 2 1216
16 3 772
16 4 942
16 5 1310
16 6 626
16 7 335
16 8 643
16 9 778
16 10 1060
16 11 973
16 12 464
16 13 1255
16 14 704
16 15 621
16 16 0
16 17 886
16 18 1437
16 19 995
16 20 1467
16 21 544
16 22 791
16 23 915
16 24 1237
16 25 1211
16 26 1008
16 27 802
16 28 596
16 29 1034
16 30 1489
16 31 1656
16 32 425
16 33 1478
16 34 1608
16 35 377
16 36 1430
16 37 1560
16 38 329
16 39 1382
16 40 1512
16 41 281
16 42 1334
16 43 1464
16 44 233
16 45 1286
16 46 1416
16 47 185
16 48 1238
16 49 1368
16 50 137
16 51 1190
16 52 1320
16 53 89
16 54 1142
16 55 1368
16 56 137
16 57 1190
16 58 1416
16 59 185
16 60 1238
16 61 1464
16 62 233
16 63 1286
16 64 1512
16 65 281
16 66 1334
16 67 1560
16 68 329
16 69 1382
16 70 1608
16 71 377
16 72 1430
16 73 1656
16 74 425
16 75 1478
16 76 1704
16 77 473
16 78 1526
16 79 1752
16 80 521
16 81 1574
16 82 1800
16 83 569
16 84 1622
16 85 1776
17 0 2004
17 1 1335
17 2 1210
17 3 1480
17 4 1266
17 5 924
17 6 854
17 7 755
17 8 1351
17 9 1006
17 10 1288
17 11 1201
17 12 1172
17 13 1483
17 14 182
17 15 1329
17 16 886
17 17 0
17 18 989
17 19 1223
17 20 759
17 21 772
17 22 1019
17 23 1415
17 24 351
17 25 325
17 26 1236
17 27 1510
17 28 824
17 29 1262
17 30 937
17 31 1884
17 32 653
17 33 770
17 34 1836
17 35 605
17 36 722
17 37 1788
17 38 557
17 39 674
17 40 1836
17 41 605
17 42 722
17 43 1884
17 44 653
17 45 770
17 46 1932
17 47 701
17 48 818
17 49 1980
17 50 749
17 51 866
17 52 2028
17 53 797
17 54 914
17 55 2076
17 56 845
17 57 962
17 58 2124
17 59 893
17 60 1010
17 61 2172
17 62 941
17 63 1058
17 64 2220
17 65 989
17 66 1106
17 67 2268
17 68 1037
17 69 1154
17 70 2316
17 71 1085
17 72 1202
17 73 2364
17 74 1133
17 75 1250
17 76 2412
17 77 1181
17 78 1298
17 79 2460
17 80 1229
17 81 1346
17 82 2508
17 83 1277
17 84 1394
17 85 2004
18 0 2363
18 1 1886
18 2 221
18 3 2031
18 4 1817
18 5 565
18 6 1405
18 7 1306
18 8 1616
18 9 1461
18 10 377
18 11 1656
18 12 1723
18 13 1842
18 14 1171
18 15 1542
18 16 1437
18 17 989
18 18 0
18 19 1582
18 20 304
18 21 1227
18 22 1084
18 23 1056
18 24 638
18 25 664
18 26 1595
18 27 2061
18 28 1279
18 29 403
18 30 52
18 31 2243
18 32 1012
18 33 219
18 34 2291
18 35 1060
18 36 267
18 37 2339
18 38 1108
18 39 315
18 40 2387
18 41 1156
18 42 363
18 43 2435
18 44 1204
18 45 411
18 46 2483
18 47 1252
18 48 459
18 49 2531
18 50 1300
18 51 507
18 52 2579
18 53 1348
18 54 555
18 55 2627
18 56 1396
18 57 603
18 58 2675
18 59 1444
18 60 651
18 61 2723
18 62 1492
18 63 699
18 64 2771
18 65 1540
18 66 747
18 67 2819
18 68 1588
18 69 795
18 70 2867
18 71 1636
18 72 843
18 73 2915
18 74 1684
18 75 891
18 76 2963
18 77 1732
18 78 939
18 79 3011
18 80 1780
18 81 987
18 82 3059
18 83 1828
18 84 1035
18 85 2363
19 0 781
19 1 1210
19 2 1361
19 3 1589
19 4 1375
19 5 1839
19 6 963
19 7 864
19 8 1460
19 9 1019
19 10 1205
19 11 1214
19 12 1281
19 13 260
19 14 1041
19 15 1438
19 16 995
19 17 1223
19 18 1582
19 19 0
19 20 1812
19 21 785
19 22 1032
19 23 1732
19 24 1574
19 25 1548
19 26 13
19 27 1515
19 28 837
19 29 1179
19 30 1634
19 31 661
19 32 570
19 33 1801
19 34 709
19 35 618
19 36 1849
19 37 757
19 38 666
19 39 1897
19 40 805
19 41 714
19 42 1945
19 43 853
19 44 762
19 45 1993
19 46 901
19 47 810
19 48 2041
19 49 949
19 50 858
19 51 2089
19 52 997
19 53 906
19 54 2137
19 55 1045
19 56 954
19 57 2185
19 58 1093
19 59 1002
19 60 2233
19 61 1141
19 62 1050
19 63 2281
19 64 1189
19 65 1098
19 66 2329
19 67 1237
19 68 1146
19 69 2377
19 70 1285
19 71 1194
19 72 2425
19 73 1333
19 74 1242
19 75 2473
19 76 1381
19 77 1290
19 78 2521
19 79 1429
19 80 1338
19 81 2569
19 82 1477
19 83 1386
19 84 2617
19 85 781
20 0 2593
20 1 2020
20 2 525
20 3 2165
20 4 1951
20 5 335
20 6 1539
20 7 1440
20 8 1386
20 9 1595
20 10 681
20 11 1790
20 12 1857
20 13 2072
20 14 941
20 15 1312
20 16 1467
20 17 759
20 18 304
20 19 1812
20 20 0
20 21 1361
20 22 780
20 23 826
20 24 408
20 25 434
20 26 1825
20 27 2195
20 28 975
20 29 707
20 30 252
20 31 2473
20 32 1242
20 33 85
20 34 2425
20 35 1194
20 36 37
20 37 2473
20 38 1242
20 39 85
20 40 2521
20 41 1290
20 42 133
20 43 2569
20 44 1338
20 45 181
20 46 2617
20 47 1386
20 48 229
20 49 2665
20 50 1434
20 51 277
20 52 2713
20 53 1482
20 54 325
20 55 2761
20 56 1530
20 57 373
20 58 2809
20 59 1578
20 60 421
20 61 2857
20 62 1626
20 63 469
20 64 2905
20 65 1674
20 66 517
20 67 2953
20 68 1722
20 69 565
20 70 3001
20 71 1770
20 72 613
20 73 3049
20 74 1818
20 75 661
20 76 3097
20 77 1866
20 78 709
20 79 3145
20 80 1914
20 81 757
20 82 3193
20 83 1962
20 84 805
20 85 2593
21 0 1232
21 1 993
21 2 1006
21 3 1138
21 4 924
21 5 1388
21 6 512
21 7 413
21 8 1009
21 9 234
21 10 850
21 11 429
21 12 830
21 13 1045
21 14 590
21 15 987
21 16 544
21 17 772
21 18 1227
21 19 785
21 20 1361
21 21 0
21 22 581
21 23 1281
21 24 1123
21 25 1097
21 26 798
21 27 1168
21 28 386
21 29 824
21 30 1279
21 31 1112
21 32 215
21 33 1446
21 34 1064
21 35 167
21 36 1398
21 37 1112
21 38 215
21 39 1446
21 40 1160
21 41 263
21 42 1494
21 43 1208
21 44 311
21 45 1542
21 46 1256
21 47 359
21 48 1590
21 49 1304
21 50 407
21 51 1638
21 52 1352
21 53 455
21 54 1686
21 55 1400
21 56 503
21 57 1734
21 58 1448
21 59 551
21 60 1782
21 61 1496
21 62 599
21 63 1830
21 64 1544
21 65 647
21 66 1878
21 67 1592
21 68 695
21 69 1926
21 70 1640
21 71 743
21 72 1974
21 73 1688
21 74 791
21 75 2022
21 76 1736
21 77 839
21 78 2070
21 79 1784
21 80 887
21 81 2118
21 82 1832
21 83 935
21 84 2166
21 85 1232
22 0 1813
22 1 1240
22 2 1253
22 3 1385
22 4 1171
22 5 1115
22 6 759
22 7 660
22 8 1256
22 9 815
22 10 1097
22 11 1010
22 12 1077
22 13 1292
22 14 837
22 15 1234
22 16 791
22 17 1019
22 18 1084
22 19 1032
22 20 780
22 21 581
22 22 0
22 23 1528
22 24 1188
22 25 1214
22 26 1045
22 27 1415
22 28 195
22 29 1071
22 30 1032
22 31 1693
22 32 462
22 33 865
22 34 1645
22 35 414
22 36 817
22 37 1693
22 38 462
22 39 865
22 40 1741
22 41 510
22 42 913
22 43 1789
22 44 558
22 45 961
22 46 1837
22 47 606
22 48 1009
22 49 1885
22 50 654
22 51 1057
22 52 1933
22 53 702
22 54 1105
22 55 1981
22 56 750
22 57 1153
22 58 2029
22 59 798
22 60 1201
22 61 2077
22 62 846
22 63 1249
22 64 2125
22 65 894
22 66 1297
22 67 2173
22 68 942
22 69 1345
22 70 2221
22 71 990
22 72 1393
22 73 2269
22 74 1038
22 75 1441
22 76 2317
22 77 1086
22 78 1489
22 79 2365
22 80 1134
22 81 1537
22 82 2413
22 83 1182
22 84 1585
22 85 1813
23 0 2513
23 1 1844
23 2 1277
23 3 1413
23 4 1679
23 5 799
23 6 1363
23 7 1072
23 8 1284
23 9 1515
23 10 1433
23 11 1710
23 12 1201
23 13 1992
23 14 1441
23 15 1262
23 16 915
23 17 1415
23 18 1056
23 19 1732
23 20 826
23 21 1281
23 22 1528
23 23 0
23 24 1064
23 25 1090
23 26 1745
23 27 1539
23 28 1333
23 29 1459
23 30 1004
23 31 2393
23 32 1162
23 33 837
23 34 2345
23 35 1114
23 36 789
23 37 2297
23 38 1066
23 39 741
23 40 2249
23 41 1018
23 42 693
23 43 2201
23 44 970
23 45 645
23 46 2153
23 47 922
23 48 597
23 49 2105
23 50 874
23 51 549
23 52 2057
23 53 826
23 54 501
23 55 2009
23 56 778
23 57 453
23 58 2057
23 59 826
23 60 501
23 61 2105
23 62 874
23 63 549
23 64 2153
23 65 922
23 66 597
23 67 2201
23 68 970
23 69 645
23 70 2249
23 71 1018
23 72 693
23 73 2297
23 74 1066
23 75 741
23 76 2345
23 77 1114
23 78 789
23 79 2393
23 80 1162
23 81 837
23 82 2441
23 83 1210
23 84 885
23 85 2513
24 0 2355
24 1 1686
24 2 859
24 3 1831
24 4 1617
24 5 573
24 6 1205
24 7 1106
24 8 1624
24 9 1357
24 10 1015
24 11 1552
24 12 1523
24 13 1834
24 14 533
24 15 1550
24 16 1237
24 17 351
24 18 638
24 19 1574
24 20 408
24 21 1123
24 22 1188
24 23 1064
24 24 0
24 25 26
24 26 1587
24 27 1861
24 28 1175
24 29 1041
24 30 586
24 31 2235
24 32 1004
24 33 419
24 34 2187
24 35 956
24 36 371
24 37 2139
24 38 908
24 39 323
24 40 2187
24 41 956
24 42 371
24 43 2235
24 44 1004
24 45 419
24 46 2283
24 47 1052
24 48 467
24 49 2331
24 50 1100
24 51 515
24 52 2379
24 53 1148
24 54 563
24 55 2427
24 56 1196
24 57 611
24 58 2475
24 59 1244
24 60 659
24 61 2523
24 62 1292
24 63 707
24 64 2571
24 65 1340
24 66 755
24 67 2619
24 68 1388
24 69 803
24 70 2667
24 71 1436
24 72 851
24 73 2715
24 74 1484
24 75 899
24 76 2763
24 77 1532
24 78 947
24 79 2811
24 80 1580
24 81 995
24 82 2859
24 83 1628
24 84 1043
24 85 2355
25 0 2329
25 1 1660
25 2 885
25 3 1805
25 4 1591
25 5 599
25 6 1179
25 7 1080
25 8 1650
25 9 1331
25 10 1041
25 11 1526
25 12 1497
25 13 1808
25 14 507
25 15 1576
25 16 1211
25 17 325
25 18 664
25 19 1548
25 20 434
25 21 1097
25 22 1214
25 23 1090
25 24 26
25 25 0
25 26 1561
25 27 1835
25 28 1149
25 29 1067
25 30 612
25 31 2209
25 32 978
25 33 445
25 34 2161
25 35 930
25 36 397
25 37 2113
25 38 882
25 39 349
25 40 2161
25 41 930
25 42 397
25 43 2209
25 44 978
25 45 445
25 46 2257
25 47 1026
25 48 493
25 49 2305
25 50 1074
25 51 541
25 52 2353
25 53 1122
25 54 589
25 55 2401
25 56 1170
25 57 637
25 58 2449
25 59 1218
25 60 685
25 61 2497
25 62 1266
25 63 733
25 64 2545
25 65 1314
25 66 781
25 67 2593
25 68 1362
25 69 829
25 70 2641
25 71 1410
25 72 877
25 73 2689
25 74 1458
25 75 925
25 76 2737
25 77 1506
25 78 973
25 79 2785
25 80 1554
25 81 1021
25 82 2833
25 83 1602
25 84 1069
25 85 2329
26 0 768
26 1 1197
26 2 1374
26 3 1602
26 4 1362
26 5 1852
26 6 976
26 7 877
26 8 1473
26 9 1032
26 10 1218
26 11 1227
26 12 1294
26 13 247
26 14 1054
26 15 1451
26 16 1008
26 17 1236
26 18 1595
26 19 13
26 20 1825
26 21 798
26 22 1045
26 23 1745
26 24 1587
26 25 1561
26 26 0
26 27 1502
26 28 850
26 29 1192
26 30 1647
26 31 648
26 32 583
26 33 1814
26 34 696
26 35 631
26 36 1862
26 37 744
26 38 679
26 39 1910
26 40 792
26 41 727
26 42 1958
26 43 840
26 44 775
26 45 2006
26 46 888
26 47 823
26 48 2054
26 49 936
26 50 871
26 51 2102
26 52 984
26 53 919
26 54 2150
26 55 1032
26 56 967
26 57 2198
26 58 1080
26 59 1015
26 60 2246
26 61 1128
26 62 1063
26 63 2294
26 64 1176
26 65 1111
26 66 2342
26 67 1224
26 68 1159
26 69 2390
26 70 1272
26 71 1207
26 72 2438
26 73 1320
26 74 1255
26 75 2486
26 76 1368
26 77 1303
26 78 2534
26 79 1416
26 80 1351
26 81 2582
26 82 1464
26 83 1399
26 84 2630
26 85 768
27 0 974
27 1 1211
27 2 1840
27 3 1162
27 4 1280
27 5 1934
27 6 1250
27 7 959
27 8 1267
27 9 1402
27 10 1684
27 11 1441
27 12 338
27 13 1255
27 14 1328
27 15 1245
27 16 802
27 17 1510
27 18 2061
27 19 1515
27 20 2195
27 21 1168
27 22 1415
27 23 1539
27 24 1861
27 25 1835
27 26 1502
27 27 0
27 28 1220
27 29 1658
27 30 2113
27 31 854
27 32 1049
27 33 2280
27 34 806
27 35 1001
27 36 2232
27 37 758
27 38 953
27 39 2184
27 40 710
27 41 905
27 42 2136
27 43 662
27 44 857
27 45 2088
27 46 614
27 47 809
27 48 2040
27 49 566
27 50 761
27 51 1992
27 52 518
27 53 713
27 54 1944
27 55 566
27 56 761
27 57 1992
27 58 614
27 59 809
27 60 2040
27 61 662
27 62 857
27 63 2088
27 64 710
27 65 905
27 66 2136
27 67 758
27 68 953
27 69 2184
27 70 806
27 71 1001
27 72 2232
27 73 854
27 74 1049
27 75 2280
27 76 902
27 77 1097
27 78 2328
27 79 950
27 80 1145
27 81 2376
27 82 998
27 83 1193
27 84 2424
27 85 974
28 0 1618
28 1 1045
28 2 1058
28 3 1190
28 4 976
28 5 1310
28 6 564
28 7 465
28 8 1061
28 9 620
28 10 902
28 11 815
28 12 882
28 13 1097
28 14 642
28 15 1039
28 16 596
28 17 824
28 18 1279
28 19 837
28 20 975
28 21 386
28 22 195
28 23 1333
28 24 1175
28 25 1149
28 26 850
28 27 1220
28 28 0
28 29 876
28 30 1227
28 31 1498
28 32 267
28 33 1060
28 34 1450
28 35 219
28 36 1012
28 37 1498
28 38 267
28 39 1060
28 40 1546
28 41 315
28 42 1108
28 43 1594
28 44 363
28 45 1156
28 46 1642
28 47 411
28 48 1204
28 49 1690
28 50 459
28 51 1252
28 52 1738
28 53 507
28 54 1300
28 55 1786
28 56 555
28 57 1348
28 58 1834
28 59 603
28 60 1396
28 61 1882
28 62 651
28 63 1444
28 64 1930
28 65 699
28 66 1492
28 67 1978
28 68 747
28 69 1540
28 70 2026
28 71 795
28 72 1588
28 73 2074
28 74 843
28 75 1636
28 76 2122
28 77 891
28 78 1684
28 79 2170
28 80 939
28 81 1732
28 82 2218
28 83 987
28 84 1780
28 85 1618
29 0 1960
29 1 1483
29 2 182
29 3 1628
29 4 1414
29 5 968
29 6 1002
29 7 903
29 8 1499
29 9 1058
29 10 26
29 11 1253
29 12 1320
29 13 1439
29 14 1080
29 15 1477
29 16 1034
29 17 1262
29 18 403
29 19 1179
29 20 707
29 21 824
29 22 1071
29 23 1459
29 24 1041
29 25 1067
29 26 1192
29 27 1658
29 28 876
29 29 0
29 30 455
29 31 1840
29 32 609
29 33 622
29 34 1888
29 35 657
29 36 670
29 37 1936
29 38 705
29 39 718
29 40 1984
29 41 753
29 42 766
29 43 2032
29 44 801
29 45 814
29 46 2080
29 47 849
29 48 862
29 49 2128
29 50 897
29 51 910
29 52 2176
29 53 945
29 54 958
29 55 2224
29 56 993
29 57 1006
29 58 2272
29 59 1041
29 60 1054
29 61 2320
29 62 1089
29 63 1102
29 64 2368
29 65 1137
29 66 1150
29 67 2416
29 68 1185
29 69 1198
29 70 2464
29 71 1233
29 72 1246
29 73 2512
29 74 1281
29 75 1294
29 76 2560
29 77 1329
29 78 1342
29 79 2608
29 80 1377
29 81 1390
29 82 2656
29 83 1425
29 84 1438
29 85 1960
30 0 2415
30 1 1938
30 2 273
30 3 2083
30 4 1869
30 5 513
30 6 1457
30 7 1358
30 8 1564
30 9 1513
30 10 429
30 11 1708
30 12 1775
30 13 1894
30 14 1119
30 15 1490
30 16 1489
30 17 937
30 18 52
30 19 1634
30 20 252
30 21 1279
30 22 1032
30 23 1004
30 24 586
30 25 612
30 26 1647
30 27 2113
30 28 1227
30 29 455
30 30 0
30 31 2295
30 32 1064
30 33 167
30 34 2343
30 35 1112
30 36 215
30 37 2391
30 38 1160
30 39 263
30 40 2439
30 41 1208
30 42 311
30 43 2487
30 44 1256
30 45 359
30 46 2535
30 47 1304
30 48 407
30 49 2583
30 50 1352
30 51 455
30 52 2631
30 53 1400
30 54 503
30 55 2679
30 56 1448
30 57 551
30 58 2727
30 59 1496
30 60 599
30 61 2775
30 62 1544
30 63 647
30 64 2823
30 65 1592
30 66 695
30 67 2871
30 68 1640
30 69 743
30 70 2919
30 71 1688
30 72 791
30 73 2967
30 74 1736
30 75 839
30 76 3015
30 77 1784
30 78 887
30 79 3063
30 80 1832
30 81 935
30 82 3111
30 83 1880
30 84 983
30 85 2415
31 0 120
31 1 549
31 2 2022
31 3 980
31 4 714
31 5 2500
31 6 1030
31 7 1321
31 8 2121
31 9 878
31 10 1866
31 11 683
31 12 1192
31 13 401
31 14 1702
31 15 2099
31 16 1656
31 17 1884
31 18 2243
31 19 661
31 20 2473
31 21 1112
31 22 1693
31 23 2393
31 24 2235
31 25 2209
31 26 648
31 27 854
31 28 1498
31 29 1840
31 30 2295
31 31 0
31 32 1231
31 33 2462
31 34 48
31 35 1279
31 36 2510
31 37 96
31 38 1327
31 39 2558
31 40 144
31 41 1375
31 42 2606
31 43 192
31 44 1423
31 45 2654
31 46 240
31 47 1471
31 48 2702
31 49 288
31 50 1519
31 51 2750
31 52 336
31 53 1567
31 54 2798
31 55 384
31 56 1615
31 57 2846
31 58 432
31 59 1663
31 60 2894
31 61 480
31 62 1711
31 63 2942
31 64 528
31 65 1759
31 66 2990
31 67 576
31 68 1807
31 69 3038
31 70 624
31 71 1855
31 72 3086
31 73 672
31 74 1903
31 75 3134
31 76 720
31 77 1951
31 78 3182
31 79 768
31 80 1999
31 81 3230
31 82 816
31 83 2047
31 84 3278
31 85 120
32 0 1351
32 1 874
32 2 791
32 3 1019
32 4 805
32 5 1269
32 6 393
32 7 294
32 8 890
32 9 449
32 10 635
32 11 644
32 12 711
32 13 830
32 14 471
32 15 868
32 16 425
32 17 653
32 18 1012
32 19 570
32 20 1242
32 21 215
32 22 462
32 23 1162
32 24 1004
32 25 978
32 26 583
32 27 1049
32 28 267
32 29 609
32 30 1064
32 31 1231
32 32 0
32 33 1231
32 34 1279
32 35 48
32 36 1279
32 37 1327
32 38 96
32 39 1327
32 40 1375
32 41 144
32 42 1375
32 43 1423
32 44 192
32 45 1423
32 46 1471
32 47 240
32 48 1471
32 49 1519
32 50 288
32 51 1519
32 52 1567
32 53 336
32 54 1567
32 55 1615
32 56 384
32 57 1615
32 58 1663
32 59 432
32 60 1663
32 61 1711
32 62 480
32 63 1711
32 64 1759
32 65 528
32 66 1759
32 67 1807
32 68 576
32 69 1807
32 70 1855
32 71 624
32 72 1855
32 73 1903
32 74 672
32 75 1903
32 76 1951
32 77 720
32 78 1951
32 79 1999
32 80 768
32 81 1999
32 82 2047
32 83 816
32 84 2047
32 85 1351
33 0 2582
33 1 2105
33 2 440
33 3 2250
33 4 2036
33 5 346
33 6 1624
33 7 1525
33 8 1397
33 9 1680
33 10 596
33 11 1875
33 12 1942
33 13 2061
33 14 952
33 15 1323
33 16 1478
33 17 770
33 18 219
33 19 1801
33 20 85
33 21 1446
33 22 865
33 23 837
33 24 419
33 25 445
33 26 1814
33 27 2280
33 28 1060
33 29 622
33 30 167
33 31 2462
33 32 1231
33 33 0
33 34 2510
33 35 1279
33 36 48
33 37 2558
33 38 1327
33 39 96
33 40 2606
33 41 1375
33 42 144
33 43 2654
33 44 1423
33 45 192
33 46 2702
33 47 1471
33 48 240
33 49 2750
33 50 1519
33 51 288
33 52 2798
33 53 1567
33 54 336
33 55 2846
33 56 1615
33 57 384
33 58 2894
33 59 1663
33 60 432
33 61 2942
33 62 1711
33 63 480
33 64 2990
33 65 1759
33 66 528
33 67 3038
33 68 1807
33 69 576
33 70 3086
33 71 1855
33 72 624
33 73 3134
33 74 1903
33 75 672
33 76 3182
33 77 1951
33 78 720
33 79 3230
33 80 1999
33 81 768
33 82 3278
33 83 2047
33 84 816
33 85 2582
34 0 168
34 1 501
34 2 2070
34 3 932
34 4 666
34 5 2452
34 6 982
34 7 1273
34 8 2073
34 9 830
34 10 1914
34 11 635
34 12 1144
34 13 449
34 14 1654
34 15 2051
34 16 1608
34 17 1836
34 18 2291
34 19 709
34 20 2425
34 21 1064
34 22 1645
34 23 2345
34 24 2187
34 25 2161
34 26 696
34 27 806
34 28 1450
34 29 1888
34 30 2343
34 31 48
34 32 1279
34 33 2510
34 34 0
34 35 1231
34 36 2462
34 37 48
34 38 1279
34 39 2510
34 40 96
34 41 1327
34 42 2558
34 43 144
34 44 1375
34 45 2606
34 46 192
34 47 1423
34 48 2654
34 49 240
34 50 1471
34 51 2702
34 52 288
34 53 1519
34 54 2750
34 55 336
34 56 1567
34 57 2798
34 58 384
34 59 1615
34 60 2846
34 61 432
34 62 1663
34 63 2894
34 64 480
34 65 1711
34 66 2942
34 67 528
34 68 1759
34 69 2990
34 70 576
34 71 1807
34 72 3038
34 73 624
34 74 1855
34 75 3086
34 76 672
34 77 1903
34 78 3134
34 79 720
34 80 1951
34 81 3182
34 82 768
34 83 1999
34 84 3230
34 85 168
35 0 1399
35 1 826
35 2 839
35 3 971
35 4 757
35 5 1221
35 6 345
35 7 246
35 8 842
35 9 401
35 10 683
35 11 596
35 12 663
35 13 878
35 14 423
35 15 820
35 16 377
35 17 605
35 18 1060
35 19 618
35 20 1194
35 21 167
35 22 414
35 23 1114
35 24 956
35 25 930
35 26 631
35 27 1001
35 28 219
35 29 657
35 30 1112
35 31 1279
35 32 48
35 33 1279
35 34 1231
35 35 0
35 36 1231
35 37 1279
35 38 48
35 39 1279
35 40 1327
35 41 96
35 42 1327
35 43 1375
35 44 144
35 45 1375
35 46 1423
35 47 192
35 48 1423
35 49 1471
35 50 240
35 51 1471
35 52 1519
35 53 288
35 54 1519
35 55 1567
35 56 336
35 57 1567
35 58 1615
35 59 384
35 60 1615
35 61 1663
35 62 432
35 63 1663
35 64 1711
35 65 480
35 66 1711
35 67 1759
35 68 528
35 69 1759
35 70 1807
35 71 576
35 72 1807
35 73 1855
35 74 624
35 75 1855
35 76 1903
35 77 672
35 78 1903
35 79 1951
35 80 720
35 81 1951
35 82 1999
35 83 768
35 84 1999
35 85 1399
36 0 2630
36 1 2057
36 2 488
36 3 2202
36 4 1988
36 5 298
36 6 1576
36 7 1477
36 8 1349
36 9 1632
36 10 644
36 11 1827
36 12 1894
36 13 2109
36 14 904
36 15 1275
36 16 1430
36 17 722
36 18 267
36 19 1849
36 20 37
36 21 1398
36 22 817
36 23 789
36 24 371
36 25 397
36 26 1862
36 27 2232
36 28 1012
36 29 670
36 30 215
36 31 2510
36 32 1279
36 33 48
36 34 2462
36 35 1231
36 36 0
36 37 2510
36 38 1279
36 39 48
36 40 2558
36 41 1327
36 42 96
36 43 2606
36 44 1375
36 45 144
36 46 2654
36 47 1423
36 48 192
36 49 2702
36 50 1471
36 51 240
36 52 2750
36 53 1519
36 54 288
36 55 2798
36 56 1567
36 57 336
36 58 2846
36 59 1615
36 60 384
36 61 2894
36 62 1663
36 63 432
36 64 2942
36 65 1711
36 66 480
36 67 2990
36 68 1759
36 69 528
36 70 3038
36 71 1807
36 72 576
36 73 3086
36 74 1855
36 75 624
36 76 3134
36 77 1903
36 78 672
36 79 3182
36 80 1951
36 81 720
36 82 3230
36 83 1999
36 84 768
36 85 2630
37 0 216
37 1 453
37 2 2118
37 3 884
37 4 618
37 5 2404
37 6 934
37 7 1225
37 8 2025
37 9 878
37 10 1962
37 11 683
37 12 1096
37 13 497
37 14 1606
37 15 2003
37 16 1560
37 17 1788
37 18 2339
37 19 757
37 20 2473
37 21 1112
37 22 1693
37 23 2297
37 24 2139
37 25 2113
37 26 744
37 27 758
37 28 1498
37 29 1936
37 30 2391
37 31 96
37 32 1327
37 33 2558
37 34 48
37 35 1279
37 36 2510
37 37 0
37 38 1231
37 39 2462
37 40 48
37 41 1279
37 42 2510
37 43 96
37 44 1327
37 45 2558
37 46 144
37 47 1375
37 48 2606
37 49 192
37 50 1423
37 51 2654
37 52 240
37 53 1471
37 54 2702
37 55 288
37 56 1519
37 57 2750
37 58 336
37 59 1567
37 60 2798
37 61 384
37 62 1615
37 63 2846
37 64 432
37 65 1663
37 66 2894
37 67 480
37 68 1711
37 69 2942
37 70 528
37 71 1759
37 72 2990
37 73 576
37 74 1807
37 75 3038
37 76 624
37 77 1855
37 78 3086
37 79 672
37 80 1903
37 81 3134
37 82 720
37 83 1951
37 84 3182
37 85 216
38 0 1447
38 1 778
38 2 887
38 3 923
38 4 709
38 5 1173
38 6 297
38 7 198
38 8 794
38 9 449
38 10 731
38 11 644
38 12 615
38 13 926
38 14 375
38 15 772
38 16 329
38 17 557
38 18 1108
38 19 666
38 20 1242
38 21 215
38 22 462
38 23 1066
38 24 908
38 25 882
38 26 679
38 27 953
38 28 267
38 29 705
38 30 1160
38 31 1327
38 32 96
38 33 1327
38 34 1279
38 35 48
38 36 1279
38 37 1231
38 38 0
38 39 1231
38 40 1279
38 41 48
38 42 1279
38 43 1327
38 44 96
38 45 1327
38 46 1375
38 47 144
38 48 1375
38 49 1423
38 50 192
38 51 1423
38 52 1471
38 53 240
38 54 1471
38 55 1519
38 56 288
38 57 1519
38 58 1567
38 59 336
38 60 1567
38 61 1615
38 62 384
38 63 1615
38 64 1663
38 65 432
38 66 1663
38 67 1711
38 68 480
38 69 1711
38 70 1759
38 71 528
38 72 1759
38 73 1807
38 74 576
38 75 1807
38 76 1855
38 77 624
38 78 1855
38 79 1903
38 80 672
38 81 1903
38 82 1951
38 83 720
38 84 1951
38 85 1447
39 0 2678
39 1 2009
39 2 536
39 3 2154
39 4 1940
39 5 250
39 6 1528
39 7 1429
39 8 1301
39 9 1680
39 10 692
39 11 1875
39 12 1846
39 13 2157
39 14 856
39 15 1227
39 16 1382
39 17 674
39 18 315
39 19 1897
39 20 85
39 21 1446
39 22 865
39 23 741
39 24 323
39 25 349
39 26 1910
39 27 2184
39 28 1060
39 29 718
39 30 263
39 31 2558
39 32 1327
39 33 96
39 34 2510
39 35 1279
39 36 48
39 37 2462
39 38 1231
39 39 0
39 40 2510
39 41 1279
39 42 48
39 43 2558
39 44 1327
39 45 96
39 46 2606
39 47 1375
39 48 144
39 49 2654
39 50 1423
39 51 192
39 52 2702
39 53 1471
39 54 240
39 55 2750
39 56 1519
39 57 288
39 58 2798
39 59 1567
39 60 336
39 61 2846
39 62 1615
39 63 384
39 64 2894
39 65 1663
39 66 432
39 67 2942
39 68 1711
39 69 480
39 70 2990
39 71 1759
39 72 528
39 73 3038
39 74 1807
39 75 576
39 76 3086
39 77 1855
39 78 624
39 79 3134
39 80 1903
39 81 672
39 82 3182
39 83 1951
39 84 720
39 85 2678
40 0 264
40 1 501
40 2 2166
40 3 836
40 4 570
40 5 2356
40 6 982
40 7 1177
40 8 1977
40 9 926
40 10 2010
40 11 731
40 12 1048
40 13 545
40 14 1654
40 15 1955
40 16 1512
40 17 1836
40 18 2387
40 19 805
40 20 2521
40 21 1160
40 22 1741
40 23 2249
40 24 2187
40 25 2161
40 26 792
40 27 710
40 28 1546
40 29 1984
40 30 2439
40 31 144
40 32 1375
40 33 2606
40 34 96
40 35 1327
40 36 2558
40 37 48
40 38 1279
40 39 2510
40 40 0
40 41 1231
40 42 2462
40 43 48
40 44 1279
40 45 2510
40 46 96
40 47 1327
40 48 2558
40 49 144
40 50 1375
40 51 2606
40 52 192
40 53 1423
40 54 2654
40 55 240
40 56 1471
40 57 2702
40 58 288
40 59 1519
40 60 2750
40 61 336
40 62 1567
40 63 2798
40 64 384
40 65 1615
40 66 2846
40 67 432
40 68 1663
40 69 2894
40 70 480
40 71 1711
40 72 2942
40 73 528
40 74 1759
40 75 2990
40 76 576
40 77 1807
40 78 3038
40 79 624
40 80 1855
40 81 3086
40 82 672
40 83 1903
40 84 3134
40 85 264
41 0 1495
41 1 826
41 2 935
41 3 875
41 4 661
41 5 1125
41 6 345
41 7 150
41 8 746
41 9 497
41 10 779
41 11 692
41 12 567
41 13 974
41 14 423
41 15 724
41 16 281
41 17 605
41 18 1156
41 19 714
41 20 1290
41 21 263
41 22 510
41 23 1018
41 24 956
41 25 930
41 26 727
41 27 905
41 28 315
41 29 753
41 30 1208
41 31 1375
41 32 144
41 33 1375
41 34 1327
41 35 96
41 36 1327
41 37 1279
41 38 48
41 39 1279
41 40 1231
41 41 0
41 42 1231
41 43 1279
41 44 48
41 45 1279
41 46 1327
41 47 96
41 48 1327
41 49 1375
41 50 144
41 51 1375
41 52 1423
41 53 192
41 54 1423
41 55 1471
41 56 240
41 57 1471
41 58 1519
41 59 288
41 60 1519
41 61 1567
41 62 336
41 63 1567
41 64 1615
41 65 384
41 66 1615
41 67 1663
41 68 432
41 69 1663
41 70 1711
41 71 480
41 72 1711
41 73 1759
41 74 528
41 75 1759
41 76 1807
41 77 576
41 78 1807
41 79 1855
41 80 624
41 81 1855
41 82 1903
41 83 672
41 84 1903
41 85 1495
42 0 2726
42 1 2057
42 2 584
42 3 2106
42 4 1892
42 5 202
42 6 1576
42 7 1381
42 8 1253
42 9 1728
42 10 740
42 11 1923
42 12 1798
42 13 2205
42 14 904
42 15 1179
42 16 1334
42 17 722
42 18 363
42 19 1945
42 20 133
42 21 1494
42 22 913
42 23 693
42 24 371
42 25 397
42 26 1958
42 27 2136
42 28 1108
42 29 766
42 30 311
42 31 2606
42 32 1375
42 33 144
42 34 2558
42 35 1327
42 36 96
42 37 2510
42 38 1279
42 39 48
42 40 2462
42 41 1231
42 42 0
42 43 2510
42 44 1279
42 45 48
42 46 2558
42 47 1327
42 48 96
42 49 2606
42 50 1375
42 51 144
42 52 2654
42 53 1423
42 54 192
42 55 2702
42 56 1471
42 57 240
42 58 2750
42 59 1519
42 60 288
42 61 2798
42 62 1567
42 63 336
42 64 2846
42 65 1615
42 66 384
42 67 2894
42 68 1663
42 69 432
42 70 2942
42 71 1711
42 72 480
42 73 2990
42 74 1759
42 75 528
42 76 3038
42 77 1807
42 78 576
42 79 3086
42 80 1855
42 81 624
42 82 3134
42 83 1903
42 84 672
42 85 2726
43 0 312
43 1 549
43 2 2214
43 3 788
43 4 618
43 5 2308
43 6 1030
43 7 1129
43 8 1929
43 9 974
43 10 2058
43 11 779
43 12 1000
43 13 593
43 14 1702
43 15 1907
43 16 1464
43 17 1884
43 18 2435
43 19 853
43 20 2569
43 21 1208
43 22 1789
43 23 2201
43 24 2235
43 25 2209
43 26 840
43 27 662
43 28 1594
43 29 2032
43 30 2487
43 31 192
43 32 1423
43 33 2654
43 34 144
43 35 1375
43 36 2606
43 37 96
43 38 1327
43 39 2558
43 40 48
43 41 1279
43 42 2510
43 43 0
43 44 1231
43 45 2462
43 46 48
43 47 1279
43 48 2510
43 49 96
43 50 1327
43 51 2558
43 52 144
43 53 1375
43 54 2606
43 55 192
43 56 1423
43 57 2654
43 58 240
43 59 1471
43 60 2702
43 61 288
43 62 1519
43 63 2750
43 64 336
43 65 1567
43 66 2798
43 67 384
43 68 1615
43 69 2846
43 70 432
43 71 1663
43 72 2894
43 73 480
43 74 1711
43 75 2942
43 76 528
43 77 1759
43 78 2990
43 79 576
43 80 1807
43 81 3038
43 82 624
43 83 1855
43 84 3086
43 85 312
44 0 1543
44 1 874
44 2 983
44 3 827
44 4 709
44 5 1077
44 6 393
44 7 102
44 8 698
44 9 545
44 10 827
44 11 740
44 12 519
44 13 1022
44 14 471
44 15 676
44 16 233
44 17 653
44 18 1204
44 19 762
44 20 1338
44 21 311
44 22 558
44 23 970
44 24 1004
44 25 978
44 26 775
44 27 857
44 28 363
44 29 801
44 30 1256
44 31 1423
44 32 192
44 33 1423
44 34 1375
44 35 144
44 36 1375
44 37 1327
44 38 96
44 39 1327
44 40 1279
44 41 48
44 42 1279
44 43 1231
44 44 0
44 45 1231
44 46 1279
44 47 48
44 48 1279
44 49 1327
44 50 96
44 51 1327
44 52 1375
44 53 144
44 54 1375
44 55 1423
44 56 192
44 57 1423
44 58 1471
44 59 240
44 60 1471
44 61 1519
44 62 288
44 63 1519
44 64 1567
44 65 336
44 66 1567
44 67 1615
44 68 384
44 69 1615
44 70 1663
44 71 432
44 72 1663
44 73 1711
44 74 480
44 75 1711
44 76 1759
44 77 528
44 78 1759
44 79 1807
44 80 576
44 81 1807
44 82 1855
44 83 624
44 84 1855
44 85 1543
45 0 2774
45 1 2105
45 2 632
45 3 2058
45 4 1940
45 5 154
45 6 1624
45 7 1333
45 8 1205
45 9 1776
45 10 788
45 11 1971
45 12 1750
45 13 2253
45 14 952
45 15 1131
45 16 1286
45 17 770
45 18 411
45 19 1993
45 20 181
45 21 1542
45 22 961
45 23 645
45 24 419
45 25 445
45 26 2006
45 27 2088
45 28 1156
45 29 814
45 30 359
45 31 2654
45 32 1423
45 33 192
45 34 2606
45 35 1375
45 36 144
45 37 2558
45 38 1327
45 39 96
45 40 2510
45 41 1279
45 42 48
45 43 2462
45 44 1231
45 45 0
45 46 2510
45 47 1279
45 48 48
45 49 2558
45 50 1327
45 51 96
45 52 2606
45 53 1375
45 54 144
45 55 2654
45 56 1423
45 57 192
45 58 2702
45 59 1471
45 60 240
45 61 2750
45 62 1519
45 63 288
45 64 2798
45 65 1567
45 66 336
45 67 2846
45 68 1615
45 69 384
45 70 2894
45 71 1663
45 72 432
45 73 2942
45 74 1711
45 75 480
45 76 2990
45 77 1759
45 78 528
45 79 3038
45 80 1807
45 81 576
45 82 3086
45 83 1855
45 84 624
45 85 2774
46 0 360
46 1 597
46 2 2262
46 3 740
46 4 666
46 5 2356
46 6 1078
46 7 1177
46 8 1881
46 9 1022
46 10 2106
46 11 827
46 12 952
46 13 641
46 14 1750
46 15 1859
46 16 1416
46 17 1932
46 18 2483
46 19 901
46 20 2617
46 21 1256
46 22 1837
46 23 2153
46 24 2283
46 25 2257
46 26 888
46 27 614
46 28 1642
46 29 2080
46 30 2535
46 31 240
46 32 1471
46 33 2702
46 34 192
46 35 1423
46 36 2654
46 37 144
46 38 1375
46 39 2606
46 40 96
46 41 1327
46 42 2558
46 43 48
46 44 1279
46 45 2510
46 46 0
46 47 1231
46 48 2462
46 49 48
46 50 1279
46 51 2510
46 52 96
46 53 1327
46 54 2558
46 55 144
46 56 1375
46 57 2606
46 58 192
46 59 1423
46 60 2654
46 61 240
46 62 1471
46 63 2702
46 64 288
46 65 1519
46 66 2750
46 67 336
46 68 1567
46 69 2798
46 70 384
46 71 1615
46 72 2846
46 73 432
46 74 1663
46 75 2894
46 76 480
46 77 1711
46 78 2942
46 79 528
46 80 1759
46 81 2990
46 82 576
46 83 1807
46 84 3038
46 85 360
47 0 1591
47 1 922
47 2 1031
47 3 779
47 4 757
47 5 1125
47 6 441
47 7 150
47 8 650
47 9 593
47 10 875
47 11 788
47 12 471
47 13 1070
47 14 519
47 15 628
47 16 185
47 17 701
47 18 1252
47 19 810
47 20 1386
47 21 359
47 22 606
47 23 922
47 24 1052
47 25 1026
47 26 823
47 27 809
47 28 411
47 29 849
47 30 1304
47 31 1471
47 32 240
47 33 1471
47 34 1423
47 35 192
47 36 1423
47 37 1375
47 38 144
47 39 1375
47 40 1327
47 41 96
47 42 1327
47 43 1279
47 44 48
47 45 1279
47 46 1231
47 47 0
47 48 1231
47 49 1279
47 50 48
47 51 1279
47 52 1327
47 53 96
47 54 1327
47 55 1375
47 56 144
47 57 1375
47 58 1423
47 59 192
47 60 1423
47 61 1471
47 62 240
47 63 1471
47 64 1519
47 65 288
47 66 1519
47 67 1567
47 68 336
47 69 1567
47 70 1615
47 71 384
47 72 1615
47 73 1663
47 74 432
47 75 1663
47 76 1711
47 77 480
47 78 1711
47 79 1759
47 80 528
47 81 1759
47 82 1807
47 83 576
47 84 1807
47 85 1591
48 0 2822
48 1 2153
48 2 680
48 3 2010
48 4 1988
48 5 202
48 6 1672
48 7 1381
48 8 1157
48 9 1824
48 10 836
48 11 2019
48 12 1702
48 13 2301
48 14 1000
48 15 1083
48 16 1238
48 17 818
48 18 459
48 19 2041
48 20 229
48 21 1590
48 22 1009
48 23 597
48 24 467
48 25 493
48 26 2054
48 27 2040
48 28 1204
48 29 862
48 30 407
48 31 2702
48 32 1471
48 33 240
48 34 2654
48 35 1423
48 36 192
48 37 2606
48 38 1375
48 39 144
48 40 2558
48 41 1327
48 42 96
48 43 2510
48 44 1279
48 45 48
48 46 2462
48 47 1231
48 48 0
48 49 2510
48 50 1279
48 51 48
48 52 2558
48 53 1327
48 54 96
48 55 2606
48 56 1375
48 57 144
48 58 2654
48 59 1423
48 60 192
48 61 2702
48 62 1471
48 63 240
48 64 2750
48 65 1519
48 66 288
48 67 2798
48 68 1567
48 69 336
48 70 2846
48 71 1615
48 72 384
48 73 2894
48 74 1663
48 75 432
48 76 2942
48 77 1711
48 78 480
48 79 2990
48 80 1759
48 81 528
48 82 3038
48 83 1807
48 84 576
48 85 2822
49 0 408
49 1 645
49 2 2310
49 3 692
49 4 714
49 5 2404
49 6 1126
49 7 1225
49 8 1833
49 9 1070
49 10 2154
49 11 875
49 12 904
49 13 689
49 14 1798
49 15 1811
49 16 1368
49 17 1980
49 18 2531
49 19 949
49 20 2665
49 21 1304
49 22 1885
49 23 2105
49 24 2331
49 25 2305
49 26 936
49 27 566
49 28 1690
49 29 2128
49 30 2583
49 31 288
49 32 1519
49 33 2750
49 34 240
49 35 1471
49 36 2702
49 37 192
49 38 1423
49 39 2654
49 40 144
49 41 1375
49 42 2606
49 43 96
49 44 1327
49 45 2558
49 46 48
49 47 1279
49 48 2510
49 49 0
49 50 1231
49 51 2462
49 52 48
49 53 1279
49 54 2510
49 55 96
49 56 1327
49 57 2558
49 58 144
49 59 1375
49 60 2606
49 61 192
49 62 1423
49 63 2654
49 64 240
49 65 1471
49 66 2702
49 67 288
49 68 1519
49 69 2750
49 70 336
49 71 1567
49 72 2798
49 73 384
49 74 1615
49 75 2846
49 76 432
49 77 1663
49 78 2894
49 79 480
49 80 1711
49 81 2942
49 82 528
49 83 1759
49 84 2990
49 85 408
50 0 1639
50 1 970
50 2 1079
50 3 731
50 4 805
50 5 1173
50 6 489
50 7 198
50 8 602
50 9 641
50 10 923
50 11 836
50 12 423
50 13 1118
50 14 567
50 15 580
50 16 137
50 17 749
50 18 1300
50 19 858
50 20 1434
50 21 407
50 22 654
50 23 874
50 24 1100
50 25 1074
50 26 871
50 27 761
50 28 459
50 29 897
50 30 1352
50 31 1519
50 32 288
50 33 1519
50 34 1471
50 35 240
50 36 1471
50 37 1423
50 38 192
50 39 1423
50 40 1375
50 41 144
50 42 1375
50 43 1327
50 44 96
50 45 1327
50 46 1279
50 47 48
50 48 1279
50 49 1231
50 50 0
50 51 1231
50 52 1279
50 53 48
50 54 1279
50 55 1327
50 56 96
50 57 1327
50 58 1375
50 59 144
50 60 1375
50 61 1423
50 62 192
50 63 1423
50 64 1471
50 65 240
50 66 1471
50 67 1519
50 68 288
50 69 1519
50 70 1567
50 71 336
50 72 1567
50 73 1615
50 74 384
50 75 1615
50 76 1663
50 77 432
50 78 1663
50 79 1711
50 80 480
50 81 1711
50 82 1759
50 83 528
50 84 1759
50 85 1639
51 0 2870
51 1 2201
51 2 728
51 3 1962
51 4 2036
51 5 250
51 6 1720
51 7 1429
51 8 1109
51 9 1872
51 10 884
51 11 2067
51 12 1654
51 13 2349
51 14 1048
51 15 1035
51 16 1190
51 17 866
51 18 507
51 19 2089
51 20 277
51 21 1638
51 22 1057
51 23 549
51 24 515
51 25 541
51 26 2102
51 27 1992
51 28 1252
51 29 910
51 30 455
51 31 2750
51 32 1519
51 33 288
51 34 2702
51 35 1471
51 36 240
51 37 2654
51 38 1423
51 39 192
51 40 2606
51 41 1375
51 42 144
51 43 2558
51 44 1327
51 45 96
51 46 2510
51 47 1279
51 48 48
51 49 2462
51 50 1231
51 51 0
51 52 2510
51 53 1279
51 54 48
51 55 2558
51 56 1327
51 57 96
51 58 2606
51 59 1375
51 60 144
51 61 2654
51 62 1423
51 63 192
51 64 2702
51 65 1471
51 66 240
51 67 2750
51 68 1519
51 69 288
51 70 2798
51 71 1567
51 72 336
51 73 2846
51 74 1615
51 75 384
51 76 2894
51 77 1663
51 78 432
51 79 2942
51 80 1711
51 81 480
51 82 2990
51 83 1759
51 84 528
51 85 2870
52 0 456
52 1 693
52 2 2358
52 3 644
52 4 762
52 5 2452
52 6 1174
52 7 1273
52 8 1785
52 9 1118
52 10 2202
52 11 923
52 12 856
52 13 737
52 14 1846
52 15 1763
52 16 1320
52 17 2028
52 18 2579
52 19 997
52 20 2713
52 21 1352
52 22 1933
52 23 2057
52 24 2379
52 25 2353
52 26 984
52 27 518
52 28 1738
52 29 2176
52 30 2631
52 31 336
52 32 1567
52 33 2798
52 34 288
52 35 1519
52 36 2750
52 37 240
52 38 1471
52 39 2702
52 40 192
52 41 1423
52 42 2654
52 43 144
52 44 1375
52 45 2606
52 46 96
52 47 1327
52 48 2558
52 49 48
52 50 1279
52 51 2510
52 52 0
52 53 1231
52 54 2462
52 55 48
52 56 1279
52 57 2510
52 58 96
52 59 1327
52 60 2558
52 61 144
52 62 1375
52 63 2606
52 64 192
52 65 1423
52 66 2654
52 67 240
52 68 1471
52 69 2702
52 70 288
52 71 1519
52 72 2750
52 73 336
52 74 1567
52 75 2798
52 76 384
52 77 1615
52 78 2846
52 79 432
52 80 1663
52 81 2894
52 82 480
52 83 1711
52 84 2942
52 85 456
53 0 1687
53 1 1018
53 2 1127
53 3 683
53 4 853
53 5 1221
53 6 537
53 7 246
53 8 554
53 9 689
53 10 971
53 11 884
53 12 375
53 13 1166
53 14 615
53 15 532
53 16 89
53 17 797
53 18 1348
53 19 906
53 20 1482
53 21 455
53 22 702
53 23 826
53 24 1148
53 25 1122
53 26 919
53 27 713
53 28 507
53 29 945
53 30 1400
53 31 1567
53 32 336
53 33 1567
53 34 1519
53 35 288
53 36 1519
53 37 1471
53 38 240
53 39 1471
53 40 1423
53 41 192
53 42 1423
53 43 1375
53 44 144
53 45 1375
53 46 1327
53 47 96
53 48 1327
53 49 1279
53 50 48
53 51 1279
53 52 1231
53 53 0
53 54 1231
53 55 1279
53 56 48
53 57 1279
53 58 1327
53 59 96
53 60 1327
53 61 1375
53 62 144
53 63 1375
53 64 1423
53 65 192
53 66 1423
53 67 1471
53 68 240
53 69 1471
53 70 1519
53 71 288
53 72 1519
53 73 1567
53 74 336
53 75 1567
53 76 1615
53 77 384
53 78 1615
53 79 1663
53 80 432
53 81 1663
53 82 1711
53 83 480
53 84 1711
53 85 1687
54 0 2918
54 1 2249
54 2 776
54 3 1914
54 4 2084
54 5 298
54 6 1768
54 7 1477
54 8 1061
54 9 1920
54 10 932
54 11 2115
54 12 1606
54 13 2397
54 14 1096
54 15 987
54 16 1142
54 17 914
54 18 555
54 19 2137
54 20 325
54 21 1686
54 22 1105
54 23 501
54 24 563
54 25 589
54 26 2150
54 27 1944
54 28 1300
54 29 958
54 30 503
54 31 2798
54 32 1567
54 33 336
54 34 2750
54 35 1519
54 36 288
54 37 2702
54 38 1471
54 39 240
54 40 2654
54 41 1423
54 42 192
54 43 2606
54 44 1375
54 45 144
54 46 2558
54 47 1327
54 48 96
54 49 2510
54 50 1279
54 51 48
54 52 2462
54 53 1231
54 54 0
54 55 2510
54 56 1279
54 57 48
54 58 2558
54 59 1327
54 60 96
54 61 2606
54 62 1375
54 63 144
54 64 2654
54 65 1423
54 66 192
54 67 2702
54 68 1471
54 69 240
54 70 2750
54 71 1519
54 72 288
54 73 2798
54 74 1567
54 75 336
54 76 2846
54 77 1615
54 78 384
54 79 2894
54 80 1663
54 81 432
54 82 2942
54 83 1711
54 84 480
54 85 2918
55 0 504
55 1 741
55 2 2406
55 3 596
55 4 810
55 5 2500
55 6 1222
55 7 1321
55 8 1737
55 9 1166
55 10 2250
55 11 971
55 12 904
55 13 785
55 14 1894
55 15 1715
55 16 1368
55 17 2076
55 18 2627
55 19 1045
55 20 2761
55 21 1400
55 22 1981
55 23 2009
55 24 2427
55 25 2401
55 26 1032
55 27 566
55 28 1786
55 29 2224
55 30 2679
55 31 384
55 32 1615
55 33 2846
55 34 336
55 35 1567
55 36 2798
55 37 288
55 38 1519
55 39 2750
55 40 240
55 41 1471
55 42 2702
55 43 192
55 44 1423
55 45 2654
55 46 144
55 47 1375
55 48 2606
55 49 96
55 50 1327
55 51 2558
55 52 48
55 53 1279
55 54 2510
55 55 0
55 56 1231
55 57 2462
55 58 48
55 59 1279
55 60 2510
55 61 96
55 62 1327
55 63 2558
55 64 144
55 65 1375
55 66 2606
55 67 192
55 68 1423
55 69 2654
55 70 240
55 71 1471
55 72 2702
55 73 288
55 74 1519
55 75 2750
55 76 336
55 77 1567
55 78 2798
55 79 384
55 80 1615
55 81 2846
55 82 432
55 83 1663
55 84 2894
55 85 504
56 0 1735
56 1 1066
56 2 1175
56 3 635
56 4 901
56 5 1269
56 6 585
56 7 294
56 8 506
56 9 737
56 10 1019
56 11 932
56 12 423
56 13 1214
56 14 663
56 15 484
56 16 137
56 17 845
56 18 1396
56 19 954
56 20 1530
56 21 503
56 22 750
56 23 778
56 24 1196
56 25 1170
56 26 967
56 27 761
56 28 555
56 29 993
56 30 1448
56 31 1615
56 32 384
56 33 1615
56 34 1567
56 35 336
56 36 1567
56 37 1519
56 38 288
56 39 1519
56 40 1471
56 41 240
56 42 1471
56 43 1423
56 44 192
56 45 1423
56 46 1375
56 47 144
56 48 1375
56 49 1327
56 50 96
56 51 1327
56 52 1279
56 53 48
56 54 1279
56 55 1231
56 56 0
56 57 1231
56 58 1279
56 59 48
56 60 1279
56 61 1327
56 62 96
56 63 1327
56 64 1375
56 65 144
56 66 1375
56 67 1423
56 68 192
56 69 1423
56 70 1471
56 71 240
56 72 1471
56 73 1519
56 74 288
56 75 1519
56 76 1567
56 77 336
56 78 1567
56 79 1615
56 80 384
56 81 1615
56 82 1663
56 83 432
56 84 1663
56 85 1735
57 0 2966
57 1 2297
57 2 824
57 3 1866
57 4 2132
57 5 346
57 6 1816
57 7 1525
57 8 1013
57 9 1968
57 10 980
57 11 2163
57 12 1654
57 13 2445
57 14 1144
57 15 939
57 16 1190
57 17 962
57 18 603
57 19 2185
57 20 373
57 21 1734
57 22 1153
57 23 453
57 24 611
57 25 637
57 26 2198
57 27 1992
57 28 1348
57 29 1006
57 30 551
57 31 2846
57 32 1615
57 33 384
57 34 2798
57 35 1567
57 36 336
57 37 2750
57 38 1519
57 39 288
57 40 2702
57 41 1471
57 42 240
57 43 2654
57 44 1423
57 45 192
57 46 2606
57 47 1375
57 48 144
57 49 2558
57 50 1327
57 51 96
57 52 2510
57 53 1279
57 54 48
57 55 2462
57 56 1231
57 57 0
57 58 2510
57 59 1279
57 60 48
57 61 2558
57 62 1327
57 63 96
57 64 2606
57 65 1375
57 66 144
57 67 2654
57 68 1423
57 69 192
57 70 2702
57 71 1471
57 72 240
57 73 2750
57 74 1519
57 75 288
57 76 2798
57 77 1567
57 78 336
57 79 2846
57 80 1615
57 81 384
57 82 2894
57 83 1663
57 84 432
57 85 2966
58 0 552
58 1 789
58 2 2454
58 3 644
58 4 858
58 5 2548
58 6 1270
58 7 1369
58 8 1689
58 9 1214
58 10 2298
58 11 1019
58 12 952
58 13 833
58 14 1942
58 15 1667
58 16 1416
58 17 2124
58 18 2675
58 19 1093
58 20 2809
58 21 1448
58 22 2029
58 23 2057
58 24 2475
58 25 2449
58 26 1080
58 27 614
58 28 1834
58 29 2272
58 30 2727
58 31 432
58 32 1663
58 33 2894
58 34 384
58 35 1615
58 36 2846
58 37 336
58 38 1567
58 39 2798
58 40 288
58 41 1519
58 42 2750
58 43 240
58 44 1471
58 45 2702
58 46 192
58 47 1423
58 48 2654
58 49 144
58 50 1375
58 51 2606
58 52 96
58 53 1327
58 54 2558
58 55 48
58 56 1279
58 57 2510
58 58 0
58 59 1231
58 60 2462
58 61 48
58 62 1279
58 63 2510
58 64 96
58 65 1327
58 66 2558
58 67 144
58 68 1375
58 69 2606
58 70 192
58 71 1423
58 72 2654
58 73 240
58 74 1471
58 75 2702
58 76 288
58 77 1519
58 78 2750
58 79 336
58 80 1567
58 81 2798
58 82 384
58 83 1615
58 84 2846
58 85 552
59 0 1783
59 1 1114
59 2 1223
59 3 683
59 4 949
59 5 1317
59 6 633
59 7 342
59 8 458
59 9 785
59 10 1067
59 11 980
59 12 471
59 13 1262
59 14 711
59 15 436
59 16 185
59 17 893
59 18 1444
59 19 1002
59 20 1578
59 21 551
59 22 798
59 23 826
59 24 1244
59 25 1218
59 26 1015
59 27 809
59 28 603
59 29 1041
59 30 1496
59 31 1663
59 32 432
59 33 1663
59 34 1615
59 35 384
59 36 1615
59 37 1567
59 38 336
59 39 1567
59 40 1519
59 41 288
59 42 1519
59 43 1471
59 44 240
59 45 1471
59 46 1423
59 47 192
59 48 1423
59 49 1375
59 50 144
59 51 1375
59 52 1327
59 53 96
59 54 1327
59 55 1279
59 56 48
59 57 1279
59 58 1231
59 59 0
59 60 1231
59 61 1279
59 62 48
59 63 1279
59 64 1327
59 65 96
59 66 1327
59 67 1375
59 68 144
59 69 1375
59 70 1423
59 71 192
59 72 1423
59 73 1471
59 74 240
59 75 1471
59 76 1519
59 77 288
59 78 1519
59 79 1567
59 80 336
59 81 1567
59 82 1615
59 83 384
59 84 1615
59 85 1783
60 0 3014
60 1 2345
60 2 872
60 3 1914
60 4 2180
60 5 394
60 6 1864
60 7 1573
60 8 965
60 9 2016
60 10 1028
60 11 2211
60 12 1702
60 13 2493
60 14 1192
60 15 891
60 16 1238
60 17 1010
60 18 651
60 19 2233
60 20 421
60 21 1782
60 22 1201
60 23 501
60 24 659
60 25 685
60 26 2246
60 27 2040
60 28 1396
60 29 1054
60 30 599
60 31 2894
60 32 1663
60 33 432
60 34 2846
60 35 1615
60 36 384
60 37 2798
60 38 1567
60 39 336
60 40 2750
60 41 1519
60 42 288
60 43 2702
60 44 1471
60 45 240
60 46 2654
60 47 1423
60 48 192
60 49 2606
60 50 1375
60 51 144
60 52 2558
60 53 1327
60 54 96
60 55 2510
60 56 1279
60 57 48
60 58 2462
60 59 1231
60 60 0
60 61 2510
60 62 1279
60 63 48
60 64 2558
60 65 1327
60 66 96
60 67 2606
60 68 1375
60 69 144
60 70 2654
60 71 1423
60 72 192
60 73 2702
60 74 1471
60 75 240
60 76 2750
60 77 1519
60 78 288
60 79 2798
60 80 1567
60 81 336
60 82 2846
60 83 1615
60 84 384
60 85 3014
61 0 600
61 1 837
61 2 2502
61 3 692
61 4 906
61 5 2596
61 6 1318
61 7 1417
61 8 1641
61 9 1262
61 10 2346
61 11 1067
61 12 1000
61 13 881
61 14 1990
61 15 1619
61 16 1464
61 17 2172
61 18 2723
61 19 1141
61 20 2857
61 21 1496
61 22 2077
61 23 2105
61 24 2523
61 25 2497
61 26 1128
61 27 662
61 28 1882
61 29 2320
61 30 2775
61 31 480
61 32 1711
61 33 2942
61 34 432
61 35 1663
61 36 2894
61 37 384
61 38 1615
61 39 2846
61 40 336
61 41 1567
61 42 2798
61 43 288
61 44 1519
61 45 2750
61 46 240
61 47 1471
61 48 2702
61 49 192
61 50 1423
61 51 2654
61 52 144
61 53 1375
61 54 2606
61 55 96
61 56 1327
61 57 2558
61 58 48
61 59 1279
61 60 2510
61 61 0
61 62 1231
61 63 2462
61 64 48
61 65 1279
61 66 2510
61 67 96
61 68 1327
61 69 2558
61 70 144
61 71 1375
61 72 2606
61 73 192
61 74 1423
61 75 2654
61 76 240
61 77 1471
61 78 2702
61 79 288
61 80 1519
61 81 2750
61 82 336
61 83 1567
61 84 2798
61 85 600
62 0 1831
62 1 1162
62 2 1271
62 3 731
62 4 997
62 5 1365
62 6 681
62 7 390
62 8 410
62 9 833
62 10 1115
62 11 1028
62 12 519
62 13 1310
62 14 759
62 15 388
62 16 233
62 17 941
62 18 1492
62 19 1050
62 20 1626
62 21 599
62 22 846
62 23 874
62 24 1292
62 25 1266
62 26 1063
62 27 857
62 28 651
62 29 1089
62 30 1544
62 31 1711
62 32 480
62 33 1711
62 34 1663
62 35 432
62 36 1663
62 37 1615
62 38 384
62 39 1615
62 40 1567
62 41 336
62 42 1567
62 43 1519
62 44 288
62 45 1519
62 46 1471
62 47 240
62 48 1471
62 49 1423
62 50 192
62 51 1423
62 52 1375
62 53 144
62 54 1375
62 55 1327
62 56 96
62 57 1327
62 58 1279
62 59 48
62 60 1279
62 61 1231
62 62 0
62 63 1231
62 64 1279
62 65 48
62 66 1279
62 67 1327
62 68 96
62 69 1327
62 70 1375
62 71 144
62 72 1375
62 73 1423
62 74 192
62 75 1423
62 76 1471
62 77 240
62 78 1471
62 79 1519
62 80 288
62 81 1519
62 82 1567
62 83 336
62 84 1567
62 85 1831
63 0 3062
63 1 2393
63 2 920
63 3 1962
63 4 2228
63 5 442
63 6 1912
63 7 1621
63 8 917
63 9 2064
63 10 1076
63 11 2259
63 12 1750
63 13 2541
63 14 1240
63 15 843
63 16 1286
63 17 1058
63 18 699
63 19 2281
63 20 469
63 21 1830
63 22 1249
63 23 549
63 24 707
63 25 733
63 26 2294
63 27 2088
63 28 1444
63 29 1102
63 30 647
63 31 2942
63 32 1711
63 33 480
63 34 2894
63 35 1663
63 36 432
63 37 2846
63 38 1615
63 39 384
63 40 2798
63 41 1567
63 42 336
63 43 2750
63 44 1519
63 45 288
63 46 2702
63 47 1471
63 48 240
63 49 2654
63 50 1423
63 51 192
63 52 2606
63 53 1375
63 54 144
63 55 2558
63 56 1327
63 57 96
63 58 2510
63 59 1279
63 60 48
63 61 2462
63 62 1231
63 63 0
63 64 2510
63 65 1279
63 66 48
63 67 2558
63 68 1327
63 69 96
63 70 2606
63 71 1375
63 72 144
63 73 2654
63 74 1423
63 75 192
63 76 2702
63 77 1471
63 78 240
63 79 2750
63 80 1519
63 81 288
63 82 2798
63 83 1567
63 84 336
63 85 3062
64 0 648
64 1 885
64 2 2550
64 3 740
64 4 954
64 5 2644
64 6 1366
64 7 1465
64 8 1593
64 9 1310
64 10 2394
64 11 1115
64 12 1048
64 13 929
64 14 2038
64 15 1667
64 16 1512
64 17 2220
64 18 2771
64 19 1189
64 20 2905
64 21 1544
64 22 2125
64 23 2153
64 24 2571
64 25 2545
64 26 1176
64 27 710
64 28 1930
64 29 2368
64 30 2823
64 31 528
64 32 1759
64 33 2990
64 34 480
64 35 1711
64 36 2942
64 37 432
64 38 1663
64 39 2894
64 40 384
64 41 1615
64 42 2846
64 43 336
64 44 1567
64 45 2798
64 46 288
64 47 1519
64 48 2750
64 49 240
64 50 1471
64 51 2702
64 52 192
64 53 1423
64 54 2654
64 55 144
64 56 1375
64 57 2606
64 58 96
64 59 1327
64 60 2558
64 61 48
64 62 1279
64 63 2510
64 64 0
64 65 1231
64 66 2462
64 67 48
64 68 1279
64 69 2510
64 70 96
64 71 1327
64 72 2558
64 73 144
64 74 1375
64 75 2606
64 76 192
64 77 1423
64 78 2654
64 79 240
64 80 1471
64 81 2702
64 82 288
64 83 1519
64 84 2750
64 85 648
65 0 1879
65 1 1210
65 2 1319
65 3 779
65 4 1045
65 5 1413
65 6 729
65 7 438
65 8 362
65 9 881
65 10 1163
65 11 1076
65 12 567
65 13 1358
65 14 807
65 15 436
65 16 281
65 17 989
65 18 1540
65 19 1098
65 20 1674
65 21 647
65 22 894
65 23 922
65 24 1340
65 25 1314
65 26 1111
65 27 905
65 28 699
65 29 1137
65 30 1592
65 31 1759
65 32 528
65 33 1759
65 34 1711
65 35 480
65 36 1711
65 37 1663
65 38 432
65 39 1663
65 40 1615
65 41 384
65 42 1615
65 43 1567
65 44 336
65 45 1567
65 46 1519
65 47 288
65 48 1519
65 49 1471
65 50 240
65 51 1471
65 52 1423
65 53 192
65 54 1423
65 55 1375
65 56 144
65 57 1375
65 58 1327
65 59 96
65 60 1327
65 61 1279
65 62 48
65 63 1279
65 64 1231
65 65 0
65 66 1231
65 67 1279
65 68 48
65 69 1279
65 70 1327
65 71 96
65 72 1327
65 73 1375
65 74 144
65 75 1375
65 76 1423
65 77 192
65 78 1423
65 79 1471
65 80 240
65 81 1471
65 82 1519
65 83 288
65 84 1519
65 85 1879
66 0 3110
66 1 2441
66 2 968
66 3 2010
66 4 2276
66 5 490
66 6 1960
66 7 1669
66 8 869
66 9 2112
66 10 1124
66 11 2307
66 12 1798
66 13 2589
66 14 1288
66 15 891
66 16 1334
66 17 1106
66 18 747
66 19 2329
66 20 517
66 21 1878
66 22 1297
66 23 597
66 24 755
66 25 781
66 26 2342
66 27 2136
66 28 1492
66 29 1150
66 30 695
66 31 2990
66 32 1759
66 33 528
66 34 2942
66 35 1711
66 36 480
66 37 2894
66 38 1663
66 39 432
66 40 2846
66 41 1615
66 42 384
66 43 2798
66 44 1567
66 45 336
66 46 2750
66 47 1519
66 48 288
66 49 2702
66 50 1471
66 51 240
66 52 2654
66 53 1423
66 54 192
66 55 2606
66 56 1375
66 57 144
66 58 2558
66 59 1327
66 60 96
66 61 2510
66 62 1279
66 63 48
66 64 2462
66 65 1231
66 66 0
66 67 2510
66 68 1279
66 69 48
66 70 2558
66 71 1327
66 72 96
66 73 2606
66 74 1375
66 75 144
66 76 2654
66 77 1423
66 78 192
66 79 2702
66 80 1471
66 81 240
66 82 2750
66 83 1519
66 84 288
66 85 3110
67 0 696
67 1 933
67 2 2598
67 3 788
67 4 1002
67 5 2692
67 6 1414
67 7 1513
67 8 1641
67 9 1358
67 10 2442
67 11 1163
67 12 1096
67 13 977
67 14 2086
67 15 1715
67 16 1560
67 17 2268
67 18 2819
67 19 1237
67 20 2953
67 21 1592
67 22 2173
67 23 2201
67 24 2619
67 25 2593
67 26 1224
67 27 758
67 28 1978
67 29 2416
67 30 2871
67 31 576
67 32 1807
67 33 3038
67 34 528
67 35 1759
67 36 2990
67 37 480
67 38 1711
67 39 2942
67 40 432
67 41 1663
67 42 2894
67 43 384
67 44 1615
67 45 2846
67 46 336
67 47 1567
67 48 2798
67 49 288
67 50 1519
67 51 2750
67 52 240
67 53 1471
67 54 2702
67 55 192
67 56 1423
67 57 2654
67 58 144
67 59 1375
67 60 2606
67 61 96
67 62 1327
67 63 2558
67 64 48
67 65 1279
67 66 2510
67 67 0
67 68 1231
67 69 2462
67 70 48
67 71 1279
67 72 2510
67 73 96
67 74 1327
67 75 2558
67 76 144
67 77 1375
67 78 2606
67 79 192
67 80 1423
67 81 2654
67 82 240
67 83 1471
67 84 2702
67 85 696
68 0 1927
68 1 1258
68 2 1367
68 3 827
68 4 1093
68 5 1461
68 6 777
68 7 486
68 8 410
68 9 929
68 10 1211
68 11 1124
68 12 615
68 13 1406
68 14 855
68 15 484
68 16 329
68 17 1037
68 18 1588
68 19 1146
68 20 1722
68 21 695
68 22 942
68 23 970
68 24 1388
68 25 1362
68 26 1159
68 27 953
68 28 747
68 29 1185
68 30 1640
68 31 1807
68 32 576
68 33 1807
68 34 1759
68 35 528
68 36 1759
68 37 1711
68 38 480
68 39 1711
68 40 1663
68 41 432
68 42 1663
68 43 1615
68 44 384
68 45 1615
68 46 1567
68 47 336
68 48 1567
68 49 1519
68 50 288
68 51 1519
68 52 1471
68 53 240
68 54 1471
68 55 1423
68 56 192
68 57 1423
68 58 1375
68 59 144
68 60 1375
68 61 1327
68 62 96
68 63 1327
68 64 1279
68 65 48
68 66 1279
68 67 1231
68 68 0
68 69 1231
68 70 1279
68 71 48
68 72 1279
68 73 1327
68 74 96
68 75 1327
68 76 1375
68 77 144
68 78 1375
68 79 1423
68 80 192
68 81 1423
68 82 1471
68 83 240
68 84 1471
68 85 1927
69 0 3158
69 1 2489
69 2 1016
69 3 2058
69 4 2324
69 5 538
69 6 2008
69 7 1717
69 8 917
69 9 2160
69 10 1172
69 11 2355
69 12 1846
69 13 2637
69 14 1336
69 15 939
69 16 1382
69 17 1154
69 18 795
69 19 2377
69 20 565
69 21 1926
69 22 1345
69 23 645
69 24 803
69 25 829
69 26 2390
69 27 2184
69 28 1540
69 29 1198
69 30 743
69 31 3038
69 32 1807
69 33 576
69 34 2990
69 35 1759
69 36 528
69 37 2942
69 38 1711
69 39 480
69 40 2894
69 41 1663
69 42 432
69 43 2846
69 44 1615
69 45 384
69 46 2798
69 47 1567
69 48 336
69 49 2750
69 50 1519
69 51 288
69 52 2702
69 53 1471
69 54 240
69 55 2654
69 56 1423
69 57 192
69 58 2606
69 59 1375
69 60 144
69 61 2558
69 62 1327
69 63 96
69 64 2510
69 65 1279
69 66 48
69 67 2462
69 68 1231
69 69 0
69 70 2510
69 71 1279
69 72 48
69 73 2558
69 74 1327
69 75 96
69 76 2606
69 77 1375
69 78 144
69 79 2654
69 80 1423
69 81 192
69 82 2702
69 83 1471
69 84 240
69 85 3158
70 0 744
70 1 981
70 2 2646
70 3 836
70 4 1050
70 5 2740
70 6 1462
70 7 1561
70 8 1689
70 9 1406
70 10 2490
70 11 1211
70 12 1144
70 13 1025
70 14 2134
70 15 1763
70 16 1608
70 17 2316
70 18 2867
70 19 1285
70 20 3001
70 21 1640
70 22 2221
70 23 2249
70 24 2667
70 25 2641
70 26 1272
70 27 806
70 28 2026
70 29 2464
70 30 2919
70 31 624
70 32 1855
70 33 3086
70 34 576
70 35 1807
70 36 3038
70 37 528
70 38 1759
70 39 2990
70 40 480
70 41 1711
70 42 2942
70 43 432
70 44 1663
70 45 2894
70 46 384
70 47 1615
70 48 2846
70 49 336
70 50 1567
70 51 2798
70 52 288
70 53 1519
70 54 2750
70 55 240
70 56 1471
70 57 2702
70 58 192
70 59 1423
70 60 2654
70 61 144
70 62 1375
70 63 2606
70 64 96
70 65 1327
70 66 2558
70 67 48
70 68 1279
70 69 2510
70 70 0
70 71 1231
70 72 2462
70 73 48
70 74 1279
70 75 2510
70 76 96
70 77 1327
70 78 2558
70 79 144
70 80 1375
70 81 2606
70 82 192
70 83 1423
70 84 2654
70 85 744
71 0 1975
71 1 1306
71 2 1415
71 3 875
71 4 1141
71 5 1509
71 6 825
71 7 534
71 8 458
71 9 977
71 10 1259
71 11 1172
71 12 663
71 13 1454
71 14 903
71 15 532
71 16 377
71 17 1085
71 18 1636
71 19 1194
71 20 1770
71 21 743
71 22 990
71 23 1018
71 24 1436
71 25 1410
71 26 1207
71 27 1001
71 28 795
71 29 1233
71 30 1688
71 31 1855
71 32 624
71 33 1855
71 34 1807
71 35 576
71 36 1807
71 37 1759
71 38 528
71 39 1759
71 40 1711
71 41 480
71 42 1711
71 43 1663
71 44 432
71 45 1663
71 46 1615
71 47 384
71 48 1615
71 49 1567
71 50 336
71 51 1567
71 52 1519
71 53 288
71 54 1519
71 55 1471
71 56 240
71 57 1471
71 58 1423
71 59 192
71 60 1423
71 61 1375
71 62 144
71 63 1375
71 64 1327
71 65 96
71 66 1327
71 67 1279
71 68 48
71 69 1279
71 70 1231
71 71 0
71 72 1231
71 73 1279
71 74 48
71 75 1279
71 76 1327
71 77 96
71 78 1327
71 79 1375
71 80 144
71 81 1375
71 82 1423
71 83 192
71 84 1423
71 85 1975
72 0 3206
72 1 2537
72 2 1064
72 3 2106
72 4 2372
72 5 586
72 6 2056
72 7 1765
72 8 965
72 9 2208
72 10 1220
72 11 2403
72 12 1894
72 13 2685
72 14 1384
72 15 987
72 16 1430
72 17 1202
72 18 843
72 19 2425
72 20 613
72 21 1974
72 22 1393
72 23 693
72 24 851
72 25 877
72 26 2438
72 27 2232
72 28 1588
72 29 1246
72 30 791
72 31 3086
72 32 1855
72 33 624
72 34 3038
72 35 1807
72 36 576
72 37 2990
72 38 1759
72 39 528
72 40 2942
72 41 1711
72 42 480
72 43 2894
72 44 1663
72 45 432
72 46 2846
72 47 1615
72 48 384
72 49 2798
72 50 1567
72 51 336
72 52 2750
72 53 1519
72 54 288
72 55 2702
72 56 1471
72 57 240
72 58 2654
72 59 1423
72 60 192
72 61 2606
72 62 1375
72 63 144
72 64 2558
72 65 1327
72 66 96
72 67 2510
72 68 1279
72 69 48
72 70 2462
72 71 1231
72 72 0
72 73 2510
72 74 1279
72 75 48
72 76 2558
72 77 1327
72 78 96
72 79 2606
72 80 1375
72 81 144
72 82 2654
72 83 1423
72 84 192
72 85 3206
73 0 792
73 1 1029
73 2 2694
73 3 884
73 4 1098
73 5 2788
73 6 1510
73 7 1609
73 8 1737
73 9 1454
73 10 2538
73 11 1259
73 12 1192
73 13 1073
73 14 2182
73 15 1811
73 16 1656
73 17 2364
73 18 2915
73 19 1333
73 20 3049
73 21 1688
73 22 2269
73 23 2297
73 24 2715
73 25 2689
73 26 1320
73 27 854
73 28 2074
73 29 2512
73 30 2967
73 31 672
73 32 1903
73 33 3134
73 34 624
73 35 1855
73 36 3086
73 37 576
73 38 1807
73 39 3038
73 40 528
73 41 1759
73 42 2990
73 43 480
73 44 1711
73 45 2942
73 46 432
73 47 1663
73 48 2894
73 49 384
73 50 1615
73 51 2846
73 52 336
73 53 1567
73 54 2798
73 55 288
73 56 1519
73 57 2750
73 58 240
73 59 1471
73 60 2702
73 61 192
73 62 1423
73 63 2654
73 64 144
73 65 1375
73 66 2606
73 67 96
73 68 1327
73 69 2558
73 70 48
73 71 1279
73 72 2510
73 73 0
73 74 1231
73 75 2462
73 76 48
73 77 1279
73 78 2510
73 79 96
73 80 1327
73 81 2558
73 82 144
73 83 1375
73 84 2606
73 85 792
74 0 2023
74 1 1354
74 2 1463
74 3 923
74 4 1189
74 5 1557
74 6 873
74 7 582
74 8 506
74 9 1025
74 10 1307
74 11 1220
74 12 711
74 13 1502
74 14 951
74 15 580
74 16 425
74 17 1133
74 18 1684
74 19 1242
74 20 1818
74 21 791
74 22 1038
74 23 1066
74 24 1484
74 25 1458
74 26 1255
74 27 1049
74 28 843
74 29 1281
74 30 1736
74 31 1903
74 32 672
74 33 1903
74 34 1855
74 35 624
74 36 1855
74 37 1807
74 38 576
74 39 1807
74 40 1759
74 41 528
74 42 1759
74 43 1711
74 44 480
74 45 1711
74 46 1663
74 47 432
74 48 1663
74 49 1615
74 50 384
74 51 1615
74 52 1567
74 53 336
74 54 1567
74 55 1519
74 56 288
74 57 1519
74 58 1471
74 59 240
74 60 1471
74 61 1423
74 62 192
74 63 1423
74 64 1375
74 65 144
74 66 1375
74 67 1327
74 68 96
74 69 1327
74 70 1279
74 71 48
74 72 1279
74 73 1231
74 74 0
74 75 1231
74 76 1279
74 77 48
74 78 1279
74 79 1327
74 80 96
74 81 1327
74 82 1375
74 83 144
74 84 1375
74 85 2023
75 0 3254
75 1 2585
75 2 1112
75 3 2154
75 4 2420
75 5 634
75 6 2104
75 7 1813
75 8 1013
75 9 2256
75 10 1268
75 11 2451
75 12 1942
75 13 2733
75 14 1432
75 15 1035
75 16 1478
75 17 1250
75 18 891
75 19 2473
75 20 661
75 21 2022
75 22 1441
75 23 741
75 24 899
75 25 925
75 26 2486
75 27 2280
75 28 1636
75 29 1294
75 30 839
75 31 3134
75 32 1903
75 33 672
75 34 3086
75 35 1855
75 36 624
75 37 3038
75 38 1807
75 39 576
75 40 2990
75 41 1759
75 42 528
75 43 2942
75 44 1711
75 45 480
75 46 2894
75 47 1663
75 48 432
75 49 2846
75 50 1615
75 51 384
75 52 2798
75 53 1567
75 54 336
75 55 2750
75 56 1519
75 57 288
75 58 2702
75 59 1471
75 60 240
75 61 2654
75 62 1423
75 63 192
75 64 2606
75 65 1375
75 66 144
75 67 2558
75 68 1327
75 69 96
75 70 2510
75 71 1279
75 72 48
75 73 2462
75 74 1231
75 75 0
75 76 2510
75 77 1279
75 78 48
75 79 2558
75 80 1327
75 81 96
75 82 2606
75 83 1375
75 84 144
75 85 3254
76 0 840
76 1 1077
76 2 2742
76 3 932
76 4 1146
76 5 2836
76 6 1558
76 7 1657
76 8 1785
76 9 1502
76 10 2586
76 11 1307
76 12 1240
76 13 1121
76 14 2230
76 15 1859
76 16 1704
76 17 2412
76 18 2963
76 19 1381
76 20 3097
76 21 1736
76 22 2317
76 23 2345
76 24 2763
76 25 2737
76 26 1368
76 27 902
76 28 2122
76 29 2560
76 30 3015
76 31 720
76 32 1951
76 33 3182
76 34 672
76 35 1903
76 36 3134
76 37 624
76 38 1855
76 39 3086
76 40 576
76 41 1807
76 42 3038
76 43 528
76 44 1759
76 45 2990
76 46 480
76 47 1711
76 48 2942
76 49 432
76 50 1663
76 51 2894
76 52 384
76 53 1615
76 54 2846
76 55 336
76 56 1567
76 57 2798
76 58 288
76 59 1519
76 60 2750
76 61 240
76 62 1471
76 63 2702
76 64 192
76 65 1423
76 66 2654
76 67 144
76 68 1375
76 69 2606
76 70 96
76 71 1327
76 72 2558
76 73 48
76 74 1279
76 75 2510
76 76 0
76 77 1231
76 78 2462
76 79 48
76 80 1279
76 81 2510
76 82 96
76 83 1327
76 84 2558
76 85 840
77 0 2071
77 1 1402
77 2 1511
77 3 971
77 4 1237
77 5 1605
77 6 921
77 7 630
77 8 554
77 9 1073
77 10 1355
77 11 1268
77 12 759
77 13 1550
77 14 999
77 15 628
77 16 473
77 17 1181
77 18 1732
77 19 1290
77 20 1866
77 21 839
77 22 1086
77 23 1114
77 24 1532
77 25 1506
77 26 1303
77 27 1097
77 28 891
77 29 1329
77 30 1784
77 31 1951
77 32 720
77 33 1951
77 34 1903
77 35 672
77 36 1903
77 37 1855
77 38 624
77 39 1855
77 40 1807
77 41 576
77 42 1807
77 43 1759
77 44 528
77 45 1759
77 46 1711
77 47 480
77 48 1711
77 49 1663
77 50 432
77 51 1663
77 52 1615
77 53 384
77 54 1615
77 55 1567
77 56 336
77 57 1567
77 58 1519
77 59 288
77 60 1519
77 61 1471
77 62 240
77 63 1471
77 64 1423
77 65 192
77 66 1423
77 67 1375
77 68 144
77 69 1375
77 70 1327
77 71 96
77 72 1327
77 73 1279
77 74 48
77 75 1279
77 76 1231
77 77 0
77 78 1231
77 79 1279
77 80 48
77 81 1279
77 82 1327
77 83 96
77 84 1327
77 85 2071
78 0 3302
78 1 2633
78 2 1160
78 3 2202
78 4 2468
78 5 682
78 6 2152
78 7 1861
78 8 1061
78 9 2304
78 10 1316
78 11 2499
78 12 1990
78 13 2781
78 14 1480
78 15 1083
78 16 1526
78 17 1298
78 18 939
78 19 2521
78 20 709
78 21 2070
78 22 1489
78 23 789
78 24 947
78 25 973
78 26 2534
78 27 2328
78 28 1684
78 29 1342
78 30 887
78 31 3182
78 32 1951
78 33 720
78 34 3134
78 35 1903
78 36 672
78 37 3086
78 38 1855
78 39 624
78 40 3038
78 41 1807
78 42 576
78 43 2990
78 44 1759
78 45 528
78 46 2942
78 47 1711
78 48 480
78 49 2894
78 50 1663
78 51 432
78 52 2846
78 53 1615
78 54 384
78 55 2798
78 56 1567
78 57 336
78 58 2750
78 59 1519
78 60 288
78 61 2702
78 62 1471
78 63 240
78 64 2654
78 65 1423
78 66 192
78 67 2606
78 68 1375
78 69 144
78 70 2558
78 71 1327
78 72 96
78 73 2510
78 74 1279
78 75 48
78 76 2462
78 77 1231
78 78 0
78 79 2510
78 80 1279
78 81 48
78 82 2558
78 83 1327
78 84 96
78 85 3302
79 0 888
79 1 1125
79 2 2790
79 3 980
79 4 1194
79 5 2884
79 6 1606
79 7 1705
79 8 1833
79 9 1550
79 10 2634
79 11 1355
79 12 1288
79 13 1169
79 14 2278
79 15 1907
79 16 1752
79 17 2460
79 18 3011
79 19 1429
79 20 3145
79 21 1784
79 22 2365
79 23 2393
79 24 2811
79 25 2785
79 26 1416
79 27 950
79 28 2170
79 29 2608
79 30 3063
79 31 768
79 32 1999
79 33 3230
79 34 720
79 35 1951
79 36 3182
79 37 672
79 38 1903
79 39 3134
79 40 624
79 41 1855
79 42 3086
79 43 576
79 44 1807
79 45 3038
79 46 528
79 47 1759
79 48 2990
79 49 480
79 50 1711
79 51 2942
79 52 432
79 53 1663
79 54 2894
79 55 384
79 56 1615
79 57 2846
79 58 336
79 59 1567
79 60 2798
79 61 288
79 62 1519
79 63 2750
79 64 240
79 65 1471
79 66 2702
79 67 192
79 68 1423
79 69 2654
79 70 144
79 71 1375
79 72 2606
79 73 96
79 74 1327
79 75 2558
79 76 48
79 77 1279
79 78 2510
79 79 0
79 80 1231
79 81 2462
79 82 48
79 83 1279
79 84 2510
79 85 888
80 0 2119
80 1 1450
80 2 1559
80 3 1019
80 4 1285
80 5 1653
80 6 969
80 7 678
80 8 602
80 9 1121
80 10 1403
80 11 1316
80 12 807
80 13 1598
80 14 1047
80 15 676
80 16 521
80 17 1229
80 18 1780
80 19 1338
80 20 1914
80 21 887
80 22 1134
80 23 1162
80 24 1580
80 25 1554
80 26 1351
80 27 1145
80 28 939
80 29 1377
80 30 1832
80 31 1999
80 32 768
80 33 1999
80 34 1951
80 35 720
80 36 1951
80 37 1903
80 38 672
80 39 1903
80 40 1855
80 41 624
80 42 1855
80 43 1807
80 44 576
80 45 1807
80 46 1759
80 47 528
80 48 1759
80 49 1711
80 50 480
80 51 1711
80 52 1663
80 53 432
80 54 1663
80 55 1615
80 56 384
80 57 1615
80 58 1567
80 59 336
80 60 1567
80 61 1519
80 62 288
80 63 1519
80 64 1471
80 65 240
80 66 1471
80 67 1423
80 68 192
80 69 1423
80 70 1375
80 71 144
80 72 1375
80 73 1327
80 74 96
80 75 1327
80 76 1279
80 77 48
80 78 1279
80 79 1231
80 80 0
80 81 1231
80 82 1279
80 83 48
80 84 1279
80 85 2119
81 0 3350
81 1 2681
81 2 1208
81 3 2250
81 4 2516
81 5 730
81 6 2200
81 7 1909
81 8 1109
81 9 2352
81 10 1364
81 11 2547
81 12 2038
81 13 2829
81 14 1528
81 15 1131
81 16 1574
81 17 1346
81 18 987
81 19 2569
81 20 757
81 21 2118
81 22 1537
81 23 837
81 24 995
81 25 1021
81 26 2582
81 27 2376
81 28 1732
81 29 1390
81 30 935
81 31 3230
81 32 1999
81 33 768
81 34 3182
81 35 1951
81 36 720
81 37 3134
81 38 1903
81 39 672
81 40 3086
81 41 1855
81 42 624
81 43 3038
81 44 1807
81 45 576
81 46 2990
81 47 1759
81 48 528
81 49 2942
81 50 1711
81 51 480
81 52 2894
81 53 1663
81 54 432
81 55 2846
81 56 1615
81 57 384
81 58 2798
81 59 1567
81 60 336
81 61 2750
81 62 1519
81 63 288
81 64 2702
81 65 1471
81 66 240
81 67 2654
81 68 1423
81 69 192
81 70 2606
81 71 1375
81 72 144
81 73 2558
81 74 1327
81 75 96
81 76 2510
81 77 1279
81 78 48
81 79 2462
81 80 1231
81 81 0
81 82 2510
81 83 1279
81 84 48
81 85 3350
82 0 936
82 1 1173
82 2 2838
82 3 1028
82 4 1242
82 5 2932
82 6 1654
82 7 1753
82 8 1881
82 9 1598
82 10 2682
82 11 1403
82 12 1336
82 13 1217
82 14 2326
82 15 1955
82 16 1800
82 17 2508
82 18 3059
82 19 1477
82 20 3193
82 21 1832
82 22 2413
82 23 2441
82 24 2859
82 25 2833
82 26 1464
82 27 998
82 28 2218
82 29 2656
82 30 3111
82 31 816
82 32 2047
82 33 3278
82 34 768
82 35 1999
82 36 3230
82 37 720
82 38 1951
82 39 3182
82 40 672
82 41 1903
82 42 3134
82 43 624
82 44 1855
82 45 3086
82 46 576
82 47 1807
82 48 3038
82 49 528
82 50 1759
82 51 2990
82 52 480
82 53 1711
82 54 2942
82 55 432
82 56 1663
82 57 2894
82 58 384
82 59 1615
82 60 2846
82 61 336
82 62 1567
82 63 2798
82 64 288
82 65 1519
82 66 2750
82 67 240
82 68 1471
82 69 2702
82 70 192
82 71 1423
82 72 2654
82 73 144
82 74 1375
82 75 2606
82 76 96
82 77 1327
82 78 2558
82 79 48
82 80 1279
82 81 2510
82 82 0
82 83 1231
82 84 2462
82 85 936
83 0 2167
83 1 1498
83 2 1607
83 3 1067
83 4 1333
83 5 1701
83 6 1017
83 7 726
83 8 650
83 9 1169
83 10 1451
83 11 1364
83 12 855
83 13 1646
83 14 1095
83 15 724
83 16 569
83 17 1277
83 18 1828
83 19 1386
83 20 1962
83 21 935
83 22 1182
83 23 1210
83 24 1628
83 25 1602
83 26 1399
83 27 1193
83 28 987
83 29 1425
83 30 1880
83 31 2047
83 32 816
83 33 2047
83 34 1999
83 35 768
83 36 1999
83 37 1951
83 38 720
83 39 1951
83 40 1903
83 41 672
83 42 1903
83 43 1855
83 44 624
83 45 1855
83 46 1807
83 47 576
83 48 1807
83 49 1759
83 50 528
83 51 1759
83 52 1711
83 53 480
83 54 1711
83 55 1663
83 56 432
83 57 1663
83 58 1615
83 59 384
83 60 1615
83 61 1567
83 62 336
83 63 1567
83 64 1519
83 65 288
83 66 1519
83 67 1471
83 68 240
83 69 1471
83 70 1423
83 71 192
83 72 1423
83 73 1375
83 74 144
83 75 1375
83 76 1327
83 77 96
83 78 1327
83 79 1279
83 80 48
83 81 1279
83 82 1231
83 83 0
83 84 1231
83 85 2167
84 0 3398
84 1 2729
84 2 1256
84 3 2298
84 4 2564
84 5 778
84 6 2248
84 7 1957
84 8 1157
84 9 2400
84 10 1412
84 11 2595
84 12 2086
84 13 2877
84 14 1576
84 15 1179
84 16 1622
84 17 1394
84 18 1035
84 19 2617
84 20 805
84 21 2166
84 22 1585
84 23 885
84 24 1043
84 25 1069
84 26 2630
84 27 2424
84 28 1780
84 29 1438
84 30 983
84 31 3278
84 32 2047
84 33 816
84 34 3230
84 35 1999
84 36 768
84 37 3182
84 38 1951
84 39 720
84 40 3134
84 41 1903
84 42 672
84 43 3086
84 44 1855
84 45 624
84 46 3038
84 47 1807
84 48 576
84 49 2990
84 50 1759
84 51 528
84 52 2942
84 53 1711
84 54 480
84 55 2894
84 56 1663
84 57 432
84 58 2846
84 59 1615
84 60 384
84 61 2798
84 62 1567
84 63 336
84 64 2750
84 65 1519
84 66 288
84 67 2702
84 68 1471
84 69 240
84 70 2654
84 71 1423
84 72 192
84 73 2606
84 74 1375
84 75 144
84 76 2558
84 77 1327
84 78 96
84 79 2510
84 80 1279
84 81 48
84 82 2462
84 83 1231
84 84 0
84 85 3398
85 0 0
85 1 669
85 2 2142
85 3 1100
85 4 834
85 5 2620
85 6 1150
85 7 1441
85 8 2241
85 9 998
85 10 1986
85 11 803
85 12 1312
85 13 521
85 14 1822
85 15 2219
85 16 1776
85 17 2004
85 18 2363
85 19 781
85 20 2593
85 21 1232
85 22 1813
85 23 2513
85 24 2355
85 25 2329
85 26 768
85 27 974
85 28 1618
85 29 1960
85 30 2415
85 31 120
85 32 1351
85 33 2582
85 34 168
85 35 1399
85 36 2630
85 37 216
85 38 1447
85 39 2678
85 40 264
85 41 1495
85 42 2726
85 43 312
85 44 1543
85 45 2774
85 46 360
85 47 1591
85 48 2822
85 49 408
85 50 1639
85 51 2870
85 52 456
85 53 1687
85 54 2918
85 55 504
85 56 1735
85 57 2966
85 58 552
85 59 1783
85 60 3014
85 61 600
85 62 1831
85 63 3062
85 64 648
85 65 1879
85 66 3110
85 67 696
85 68 1927
85 69 3158
85 70 744
85 71 1975
85 72 3206
85 73 792
85 74 2023
85 75 3254
85 76 840
85 77 2071
85 78 3302
85 79 888
85 80 2119
85 81 3350
85 82 936
85 83 2167
85 84 3398
85 85 0
//Location coordinates LocationName
//Loc x y
0 0.0 0.0 "depot"
1 96.0 573.0 "product aisle 2 bloc 0 rank 65"
2 0.0 2142.0 "product aisle 0 bloc 1 rank 118"
3 384.0 716.0 "product aisle 8 bloc 0 rank 87"
4 144.0 690.0 "product aisle 3 bloc 0 rank 84"
5 192.0 2428.0 "product aisle 4 bloc 1 rank 162"
6 96.0 1054.0 "product aisle 2 bloc 0 rank 140"
7 192.0 1249.0 "product aisle 4 bloc 0 rank 169"
8 528.0 1713.0 "product aisle 11 bloc 1 rank 52"
9 48.0 950.0 "product aisle 1 bloc 0 rank 123"
10 0.0 1986.0 "product aisle 0 bloc 1 rank 94"
11 48.0 755.0 "product aisle 1 bloc 0 rank 93"
12 336.0 976.0 "product aisle 7 bloc 0 rank 128"
13 0.0 521.0 "product aisle 0 bloc 0 rank 58"
14 96.0 1726.0 "product aisle 2 bloc 1 rank 54"
15 480.0 1739.0 "product aisle 10 bloc 1 rank 56"
16 336.0 1440.0 "product aisle 7 bloc 1 rank 9"
17 96.0 1908.0 "product aisle 2 bloc 1 rank 82"
18 0.0 2363.0 "product aisle 0 bloc 1 rank 151"
19 0.0 781.0 "product aisle 0 bloc 0 rank 98"
20 48.0 2545.0 "product aisle 1 bloc 1 rank 180"
21 48.0 1184.0 "product aisle 1 bloc 0 rank 160"
22 48.0 1765.0 "product aisle 1 bloc 1 rank 60"
23 384.0 2129.0 "product aisle 8 bloc 1 rank 116"
24 96.0 2259.0 "product aisle 2 bloc 1 rank 136"
25 96.0 2233.0 "product aisle 2 bloc 1 rank 132"
26 0.0 768.0 "product aisle 0 bloc 0 rank 95"
27 336.0 638.0 "product aisle 7 bloc 0 rank 75"
28 48.0 1570.0 "product aisle 1 bloc 1 rank 29"
29 0.0 1960.0 "product aisle 0 bloc 1 rank 89"
30 0.0 2415.0 "product aisle 0 bloc 1 rank 159"
31 24.0 120.0 "intersection aisle 0 bloc 0 rank 0"
32 24.0 1351.0 "intersection aisle 0 bloc 1 rank 1"
33 24.0 2582.0 "intersection aisle 0 bloc 2 rank 2"
34 72.0 120.0 "intersection aisle 1 bloc 0 rank 0"
35 72.0 1351.0 "intersection aisle 1 bloc 1 rank 1"
36 72.0 2582.0 "intersection aisle 1 bloc 2 rank 2"
37 120.0 120.0 "intersection aisle 2 bloc 0 rank 0"
38 120.0 1351.0 "intersection aisle 2 bloc 1 rank 1"
39 120.0 2582.0 "intersection aisle 2 bloc 2 rank 2"
40 168.0 120.0 "intersection aisle 3 bloc 0 rank 0"
41 168.0 1351.0 "intersection aisle 3 bloc 1 rank 1"
42 168.0 2582.0 "intersection aisle 3 bloc 2 rank 2"
43 216.0 120.0 "intersection aisle 4 bloc 0 rank 0"
44 216.0 1351.0 "intersection aisle 4 bloc 1 rank 1"
45 216.0 2582.0 "intersection aisle 4 bloc 2 rank 2"
46 264.0 120.0 "intersection aisle 5 bloc 0 rank 0"
47 264.0 1351.0 "intersection aisle 5 bloc 1 rank 1"
48 264.0 2582.0 "intersection aisle 5 bloc 2 rank 2"
49 312.0 120.0 "intersection aisle 6 bloc 0 rank 0"
50 312.0 1351.0 "intersection aisle 6 bloc 1 rank 1"
51 312.0 2582.0 "intersection aisle 6 bloc 2 rank 2"
52 360.0 120.0 "intersection aisle 7 bloc 0 rank 0"
53 360.0 1351.0 "intersection aisle 7 bloc 1 rank 1"
54 360.0 2582.0 "intersection aisle 7 bloc 2 rank 2"
55 408.0 120.0 "intersection aisle 8 bloc 0 rank 0"
56 408.0 1351.0 "intersection aisle 8 bloc 1 rank 1"
57 408.0 2582.0 "intersection aisle 8 bloc 2 rank 2"
58 456.0 120.0 "intersection aisle 9 bloc 0 rank 0"
59 456.0 1351.0 "intersection aisle 9 bloc 1 rank 1"
60 456.0 2582.0 "intersection aisle 9 bloc 2 rank 2"
61 504.0 120.0 "intersection aisle 10 bloc 0 rank 0"
62 504.0 1351.0 "intersection aisle 10 bloc 1 rank 1"
63 504.0 2582.0 "intersection aisle 10 bloc 2 rank 2"
64 552.0 120.0 "intersection aisle 11 bloc 0 rank 0"
65 552.0 1351.0 "intersection aisle 11 bloc 1 rank 1"
66 552.0 2582.0 "intersection aisle 11 bloc 2 rank 2"
67 600.0 120.0 "intersection aisle 12 bloc 0 rank 0"
68 600.0 1351.0 "intersection aisle 12 bloc 1 rank 1"
69 600.0 2582.0 "intersection aisle 12 bloc 2 rank 2"
70 648.0 120.0 "intersection aisle 13 bloc 0 rank 0"
71 648.0 1351.0 "intersection aisle 13 bloc 1 rank 1"
72 648.0 2582.0 "intersection aisle 13 bloc 2 rank 2"
73 696.0 120.0 "intersection aisle 14 bloc 0 rank 0"
74 696.0 1351.0 "intersection aisle 14 bloc 1 rank 1"
75 696.0 2582.0 "intersection aisle 14 bloc 2 rank 2"
76 744.0 120.0 "intersection aisle 15 bloc 0 rank 0"
77 744.0 1351.0 "intersection aisle 15 bloc 1 rank 1"
78 744.0 2582.0 "intersection aisle 15 bloc 2 rank 2"
79 792.0 120.0 "intersection aisle 16 bloc 0 rank 0"
80 792.0 1351.0 "intersection aisle 16 bloc 1 rank 1"
81 792.0 2582.0 "intersection aisle 16 bloc 2 rank 2"
82 840.0 120.0 "intersection aisle 17 bloc 0 rank 0"
83 840.0 1351.0 "intersection aisle 17 bloc 1 rank 1"
84 840.0 2582.0 "intersection aisle 17 bloc 2 rank 2"
85 0.0 0.0 "depot"
