//alpha
1
//NbLocations
92
//NbProducts
37
//NbPickers
2
//CapaPicker
12
//TimeToTravelOneDistanceUnit
3
//SetupTime
5400
//PickTime
300
//Products
//Idx Location Size
1 1 1
2 2 1
3 3 1
4 4 1
5 5 1
6 6 1
7 7 1
8 8 1
9 9 1
10 10 1
11 11 1
12 12 1
13 13 1
14 14 1
15 15 1
16 16 1
17 17 1
18 18 1
19 19 1
20 20 1
21 21 1
22 22 1
23 23 1
24 24 1
25 25 1
26 26 1
27 27 1
28 28 1
29 29 1
30 30 1
31 31 1
32 32 1
33 33 1
34 34 1
35 35 1
36 36 1
37 37 1
//Orders
//NbOrders
18
//Idx DueDate TardinessPenalty NbProdInOrder ProdIdx1 Qty1 ProdIdx2 Qty2 ...
1 72000 0 1 1 1
2 90000 0 1 2 1
3 72000 0 1 3 1
4 126000 0 1 4 1
5 90000 0 2 5 1 6 1
6 126000 0 1 7 1
7 126000 0 1 8 1
8 72000 0 1 9 1
9 36000 0 2 10 1 11 1
10 36000 0 1 12 1
11 36000 0 1 13 1
12 90000 0 2 14 1 15 1
13 108000 0 3 16 1 17 1 18 1
14 108000 0 5 19 1 20 1 21 1 22 1 23 1
15 144000 0 3 24 1 25 1 26 1
16 108000 0 1 27 1
17 72000 0 1 28 1
18 108000 0 9 29 1 30 1 31 1 32 1 33 1 34 1 35 1 36 1 37 1
//Graph (Products are vertices indexed from 1 to NbProducts)
//NbVerticesIntersections
54
//DepartingDepot
0
//ArrivalDepot
92
//Arcs
//Start End Distance
0 38 120
1 15 65
1 85 726
2 25 65
2 45 583
3 37 416
3 60 245
4 53 193
4 54 1038
5 86 310
5 87 921
6 21 39
6 40 102
7 71 63
7 72 1168
8 17 299
8 39 336
9 23 169
9 39 76
10 31 117
10 33 78
11 54 180
11 55 1051
12 29 702
12 43 427
13 56 687
13 57 544
14 24 364
14 38 609
15 1 65
15 84 440
16 20 13
16 26 195
17 8 299
17 21 455
18 48 1116
18 49 115
19 27 338
19 32 52
20 16 13
20 30 286
21 6 39
21 17 455
22 63 518
22 64 713
23 9 169
23 24 13
24 14 364
24 23 13
25 2 65
25 46 583
26 16 195
26 42 128
27 19 338
27 45 349
28 62 284
28 63 947
29 12 702
29 42 102
30 20 286
30 31 247
31 10 117
31 30 247
32 19 52
32 36 325
33 10 78
33 41 167
34 47 622
34 48 609
35 89 804
35 90 427
36 32 325
36 44 167
37 3 416
37 59 570
38 14 609
38 41 48
38 92 120
39 8 336
39 9 76
39 42 48
40 6 102
40 43 48
41 33 167
41 38 48
41 44 48
42 26 128
42 29 102
42 39 48
42 45 48
43 12 427
43 40 48
43 46 48
44 36 167
44 41 48
44 47 48
45 2 583
45 27 349
45 42 48
45 48 48
46 25 583
46 43 48
46 49 48
47 34 622
47 44 48
47 50 48
48 18 1116
48 34 609
48 45 48
48 51 48
49 18 115
49 46 48
49 52 48
50 47 48
50 51 1231
50 53 48
51 48 48
51 50 1231
51 52 1231
51 54 48
52 49 48
52 51 1231
52 55 48
53 4 193
53 50 48
53 56 48
54 4 1038
54 11 180
54 51 48
54 57 48
55 11 1051
55 52 48
55 58 48
56 13 687
56 53 48
56 59 48
57 13 544
57 54 48
57 58 1231
57 60 48
58 55 48
58 57 1231
58 61 48
59 37 570
59 56 48
59 62 48
60 3 245
60 57 48
60 61 1231
60 63 48
61 58 48
61 60 1231
61 64 48
62 28 284
62 59 48
62 65 48
63 22 518
63 28 947
63 60 48
63 66 48
64 22 713
64 61 48
64 67 48
65 62 48
65 66 1231
65 68 48
66 63 48
66 65 1231
66 67 1231
66 69 48
67 64 48
67 66 1231
67 70 48
68 65 48
68 69 1231
68 71 48
69 66 48
69 68 1231
69 70 1231
69 72 48
70 67 48
70 69 1231
70 73 48
71 7 63
71 68 48
71 74 48
72 7 1168
72 69 48
72 73 1231
72 75 48
73 70 48
73 72 1231
73 76 48
74 71 48
74 75 1231
74 77 48
75 72 48
75 74 1231
75 76 1231
75 78 48
76 73 48
76 75 1231
76 79 48
77 74 48
77 78 1231
77 80 48
78 75 48
78 77 1231
78 79 1231
78 81 48
79 76 48
79 78 1231
79 82 48
80 77 48
80 81 1231
80 83 48
81 78 48
81 80 1231
81 82 1231
81 84 48
82 79 48
82 81 1231
82 85 48
83 80 48
83 84 1231
83 86 48
84 15 440
84 81 48
84 83 1231
84 87 48
85 1 726
85 82 48
85 88 48
86 5 310
86 83 48
86 89 48
87 5 921
87 84 48
87 88 1231
87 90 48
88 85 48
88 87 1231
88 91 48
89 35 804
89 86 48
90 35 427
90 87 48
90 91 1231
91 88 48
91 90 1231
//LocStart LocEnd ShortestPath
0 0 0
0 1 2576
0 2 2030
0 3 1442
0 4 553
0 5 1198
0 6 2480
0 7 711
0 8 1687
0 9 1275
0 10 413
0 11 1771
0 12 2203
0 13 1095
0 14 729
0 15 2511
0 16 1076
0 17 1986
0 18 2611
0 19 760
0 20 1063
0 21 2441
0 22 2253
0 23 1106
0 24 1093
0 25 2095
0 26 1271
0 27 1098
0 28 788
0 29 1501
0 30 777
0 31 530
0 32 708
0 33 335
0 34 886
0 35 1740
0 36 383
0 37 1026
0 38 120
0 39 1351
0 40 2582
0 41 168
0 42 1399
0 43 2630
0 44 216
0 45 1447
0 46 2678
0 47 264
0 48 1495
0 49 2726
0 50 312
0 51 1543
0 52 2774
0 53 360
0 54 1591
0 55 2822
0 56 408
0 57 1639
0 58 2870
0 59 456
0 60 1687
0 61 2918
0 62 504
0 63 1735
0 64 2966
0 65 552
0 66 1783
0 67 3014
0 68 600
0 69 1831
0 70 3062
0 71 648
0 72 1879
0 73 3110
0 74 696
0 75 1927
0 76 3158
0 77 744
0 78 1975
0 79 3206
0 80 792
0 81 2023
0 82 3254
0 83 840
0 84 2071
0 85 3302
0 86 888
0 87 2119
0 88 3350
0 89 936
0 90 2167
0 91 3398
0 92 0
1 0 2576
1 1 0
1 2 1712
1 3 1134
1 4 2023
1 5 1474
1 6 1548
1 7 1865
1 8 1561
1 9 1301
1 10 2163
1 11 1165
1 12 1825
1 13 1481
1 14 1847
1 15 65
1 16 1500
1 17 1860
1 18 1417
1 19 1816
1 20 1513
1 21 1587
1 22 1359
1 23 1470
1 24 1483
1 25 1777
1 26 1305
1 27 1478
1 28 1788
1 29 1279
1 30 1799
1 31 2046
1 32 1868
1 33 2241
1 34 1690
1 35 1028
1 36 2193
1 37 1550
1 38 2456
1 39 1225
1 40 1446
1 41 2408
1 42 1177
1 43 1398
1 44 2360
1 45 1129
1 46 1350
1 47 2312
1 48 1081
1 49 1302
1 50 2264
1 51 1033
1 52 1254
1 53 2216
1 54 985
1 55 1206
1 56 2168
1 57 937
1 58 1158
1 59 2120
1 60 889
1 61 1110
1 62 2072
1 63 841
1 64 1062
1 65 2024
1 66 793
1 67 1014
1 68 1976
1 69 745
1 70 966
1 71 1928
1 72 697
1 73 918
1 74 1880
1 75 649
1 76 870
1 77 1832
1 78 601
1 79 822
1 80 1784
1 81 553
1 82 774
1 83 1736
1 84 505
1 85 726
1 86 1784
1 87 553
1 88 774
1 89 1832
1 90 601
1 91 822
1 92 2576
2 0 2030
2 1 1712
2 2 0
2 3 1068
2 4 1765
2 5 2176
2 6 846
2 7 2183
2 8 1015
2 9 755
2 10 1617
2 11 907
2 12 1123
2 13 1319
2 14 1301
2 15 1647
2 16 954
2 17 1314
2 18 811
2 19 1270
2 20 967
2 21 885
2 22 1389
2 23 924
2 24 937
2 25 65
2 26 759
2 27 932
2 28 1818
2 29 733
2 30 1253
2 31 1500
2 32 1322
2 33 1695
2 34 1240
2 35 1730
2 36 1647
2 37 1484
2 38 1910
2 39 679
2 40 744
2 41 1862
2 42 631
2 43 696
2 44 1814
2 45 583
2 46 648
2 47 1862
2 48 631
2 49 696
2 50 1910
2 51 679
2 52 744
2 53 1958
2 54 727
2 55 792
2 56 2006
2 57 775
2 58 840
2 59 2054
2 60 823
2 61 888
2 62 2102
2 63 871
2 64 936
2 65 2150
2 66 919
2 67 984
2 68 2198
2 69 967
2 70 1032
2 71 2246
2 72 1015
2 73 1080
2 74 2294
2 75 1063
2 76 1128
2 77 2342
2 78 1111
2 79 1176
2 80 2390
2 81 1159
2 82 1224
2 83 2438
2 84 1207
2 85 1272
2 86 2486
2 87 1255
2 88 1320
2 89 2534
2 90 1303
2 91 1368
2 92 2030
3 0 1442
3 1 1134
3 2 1068
3 3 0
3 4 1275
3 5 1598
3 6 1710
3 7 1241
3 8 917
3 9 657
3 10 1519
3 11 521
3 12 1337
3 13 837
3 14 1203
3 15 1069
3 16 856
3 17 1216
3 18 1553
3 19 1172
3 20 869
3 21 1671
3 22 811
3 23 826
3 24 839
3 25 1133
3 26 661
3 27 834
3 28 1240
3 29 635
3 30 1155
3 31 1402
3 32 1224
3 33 1441
3 34 1046
3 35 1152
3 36 1393
3 37 416
3 38 1322
3 39 581
3 40 1812
3 41 1274
3 42 533
3 43 1764
3 44 1226
3 45 485
3 46 1716
3 47 1178
3 48 437
3 49 1668
3 50 1130
3 51 389
3 52 1620
3 53 1082
3 54 341
3 55 1572
3 56 1034
3 57 293
3 58 1524
3 59 986
3 60 245
3 61 1476
3 62 1034
3 63 293
3 64 1524
3 65 1082
3 66 341
3 67 1572
3 68 1130
3 69 389
3 70 1620
3 71 1178
3 72 437
3 73 1668
3 74 1226
3 75 485
3 76 1716
3 77 1274
3 78 533
3 79 1764
3 80 1322
3 81 581
3 82 1812
3 83 1370
3 84 629
3 85 1860
3 86 1418
3 87 677
3 88 1908
3 89 1466
3 90 725
3 91 1956
3 92 1442
4 0 553
4 1 2023
4 2 1765
4 3 1275
4 4 0
4 5 1031
4 6 2407
4 7 544
4 8 1614
4 9 1354
4 10 630
4 11 1218
4 12 2034
4 13 928
4 14 1042
4 15 1958
4 16 1293
4 17 1913
4 18 2250
4 19 881
4 20 1280
4 21 2368
4 22 1700
4 23 1419
4 24 1406
4 25 1830
4 26 1358
4 27 1219
4 28 621
4 29 1332
4 30 994
4 31 747
4 32 829
4 33 552
4 34 911
4 35 1573
4 36 504
4 37 859
4 38 433
4 39 1278
4 40 2509
4 41 385
4 42 1230
4 43 2461
4 44 337
4 45 1182
4 46 2413
4 47 289
4 48 1134
4 49 2365
4 50 241
4 51 1086
4 52 2317
4 53 193
4 54 1038
4 55 2269
4 56 241
4 57 1086
4 58 2317
4 59 289
4 60 1134
4 61 2365
4 62 337
4 63 1182
4 64 2413
4 65 385
4 66 1230
4 67 2461
4 68 433
4 69 1278
4 70 2509
4 71 481
4 72 1326
4 73 2557
4 74 529
4 75 1374
4 76 2605
4 77 577
4 78 1422
4 79 2653
4 80 625
4 81 1470
4 82 2701
4 83 673
4 84 1518
4 85 2749
4 86 721
4 87 1566
4 88 2797
4 89 769
4 90 1614
4 91 2845
4 92 553
5 0 1198
5 1 1474
5 2 2176
5 3 1598
5 4 1031
5 5 0
5 6 2818
5 7 613
5 8 2025
5 9 1765
5 10 1275
5 11 1629
5 12 2445
5 13 1477
5 14 1687
5 15 1409
5 16 1938
5 17 2324
5 18 2661
5 19 1526
5 20 1925
5 21 2779
5 22 1823
5 23 1934
5 24 1947
5 25 2241
5 26 1769
5 27 1864
5 28 978
5 29 1743
5 30 1639
5 31 1392
5 32 1474
5 33 1197
5 34 1556
5 35 1162
5 36 1149
5 37 1312
5 38 1078
5 39 1689
5 40 2920
5 41 1030
5 42 1641
5 43 2872
5 44 982
5 45 1593
5 46 2824
5 47 934
5 48 1545
5 49 2776
5 50 886
5 51 1497
5 52 2728
5 53 838
5 54 1449
5 55 2680
5 56 790
5 57 1401
5 58 2632
5 59 742
5 60 1353
5 61 2584
5 62 694
5 63 1305
5 64 2536
5 65 646
5 66 1257
5 67 2488
5 68 598
5 69 1209
5 70 2440
5 71 550
5 72 1161
5 73 2392
5 74 502
5 75 1113
5 76 2344
5 77 454
5 78 1065
5 79 2296
5 80 406
5 81 1017
5 82 2248
5 83 358
5 84 969
5 85 2200
5 86 310
5 87 921
5 88 2152
5 89 358
5 90 969
5 91 2200
5 92 1198
6 0 2480
6 1 1548
6 2 846
6 3 1710
6 4 2407
6 5 2818
6 6 0
6 7 2825
6 8 793
6 9 1205
6 10 2163
6 11 1393
6 12 577
6 13 1961
6 14 1751
6 15 1613
6 16 1500
6 17 494
6 18 361
6 19 1912
6 20 1513
6 21 39
6 22 1199
6 23 1374
6 24 1387
6 25 781
6 26 1305
6 27 1574
6 28 2460
6 29 1279
6 30 1799
6 31 2046
6 32 1964
6 33 2241
6 34 1882
6 35 2372
6 36 2289
6 37 2126
6 38 2360
6 39 1129
6 40 102
6 41 2408
6 42 1177
6 43 150
6 44 2456
6 45 1225
6 46 198
6 47 2504
6 48 1273
6 49 246
6 50 2552
6 51 1321
6 52 294
6 53 2600
6 54 1369
6 55 342
6 56 2648
6 57 1417
6 58 390
6 59 2696
6 60 1465
6 61 438
6 62 2744
6 63 1513
6 64 486
6 65 2792
6 66 1561
6 67 534
6 68 2840
6 69 1609
6 70 582
6 71 2888
6 72 1657
6 73 630
6 74 2936
6 75 1705
6 76 678
6 77 2984
6 78 1753
6 79 726
6 80 3032
6 81 1801
6 82 774
6 83 3080
6 84 1849
6 85 822
6 86 3128
6 87 1897
6 88 870
6 89 3176
6 90 1945
6 91 918
6 92 2480
7 0 711
7 1 1865
7 2 2183
7 3 1241
7 4 544
7 5 613
7 6 2825
7 7 0
7 8 2032
7 9 1746
7 10 788
7 11 1636
7 12 2452
7 13 990
7 14 1200
7 15 1800
7 16 1451
7 17 2331
7 18 2668
7 19 1039
7 20 1438
7 21 2786
7 22 1830
7 23 1577
7 24 1564
7 25 2248
7 26 1646
7 27 1377
7 28 491
7 29 1750
7 30 1152
7 31 905
7 32 987
7 33 710
7 34 1069
7 35 1155
7 36 662
7 37 825
7 38 591
7 39 1696
7 40 2927
7 41 543
7 42 1648
7 43 2879
7 44 495
7 45 1600
7 46 2831
7 47 447
7 48 1552
7 49 2783
7 50 399
7 51 1504
7 52 2735
7 53 351
7 54 1456
7 55 2687
7 56 303
7 57 1408
7 58 2639
7 59 255
7 60 1360
7 61 2591
7 62 207
7 63 1312
7 64 2543
7 65 159
7 66 1264
7 67 2495
7 68 111
7 69 1216
7 70 2447
7 71 63
7 72 1168
7 73 2399
7 74 111
7 75 1216
7 76 2447
7 77 159
7 78 1264
7 79 2495
7 80 207
7 81 1312
7 82 2543
7 83 255
7 84 1360
7 85 2591
7 86 303
7 87 1408
7 88 2639
7 89 351
7 90 1456
7 91 2687
7 92 711
8 0 1687
8 1 1561
8 2 1015
8 3 917
8 4 1614
8 5 2025
8 6 793
8 7 2032
8 8 0
8 9 412
8 10 1370
8 11 756
8 12 1188
8 13 1168
8 14 958
8 15 1496
8 16 707
8 17 299
8 18 1154
8 19 1119
8 20 720
8 21 754
8 22 1238
8 23 581
8 24 594
8 25 1080
8 26 512
8 27 781
8 28 1667
8 29 486
8 30 1006
8 31 1253
8 32 1171
8 33 1448
8 34 1089
8 35 1579
8 36 1496
8 37 1333
8 38 1567
8 39 336
8 40 895
8 41 1615
8 42 384
8 43 943
8 44 1663
8 45 432
8 46 991
8 47 1711
8 48 480
8 49 1039
8 50 1759
8 51 528
8 52 1087
8 53 1807
8 54 576
8 55 1135
8 56 1855
8 57 624
8 58 1183
8 59 1903
8 60 672
8 61 1231
8 62 1951
8 63 720
8 64 1279
8 65 1999
8 66 768
8 67 1327
8 68 2047
8 69 816
8 70 1375
8 71 2095
8 72 864
8 73 1423
8 74 2143
8 75 912
8 76 1471
8 77 2191
8 78 960
8 79 1519
8 80 2239
8 81 1008
8 82 1567
8 83 2287
8 84 1056
8 85 1615
8 86 2335
8 87 1104
8 88 1663
8 89 2383
8 90 1152
8 91 1711
8 92 1687
9 0 1275
9 1 1301
9 2 755
9 3 657
9 4 1354
9 5 1765
9 6 1205
9 7 1746
9 8 412
9 9 0
9 10 1110
9 11 496
9 12 928
9 13 908
9 14 546
9 15 1236
9 16 447
9 17 711
9 18 1336
9 19 859
9 20 460
9 21 1166
9 22 978
9 23 169
9 24 182
9 25 820
9 26 252
9 27 521
9 28 1407
9 29 226
9 30 746
9 31 993
9 32 911
9 33 1188
9 34 829
9 35 1319
9 36 1236
9 37 1073
9 38 1155
9 39 76
9 40 1307
9 41 1203
9 42 124
9 43 1355
9 44 1251
9 45 172
9 46 1403
9 47 1299
9 48 220
9 49 1451
9 50 1347
9 51 268
9 52 1499
9 53 1395
9 54 316
9 55 1547
9 56 1443
9 57 364
9 58 1595
9 59 1491
9 60 412
9 61 1643
9 62 1539
9 63 460
9 64 1691
9 65 1587
9 66 508
9 67 1739
9 68 1635
9 69 556
9 70 1787
9 71 1683
9 72 604
9 73 1835
9 74 1731
9 75 652
9 76 1883
9 77 1779
9 78 700
9 79 1931
9 80 1827
9 81 748
9 82 1979
9 83 1875
9 84 796
9 85 2027
9 86 1923
9 87 844
9 88 2075
9 89 1971
9 90 892
9 91 2123
9 92 1275
10 0 413
10 1 2163
10 2 1617
10 3 1519
10 4 630
10 5 1275
10 6 2163
10 7 788
10 8 1370
10 9 1110
10 10 0
10 11 1358
10 12 1790
10 13 1172
10 14 902
10 15 2098
10 16 663
10 17 1669
10 18 2198
10 19 837
10 20 650
10 21 2124
10 22 1840
10 23 1279
10 24 1266
10 25 1682
10 26 858
10 27 1175
10 28 865
10 29 1088
10 30 364
10 31 117
10 32 785
10 33 78
10 34 963
10 35 1817
10 36 460
10 37 1103
10 38 293
10 39 1034
10 40 2265
10 41 245
10 42 986
10 43 2217
10 44 293
10 45 1034
10 46 2265
10 47 341
10 48 1082
10 49 2313
10 50 389
10 51 1130
10 52 2361
10 53 437
10 54 1178
10 55 2409
10 56 485
10 57 1226
10 58 2457
10 59 533
10 60 1274
10 61 2505
10 62 581
10 63 1322
10 64 2553
10 65 629
10 66 1370
10 67 2601
10 68 677
10 69 1418
10 70 2649
10 71 725
10 72 1466
10 73 2697
10 74 773
10 75 1514
10 76 2745
10 77 821
10 78 1562
10 79 2793
10 80 869
10 81 1610
10 82 2841
10 83 917
10 84 1658
10 85 2889
10 86 965
10 87 1706
10 88 2937
10 89 1013
10 90 1754
10 91 2985
10 92 413
11 0 1771
11 1 1165
11 2 907
11 3 521
11 4 1218
11 5 1629
11 6 1393
11 7 1636
11 8 756
11 9 496
11 10 1358
11 11 0
11 12 1176
11 13 772
11 14 1042
11 15 1100
11 16 695
11 17 1055
11 18 1262
11 19 1011
11 20 708
11 21 1432
11 22 842
11 23 665
11 24 678
11 25 972
11 26 500
11 27 673
11 28 1271
11 29 474
11 30 994
11 31 1241
11 32 1063
11 33 1436
11 34 885
11 35 1183
11 36 1388
11 37 937
11 38 1651
11 39 420
11 40 1291
11 41 1603
11 42 372
11 43 1243
11 44 1555
11 45 324
11 46 1195
11 47 1507
11 48 276
11 49 1147
11 50 1459
11 51 228
11 52 1099
11 53 1411
11 54 180
11 55 1051
11 56 1459
11 57 228
11 58 1099
11 59 1507
11 60 276
11 61 1147
11 62 1555
11 63 324
11 64 1195
11 65 1603
11 66 372
11 67 1243
11 68 1651
11 69 420
11 70 1291
11 71 1699
11 72 468
11 73 1339
11 74 1747
11 75 516
11 76 1387
11 77 1795
11 78 564
11 79 1435
11 80 1843
11 81 612
11 82 1483
11 83 1891
11 84 660
11 85 1531
11 86 1939
11 87 708
11 88 1579
11 89 1987
11 90 756
11 91 1627
11 92 1771
12 0 2203
12 1 1825
12 2 1123
12 3 1337
12 4 2034
12 5 2445
12 6 577
12 7 2452
12 8 1188
12 9 928
12 10 1790
12 11 1176
12 12 0
12 13 1588
12 14 1474
12 15 1890
12 16 1127
12 17 1071
12 18 638
12 19 1539
12 20 1140
12 21 616
12 22 1476
12 23 1097
12 24 1110
12 25 1058
12 26 932
12 27 1201
12 28 2087
12 29 702
12 30 1426
12 31 1673
12 32 1591
12 33 1868
12 34 1509
12 35 1999
12 36 1916
12 37 1753
12 38 2083
12 39 852
12 40 475
12 41 2035
12 42 804
12 43 427
12 44 2083
12 45 852
12 46 475
12 47 2131
12 48 900
12 49 523
12 50 2179
12 51 948
12 52 571
12 53 2227
12 54 996
12 55 619
12 56 2275
12 57 1044
12 58 667
12 59 2323
12 60 1092
12 61 715
12 62 2371
12 63 1140
12 64 763
12 65 2419
12 66 1188
12 67 811
12 68 2467
12 69 1236
12 70 859
12 71 2515
12 72 1284
12 73 907
12 74 2563
12 75 1332
12 76 955
12 77 2611
12 78 1380
12 79 1003
12 80 2659
12 81 1428
12 82 1051
12 83 2707
12 84 1476
12 85 1099
12 86 2755
12 87 1524
12 88 1147
12 89 2803
12 90 1572
12 91 1195
12 92 2203
13 0 1095
13 1 1481
13 2 1319
13 3 837
13 4 928
13 5 1477
13 6 1961
13 7 990
13 8 1168
13 9 908
13 10 1172
13 11 772
13 12 1588
13 13 0
13 14 1454
13 15 1416
13 16 1107
13 17 1467
13 18 1804
13 19 1423
13 20 1120
13 21 1922
13 22 1158
13 23 1077
13 24 1090
13 25 1384
13 26 912
13 27 1085
13 28 1067
13 29 886
13 30 1406
13 31 1289
13 32 1371
13 33 1094
13 34 1297
13 35 1499
13 36 1046
13 37 1253
13 38 975
13 39 832
13 40 2063
13 41 927
13 42 784
13 43 2015
13 44 879
13 45 736
13 46 1967
13 47 831
13 48 688
13 49 1919
13 50 783
13 51 640
13 52 1871
13 53 735
13 54 592
13 55 1823
13 56 687
13 57 544
13 58 1775
13 59 735
13 60 592
13 61 1823
13 62 783
13 63 640
13 64 1871
13 65 831
13 66 688
13 67 1919
13 68 879
13 69 736
13 70 1967
13 71 927
13 72 784
13 73 2015
13 74 975
13 75 832
13 76 2063
13 77 1023
13 78 880
13 79 2111
13 80 1071
13 81 928
13 82 2159
13 83 1119
13 84 976
13 85 2207
13 86 1167
13 87 1024
13 88 2255
13 89 1215
13 90 1072
13 91 2303
13 92 1095
14 0 729
14 1 1847
14 2 1301
14 3 1203
14 4 1042
14 5 1687
14 6 1751
14 7 1200
14 8 958
14 9 546
14 10 902
14 11 1042
14 12 1474
14 13 1454
14 14 0
14 15 1782
14 16 993
14 17 1257
14 18 1882
14 19 1249
14 20 1006
14 21 1712
14 22 1524
14 23 377
14 24 364
14 25 1366
14 26 798
14 27 1067
14 28 1277
14 29 772
14 30 1266
14 31 1019
14 32 1197
14 33 824
14 34 1375
14 35 1865
14 36 872
14 37 1515
14 38 609
14 39 622
14 40 1853
14 41 657
14 42 670
14 43 1901
14 44 705
14 45 718
14 46 1949
14 47 753
14 48 766
14 49 1997
14 50 801
14 51 814
14 52 2045
14 53 849
14 54 862
14 55 2093
14 56 897
14 57 910
14 58 2141
14 59 945
14 60 958
14 61 2189
14 62 993
14 63 1006
14 64 2237
14 65 1041
14 66 1054
14 67 2285
14 68 1089
14 69 1102
14 70 2333
14 71 1137
14 72 1150
14 73 2381
14 74 1185
14 75 1198
14 76 2429
14 77 1233
14 78 1246
14 79 2477
14 80 1281
14 81 1294
14 82 2525
14 83 1329
14 84 1342
14 85 2573
14 86 1377
14 87 1390
14 88 2621
14 89 1425
14 90 1438
14 91 2669
14 92 729
15 0 2511
15 1 65
15 2 1647
15 3 1069
15 4 1958
15 5 1409
15 6 1613
15 7 1800
15 8 1496
15 9 1236
15 10 2098
15 11 1100
15 12 1890
15 13 1416
15 14 1782
15 15 0
15 16 1435
15 17 1795
15 18 1482
15 19 1751
15 20 1448
15 21 1652
15 22 1294
15 23 1405
15 24 1418
15 25 1712
15 26 1240
15 27 1413
15 28 1723
15 29 1214
15 30 1734
15 31 1981
15 32 1803
15 33 2176
15 34 1625
15 35 963
15 36 2128
15 37 1485
15 38 2391
15 39 1160
15 40 1511
15 41 2343
15 42 1112
15 43 1463
15 44 2295
15 45 1064
15 46 1415
15 47 2247
15 48 1016
15 49 1367
15 50 2199
15 51 968
15 52 1319
15 53 2151
15 54 920
15 55 1271
15 56 2103
15 57 872
15 58 1223
15 59 2055
15 60 824
15 61 1175
15 62 2007
15 63 776
15 64 1127
15 65 1959
15 66 728
15 67 1079
15 68 1911
15 69 680
15 70 1031
15 71 1863
15 72 632
15 73 983
15 74 1815
15 75 584
15 76 935
15 77 1767
15 78 536
15 79 887
15 80 1719
15 81 488
15 82 839
15 83 1671
15 84 440
15 85 791
15 86 1719
15 87 488
15 88 839
15 89 1767
15 90 536
15 91 887
15 92 2511
16 0 1076
16 1 1500
16 2 954
16 3 856
16 4 1293
16 5 1938
16 6 1500
16 7 1451
16 8 707
16 9 447
16 10 663
16 11 695
16 12 1127
16 13 1107
16 14 993
16 15 1435
16 16 0
16 17 1006
16 18 1535
16 19 1058
16 20 13
16 21 1461
16 22 1177
16 23 616
16 24 629
16 25 1019
16 26 195
16 27 720
16 28 1528
16 29 425
16 30 299
16 31 546
16 32 1110
16 33 741
16 34 1028
16 35 1518
16 36 1123
16 37 1272
16 38 956
16 39 371
16 40 1602
16 41 908
16 42 323
16 43 1554
16 44 956
16 45 371
16 46 1602
16 47 1004
16 48 419
16 49 1650
16 50 1052
16 51 467
16 52 1698
16 53 1100
16 54 515
16 55 1746
16 56 1148
16 57 563
16 58 1794
16 59 1196
16 60 611
16 61 1842
16 62 1244
16 63 659
16 64 1890
16 65 1292
16 66 707
16 67 1938
16 68 1340
16 69 755
16 70 1986
16 71 1388
16 72 803
16 73 2034
16 74 1436
16 75 851
16 76 2082
16 77 1484
16 78 899
16 79 2130
16 80 1532
16 81 947
16 82 2178
16 83 1580
16 84 995
16 85 2226
16 86 1628
16 87 1043
16 88 2274
16 89 1676
16 90 1091
16 91 2322
16 92 1076
17 0 1986
17 1 1860
17 2 1314
17 3 1216
17 4 1913
17 5 2324
17 6 494
17 7 2331
17 8 299
17 9 711
17 10 1669
17 11 1055
17 12 1071
17 13 1467
17 14 1257
17 15 1795
17 16 1006
17 17 0
17 18 855
17 19 1418
17 20 1019
17 21 455
17 22 1537
17 23 880
17 24 893
17 25 1275
17 26 811
17 27 1080
17 28 1966
17 29 785
17 30 1305
17 31 1552
17 32 1470
17 33 1747
17 34 1388
17 35 1878
17 36 1795
17 37 1632
17 38 1866
17 39 635
17 40 596
17 41 1914
17 42 683
17 43 644
17 44 1962
17 45 731
17 46 692
17 47 2010
17 48 779
17 49 740
17 50 2058
17 51 827
17 52 788
17 53 2106
17 54 875
17 55 836
17 56 2154
17 57 923
17 58 884
17 59 2202
17 60 971
17 61 932
17 62 2250
17 63 1019
17 64 980
17 65 2298
17 66 1067
17 67 1028
17 68 2346
17 69 1115
17 70 1076
17 71 2394
17 72 1163
17 73 1124
17 74 2442
17 75 1211
17 76 1172
17 77 2490
17 78 1259
17 79 1220
17 80 2538
17 81 1307
17 82 1268
17 83 2586
17 84 1355
17 85 1316
17 86 2634
17 87 1403
17 88 1364
17 89 2682
17 90 1451
17 91 1412
17 92 1986
18 0 2611
18 1 1417
18 2 811
18 3 1553
18 4 2250
18 5 2661
18 6 361
18 7 2668
18 8 1154
18 9 1336
18 10 2198
18 11 1262
18 12 638
18 13 1804
18 14 1882
18 15 1482
18 16 1535
18 17 855
18 18 0
18 19 1851
18 20 1548
18 21 400
18 22 1068
18 23 1505
18 24 1518
18 25 746
18 26 1340
18 27 1513
18 28 2303
18 29 1314
18 30 1834
18 31 2081
18 32 1903
18 33 2276
18 34 1725
18 35 2215
18 36 2228
18 37 1969
18 38 2491
18 39 1260
18 40 259
18 41 2443
18 42 1212
18 43 211
18 44 2395
18 45 1164
18 46 163
18 47 2347
18 48 1116
18 49 115
18 50 2395
18 51 1164
18 52 163
18 53 2443
18 54 1212
18 55 211
18 56 2491
18 57 1260
18 58 259
18 59 2539
18 60 1308
18 61 307
18 62 2587
18 63 1356
18 64 355
18 65 2635
18 66 1404
18 67 403
18 68 2683
18 69 1452
18 70 451
18 71 2731
18 72 1500
18 73 499
18 74 2779
18 75 1548
18 76 547
18 77 2827
18 78 1596
18 79 595
18 80 2875
18 81 1644
18 82 643
18 83 2923
18 84 1692
18 85 691
18 86 2971
18 87 1740
18 88 739
18 89 3019
18 90 1788
18 91 787
18 92 2611
19 0 760
19 1 1816
19 2 1270
19 3 1172
19 4 881
19 5 1526
19 6 1912
19 7 1039
19 8 1119
19 9 859
19 10 837
19 11 1011
19 12 1539
19 13 1423
19 14 1249
19 15 1751
19 16 1058
19 17 1418
19 18 1851
19 19 0
19 20 1071
19 21 1873
19 22 1493
19 23 1028
19 24 1041
19 25 1335
19 26 863
19 27 338
19 28 1116
19 29 837
19 30 1201
19 31 954
19 32 52
19 33 759
19 34 1214
19 35 1834
19 36 377
19 37 1354
19 38 640
19 39 783
19 40 2014
19 41 592
19 42 735
19 43 1966
19 44 544
19 45 687
19 46 1918
19 47 592
19 48 735
19 49 1966
19 50 640
19 51 783
19 52 2014
19 53 688
19 54 831
19 55 2062
19 56 736
19 57 879
19 58 2110
19 59 784
19 60 927
19 61 2158
19 62 832
19 63 975
19 64 2206
19 65 880
19 66 1023
19 67 2254
19 68 928
19 69 1071
19 70 2302
19 71 976
19 72 1119
19 73 2350
19 74 1024
19 75 1167
19 76 2398
19 77 1072
19 78 1215
19 79 2446
19 80 1120
19 81 1263
19 82 2494
19 83 1168
19 84 1311
19 85 2542
19 86 1216
19 87 1359
19 88 2590
19 89 1264
19 90 1407
19 91 2638
19 92 760
20 0 1063
20 1 1513
20 2 967
20 3 869
20 4 1280
20 5 1925
20 6 1513
20 7 1438
20 8 720
20 9 460
20 10 650
20 11 708
20 12 1140
20 13 1120
20 14 1006
20 15 1448
20 16 13
20 17 1019
20 18 1548
20 19 1071
20 20 0
20 21 1474
20 22 1190
20 23 629
20 24 642
20 25 1032
20 26 208
20 27 733
20 28 1515
20 29 438
20 30 286
20 31 533
20 32 1123
20 33 728
20 34 1041
20 35 1531
20 36 1110
20 37 1285
20 38 943
20 39 384
20 40 1615
20 41 895
20 42 336
20 43 1567
20 44 943
20 45 384
20 46 1615
20 47 991
20 48 432
20 49 1663
20 50 1039
20 51 480
20 52 1711
20 53 1087
20 54 528
20 55 1759
20 56 1135
20 57 576
20 58 1807
20 59 1183
20 60 624
20 61 1855
20 62 1231
20 63 672
20 64 1903
20 65 1279
20 66 720
20 67 1951
20 68 1327
20 69 768
20 70 1999
20 71 1375
20 72 816
20 73 2047
20 74 1423
20 75 864
20 76 2095
20 77 1471
20 78 912
20 79 2143
20 80 1519
20 81 960
20 82 2191
20 83 1567
20 84 1008
20 85 2239
20 86 1615
20 87 1056
20 88 2287
20 89 1663
20 90 1104
20 91 2335
20 92 1063
21 0 2441
21 1 1587
21 2 885
21 3 1671
21 4 2368
21 5 2779
21 6 39
21 7 2786
21 8 754
21 9 1166
21 10 2124
21 11 1432
21 12 616
21 13 1922
21 14 1712
21 15 1652
21 16 1461
21 17 455
21 18 400
21 19 1873
21 20 1474
21 21 0
21 22 1238
21 23 1335
21 24 1348
21 25 820
21 26 1266
21 27 1535
21 28 2421
21 29 1240
21 30 1760
21 31 2007
21 32 1925
21 33 2202
21 34 1843
21 35 2333
21 36 2250
21 37 2087
21 38 2321
21 39 1090
21 40 141
21 41 2369
21 42 1138
21 43 189
21 44 2417
21 45 1186
21 46 237
21 47 2465
21 48 1234
21 49 285
21 50 2513
21 51 1282
21 52 333
21 53 2561
21 54 1330
21 55 381
21 56 2609
21 57 1378
21 58 429
21 59 2657
21 60 1426
21 61 477
21 62 2705
21 63 1474
21 64 525
21 65 2753
21 66 1522
21 67 573
21 68 2801
21 69 1570
21 70 621
21 71 2849
21 72 1618
21 73 669
21 74 2897
21 75 1666
21 76 717
21 77 2945
21 78 1714
21 79 765
21 80 2993
21 81 1762
21 82 813
21 83 3041
21 84 1810
21 85 861
21 86 3089
21 87 1858
21 88 909
21 89 3137
21 90 1906
21 91 957
21 92 2441
22 0 2253
22 1 1359
22 2 1389
22 3 811
22 4 1700
22 5 1823
22 6 1199
22 7 1830
22 8 1238
22 9 978
22 10 1840
22 11 842
22 12 1476
22 13 1158
22 14 1524
22 15 1294
22 16 1177
22 17 1537
22 18 1068
22 19 1493
22 20 1190
22 21 1238
22 22 0
22 23 1147
22 24 1160
22 25 1454
22 26 982
22 27 1155
22 28 1465
22 29 956
22 30 1476
22 31 1723
22 32 1545
22 33 1918
22 34 1367
22 35 1377
22 36 1870
22 37 1227
22 38 2133
22 39 902
22 40 1097
22 41 2085
22 42 854
22 43 1049
22 44 2037
22 45 806
22 46 1001
22 47 1989
22 48 758
22 49 953
22 50 1941
22 51 710
22 52 905
22 53 1893
22 54 662
22 55 857
22 56 1845
22 57 614
22 58 809
22 59 1797
22 60 566
22 61 761
22 62 1749
22 63 518
22 64 713
22 65 1797
22 66 566
22 67 761
22 68 1845
22 69 614
22 70 809
22 71 1893
22 72 662
22 73 857
22 74 1941
22 75 710
22 76 905
22 77 1989
22 78 758
22 79 953
22 80 2037
22 81 806
22 82 1001
22 83 2085
22 84 854
22 85 1049
22 86 2133
22 87 902
22 88 1097
22 89 2181
22 90 950
22 91 1145
22 92 2253
23 0 1106
23 1 1470
23 2 924
23 3 826
23 4 1419
23 5 1934
23 6 1374
23 7 1577
23 8 581
23 9 169
23 10 1279
23 11 665
23 12 1097
23 13 1077
23 14 377
23 15 1405
23 16 616
23 17 880
23 18 1505
23 19 1028
23 20 629
23 21 1335
23 22 1147
23 23 0
23 24 13
23 25 989
23 26 421
23 27 690
23 28 1576
23 29 395
23 30 915
23 31 1162
23 32 1080
23 33 1201
23 34 998
23 35 1488
23 36 1249
23 37 1242
23 38 986
23 39 245
23 40 1476
23 41 1034
23 42 293
23 43 1524
23 44 1082
23 45 341
23 46 1572
23 47 1130
23 48 389
23 49 1620
23 50 1178
23 51 437
23 52 1668
23 53 1226
23 54 485
23 55 1716
23 56 1274
23 57 533
23 58 1764
23 59 1322
23 60 581
23 61 1812
23 62 1370
23 63 629
23 64 1860
23 65 1418
23 66 677
23 67 1908
23 68 1466
23 69 725
23 70 1956
23 71 1514
23 72 773
23 73 2004
23 74 1562
23 75 821
23 76 2052
23 77 1610
23 78 869
23 79 2100
23 80 1658
23 81 917
23 82 2148
23 83 1706
23 84 965
23 85 2196
23 86 1754
23 87 1013
23 88 2244
23 89 1802
23 90 1061
23 91 2292
23 92 1106
24 0 1093
24 1 1483
24 2 937
24 3 839
24 4 1406
24 5 1947
24 6 1387
24 7 1564
24 8 594
24 9 182
24 10 1266
24 11 678
24 12 1110
24 13 1090
24 14 364
24 15 1418
24 16 629
24 17 893
24 18 1518
24 19 1041
24 20 642
24 21 1348
24 22 1160
24 23 13
24 24 0
24 25 1002
24 26 434
24 27 703
24 28 1589
24 29 408
24 30 928
24 31 1175
24 32 1093
24 33 1188
24 34 1011
24 35 1501
24 36 1236
24 37 1255
24 38 973
24 39 258
24 40 1489
24 41 1021
24 42 306
24 43 1537
24 44 1069
24 45 354
24 46 1585
24 47 1117
24 48 402
24 49 1633
24 50 1165
24 51 450
24 52 1681
24 53 1213
24 54 498
24 55 1729
24 56 1261
24 57 546
24 58 1777
24 59 1309
24 60 594
24 61 1825
24 62 1357
24 63 642
24 64 1873
24 65 1405
24 66 690
24 67 1921
24 68 1453
24 69 738
24 70 1969
24 71 1501
24 72 786
24 73 2017
24 74 1549
24 75 834
24 76 2065
24 77 1597
24 78 882
24 79 2113
24 80 1645
24 81 930
24 82 2161
24 83 1693
24 84 978
24 85 2209
24 86 1741
24 87 1026
24 88 2257
24 89 1789
24 90 1074
24 91 2305
24 92 1093
25 0 2095
25 1 1777
25 2 65
25 3 1133
25 4 1830
25 5 2241
25 6 781
25 7 2248
25 8 1080
25 9 820
25 10 1682
25 11 972
25 12 1058
25 13 1384
25 14 1366
25 15 1712
25 16 1019
25 17 1275
25 18 746
25 19 1335
25 20 1032
25 21 820
25 22 1454
25 23 989
25 24 1002
25 25 0
25 26 824
25 27 997
25 28 1883
25 29 798
25 30 1318
25 31 1565
25 32 1387
25 33 1760
25 34 1305
25 35 1795
25 36 1712
25 37 1549
25 38 1975
25 39 744
25 40 679
25 41 1927
25 42 696
25 43 631
25 44 1879
25 45 648
25 46 583
25 47 1927
25 48 696
25 49 631
25 50 1975
25 51 744
25 52 679
25 53 2023
25 54 792
25 55 727
25 56 2071
25 57 840
25 58 775
25 59 2119
25 60 888
25 61 823
25 62 2167
25 63 936
25 64 871
25 65 2215
25 66 984
25 67 919
25 68 2263
25 69 1032
25 70 967
25 71 2311
25 72 1080
25 73 1015
25 74 2359
25 75 1128
25 76 1063
25 77 2407
25 78 1176
25 79 1111
25 80 2455
25 81 1224
25 82 1159
25 83 2503
25 84 1272
25 85 1207
25 86 2551
25 87 1320
25 88 1255
25 89 2599
25 90 1368
25 91 1303
25 92 2095
26 0 1271
26 1 1305
26 2 759
26 3 661
26 4 1358
26 5 1769
26 6 1305
26 7 1646
26 8 512
26 9 252
26 10 858
26 11 500
26 12 932
26 13 912
26 14 798
26 15 1240
26 16 195
26 17 811
26 18 1340
26 19 863
26 20 208
26 21 1266
26 22 982
26 23 421
26 24 434
26 25 824
26 26 0
26 27 525
26 28 1411
26 29 230
26 30 494
26 31 741
26 32 915
26 33 936
26 34 833
26 35 1323
26 36 1240
26 37 1077
26 38 1151
26 39 176
26 40 1407
26 41 1103
26 42 128
26 43 1359
26 44 1151
26 45 176
26 46 1407
26 47 1199
26 48 224
26 49 1455
26 50 1247
26 51 272
26 52 1503
26 53 1295
26 54 320
26 55 1551
26 56 1343
26 57 368
26 58 1599
26 59 1391
26 60 416
26 61 1647
26 62 1439
26 63 464
26 64 1695
26 65 1487
26 66 512
26 67 1743
26 68 1535
26 69 560
26 70 1791
26 71 1583
26 72 608
26 73 1839
26 74 1631
26 75 656
26 76 1887
26 77 1679
26 78 704
26 79 1935
26 80 1727
26 81 752
26 82 1983
26 83 1775
26 84 800
26 85 2031
26 86 1823
26 87 848
26 88 2079
26 89 1871
26 90 896
26 91 2127
26 92 1271
27 0 1098
27 1 1478
27 2 932
27 3 834
27 4 1219
27 5 1864
27 6 1574
27 7 1377
27 8 781
27 9 521
27 10 1175
27 11 673
27 12 1201
27 13 1085
27 14 1067
27 15 1413
27 16 720
27 17 1080
27 18 1513
27 19 338
27 20 733
27 21 1535
27 22 1155
27 23 690
27 24 703
27 25 997
27 26 525
27 27 0
27 28 1454
27 29 499
27 30 1019
27 31 1266
27 32 390
27 33 1097
27 34 1006
27 35 1496
27 36 715
27 37 1250
27 38 978
27 39 445
27 40 1676
27 41 930
27 42 397
27 43 1628
27 44 882
27 45 349
27 46 1580
27 47 930
27 48 397
27 49 1628
27 50 978
27 51 445
27 52 1676
27 53 1026
27 54 493
27 55 1724
27 56 1074
27 57 541
27 58 1772
27 59 1122
27 60 589
27 61 1820
27 62 1170
27 63 637
27 64 1868
27 65 1218
27 66 685
27 67 1916
27 68 1266
27 69 733
27 70 1964
27 71 1314
27 72 781
27 73 2012
27 74 1362
27 75 829
27 76 2060
27 77 1410
27 78 877
27 79 2108
27 80 1458
27 81 925
27 82 2156
27 83 1506
27 84 973
27 85 2204
27 86 1554
27 87 1021
27 88 2252
27 89 1602
27 90 1069
27 91 2300
27 92 1098
28 0 788
28 1 1788
28 2 1818
28 3 1240
28 4 621
28 5 978
28 6 2460
28 7 491
28 8 1667
28 9 1407
28 10 865
28 11 1271
28 12 2087
28 13 1067
28 14 1277
28 15 1723
28 16 1528
28 17 1966
28 18 2303
28 19 1116
28 20 1515
28 21 2421
28 22 1465
28 23 1576
28 24 1589
28 25 1883
28 26 1411
28 27 1454
28 28 0
28 29 1385
28 30 1229
28 31 982
28 32 1064
28 33 787
28 34 1146
28 35 1520
28 36 739
28 37 902
28 38 668
28 39 1331
28 40 2562
28 41 620
28 42 1283
28 43 2514
28 44 572
28 45 1235
28 46 2466
28 47 524
28 48 1187
28 49 2418
28 50 476
28 51 1139
28 52 2370
28 53 428
28 54 1091
28 55 2322
28 56 380
28 57 1043
28 58 2274
28 59 332
28 60 995
28 61 2226
28 62 284
28 63 947
28 64 2178
28 65 332
28 66 995
28 67 2226
28 68 380
28 69 1043
28 70 2274
28 71 428
28 72 1091
28 73 2322
28 74 476
28 75 1139
28 76 2370
28 77 524
28 78 1187
28 79 2418
28 80 572
28 81 1235
28 82 2466
28 83 620
28 84 1283
28 85 2514
28 86 668
28 87 1331
28 88 2562
28 89 716
28 90 1379
28 91 2610
28 92 788
29 0 1501
29 1 1279
29 2 733
29 3 635
29 4 1332
29 5 1743
29 6 1279
29 7 1750
29 8 486
29 9 226
29 10 1088
29 11 474
29 12 702
29 13 886
29 14 772
29 15 1214
29 16 425
29 17 785
29 18 1314
29 19 837
29 20 438
29 21 1240
29 22 956
29 23 395
29 24 408
29 25 798
29 26 230
29 27 499
29 28 1385
29 29 0
29 30 724
29 31 971
29 32 889
29 33 1166
29 34 807
29 35 1297
29 36 1214
29 37 1051
29 38 1381
29 39 150
29 40 1177
29 41 1333
29 42 102
29 43 1129
29 44 1381
29 45 150
29 46 1177
29 47 1429
29 48 198
29 49 1225
29 50 1477
29 51 246
29 52 1273
29 53 1525
29 54 294
29 55 1321
29 56 1573
29 57 342
29 58 1369
29 59 1621
29 60 390
29 61 1417
29 62 1669
29 63 438
29 64 1465
29 65 1717
29 66 486
29 67 1513
29 68 1765
29 69 534
29 70 1561
29 71 1813
29 72 582
29 73 1609
29 74 1861
29 75 630
29 76 1657
29 77 1909
29 78 678
29 79 1705
29 80 1957
29 81 726
29 82 1753
29 83 2005
29 84 774
29 85 1801
29 86 2053
29 87 822
29 88 1849
29 89 2101
29 90 870
29 91 1897
29 92 1501
30 0 777
30 1 1799
30 2 1253
30 3 1155
30 4 994
30 5 1639
30 6 1799
30 7 1152
30 8 1006
30 9 746
30 10 364
30 11 994
30 12 1426
30 13 1406
30 14 1266
30 15 1734
30 16 299
30 17 1305
30 18 1834
30 19 1201
30 20 286
30 21 1760
30 22 1476
30 23 915
30 24 928
30 25 1318
30 26 494
30 27 1019
30 28 1229
30 29 724
30 30 0
30 31 247
30 32 1149
30 33 442
30 34 1327
30 35 1817
30 36 824
30 37 1467
30 38 657
30 39 670
30 40 1901
30 41 609
30 42 622
30 43 1853
30 44 657
30 45 670
30 46 1901
30 47 705
30 48 718
30 49 1949
30 50 753
30 51 766
30 52 1997
30 53 801
30 54 814
30 55 2045
30 56 849
30 57 862
30 58 2093
30 59 897
30 60 910
30 61 2141
30 62 945
30 63 958
30 64 2189
30 65 993
30 66 1006
30 67 2237
30 68 1041
30 69 1054
30 70 2285
30 71 1089
30 72 1102
30 73 2333
30 74 1137
30 75 1150
30 76 2381
30 77 1185
30 78 1198
30 79 2429
30 80 1233
30 81 1246
30 82 2477
30 83 1281
30 84 1294
30 85 2525
30 86 1329
30 87 1342
30 88 2573
30 89 1377
30 90 1390
30 91 2621
30 92 777
31 0 530
31 1 2046
31 2 1500
31 3 1402
31 4 747
31 5 1392
31 6 2046
31 7 905
31 8 1253
31 9 993
31 10 117
31 11 1241
31 12 1673
31 13 1289
31 14 1019
31 15 1981
31 16 546
31 17 1552
31 18 2081
31 19 954
31 20 533
31 21 2007
31 22 1723
31 23 1162
31 24 1175
31 25 1565
31 26 741
31 27 1266
31 28 982
31 29 971
31 30 247
31 31 0
31 32 902
31 33 195
31 34 1080
31 35 1934
31 36 577
31 37 1220
31 38 410
31 39 917
31 40 2148
31 41 362
31 42 869
31 43 2100
31 44 410
31 45 917
31 46 2148
31 47 458
31 48 965
31 49 2196
31 50 506
31 51 1013
31 52 2244
31 53 554
31 54 1061
31 55 2292
31 56 602
31 57 1109
31 58 2340
31 59 650
31 60 1157
31 61 2388
31 62 698
31 63 1205
31 64 2436
31 65 746
31 66 1253
31 67 2484
31 68 794
31 69 1301
31 70 2532
31 71 842
31 72 1349
31 73 2580
31 74 890
31 75 1397
31 76 2628
31 77 938
31 78 1445
31 79 2676
31 80 986
31 81 1493
31 82 2724
31 83 1034
31 84 1541
31 85 2772
31 86 1082
31 87 1589
31 88 2820
31 89 1130
31 90 1637
31 91 2868
31 92 530
32 0 708
32 1 1868
32 2 1322
32 3 1224
32 4 829
32 5 1474
32 6 1964
32 7 987
32 8 1171
32 9 911
32 10 785
32 11 1063
32 12 1591
32 13 1371
32 14 1197
32 15 1803
32 16 1110
32 17 1470
32 18 1903
32 19 52
32 20 1123
32 21 1925
32 22 1545
32 23 1080
32 24 1093
32 25 1387
32 26 915
32 27 390
32 28 1064
32 29 889
32 30 1149
32 31 902
32 32 0
32 33 707
32 34 1162
32 35 1886
32 36 325
32 37 1302
32 38 588
32 39 835
32 40 2066
32 41 540
32 42 787
32 43 2018
32 44 492
32 45 739
32 46 1970
32 47 540
32 48 787
32 49 2018
32 50 588
32 51 835
32 52 2066
32 53 636
32 54 883
32 55 2114
32 56 684
32 57 931
32 58 2162
32 59 732
32 60 979
32 61 2210
32 62 780
32 63 1027
32 64 2258
32 65 828
32 66 1075
32 67 2306
32 68 876
32 69 1123
32 70 2354
32 71 924
32 72 1171
32 73 2402
32 74 972
32 75 1219
32 76 2450
32 77 1020
32 78 1267
32 79 2498
32 80 1068
32 81 1315
32 82 2546
32 83 1116
32 84 1363
32 85 2594
32 86 1164
32 87 1411
32 88 2642
32 89 1212
32 90 1459
32 91 2690
32 92 708
33 0 335
33 1 2241
33 2 1695
33 3 1441
33 4 552
33 5 1197
33 6 2241
33 7 710
33 8 1448
33 9 1188
33 10 78
33 11 1436
33 12 1868
33 13 1094
33 14 824
33 15 2176
33 16 741
33 17 1747
33 18 2276
33 19 759
33 20 728
33 21 2202
33 22 1918
33 23 1201
33 24 1188
33 25 1760
33 26 936
33 27 1097
33 28 787
33 29 1166
33 30 442
33 31 195
33 32 707
33 33 0
33 34 885
33 35 1739
33 36 382
33 37 1025
33 38 215
33 39 1112
33 40 2343
33 41 167
33 42 1064
33 43 2295
33 44 215
33 45 1112
33 46 2343
33 47 263
33 48 1160
33 49 2391
33 50 311
33 51 1208
33 52 2439
33 53 359
33 54 1256
33 55 2487
33 56 407
33 57 1304
33 58 2535
33 59 455
33 60 1352
33 61 2583
33 62 503
33 63 1400
33 64 2631
33 65 551
33 66 1448
33 67 2679
33 68 599
33 69 1496
33 70 2727
33 71 647
33 72 1544
33 73 2775
33 74 695
33 75 1592
33 76 2823
33 77 743
33 78 1640
33 79 2871
33 80 791
33 81 1688
33 82 2919
33 83 839
33 84 1736
33 85 2967
33 86 887
33 87 1784
33 88 3015
33 89 935
33 90 1832
33 91 3063
33 92 335
34 0 886
34 1 1690
34 2 1240
34 3 1046
34 4 911
34 5 1556
34 6 1882
34 7 1069
34 8 1089
34 9 829
34 10 963
34 11 885
34 12 1509
34 13 1297
34 14 1375
34 15 1625
34 16 1028
34 17 1388
34 18 1725
34 19 1214
34 20 1041
34 21 1843
34 22 1367
34 23 998
34 24 1011
34 25 1305
34 26 833
34 27 1006
34 28 1146
34 29 807
34 30 1327
34 31 1080
34 32 1162
34 33 885
34 34 0
34 35 1708
34 36 837
34 37 1384
34 38 766
34 39 753
34 40 1984
34 41 718
34 42 705
34 43 1936
34 44 670
34 45 657
34 46 1888
34 47 622
34 48 609
34 49 1840
34 50 670
34 51 657
34 52 1888
34 53 718
34 54 705
34 55 1936
34 56 766
34 57 753
34 58 1984
34 59 814
34 60 801
34 61 2032
34 62 862
34 63 849
34 64 2080
34 65 910
34 66 897
34 67 2128
34 68 958
34 69 945
34 70 2176
34 71 1006
34 72 993
34 73 2224
34 74 1054
34 75 1041
34 76 2272
34 77 1102
34 78 1089
34 79 2320
34 80 1150
34 81 1137
34 82 2368
34 83 1198
34 84 1185
34 85 2416
34 86 1246
34 87 1233
34 88 2464
34 89 1294
34 90 1281
34 91 2512
34 92 886
35 0 1740
35 1 1028
35 2 1730
35 3 1152
35 4 1573
35 5 1162
35 6 2372
35 7 1155
35 8 1579
35 9 1319
35 10 1817
35 11 1183
35 12 1999
35 13 1499
35 14 1865
35 15 963
35 16 1518
35 17 1878
35 18 2215
35 19 1834
35 20 1531
35 21 2333
35 22 1377
35 23 1488
35 24 1501
35 25 1795
35 26 1323
35 27 1496
35 28 1520
35 29 1297
35 30 1817
35 31 1934
35 32 1886
35 33 1739
35 34 1708
35 35 0
35 36 1691
35 37 1568
35 38 1620
35 39 1243
35 40 2474
35 41 1572
35 42 1195
35 43 2426
35 44 1524
35 45 1147
35 46 2378
35 47 1476
35 48 1099
35 49 2330
35 50 1428
35 51 1051
35 52 2282
35 53 1380
35 54 1003
35 55 2234
35 56 1332
35 57 955
35 58 2186
35 59 1284
35 60 907
35 61 2138
35 62 1236
35 63 859
35 64 2090
35 65 1188
35 66 811
35 67 2042
35 68 1140
35 69 763
35 70 1994
35 71 1092
35 72 715
35 73 1946
35 74 1044
35 75 667
35 76 1898
35 77 996
35 78 619
35 79 1850
35 80 948
35 81 571
35 82 1802
35 83 900
35 84 523
35 85 1754
35 86 852
35 87 475
35 88 1706
35 89 804
35 90 427
35 91 1658
35 92 1740
36 0 383
36 1 2193
36 2 1647
36 3 1393
36 4 504
36 5 1149
36 6 2289
36 7 662
36 8 1496
36 9 1236
36 10 460
36 11 1388
36 12 1916
36 13 1046
36 14 872
36 15 2128
36 16 1123
36 17 1795
36 18 2228
36 19 377
36 20 1110
36 21 2250
36 22 1870
36 23 1249
36 24 1236
36 25 1712
36 26 1240
36 27 715
36 28 739
36 29 1214
36 30 824
36 31 577
36 32 325
36 33 382
36 34 837
36 35 1691
36 36 0
36 37 977
36 38 263
36 39 1160
36 40 2391
36 41 215
36 42 1112
36 43 2343
36 44 167
36 45 1064
36 46 2295
36 47 215
36 48 1112
36 49 2343
36 50 263
36 51 1160
36 52 2391
36 53 311
36 54 1208
36 55 2439
36 56 359
36 57 1256
36 58 2487
36 59 407
36 60 1304
36 61 2535
36 62 455
36 63 1352
36 64 2583
36 65 503
36 66 1400
36 67 2631
36 68 551
36 69 1448
36 70 2679
36 71 599
36 72 1496
36 73 2727
36 74 647
36 75 1544
36 76 2775
36 77 695
36 78 1592
36 79 2823
36 80 743
36 81 1640
36 82 2871
36 83 791
36 84 1688
36 85 2919
36 86 839
36 87 1736
36 88 2967
36 89 887
36 90 1784
36 91 3015
36 92 383
37 0 1026
37 1 1550
37 2 1484
37 3 416
37 4 859
37 5 1312
37 6 2126
37 7 825
37 8 1333
37 9 1073
37 10 1103
37 11 937
37 12 1753
37 13 1253
37 14 1515
37 15 1485
37 16 1272
37 17 1632
37 18 1969
37 19 1354
37 20 1285
37 21 2087
37 22 1227
37 23 1242
37 24 1255
37 25 1549
37 26 1077
37 27 1250
37 28 902
37 29 1051
37 30 1467
37 31 1220
37 32 1302
37 33 1025
37 34 1384
37 35 1568
37 36 977
37 37 0
37 38 906
37 39 997
37 40 2228
37 41 858
37 42 949
37 43 2180
37 44 810
37 45 901
37 46 2132
37 47 762
37 48 853
37 49 2084
37 50 714
37 51 805
37 52 2036
37 53 666
37 54 757
37 55 1988
37 56 618
37 57 709
37 58 1940
37 59 570
37 60 661
37 61 1892
37 62 618
37 63 709
37 64 1940
37 65 666
37 66 757
37 67 1988
37 68 714
37 69 805
37 70 2036
37 71 762
37 72 853
37 73 2084
37 74 810
37 75 901
37 76 2132
37 77 858
37 78 949
37 79 2180
37 80 906
37 81 997
37 82 2228
37 83 954
37 84 1045
37 85 2276
37 86 1002
37 87 1093
37 88 2324
37 89 1050
37 90 1141
37 91 2372
37 92 1026
38 0 120
38 1 2456
38 2 1910
38 3 1322
38 4 433
38 5 1078
38 6 2360
38 7 591
38 8 1567
38 9 1155
38 10 293
38 11 1651
38 12 2083
38 13 975
38 14 609
38 15 2391
38 16 956
38 17 1866
38 18 2491
38 19 640
38 20 943
38 21 2321
38 22 2133
38 23 986
38 24 973
38 25 1975
38 26 1151
38 27 978
38 28 668
38 29 1381
38 30 657
38 31 410
38 32 588
38 33 215
38 34 766
38 35 1620
38 36 263
38 37 906
38 38 0
38 39 1231
38 40 2462
38 41 48
38 42 1279
38 43 2510
38 44 96
38 45 1327
38 46 2558
38 47 144
38 48 1375
38 49 2606
38 50 192
38 51 1423
38 52 2654
38 53 240
38 54 1471
38 55 2702
38 56 288
38 57 1519
38 58 2750
38 59 336
38 60 1567
38 61 2798
38 62 384
38 63 1615
38 64 2846
38 65 432
38 66 1663
38 67 2894
38 68 480
38 69 1711
38 70 2942
38 71 528
38 72 1759
38 73 2990
38 74 576
38 75 1807
38 76 3038
38 77 624
38 78 1855
38 79 3086
38 80 672
38 81 1903
38 82 3134
38 83 720
38 84 1951
38 85 3182
38 86 768
38 87 1999
38 88 3230
38 89 816
38 90 2047
38 91 3278
38 92 120
39 0 1351
39 1 1225
39 2 679
39 3 581
39 4 1278
39 5 1689
39 6 1129
39 7 1696
39 8 336
39 9 76
39 10 1034
39 11 420
39 12 852
39 13 832
39 14 622
39 15 1160
39 16 371
39 17 635
39 18 1260
39 19 783
39 20 384
39 21 1090
39 22 902
39 23 245
39 24 258
39 25 744
39 26 176
39 27 445
39 28 1331
39 29 150
39 30 670
39 31 917
39 32 835
39 33 1112
39 34 753
39 35 1243
39 36 1160
39 37 997
39 38 1231
39 39 0
39 40 1231
39 41 1279
39 42 48
39 43 1279
39 44 1327
39 45 96
39 46 1327
39 47 1375
39 48 144
39 49 1375
39 50 1423
39 51 192
39 52 1423
39 53 1471
39 54 240
39 55 1471
39 56 1519
39 57 288
39 58 1519
39 59 1567
39 60 336
39 61 1567
39 62 1615
39 63 384
39 64 1615
39 65 1663
39 66 432
39 67 1663
39 68 1711
39 69 480
39 70 1711
39 71 1759
39 72 528
39 73 1759
39 74 1807
39 75 576
39 76 1807
39 77 1855
39 78 624
39 79 1855
39 80 1903
39 81 672
39 82 1903
39 83 1951
39 84 720
39 85 1951
39 86 1999
39 87 768
39 88 1999
39 89 2047
39 90 816
39 91 2047
39 92 1351
40 0 2582
40 1 1446
40 2 744
40 3 1812
40 4 2509
40 5 2920
40 6 102
40 7 2927
40 8 895
40 9 1307
40 10 2265
40 11 1291
40 12 475
40 13 2063
40 14 1853
40 15 1511
40 16 1602
40 17 596
40 18 259
40 19 2014
40 20 1615
40 21 141
40 22 1097
40 23 1476
40 24 1489
40 25 679
40 26 1407
40 27 1676
40 28 2562
40 29 1177
40 30 1901
40 31 2148
40 32 2066
40 33 2343
40 34 1984
40 35 2474
40 36 2391
40 37 2228
40 38 2462
40 39 1231
40 40 0
40 41 2510
40 42 1279
40 43 48
40 44 2558
40 45 1327
40 46 96
40 47 2606
40 48 1375
40 49 144
40 50 2654
40 51 1423
40 52 192
40 53 2702
40 54 1471
40 55 240
40 56 2750
40 57 1519
40 58 288
40 59 2798
40 60 1567
40 61 336
40 62 2846
40 63 1615
40 64 384
40 65 2894
40 66 1663
40 67 432
40 68 2942
40 69 1711
40 70 480
40 71 2990
40 72 1759
40 73 528
40 74 3038
40 75 1807
40 76 576
40 77 3086
40 78 1855
40 79 624
40 80 3134
40 81 1903
40 82 672
40 83 3182
40 84 1951
40 85 720
40 86 3230
40 87 1999
40 88 768
40 89 3278
40 90 2047
40 91 816
40 92 2582
41 0 168
41 1 2408
41 2 1862
41 3 1274
41 4 385
41 5 1030
41 6 2408
41 7 543
41 8 1615
41 9 1203
41 10 245
41 11 1603
41 12 2035
41 13 927
41 14 657
41 15 2343
41 16 908
41 17 1914
41 18 2443
41 19 592
41 20 895
41 21 2369
41 22 2085
41 23 1034
41 24 1021
41 25 1927
41 26 1103
41 27 930
41 28 620
41 29 1333
41 30 609
41 31 362
41 32 540
41 33 167
41 34 718
41 35 1572
41 36 215
41 37 858
41 38 48
41 39 1279
41 40 2510
41 41 0
41 42 1231
41 43 2462
41 44 48
41 45 1279
41 46 2510
41 47 96
41 48 1327
41 49 2558
41 50 144
41 51 1375
41 52 2606
41 53 192
41 54 1423
41 55 2654
41 56 240
41 57 1471
41 58 2702
41 59 288
41 60 1519
41 61 2750
41 62 336
41 63 1567
41 64 2798
41 65 384
41 66 1615
41 67 2846
41 68 432
41 69 1663
41 70 2894
41 71 480
41 72 1711
41 73 2942
41 74 528
41 75 1759
41 76 2990
41 77 576
41 78 1807
41 79 3038
41 80 624
41 81 1855
41 82 3086
41 83 672
41 84 1903
41 85 3134
41 86 720
41 87 1951
41 88 3182
41 89 768
41 90 1999
41 91 3230
41 92 168
42 0 1399
42 1 1177
42 2 631
42 3 533
42 4 1230
42 5 1641
42 6 1177
42 7 1648
42 8 384
42 9 124
42 10 986
42 11 372
42 12 804
42 13 784
42 14 670
42 15 1112
42 16 323
42 17 683
42 18 1212
42 19 735
42 20 336
42 21 1138
42 22 854
42 23 293
42 24 306
42 25 696
42 26 128
42 27 397
42 28 1283
42 29 102
42 30 622
42 31 869
42 32 787
42 33 1064
42 34 705
42 35 1195
42 36 1112
42 37 949
42 38 1279
42 39 48
42 40 1279
42 41 1231
42 42 0
42 43 1231
42 44 1279
42 45 48
42 46 1279
42 47 1327
42 48 96
42 49 1327
42 50 1375
42 51 144
42 52 1375
42 53 1423
42 54 192
42 55 1423
42 56 1471
42 57 240
42 58 1471
42 59 1519
42 60 288
42 61 1519
42 62 1567
42 63 336
42 64 1567
42 65 1615
42 66 384
42 67 1615
42 68 1663
42 69 432
42 70 1663
42 71 1711
42 72 480
42 73 1711
42 74 1759
42 75 528
42 76 1759
42 77 1807
42 78 576
42 79 1807
42 80 1855
42 81 624
42 82 1855
42 83 1903
42 84 672
42 85 1903
42 86 1951
42 87 720
42 88 1951
42 89 1999
42 90 768
42 91 1999
42 92 1399
43 0 2630
43 1 1398
43 2 696
43 3 1764
43 4 2461
43 5 2872
43 6 150
43 7 2879
43 8 943
43 9 1355
43 10 2217
43 11 1243
43 12 427
43 13 2015
43 14 1901
43 15 1463
43 16 1554
43 17 644
43 18 211
43 19 1966
43 20 1567
43 21 189
43 22 1049
43 23 1524
43 24 1537
43 25 631
43 26 1359
43 27 1628
43 28 2514
43 29 1129
43 30 1853
43 31 2100
43 32 2018
43 33 2295
43 34 1936
43 35 2426
43 36 2343
43 37 2180
43 38 2510
43 39 1279
43 40 48
43 41 2462
43 42 1231
43 43 0
43 44 2510
43 45 1279
43 46 48
43 47 2558
43 48 1327
43 49 96
43 50 2606
43 51 1375
43 52 144
43 53 2654
43 54 1423
43 55 192
43 56 2702
43 57 1471
43 58 240
43 59 2750
43 60 1519
43 61 288
43 62 2798
43 63 1567
43 64 336
43 65 2846
43 66 1615
43 67 384
43 68 2894
43 69 1663
43 70 432
43 71 2942
43 72 1711
43 73 480
43 74 2990
43 75 1759
43 76 528
43 77 3038
43 78 1807
43 79 576
43 80 3086
43 81 1855
43 82 624
43 83 3134
43 84 1903
43 85 672
43 86 3182
43 87 1951
43 88 720
43 89 3230
43 90 1999
43 91 768
43 92 2630
44 0 216
44 1 2360
44 2 1814
44 3 1226
44 4 337
44 5 982
44 6 2456
44 7 495
44 8 1663
44 9 1251
44 10 293
44 11 1555
44 12 2083
44 13 879
44 14 705
44 15 2295
44 16 956
44 17 1962
44 18 2395
44 19 544
44 20 943
44 21 2417
44 22 2037
44 23 1082
44 24 1069
44 25 1879
44 26 1151
44 27 882
44 28 572
44 29 1381
44 30 657
44 31 410
44 32 492
44 33 215
44 34 670
44 35 1524
44 36 167
44 37 810
44 38 96
44 39 1327
44 40 2558
44 41 48
44 42 1279
44 43 2510
44 44 0
44 45 1231
44 46 2462
44 47 48
44 48 1279
44 49 2510
44 50 96
44 51 1327
44 52 2558
44 53 144
44 54 1375
44 55 2606
44 56 192
44 57 1423
44 58 2654
44 59 240
44 60 1471
44 61 2702
44 62 288
44 63 1519
44 64 2750
44 65 336
44 66 1567
44 67 2798
44 68 384
44 69 1615
44 70 2846
44 71 432
44 72 1663
44 73 2894
44 74 480
44 75 1711
44 76 2942
44 77 528
44 78 1759
44 79 2990
44 80 576
44 81 1807
44 82 3038
44 83 624
44 84 1855
44 85 3086
44 86 672
44 87 1903
44 88 3134
44 89 720
44 90 1951
44 91 3182
44 92 216
45 0 1447
45 1 1129
45 2 583
45 3 485
45 4 1182
45 5 1593
45 6 1225
45 7 1600
45 8 432
45 9 172
45 10 1034
45 11 324
45 12 852
45 13 736
45 14 718
45 15 1064
45 16 371
45 17 731
45 18 1164
45 19 687
45 20 384
45 21 1186
45 22 806
45 23 341
45 24 354
45 25 648
45 26 176
45 27 349
45 28 1235
45 29 150
45 30 670
45 31 917
45 32 739
45 33 1112
45 34 657
45 35 1147
45 36 1064
45 37 901
45 38 1327
45 39 96
45 40 1327
45 41 1279
45 42 48
45 43 1279
45 44 1231
45 45 0
45 46 1231
45 47 1279
45 48 48
45 49 1279
45 50 1327
45 51 96
45 52 1327
45 53 1375
45 54 144
45 55 1375
45 56 1423
45 57 192
45 58 1423
45 59 1471
45 60 240
45 61 1471
45 62 1519
45 63 288
45 64 1519
45 65 1567
45 66 336
45 67 1567
45 68 1615
45 69 384
45 70 1615
45 71 1663
45 72 432
45 73 1663
45 74 1711
45 75 480
45 76 1711
45 77 1759
45 78 528
45 79 1759
45 80 1807
45 81 576
45 82 1807
45 83 1855
45 84 624
45 85 1855
45 86 1903
45 87 672
45 88 1903
45 89 1951
45 90 720
45 91 1951
45 92 1447
46 0 2678
46 1 1350
46 2 648
46 3 1716
46 4 2413
46 5 2824
46 6 198
46 7 2831
46 8 991
46 9 1403
46 10 2265
46 11 1195
46 12 475
46 13 1967
46 14 1949
46 15 1415
46 16 1602
46 17 692
46 18 163
46 19 1918
46 20 1615
46 21 237
46 22 1001
46 23 1572
46 24 1585
46 25 583
46 26 1407
46 27 1580
46 28 2466
46 29 1177
46 30 1901
46 31 2148
46 32 1970
46 33 2343
46 34 1888
46 35 2378
46 36 2295
46 37 2132
46 38 2558
46 39 1327
46 40 96
46 41 2510
46 42 1279
46 43 48
46 44 2462
46 45 1231
46 46 0
46 47 2510
46 48 1279
46 49 48
46 50 2558
46 51 1327
46 52 96
46 53 2606
46 54 1375
46 55 144
46 56 2654
46 57 1423
46 58 192
46 59 2702
46 60 1471
46 61 240
46 62 2750
46 63 1519
46 64 288
46 65 2798
46 66 1567
46 67 336
46 68 2846
46 69 1615
46 70 384
46 71 2894
46 72 1663
46 73 432
46 74 2942
46 75 1711
46 76 480
46 77 2990
46 78 1759
46 79 528
46 80 3038
46 81 1807
46 82 576
46 83 3086
46 84 1855
46 85 624
46 86 3134
46 87 1903
46 88 672
46 89 3182
46 90 1951
46 91 720
46 92 2678
47 0 264
47 1 2312
47 2 1862
47 3 1178
47 4 289
47 5 934
47 6 2504
47 7 447
47 8 1711
47 9 1299
47 10 341
47 11 1507
47 12 2131
47 13 831
47 14 753
47 15 2247
47 16 1004
47 17 2010
47 18 2347
47 19 592
47 20 991
47 21 2465
47 22 1989
47 23 1130
47 24 1117
47 25 1927
47 26 1199
47 27 930
47 28 524
47 29 1429
47 30 705
47 31 458
47 32 540
47 33 263
47 34 622
47 35 1476
47 36 215
47 37 762
47 38 144
47 39 1375
47 40 2606
47 41 96
47 42 1327
47 43 2558
47 44 48
47 45 1279
47 46 2510
47 47 0
47 48 1231
47 49 2462
47 50 48
47 51 1279
47 52 2510
47 53 96
47 54 1327
47 55 2558
47 56 144
47 57 1375
47 58 2606
47 59 192
47 60 1423
47 61 2654
47 62 240
47 63 1471
47 64 2702
47 65 288
47 66 1519
47 67 2750
47 68 336
47 69 1567
47 70 2798
47 71 384
47 72 1615
47 73 2846
47 74 432
47 75 1663
47 76 2894
47 77 480
47 78 1711
47 79 2942
47 80 528
47 81 1759
47 82 2990
47 83 576
47 84 1807
47 85 3038
47 86 624
47 87 1855
47 88 3086
47 89 672
47 90 1903
47 91 3134
47 92 264
48 0 1495
48 1 1081
48 2 631
48 3 437
48 4 1134
48 5 1545
48 6 1273
48 7 1552
48 8 480
48 9 220
48 10 1082
48 11 276
48 12 900
48 13 688
48 14 766
48 15 1016
48 16 419
48 17 779
48 18 1116
48 19 735
48 20 432
48 21 1234
48 22 758
48 23 389
48 24 402
48 25 696
48 26 224
48 27 397
48 28 1187
48 29 198
48 30 718
48 31 965
48 32 787
48 33 1160
48 34 609
48 35 1099
48 36 1112
48 37 853
48 38 1375
48 39 144
48 40 1375
48 41 1327
48 42 96
48 43 1327
48 44 1279
48 45 48
48 46 1279
48 47 1231
48 48 0
48 49 1231
48 50 1279
48 51 48
48 52 1279
48 53 1327
48 54 96
48 55 1327
48 56 1375
48 57 144
48 58 1375
48 59 1423
48 60 192
48 61 1423
48 62 1471
48 63 240
48 64 1471
48 65 1519
48 66 288
48 67 1519
48 68 1567
48 69 336
48 70 1567
48 71 1615
48 72 384
48 73 1615
48 74 1663
48 75 432
48 76 1663
48 77 1711
48 78 480
48 79 1711
48 80 1759
48 81 528
48 82 1759
48 83 1807
48 84 576
48 85 1807
48 86 1855
48 87 624
48 88 1855
48 89 1903
48 90 672
48 91 1903
48 92 1495
49 0 2726
49 1 1302
49 2 696
49 3 1668
49 4 2365
49 5 2776
49 6 246
49 7 2783
49 8 1039
49 9 1451
49 10 2313
49 11 1147
49 12 523
49 13 1919
49 14 1997
49 15 1367
49 16 1650
49 17 740
49 18 115
49 19 1966
49 20 1663
49 21 285
49 22 953
49 23 1620
49 24 1633
49 25 631
49 26 1455
49 27 1628
49 28 2418
49 29 1225
49 30 1949
49 31 2196
49 32 2018
49 33 2391
49 34 1840
49 35 2330
49 36 2343
49 37 2084
49 38 2606
49 39 1375
49 40 144
49 41 2558
49 42 1327
49 43 96
49 44 2510
49 45 1279
49 46 48
49 47 2462
49 48 1231
49 49 0
49 50 2510
49 51 1279
49 52 48
49 53 2558
49 54 1327
49 55 96
49 56 2606
49 57 1375
49 58 144
49 59 2654
49 60 1423
49 61 192
49 62 2702
49 63 1471
49 64 240
49 65 2750
49 66 1519
49 67 288
49 68 2798
49 69 1567
49 70 336
49 71 2846
49 72 1615
49 73 384
49 74 2894
49 75 1663
49 76 432
49 77 2942
49 78 1711
49 79 480
49 80 2990
49 81 1759
49 82 528
49 83 3038
49 84 1807
49 85 576
49 86 3086
49 87 1855
49 88 624
49 89 3134
49 90 1903
49 91 672
49 92 2726
50 0 312
50 1 2264
50 2 1910
50 3 1130
50 4 241
50 5 886
50 6 2552
50 7 399
50 8 1759
50 9 1347
50 10 389
50 11 1459
50 12 2179
50 13 783
50 14 801
50 15 2199
50 16 1052
50 17 2058
50 18 2395
50 19 640
50 20 1039
50 21 2513
50 22 1941
50 23 1178
50 24 1165
50 25 1975
50 26 1247
50 27 978
50 28 476
50 29 1477
50 30 753
50 31 506
50 32 588
50 33 311
50 34 670
50 35 1428
50 36 263
50 37 714
50 38 192
50 39 1423
50 40 2654
50 41 144
50 42 1375
50 43 2606
50 44 96
50 45 1327
50 46 2558
50 47 48
50 48 1279
50 49 2510
50 50 0
50 51 1231
50 52 2462
50 53 48
50 54 1279
50 55 2510
50 56 96
50 57 1327
50 58 2558
50 59 144
50 60 1375
50 61 2606
50 62 192
50 63 1423
50 64 2654
50 65 240
50 66 1471
50 67 2702
50 68 288
50 69 1519
50 70 2750
50 71 336
50 72 1567
50 73 2798
50 74 384
50 75 1615
50 76 2846
50 77 432
50 78 1663
50 79 2894
50 80 480
50 81 1711
50 82 2942
50 83 528
50 84 1759
50 85 2990
50 86 576
50 87 1807
50 88 3038
50 89 624
50 90 1855
50 91 3086
50 92 312
51 0 1543
51 1 1033
51 2 679
51 3 389
51 4 1086
51 5 1497
51 6 1321
51 7 1504
51 8 528
51 9 268
51 10 1130
51 11 228
51 12 948
51 13 640
51 14 814
51 15 968
51 16 467
51 17 827
51 18 1164
51 19 783
51 20 480
51 21 1282
51 22 710
51 23 437
51 24 450
51 25 744
51 26 272
51 27 445
51 28 1139
51 29 246
51 30 766
51 31 1013
51 32 835
51 33 1208
51 34 657
51 35 1051
51 36 1160
51 37 805
51 38 1423
51 39 192
51 40 1423
51 41 1375
51 42 144
51 43 1375
51 44 1327
51 45 96
51 46 1327
51 47 1279
51 48 48
51 49 1279
51 50 1231
51 51 0
51 52 1231
51 53 1279
51 54 48
51 55 1279
51 56 1327
51 57 96
51 58 1327
51 59 1375
51 60 144
51 61 1375
51 62 1423
51 63 192
51 64 1423
51 65 1471
51 66 240
51 67 1471
51 68 1519
51 69 288
51 70 1519
51 71 1567
51 72 336
51 73 1567
51 74 1615
51 75 384
51 76 1615
51 77 1663
51 78 432
51 79 1663
51 80 1711
51 81 480
51 82 1711
51 83 1759
51 84 528
51 85 1759
51 86 1807
51 87 576
51 88 1807
51 89 1855
51 90 624
51 91 1855
51 92 1543
52 0 2774
52 1 1254
52 2 744
52 3 1620
52 4 2317
52 5 2728
52 6 294
52 7 2735
52 8 1087
52 9 1499
52 10 2361
52 11 1099
52 12 571
52 13 1871
52 14 2045
52 15 1319
52 16 1698
52 17 788
52 18 163
52 19 2014
52 20 1711
52 21 333
52 22 905
52 23 1668
52 24 1681
52 25 679
52 26 1503
52 27 1676
52 28 2370
52 29 1273
52 30 1997
52 31 2244
52 32 2066
52 33 2439
52 34 1888
52 35 2282
52 36 2391
52 37 2036
52 38 2654
52 39 1423
52 40 192
52 41 2606
52 42 1375
52 43 144
52 44 2558
52 45 1327
52 46 96
52 47 2510
52 48 1279
52 49 48
52 50 2462
52 51 1231
52 52 0
52 53 2510
52 54 1279
52 55 48
52 56 2558
52 57 1327
52 58 96
52 59 2606
52 60 1375
52 61 144
52 62 2654
52 63 1423
52 64 192
52 65 2702
52 66 1471
52 67 240
52 68 2750
52 69 1519
52 70 288
52 71 2798
52 72 1567
52 73 336
52 74 2846
52 75 1615
52 76 384
52 77 2894
52 78 1663
52 79 432
52 80 2942
52 81 1711
52 82 480
52 83 2990
52 84 1759
52 85 528
52 86 3038
52 87 1807
52 88 576
52 89 3086
52 90 1855
52 91 624
52 92 2774
53 0 360
53 1 2216
53 2 1958
53 3 1082
53 4 193
53 5 838
53 6 2600
53 7 351
53 8 1807
53 9 1395
53 10 437
53 11 1411
53 12 2227
53 13 735
53 14 849
53 15 2151
53 16 1100
53 17 2106
53 18 2443
53 19 688
53 20 1087
53 21 2561
53 22 1893
53 23 1226
53 24 1213
53 25 2023
53 26 1295
53 27 1026
53 28 428
53 29 1525
53 30 801
53 31 554
53 32 636
53 33 359
53 34 718
53 35 1380
53 36 311
53 37 666
53 38 240
53 39 1471
53 40 2702
53 41 192
53 42 1423
53 43 2654
53 44 144
53 45 1375
53 46 2606
53 47 96
53 48 1327
53 49 2558
53 50 48
53 51 1279
53 52 2510
53 53 0
53 54 1231
53 55 2462
53 56 48
53 57 1279
53 58 2510
53 59 96
53 60 1327
53 61 2558
53 62 144
53 63 1375
53 64 2606
53 65 192
53 66 1423
53 67 2654
53 68 240
53 69 1471
53 70 2702
53 71 288
53 72 1519
53 73 2750
53 74 336
53 75 1567
53 76 2798
53 77 384
53 78 1615
53 79 2846
53 80 432
53 81 1663
53 82 2894
53 83 480
53 84 1711
53 85 2942
53 86 528
53 87 1759
53 88 2990
53 89 576
53 90 1807
53 91 3038
53 92 360
54 0 1591
54 1 985
54 2 727
54 3 341
54 4 1038
54 5 1449
54 6 1369
54 7 1456
54 8 576
54 9 316
54 10 1178
54 11 180
54 12 996
54 13 592
54 14 862
54 15 920
54 16 515
54 17 875
54 18 1212
54 19 831
54 20 528
54 21 1330
54 22 662
54 23 485
54 24 498
54 25 792
54 26 320
54 27 493
54 28 1091
54 29 294
54 30 814
54 31 1061
54 32 883
54 33 1256
54 34 705
54 35 1003
54 36 1208
54 37 757
54 38 1471
54 39 240
54 40 1471
54 41 1423
54 42 192
54 43 1423
54 44 1375
54 45 144
54 46 1375
54 47 1327
54 48 96
54 49 1327
54 50 1279
54 51 48
54 52 1279
54 53 1231
54 54 0
54 55 1231
54 56 1279
54 57 48
54 58 1279
54 59 1327
54 60 96
54 61 1327
54 62 1375
54 63 144
54 64 1375
54 65 1423
54 66 192
54 67 1423
54 68 1471
54 69 240
54 70 1471
54 71 1519
54 72 288
54 73 1519
54 74 1567
54 75 336
54 76 1567
54 77 1615
54 78 384
54 79 1615
54 80 1663
54 81 432
54 82 1663
54 83 1711
54 84 480
54 85 1711
54 86 1759
54 87 528
54 88 1759
54 89 1807
54 90 576
54 91 1807
54 92 1591
55 0 2822
55 1 1206
55 2 792
55 3 1572
55 4 2269
55 5 2680
55 6 342
55 7 2687
55 8 1135
55 9 1547
55 10 2409
55 11 1051
55 12 619
55 13 1823
55 14 2093
55 15 1271
55 16 1746
55 17 836
55 18 211
55 19 2062
55 20 1759
55 21 381
55 22 857
55 23 1716
55 24 1729
55 25 727
55 26 1551
55 27 1724
55 28 2322
55 29 1321
55 30 2045
55 31 2292
55 32 2114
55 33 2487
55 34 1936
55 35 2234
55 36 2439
55 37 1988
55 38 2702
55 39 1471
55 40 240
55 41 2654
55 42 1423
55 43 192
55 44 2606
55 45 1375
55 46 144
55 47 2558
55 48 1327
55 49 96
55 50 2510
55 51 1279
55 52 48
55 53 2462
55 54 1231
55 55 0
55 56 2510
55 57 1279
55 58 48
55 59 2558
55 60 1327
55 61 96
55 62 2606
55 63 1375
55 64 144
55 65 2654
55 66 1423
55 67 192
55 68 2702
55 69 1471
55 70 240
55 71 2750
55 72 1519
55 73 288
55 74 2798
55 75 1567
55 76 336
55 77 2846
55 78 1615
55 79 384
55 80 2894
55 81 1663
55 82 432
55 83 2942
55 84 1711
55 85 480
55 86 2990
55 87 1759
55 88 528
55 89 3038
55 90 1807
55 91 576
55 92 2822
56 0 408
56 1 2168
56 2 2006
56 3 1034
56 4 241
56 5 790
56 6 2648
56 7 303
56 8 1855
56 9 1443
56 10 485
56 11 1459
56 12 2275
56 13 687
56 14 897
56 15 2103
56 16 1148
56 17 2154
56 18 2491
56 19 736
56 20 1135
56 21 2609
56 22 1845
56 23 1274
56 24 1261
56 25 2071
56 26 1343
56 27 1074
56 28 380
56 29 1573
56 30 849
56 31 602
56 32 684
56 33 407
56 34 766
56 35 1332
56 36 359
56 37 618
56 38 288
56 39 1519
56 40 2750
56 41 240
56 42 1471
56 43 2702
56 44 192
56 45 1423
56 46 2654
56 47 144
56 48 1375
56 49 2606
56 50 96
56 51 1327
56 52 2558
56 53 48
56 54 1279
56 55 2510
56 56 0
56 57 1231
56 58 2462
56 59 48
56 60 1279
56 61 2510
56 62 96
56 63 1327
56 64 2558
56 65 144
56 66 1375
56 67 2606
56 68 192
56 69 1423
56 70 2654
56 71 240
56 72 1471
56 73 2702
56 74 288
56 75 1519
56 76 2750
56 77 336
56 78 1567
56 79 2798
56 80 384
56 81 1615
56 82 2846
56 83 432
56 84 1663
56 85 2894
56 86 480
56 87 1711
56 88 2942
56 89 528
56 90 1759
56 91 2990
56 92 408
57 0 1639
57 1 937
57 2 775
57 3 293
57 4 1086
57 5 1401
57 6 1417
57 7 1408
57 8 624
57 9 364
57 10 1226
57 11 228
57 12 1044
57 13 544
57 14 910
57 15 872
57 16 563
57 17 923
57 18 1260
57 19 879
57 20 576
57 21 1378
57 22 614
57 23 533
57 24 546
57 25 840
57 26 368
57 27 541
57 28 1043
57 29 342
57 30 862
57 31 1109
57 32 931
57 33 1304
57 34 753
57 35 955
57 36 1256
57 37 709
57 38 1519
57 39 288
57 40 1519
57 41 1471
57 42 240
57 43 1471
57 44 1423
57 45 192
57 46 1423
57 47 1375
57 48 144
57 49 1375
57 50 1327
57 51 96
57 52 1327
57 53 1279
57 54 48
57 55 1279
57 56 1231
57 57 0
57 58 1231
57 59 1279
57 60 48
57 61 1279
57 62 1327
57 63 96
57 64 1327
57 65 1375
57 66 144
57 67 1375
57 68 1423
57 69 192
57 70 1423
57 71 1471
57 72 240
57 73 1471
57 74 1519
57 75 288
57 76 1519
57 77 1567
57 78 336
57 79 1567
57 80 1615
57 81 384
57 82 1615
57 83 1663
57 84 432
57 85 1663
57 86 1711
57 87 480
57 88 1711
57 89 1759
57 90 528
57 91 1759
57 92 1639
58 0 2870
58 1 1158
58 2 840
58 3 1524
58 4 2317
58 5 2632
58 6 390
58 7 2639
58 8 1183
58 9 1595
58 10 2457
58 11 1099
58 12 667
58 13 1775
58 14 2141
58 15 1223
58 16 1794
58 17 884
58 18 259
58 19 2110
58 20 1807
58 21 429
58 22 809
58 23 1764
58 24 1777
58 25 775
58 26 1599
58 27 1772
58 28 2274
58 29 1369
58 30 2093
58 31 2340
58 32 2162
58 33 2535
58 34 1984
58 35 2186
58 36 2487
58 37 1940
58 38 2750
58 39 1519
58 40 288
58 41 2702
58 42 1471
58 43 240
58 44 2654
58 45 1423
58 46 192
58 47 2606
58 48 1375
58 49 144
58 50 2558
58 51 1327
58 52 96
58 53 2510
58 54 1279
58 55 48
58 56 2462
58 57 1231
58 58 0
58 59 2510
58 60 1279
58 61 48
58 62 2558
58 63 1327
58 64 96
58 65 2606
58 66 1375
58 67 144
58 68 2654
58 69 1423
58 70 192
58 71 2702
58 72 1471
58 73 240
58 74 2750
58 75 1519
58 76 288
58 77 2798
58 78 1567
58 79 336
58 80 2846
58 81 1615
58 82 384
58 83 2894
58 84 1663
58 85 432
58 86 2942
58 87 1711
58 88 480
58 89 2990
58 90 1759
58 91 528
58 92 2870
59 0 456
59 1 2120
59 2 2054
59 3 986
59 4 289
59 5 742
59 6 2696
59 7 255
59 8 1903
59 9 1491
59 10 533
59 11 1507
59 12 2323
59 13 735
59 14 945
59 15 2055
59 16 1196
59 17 2202
59 18 2539
59 19 784
59 20 1183
59 21 2657
59 22 1797
59 23 1322
59 24 1309
59 25 2119
59 26 1391
59 27 1122
59 28 332
59 29 1621
59 30 897
59 31 650
59 32 732
59 33 455
59 34 814
59 35 1284
59 36 407
59 37 570
59 38 336
59 39 1567
59 40 2798
59 41 288
59 42 1519
59 43 2750
59 44 240
59 45 1471
59 46 2702
59 47 192
59 48 1423
59 49 2654
59 50 144
59 51 1375
59 52 2606
59 53 96
59 54 1327
59 55 2558
59 56 48
59 57 1279
59 58 2510
59 59 0
59 60 1231
59 61 2462
59 62 48
59 63 1279
59 64 2510
59 65 96
59 66 1327
59 67 2558
59 68 144
59 69 1375
59 70 2606
59 71 192
59 72 1423
59 73 2654
59 74 240
59 75 1471
59 76 2702
59 77 288
59 78 1519
59 79 2750
59 80 336
59 81 1567
59 82 2798
59 83 384
59 84 1615
59 85 2846
59 86 432
59 87 1663
59 88 2894
59 89 480
59 90 1711
59 91 2942
59 92 456
60 0 1687
60 1 889
60 2 823
60 3 245
60 4 1134
60 5 1353
60 6 1465
60 7 1360
60 8 672
60 9 412
60 10 1274
60 11 276
60 12 1092
60 13 592
60 14 958
60 15 824
60 16 611
60 17 971
60 18 1308
60 19 927
60 20 624
60 21 1426
60 22 566
60 23 581
60 24 594
60 25 888
60 26 416
60 27 589
60 28 995
60 29 390
60 30 910
60 31 1157
60 32 979
60 33 1352
60 34 801
60 35 907
60 36 1304
60 37 661
60 38 1567
60 39 336
60 40 1567
60 41 1519
60 42 288
60 43 1519
60 44 1471
60 45 240
60 46 1471
60 47 1423
60 48 192
60 49 1423
60 50 1375
60 51 144
60 52 1375
60 53 1327
60 54 96
60 55 1327
60 56 1279
60 57 48
60 58 1279
60 59 1231
60 60 0
60 61 1231
60 62 1279
60 63 48
60 64 1279
60 65 1327
60 66 96
60 67 1327
60 68 1375
60 69 144
60 70 1375
60 71 1423
60 72 192
60 73 1423
60 74 1471
60 75 240
60 76 1471
60 77 1519
60 78 288
60 79 1519
60 80 1567
60 81 336
60 82 1567
60 83 1615
60 84 384
60 85 1615
60 86 1663
60 87 432
60 88 1663
60 89 1711
60 90 480
60 91 1711
60 92 1687
61 0 2918
61 1 1110
61 2 888
61 3 1476
61 4 2365
61 5 2584
61 6 438
61 7 2591
61 8 1231
61 9 1643
61 10 2505
61 11 1147
61 12 715
61 13 1823
61 14 2189
61 15 1175
61 16 1842
61 17 932
61 18 307
61 19 2158
61 20 1855
61 21 477
61 22 761
61 23 1812
61 24 1825
61 25 823
61 26 1647
61 27 1820
61 28 2226
61 29 1417
61 30 2141
61 31 2388
61 32 2210
61 33 2583
61 34 2032
61 35 2138
61 36 2535
61 37 1892
61 38 2798
61 39 1567
61 40 336
61 41 2750
61 42 1519
61 43 288
61 44 2702
61 45 1471
61 46 240
61 47 2654
61 48 1423
61 49 192
61 50 2606
61 51 1375
61 52 144
61 53 2558
61 54 1327
61 55 96
61 56 2510
61 57 1279
61 58 48
61 59 2462
61 60 1231
61 61 0
61 62 2510
61 63 1279
61 64 48
61 65 2558
61 66 1327
61 67 96
61 68 2606
61 69 1375
61 70 144
61 71 2654
61 72 1423
61 73 192
61 74 2702
61 75 1471
61 76 240
61 77 2750
61 78 1519
61 79 288
61 80 2798
61 81 1567
61 82 336
61 83 2846
61 84 1615
61 85 384
61 86 2894
61 87 1663
61 88 432
61 89 2942
61 90 1711
61 91 480
61 92 2918
62 0 504
62 1 2072
62 2 2102
62 3 1034
62 4 337
62 5 694
62 6 2744
62 7 207
62 8 1951
62 9 1539
62 10 581
62 11 1555
62 12 2371
62 13 783
62 14 993
62 15 2007
62 16 1244
62 17 2250
62 18 2587
62 19 832
62 20 1231
62 21 2705
62 22 1749
62 23 1370
62 24 1357
62 25 2167
62 26 1439
62 27 1170
62 28 284
62 29 1669
62 30 945
62 31 698
62 32 780
62 33 503
62 34 862
62 35 1236
62 36 455
62 37 618
62 38 384
62 39 1615
62 40 2846
62 41 336
62 42 1567
62 43 2798
62 44 288
62 45 1519
62 46 2750
62 47 240
62 48 1471
62 49 2702
62 50 192
62 51 1423
62 52 2654
62 53 144
62 54 1375
62 55 2606
62 56 96
62 57 1327
62 58 2558
62 59 48
62 60 1279
62 61 2510
62 62 0
62 63 1231
62 64 2462
62 65 48
62 66 1279
62 67 2510
62 68 96
62 69 1327
62 70 2558
62 71 144
62 72 1375
62 73 2606
62 74 192
62 75 1423
62 76 2654
62 77 240
62 78 1471
62 79 2702
62 80 288
62 81 1519
62 82 2750
62 83 336
62 84 1567
62 85 2798
62 86 384
62 87 1615
62 88 2846
62 89 432
62 90 1663
62 91 2894
62 92 504
63 0 1735
63 1 841
63 2 871
63 3 293
63 4 1182
63 5 1305
63 6 1513
63 7 1312
63 8 720
63 9 460
63 10 1322
63 11 324
63 12 1140
63 13 640
63 14 1006
63 15 776
63 16 659
63 17 1019
63 18 1356
63 19 975
63 20 672
63 21 1474
63 22 518
63 23 629
63 24 642
63 25 936
63 26 464
63 27 637
63 28 947
63 29 438
63 30 958
63 31 1205
63 32 1027
63 33 1400
63 34 849
63 35 859
63 36 1352
63 37 709
63 38 1615
63 39 384
63 40 1615
63 41 1567
63 42 336
63 43 1567
63 44 1519
63 45 288
63 46 1519
63 47 1471
63 48 240
63 49 1471
63 50 1423
63 51 192
63 52 1423
63 53 1375
63 54 144
63 55 1375
63 56 1327
63 57 96
63 58 1327
63 59 1279
63 60 48
63 61 1279
63 62 1231
63 63 0
63 64 1231
63 65 1279
63 66 48
63 67 1279
63 68 1327
63 69 96
63 70 1327
63 71 1375
63 72 144
63 73 1375
63 74 1423
63 75 192
63 76 1423
63 77 1471
63 78 240
63 79 1471
63 80 1519
63 81 288
63 82 1519
63 83 1567
63 84 336
63 85 1567
63 86 1615
63 87 384
63 88 1615
63 89 1663
63 90 432
63 91 1663
63 92 1735
64 0 2966
64 1 1062
64 2 936
64 3 1524
64 4 2413
64 5 2536
64 6 486
64 7 2543
64 8 1279
64 9 1691
64 10 2553
64 11 1195
64 12 763
64 13 1871
64 14 2237
64 15 1127
64 16 1890
64 17 980
64 18 355
64 19 2206
64 20 1903
64 21 525
64 22 713
64 23 1860
64 24 1873
64 25 871
64 26 1695
64 27 1868
64 28 2178
64 29 1465
64 30 2189
64 31 2436
64 32 2258
64 33 2631
64 34 2080
64 35 2090
64 36 2583
64 37 1940
64 38 2846
64 39 1615
64 40 384
64 41 2798
64 42 1567
64 43 336
64 44 2750
64 45 1519
64 46 288
64 47 2702
64 48 1471
64 49 240
64 50 2654
64 51 1423
64 52 192
64 53 2606
64 54 1375
64 55 144
64 56 2558
64 57 1327
64 58 96
64 59 2510
64 60 1279
64 61 48
64 62 2462
64 63 1231
64 64 0
64 65 2510
64 66 1279
64 67 48
64 68 2558
64 69 1327
64 70 96
64 71 2606
64 72 1375
64 73 144
64 74 2654
64 75 1423
64 76 192
64 77 2702
64 78 1471
64 79 240
64 80 2750
64 81 1519
64 82 288
64 83 2798
64 84 1567
64 85 336
64 86 2846
64 87 1615
64 88 384
64 89 2894
64 90 1663
64 91 432
64 92 2966
65 0 552
65 1 2024
65 2 2150
65 3 1082
65 4 385
65 5 646
65 6 2792
65 7 159
65 8 1999
65 9 1587
65 10 629
65 11 1603
65 12 2419
65 13 831
65 14 1041
65 15 1959
65 16 1292
65 17 2298
65 18 2635
65 19 880
65 20 1279
65 21 2753
65 22 1797
65 23 1418
65 24 1405
65 25 2215
65 26 1487
65 27 1218
65 28 332
65 29 1717
65 30 993
65 31 746
65 32 828
65 33 551
65 34 910
65 35 1188
65 36 503
65 37 666
65 38 432
65 39 1663
65 40 2894
65 41 384
65 42 1615
65 43 2846
65 44 336
65 45 1567
65 46 2798
65 47 288
65 48 1519
65 49 2750
65 50 240
65 51 1471
65 52 2702
65 53 192
65 54 1423
65 55 2654
65 56 144
65 57 1375
65 58 2606
65 59 96
65 60 1327
65 61 2558
65 62 48
65 63 1279
65 64 2510
65 65 0
65 66 1231
65 67 2462
65 68 48
65 69 1279
65 70 2510
65 71 96
65 72 1327
65 73 2558
65 74 144
65 75 1375
65 76 2606
65 77 192
65 78 1423
65 79 2654
65 80 240
65 81 1471
65 82 2702
65 83 288
65 84 1519
65 85 2750
65 86 336
65 87 1567
65 88 2798
65 89 384
65 90 1615
65 91 2846
65 92 552
66 0 1783
66 1 793
66 2 919
66 3 341
66 4 1230
66 5 1257
66 6 1561
66 7 1264
66 8 768
66 9 508
66 10 1370
66 11 372
66 12 1188
66 13 688
66 14 1054
66 15 728
66 16 707
66 17 1067
66 18 1404
66 19 1023
66 20 720
66 21 1522
66 22 566
66 23 677
66 24 690
66 25 984
66 26 512
66 27 685
66 28 995
66 29 486
66 30 1006
66 31 1253
66 32 1075
66 33 1448
66 34 897
66 35 811
66 36 1400
66 37 757
66 38 1663
66 39 432
66 40 1663
66 41 1615
66 42 384
66 43 1615
66 44 1567
66 45 336
66 46 1567
66 47 1519
66 48 288
66 49 1519
66 50 1471
66 51 240
66 52 1471
66 53 1423
66 54 192
66 55 1423
66 56 1375
66 57 144
66 58 1375
66 59 1327
66 60 96
66 61 1327
66 62 1279
66 63 48
66 64 1279
66 65 1231
66 66 0
66 67 1231
66 68 1279
66 69 48
66 70 1279
66 71 1327
66 72 96
66 73 1327
66 74 1375
66 75 144
66 76 1375
66 77 1423
66 78 192
66 79 1423
66 80 1471
66 81 240
66 82 1471
66 83 1519
66 84 288
66 85 1519
66 86 1567
66 87 336
66 88 1567
66 89 1615
66 90 384
66 91 1615
66 92 1783
67 0 3014
67 1 1014
67 2 984
67 3 1572
67 4 2461
67 5 2488
67 6 534
67 7 2495
67 8 1327
67 9 1739
67 10 2601
67 11 1243
67 12 811
67 13 1919
67 14 2285
67 15 1079
67 16 1938
67 17 1028
67 18 403
67 19 2254
67 20 1951
67 21 573
67 22 761
67 23 1908
67 24 1921
67 25 919
67 26 1743
67 27 1916
67 28 2226
67 29 1513
67 30 2237
67 31 2484
67 32 2306
67 33 2679
67 34 2128
67 35 2042
67 36 2631
67 37 1988
67 38 2894
67 39 1663
67 40 432
67 41 2846
67 42 1615
67 43 384
67 44 2798
67 45 1567
67 46 336
67 47 2750
67 48 1519
67 49 288
67 50 2702
67 51 1471
67 52 240
67 53 2654
67 54 1423
67 55 192
67 56 2606
67 57 1375
67 58 144
67 59 2558
67 60 1327
67 61 96
67 62 2510
67 63 1279
67 64 48
67 65 2462
67 66 1231
67 67 0
67 68 2510
67 69 1279
67 70 48
67 71 2558
67 72 1327
67 73 96
67 74 2606
67 75 1375
67 76 144
67 77 2654
67 78 1423
67 79 192
67 80 2702
67 81 1471
67 82 240
67 83 2750
67 84 1519
67 85 288
67 86 2798
67 87 1567
67 88 336
67 89 2846
67 90 1615
67 91 384
67 92 3014
68 0 600
68 1 1976
68 2 2198
68 3 1130
68 4 433
68 5 598
68 6 2840
68 7 111
68 8 2047
68 9 1635
68 10 677
68 11 1651
68 12 2467
68 13 879
68 14 1089
68 15 1911
68 16 1340
68 17 2346
68 18 2683
68 19 928
68 20 1327
68 21 2801
68 22 1845
68 23 1466
68 24 1453
68 25 2263
68 26 1535
68 27 1266
68 28 380
68 29 1765
68 30 1041
68 31 794
68 32 876
68 33 599
68 34 958
68 35 1140
68 36 551
68 37 714
68 38 480
68 39 1711
68 40 2942
68 41 432
68 42 1663
68 43 2894
68 44 384
68 45 1615
68 46 2846
68 47 336
68 48 1567
68 49 2798
68 50 288
68 51 1519
68 52 2750
68 53 240
68 54 1471
68 55 2702
68 56 192
68 57 1423
68 58 2654
68 59 144
68 60 1375
68 61 2606
68 62 96
68 63 1327
68 64 2558
68 65 48
68 66 1279
68 67 2510
68 68 0
68 69 1231
68 70 2462
68 71 48
68 72 1279
68 73 2510
68 74 96
68 75 1327
68 76 2558
68 77 144
68 78 1375
68 79 2606
68 80 192
68 81 1423
68 82 2654
68 83 240
68 84 1471
68 85 2702
68 86 288
68 87 1519
68 88 2750
68 89 336
68 90 1567
68 91 2798
68 92 600
69 0 1831
69 1 745
69 2 967
69 3 389
69 4 1278
69 5 1209
69 6 1609
69 7 1216
69 8 816
69 9 556
69 10 1418
69 11 420
69 12 1236
69 13 736
69 14 1102
69 15 680
69 16 755
69 17 1115
69 18 1452
69 19 1071
69 20 768
69 21 1570
69 22 614
69 23 725
69 24 738
69 25 1032
69 26 560
69 27 733
69 28 1043
69 29 534
69 30 1054
69 31 1301
69 32 1123
69 33 1496
69 34 945
69 35 763
69 36 1448
69 37 805
69 38 1711
69 39 480
69 40 1711
69 41 1663
69 42 432
69 43 1663
69 44 1615
69 45 384
69 46 1615
69 47 1567
69 48 336
69 49 1567
69 50 1519
69 51 288
69 52 1519
69 53 1471
69 54 240
69 55 1471
69 56 1423
69 57 192
69 58 1423
69 59 1375
69 60 144
69 61 1375
69 62 1327
69 63 96
69 64 1327
69 65 1279
69 66 48
69 67 1279
69 68 1231
69 69 0
69 70 1231
69 71 1279
69 72 48
69 73 1279
69 74 1327
69 75 96
69 76 1327
69 77 1375
69 78 144
69 79 1375
69 80 1423
69 81 192
69 82 1423
69 83 1471
69 84 240
69 85 1471
69 86 1519
69 87 288
69 88 1519
69 89 1567
69 90 336
69 91 1567
69 92 1831
70 0 3062
70 1 966
70 2 1032
70 3 1620
70 4 2509
70 5 2440
70 6 582
70 7 2447
70 8 1375
70 9 1787
70 10 2649
70 11 1291
70 12 859
70 13 1967
70 14 2333
70 15 1031
70 16 1986
70 17 1076
70 18 451
70 19 2302
70 20 1999
70 21 621
70 22 809
70 23 1956
70 24 1969
70 25 967
70 26 1791
70 27 1964
70 28 2274
70 29 1561
70 30 2285
70 31 2532
70 32 2354
70 33 2727
70 34 2176
70 35 1994
70 36 2679
70 37 2036
70 38 2942
70 39 1711
70 40 480
70 41 2894
70 42 1663
70 43 432
70 44 2846
70 45 1615
70 46 384
70 47 2798
70 48 1567
70 49 336
70 50 2750
70 51 1519
70 52 288
70 53 2702
70 54 1471
70 55 240
70 56 2654
70 57 1423
70 58 192
70 59 2606
70 60 1375
70 61 144
70 62 2558
70 63 1327
70 64 96
70 65 2510
70 66 1279
70 67 48
70 68 2462
70 69 1231
70 70 0
70 71 2510
70 72 1279
70 73 48
70 74 2558
70 75 1327
70 76 96
70 77 2606
70 78 1375
70 79 144
70 80 2654
70 81 1423
70 82 192
70 83 2702
70 84 1471
70 85 240
70 86 2750
70 87 1519
70 88 288
70 89 2798
70 90 1567
70 91 336
70 92 3062
71 0 648
71 1 1928
71 2 2246
71 3 1178
71 4 481
71 5 550
71 6 2888
71 7 63
71 8 2095
71 9 1683
71 10 725
71 11 1699
71 12 2515
71 13 927
71 14 1137
71 15 1863
71 16 1388
71 17 2394
71 18 2731
71 19 976
71 20 1375
71 21 2849
71 22 1893
71 23 1514
71 24 1501
71 25 2311
71 26 1583
71 27 1314
71 28 428
71 29 1813
71 30 1089
71 31 842
71 32 924
71 33 647
71 34 1006
71 35 1092
71 36 599
71 37 762
71 38 528
71 39 1759
71 40 2990
71 41 480
71 42 1711
71 43 2942
71 44 432
71 45 1663
71 46 2894
71 47 384
71 48 1615
71 49 2846
71 50 336
71 51 1567
71 52 2798
71 53 288
71 54 1519
71 55 2750
71 56 240
71 57 1471
71 58 2702
71 59 192
71 60 1423
71 61 2654
71 62 144
71 63 1375
71 64 2606
71 65 96
71 66 1327
71 67 2558
71 68 48
71 69 1279
71 70 2510
71 71 0
71 72 1231
71 73 2462
71 74 48
71 75 1279
71 76 2510
71 77 96
71 78 1327
71 79 2558
71 80 144
71 81 1375
71 82 2606
71 83 192
71 84 1423
71 85 2654
71 86 240
71 87 1471
71 88 2702
71 89 288
71 90 1519
71 91 2750
71 92 648
72 0 1879
72 1 697
72 2 1015
72 3 437
72 4 1326
72 5 1161
72 6 1657
72 7 1168
72 8 864
72 9 604
72 10 1466
72 11 468
72 12 1284
72 13 784
72 14 1150
72 15 632
72 16 803
72 17 1163
72 18 1500
72 19 1119
72 20 816
72 21 1618
72 22 662
72 23 773
72 24 786
72 25 1080
72 26 608
72 27 781
72 28 1091
72 29 582
72 30 1102
72 31 1349
72 32 1171
72 33 1544
72 34 993
72 35 715
72 36 1496
72 37 853
72 38 1759
72 39 528
72 40 1759
72 41 1711
72 42 480
72 43 1711
72 44 1663
72 45 432
72 46 1663
72 47 1615
72 48 384
72 49 1615
72 50 1567
72 51 336
72 52 1567
72 53 1519
72 54 288
72 55 1519
72 56 1471
72 57 240
72 58 1471
72 59 1423
72 60 192
72 61 1423
72 62 1375
72 63 144
72 64 1375
72 65 1327
72 66 96
72 67 1327
72 68 1279
72 69 48
72 70 1279
72 71 1231
72 72 0
72 73 1231
72 74 1279
72 75 48
72 76 1279
72 77 1327
72 78 96
72 79 1327
72 80 1375
72 81 144
72 82 1375
72 83 1423
72 84 192
72 85 1423
72 86 1471
72 87 240
72 88 1471
72 89 1519
72 90 288
72 91 1519
72 92 1879
73 0 3110
73 1 918
73 2 1080
73 3 1668
73 4 2557
73 5 2392
73 6 630
73 7 2399
73 8 1423
73 9 1835
73 10 2697
73 11 1339
73 12 907
73 13 2015
73 14 2381
73 15 983
73 16 2034
73 17 1124
73 18 499
73 19 2350
73 20 2047
73 21 669
73 22 857
73 23 2004
73 24 2017
73 25 1015
73 26 1839
73 27 2012
73 28 2322
73 29 1609
73 30 2333
73 31 2580
73 32 2402
73 33 2775
73 34 2224
73 35 1946
73 36 2727
73 37 2084
73 38 2990
73 39 1759
73 40 528
73 41 2942
73 42 1711
73 43 480
73 44 2894
73 45 1663
73 46 432
73 47 2846
73 48 1615
73 49 384
73 50 2798
73 51 1567
73 52 336
73 53 2750
73 54 1519
73 55 288
73 56 2702
73 57 1471
73 58 240
73 59 2654
73 60 1423
73 61 192
73 62 2606
73 63 1375
73 64 144
73 65 2558
73 66 1327
73 67 96
73 68 2510
73 69 1279
73 70 48
73 71 2462
73 72 1231
73 73 0
73 74 2510
73 75 1279
73 76 48
73 77 2558
73 78 1327
73 79 96
73 80 2606
73 81 1375
73 82 144
73 83 2654
73 84 1423
73 85 192
73 86 2702
73 87 1471
73 88 240
73 89 2750
73 90 1519
73 91 288
73 92 3110
74 0 696
74 1 1880
74 2 2294
74 3 1226
74 4 529
74 5 502
74 6 2936
74 7 111
74 8 2143
74 9 1731
74 10 773
74 11 1747
74 12 2563
74 13 975
74 14 1185
74 15 1815
74 16 1436
74 17 2442
74 18 2779
74 19 1024
74 20 1423
74 21 2897
74 22 1941
74 23 1562
74 24 1549
74 25 2359
74 26 1631
74 27 1362
74 28 476
74 29 1861
74 30 1137
74 31 890
74 32 972
74 33 695
74 34 1054
74 35 1044
74 36 647
74 37 810
74 38 576
74 39 1807
74 40 3038
74 41 528
74 42 1759
74 43 2990
74 44 480
74 45 1711
74 46 2942
74 47 432
74 48 1663
74 49 2894
74 50 384
74 51 1615
74 52 2846
74 53 336
74 54 1567
74 55 2798
74 56 288
74 57 1519
74 58 2750
74 59 240
74 60 1471
74 61 2702
74 62 192
74 63 1423
74 64 2654
74 65 144
74 66 1375
74 67 2606
74 68 96
74 69 1327
74 70 2558
74 71 48
74 72 1279
74 73 2510
74 74 0
74 75 1231
74 76 2462
74 77 48
74 78 1279
74 79 2510
74 80 96
74 81 1327
74 82 2558
74 83 144
74 84 1375
74 85 2606
74 86 192
74 87 1423
74 88 2654
74 89 240
74 90 1471
74 91 2702
74 92 696
75 0 1927
75 1 649
75 2 1063
75 3 485
75 4 1374
75 5 1113
75 6 1705
75 7 1216
75 8 912
75 9 652
75 10 1514
75 11 516
75 12 1332
75 13 832
75 14 1198
75 15 584
75 16 851
75 17 1211
75 18 1548
75 19 1167
75 20 864
75 21 1666
75 22 710
75 23 821
75 24 834
75 25 1128
75 26 656
75 27 829
75 28 1139
75 29 630
75 30 1150
75 31 1397
75 32 1219
75 33 1592
75 34 1041
75 35 667
75 36 1544
75 37 901
75 38 1807
75 39 576
75 40 1807
75 41 1759
75 42 528
75 43 1759
75 44 1711
75 45 480
75 46 1711
75 47 1663
75 48 432
75 49 1663
75 50 1615
75 51 384
75 52 1615
75 53 1567
75 54 336
75 55 1567
75 56 1519
75 57 288
75 58 1519
75 59 1471
75 60 240
75 61 1471
75 62 1423
75 63 192
75 64 1423
75 65 1375
75 66 144
75 67 1375
75 68 1327
75 69 96
75 70 1327
75 71 1279
75 72 48
75 73 1279
75 74 1231
75 75 0
75 76 1231
75 77 1279
75 78 48
75 79 1279
75 80 1327
75 81 96
75 82 1327
75 83 1375
75 84 144
75 85 1375
75 86 1423
75 87 192
75 88 1423
75 89 1471
75 90 240
75 91 1471
75 92 1927
76 0 3158
76 1 870
76 2 1128
76 3 1716
76 4 2605
76 5 2344
76 6 678
76 7 2447
76 8 1471
76 9 1883
76 10 2745
76 11 1387
76 12 955
76 13 2063
76 14 2429
76 15 935
76 16 2082
76 17 1172
76 18 547
76 19 2398
76 20 2095
76 21 717
76 22 905
76 23 2052
76 24 2065
76 25 1063
76 26 1887
76 27 2060
76 28 2370
76 29 1657
76 30 2381
76 31 2628
76 32 2450
76 33 2823
76 34 2272
76 35 1898
76 36 2775
76 37 2132
76 38 3038
76 39 1807
76 40 576
76 41 2990
76 42 1759
76 43 528
76 44 2942
76 45 1711
76 46 480
76 47 2894
76 48 1663
76 49 432
76 50 2846
76 51 1615
76 52 384
76 53 2798
76 54 1567
76 55 336
76 56 2750
76 57 1519
76 58 288
76 59 2702
76 60 1471
76 61 240
76 62 2654
76 63 1423
76 64 192
76 65 2606
76 66 1375
76 67 144
76 68 2558
76 69 1327
76 70 96
76 71 2510
76 72 1279
76 73 48
76 74 2462
76 75 1231
76 76 0
76 77 2510
76 78 1279
76 79 48
76 80 2558
76 81 1327
76 82 96
76 83 2606
76 84 1375
76 85 144
76 86 2654
76 87 1423
76 88 192
76 89 2702
76 90 1471
76 91 240
76 92 3158
77 0 744
77 1 1832
77 2 2342
77 3 1274
77 4 577
77 5 454
77 6 2984
77 7 159
77 8 2191
77 9 1779
77 10 821
77 11 1795
77 12 2611
77 13 1023
77 14 1233
77 15 1767
77 16 1484
77 17 2490
77 18 2827
77 19 1072
77 20 1471
77 21 2945
77 22 1989
77 23 1610
77 24 1597
77 25 2407
77 26 1679
77 27 1410
77 28 524
77 29 1909
77 30 1185
77 31 938
77 32 1020
77 33 743
77 34 1102
77 35 996
77 36 695
77 37 858
77 38 624
77 39 1855
77 40 3086
77 41 576
77 42 1807
77 43 3038
77 44 528
77 45 1759
77 46 2990
77 47 480
77 48 1711
77 49 2942
77 50 432
77 51 1663
77 52 2894
77 53 384
77 54 1615
77 55 2846
77 56 336
77 57 1567
77 58 2798
77 59 288
77 60 1519
77 61 2750
77 62 240
77 63 1471
77 64 2702
77 65 192
77 66 1423
77 67 2654
77 68 144
77 69 1375
77 70 2606
77 71 96
77 72 1327
77 73 2558
77 74 48
77 75 1279
77 76 2510
77 77 0
77 78 1231
77 79 2462
77 80 48
77 81 1279
77 82 2510
77 83 96
77 84 1327
77 85 2558
77 86 144
77 87 1375
77 88 2606
77 89 192
77 90 1423
77 91 2654
77 92 744
78 0 1975
78 1 601
78 2 1111
78 3 533
78 4 1422
78 5 1065
78 6 1753
78 7 1264
78 8 960
78 9 700
78 10 1562
78 11 564
78 12 1380
78 13 880
78 14 1246
78 15 536
78 16 899
78 17 1259
78 18 1596
78 19 1215
78 20 912
78 21 1714
78 22 758
78 23 869
78 24 882
78 25 1176
78 26 704
78 27 877
78 28 1187
78 29 678
78 30 1198
78 31 1445
78 32 1267
78 33 1640
78 34 1089
78 35 619
78 36 1592
78 37 949
78 38 1855
78 39 624
78 40 1855
78 41 1807
78 42 576
78 43 1807
78 44 1759
78 45 528
78 46 1759
78 47 1711
78 48 480
78 49 1711
78 50 1663
78 51 432
78 52 1663
78 53 1615
78 54 384
78 55 1615
78 56 1567
78 57 336
78 58 1567
78 59 1519
78 60 288
78 61 1519
78 62 1471
78 63 240
78 64 1471
78 65 1423
78 66 192
78 67 1423
78 68 1375
78 69 144
78 70 1375
78 71 1327
78 72 96
78 73 1327
78 74 1279
78 75 48
78 76 1279
78 77 1231
78 78 0
78 79 1231
78 80 1279
78 81 48
78 82 1279
78 83 1327
78 84 96
78 85 1327
78 86 1375
78 87 144
78 88 1375
78 89 1423
78 90 192
78 91 1423
78 92 1975
79 0 3206
79 1 822
79 2 1176
79 3 1764
79 4 2653
79 5 2296
79 6 726
79 7 2495
79 8 1519
79 9 1931
79 10 2793
79 11 1435
79 12 1003
79 13 2111
79 14 2477
79 15 887
79 16 2130
79 17 1220
79 18 595
79 19 2446
79 20 2143
79 21 765
79 22 953
79 23 2100
79 24 2113
79 25 1111
79 26 1935
79 27 2108
79 28 2418
79 29 1705
79 30 2429
79 31 2676
79 32 2498
79 33 2871
79 34 2320
79 35 1850
79 36 2823
79 37 2180
79 38 3086
79 39 1855
79 40 624
79 41 3038
79 42 1807
79 43 576
79 44 2990
79 45 1759
79 46 528
79 47 2942
79 48 1711
79 49 480
79 50 2894
79 51 1663
79 52 432
79 53 2846
79 54 1615
79 55 384
79 56 2798
79 57 1567
79 58 336
79 59 2750
79 60 1519
79 61 288
79 62 2702
79 63 1471
79 64 240
79 65 2654
79 66 1423
79 67 192
79 68 2606
79 69 1375
79 70 144
79 71 2558
79 72 1327
79 73 96
79 74 2510
79 75 1279
79 76 48
79 77 2462
79 78 1231
79 79 0
79 80 2510
79 81 1279
79 82 48
79 83 2558
79 84 1327
79 85 96
79 86 2606
79 87 1375
79 88 144
79 89 2654
79 90 1423
79 91 192
79 92 3206
80 0 792
80 1 1784
80 2 2390
80 3 1322
80 4 625
80 5 406
80 6 3032
80 7 207
80 8 2239
80 9 1827
80 10 869
80 11 1843
80 12 2659
80 13 1071
80 14 1281
80 15 1719
80 16 1532
80 17 2538
80 18 2875
80 19 1120
80 20 1519
80 21 2993
80 22 2037
80 23 1658
80 24 1645
80 25 2455
80 26 1727
80 27 1458
80 28 572
80 29 1957
80 30 1233
80 31 986
80 32 1068
80 33 791
80 34 1150
80 35 948
80 36 743
80 37 906
80 38 672
80 39 1903
80 40 3134
80 41 624
80 42 1855
80 43 3086
80 44 576
80 45 1807
80 46 3038
80 47 528
80 48 1759
80 49 2990
80 50 480
80 51 1711
80 52 2942
80 53 432
80 54 1663
80 55 2894
80 56 384
80 57 1615
80 58 2846
80 59 336
80 60 1567
80 61 2798
80 62 288
80 63 1519
80 64 2750
80 65 240
80 66 1471
80 67 2702
80 68 192
80 69 1423
80 70 2654
80 71 144
80 72 1375
80 73 2606
80 74 96
80 75 1327
80 76 2558
80 77 48
80 78 1279
80 79 2510
80 80 0
80 81 1231
80 82 2462
80 83 48
80 84 1279
80 85 2510
80 86 96
80 87 1327
80 88 2558
80 89 144
80 90 1375
80 91 2606
80 92 792
81 0 2023
81 1 553
81 2 1159
81 3 581
81 4 1470
81 5 1017
81 6 1801
81 7 1312
81 8 1008
81 9 748
81 10 1610
81 11 612
81 12 1428
81 13 928
81 14 1294
81 15 488
81 16 947
81 17 1307
81 18 1644
81 19 1263
81 20 960
81 21 1762
81 22 806
81 23 917
81 24 930
81 25 1224
81 26 752
81 27 925
81 28 1235
81 29 726
81 30 1246
81 31 1493
81 32 1315
81 33 1688
81 34 1137
81 35 571
81 36 1640
81 37 997
81 38 1903
81 39 672
81 40 1903
81 41 1855
81 42 624
81 43 1855
81 44 1807
81 45 576
81 46 1807
81 47 1759
81 48 528
81 49 1759
81 50 1711
81 51 480
81 52 1711
81 53 1663
81 54 432
81 55 1663
81 56 1615
81 57 384
81 58 1615
81 59 1567
81 60 336
81 61 1567
81 62 1519
81 63 288
81 64 1519
81 65 1471
81 66 240
81 67 1471
81 68 1423
81 69 192
81 70 1423
81 71 1375
81 72 144
81 73 1375
81 74 1327
81 75 96
81 76 1327
81 77 1279
81 78 48
81 79 1279
81 80 1231
81 81 0
81 82 1231
81 83 1279
81 84 48
81 85 1279
81 86 1327
81 87 96
81 88 1327
81 89 1375
81 90 144
81 91 1375
81 92 2023
82 0 3254
82 1 774
82 2 1224
82 3 1812
82 4 2701
82 5 2248
82 6 774
82 7 2543
82 8 1567
82 9 1979
82 10 2841
82 11 1483
82 12 1051
82 13 2159
82 14 2525
82 15 839
82 16 2178
82 17 1268
82 18 643
82 19 2494
82 20 2191
82 21 813
82 22 1001
82 23 2148
82 24 2161
82 25 1159
82 26 1983
82 27 2156
82 28 2466
82 29 1753
82 30 2477
82 31 2724
82 32 2546
82 33 2919
82 34 2368
82 35 1802
82 36 2871
82 37 2228
82 38 3134
82 39 1903
82 40 672
82 41 3086
82 42 1855
82 43 624
82 44 3038
82 45 1807
82 46 576
82 47 2990
82 48 1759
82 49 528
82 50 2942
82 51 1711
82 52 480
82 53 2894
82 54 1663
82 55 432
82 56 2846
82 57 1615
82 58 384
82 59 2798
82 60 1567
82 61 336
82 62 2750
82 63 1519
82 64 288
82 65 2702
82 66 1471
82 67 240
82 68 2654
82 69 1423
82 70 192
82 71 2606
82 72 1375
82 73 144
82 74 2558
82 75 1327
82 76 96
82 77 2510
82 78 1279
82 79 48
82 80 2462
82 81 1231
82 82 0
82 83 2510
82 84 1279
82 85 48
82 86 2558
82 87 1327
82 88 96
82 89 2606
82 90 1375
82 91 144
82 92 3254
83 0 840
83 1 1736
83 2 2438
83 3 1370
83 4 673
83 5 358
83 6 3080
83 7 255
83 8 2287
83 9 1875
83 10 917
83 11 1891
83 12 2707
83 13 1119
83 14 1329
83 15 1671
83 16 1580
83 17 2586
83 18 2923
83 19 1168
83 20 1567
83 21 3041
83 22 2085
83 23 1706
83 24 1693
83 25 2503
83 26 1775
83 27 1506
83 28 620
83 29 2005
83 30 1281
83 31 1034
83 32 1116
83 33 839
83 34 1198
83 35 900
83 36 791
83 37 954
83 38 720
83 39 1951
83 40 3182
83 41 672
83 42 1903
83 43 3134
83 44 624
83 45 1855
83 46 3086
83 47 576
83 48 1807
83 49 3038
83 50 528
83 51 1759
83 52 2990
83 53 480
83 54 1711
83 55 2942
83 56 432
83 57 1663
83 58 2894
83 59 384
83 60 1615
83 61 2846
83 62 336
83 63 1567
83 64 2798
83 65 288
83 66 1519
83 67 2750
83 68 240
83 69 1471
83 70 2702
83 71 192
83 72 1423
83 73 2654
83 74 144
83 75 1375
83 76 2606
83 77 96
83 78 1327
83 79 2558
83 80 48
83 81 1279
83 82 2510
83 83 0
83 84 1231
83 85 2462
83 86 48
83 87 1279
83 88 2510
83 89 96
83 90 1327
83 91 2558
83 92 840
84 0 2071
84 1 505
84 2 1207
84 3 629
84 4 1518
84 5 969
84 6 1849
84 7 1360
84 8 1056
84 9 796
84 10 1658
84 11 660
84 12 1476
84 13 976
84 14 1342
84 15 440
84 16 995
84 17 1355
84 18 1692
84 19 1311
84 20 1008
84 21 1810
84 22 854
84 23 965
84 24 978
84 25 1272
84 26 800
84 27 973
84 28 1283
84 29 774
84 30 1294
84 31 1541
84 32 1363
84 33 1736
84 34 1185
84 35 523
84 36 1688
84 37 1045
84 38 1951
84 39 720
84 40 1951
84 41 1903
84 42 672
84 43 1903
84 44 1855
84 45 624
84 46 1855
84 47 1807
84 48 576
84 49 1807
84 50 1759
84 51 528
84 52 1759
84 53 1711
84 54 480
84 55 1711
84 56 1663
84 57 432
84 58 1663
84 59 1615
84 60 384
84 61 1615
84 62 1567
84 63 336
84 64 1567
84 65 1519
84 66 288
84 67 1519
84 68 1471
84 69 240
84 70 1471
84 71 1423
84 72 192
84 73 1423
84 74 1375
84 75 144
84 76 1375
84 77 1327
84 78 96
84 79 1327
84 80 1279
84 81 48
84 82 1279
84 83 1231
84 84 0
84 85 1231
84 86 1279
84 87 48
84 88 1279
84 89 1327
84 90 96
84 91 1327
84 92 2071
85 0 3302
85 1 726
85 2 1272
85 3 1860
85 4 2749
85 5 2200
85 6 822
85 7 2591
85 8 1615
85 9 2027
85 10 2889
85 11 1531
85 12 1099
85 13 2207
85 14 2573
85 15 791
85 16 2226
85 17 1316
85 18 691
85 19 2542
85 20 2239
85 21 861
85 22 1049
85 23 2196
85 24 2209
85 25 1207
85 26 2031
85 27 2204
85 28 2514
85 29 1801
85 30 2525
85 31 2772
85 32 2594
85 33 2967
85 34 2416
85 35 1754
85 36 2919
85 37 2276
85 38 3182
85 39 1951
85 40 720
85 41 3134
85 42 1903
85 43 672
85 44 3086
85 45 1855
85 46 624
85 47 3038
85 48 1807
85 49 576
85 50 2990
85 51 1759
85 52 528
85 53 2942
85 54 1711
85 55 480
85 56 2894
85 57 1663
85 58 432
85 59 2846
85 60 1615
85 61 384
85 62 2798
85 63 1567
85 64 336
85 65 2750
85 66 1519
85 67 288
85 68 2702
85 69 1471
85 70 240
85 71 2654
85 72 1423
85 73 192
85 74 2606
85 75 1375
85 76 144
85 77 2558
85 78 1327
85 79 96
85 80 2510
85 81 1279
85 82 48
85 83 2462
85 84 1231
85 85 0
85 86 2510
85 87 1279
85 88 48
85 89 2558
85 90 1327
85 91 96
85 92 3302
86 0 888
86 1 1784
86 2 2486
86 3 1418
86 4 721
86 5 310
86 6 3128
86 7 303
86 8 2335
86 9 1923
86 10 965
86 11 1939
86 12 2755
86 13 1167
86 14 1377
86 15 1719
86 16 1628
86 17 2634
86 18 2971
86 19 1216
86 20 1615
86 21 3089
86 22 2133
86 23 1754
86 24 1741
86 25 2551
86 26 1823
86 27 1554
86 28 668
86 29 2053
86 30 1329
86 31 1082
86 32 1164
86 33 887
86 34 1246
86 35 852
86 36 839
86 37 1002
86 38 768
86 39 1999
86 40 3230
86 41 720
86 42 1951
86 43 3182
86 44 672
86 45 1903
86 46 3134
86 47 624
86 48 1855
86 49 3086
86 50 576
86 51 1807
86 52 3038
86 53 528
86 54 1759
86 55 2990
86 56 480
86 57 1711
86 58 2942
86 59 432
86 60 1663
86 61 2894
86 62 384
86 63 1615
86 64 2846
86 65 336
86 66 1567
86 67 2798
86 68 288
86 69 1519
86 70 2750
86 71 240
86 72 1471
86 73 2702
86 74 192
86 75 1423
86 76 2654
86 77 144
86 78 1375
86 79 2606
86 80 96
86 81 1327
86 82 2558
86 83 48
86 84 1279
86 85 2510
86 86 0
86 87 1231
86 88 2462
86 89 48
86 90 1279
86 91 2510
86 92 888
87 0 2119
87 1 553
87 2 1255
87 3 677
87 4 1566
87 5 921
87 6 1897
87 7 1408
87 8 1104
87 9 844
87 10 1706
87 11 708
87 12 1524
87 13 1024
87 14 1390
87 15 488
87 16 1043
87 17 1403
87 18 1740
87 19 1359
87 20 1056
87 21 1858
87 22 902
87 23 1013
87 24 1026
87 25 1320
87 26 848
87 27 1021
87 28 1331
87 29 822
87 30 1342
87 31 1589
87 32 1411
87 33 1784
87 34 1233
87 35 475
87 36 1736
87 37 1093
87 38 1999
87 39 768
87 40 1999
87 41 1951
87 42 720
87 43 1951
87 44 1903
87 45 672
87 46 1903
87 47 1855
87 48 624
87 49 1855
87 50 1807
87 51 576
87 52 1807
87 53 1759
87 54 528
87 55 1759
87 56 1711
87 57 480
87 58 1711
87 59 1663
87 60 432
87 61 1663
87 62 1615
87 63 384
87 64 1615
87 65 1567
87 66 336
87 67 1567
87 68 1519
87 69 288
87 70 1519
87 71 1471
87 72 240
87 73 1471
87 74 1423
87 75 192
87 76 1423
87 77 1375
87 78 144
87 79 1375
87 80 1327
87 81 96
87 82 1327
87 83 1279
87 84 48
87 85 1279
87 86 1231
87 87 0
87 88 1231
87 89 1279
87 90 48
87 91 1279
87 92 2119
88 0 3350
88 1 774
88 2 1320
88 3 1908
88 4 2797
88 5 2152
88 6 870
88 7 2639
88 8 1663
88 9 2075
88 10 2937
88 11 1579
88 12 1147
88 13 2255
88 14 2621
88 15 839
88 16 2274
88 17 1364
88 18 739
88 19 2590
88 20 2287
88 21 909
88 22 1097
88 23 2244
88 24 2257
88 25 1255
88 26 2079
88 27 2252
88 28 2562
88 29 1849
88 30 2573
88 31 2820
88 32 2642
88 33 3015
88 34 2464
88 35 1706
88 36 2967
88 37 2324
88 38 3230
88 39 1999
88 40 768
88 41 3182
88 42 1951
88 43 720
88 44 3134
88 45 1903
88 46 672
88 47 3086
88 48 1855
88 49 624
88 50 3038
88 51 1807
88 52 576
88 53 2990
88 54 1759
88 55 528
88 56 2942
88 57 1711
88 58 480
88 59 2894
88 60 1663
88 61 432
88 62 2846
88 63 1615
88 64 384
88 65 2798
88 66 1567
88 67 336
88 68 2750
88 69 1519
88 70 288
88 71 2702
88 72 1471
88 73 240
88 74 2654
88 75 1423
88 76 192
88 77 2606
88 78 1375
88 79 144
88 80 2558
88 81 1327
88 82 96
88 83 2510
88 84 1279
88 85 48
88 86 2462
88 87 1231
88 88 0
88 89 2510
88 90 1279
88 91 48
88 92 3350
89 0 936
89 1 1832
89 2 2534
89 3 1466
89 4 769
89 5 358
89 6 3176
89 7 351
89 8 2383
89 9 1971
89 10 1013
89 11 1987
89 12 2803
89 13 1215
89 14 1425
89 15 1767
89 16 1676
89 17 2682
89 18 3019
89 19 1264
89 20 1663
89 21 3137
89 22 2181
89 23 1802
89 24 1789
89 25 2599
89 26 1871
89 27 1602
89 28 716
89 29 2101
89 30 1377
89 31 1130
89 32 1212
89 33 935
89 34 1294
89 35 804
89 36 887
89 37 1050
89 38 816
89 39 2047
89 40 3278
89 41 768
89 42 1999
89 43 3230
89 44 720
89 45 1951
89 46 3182
89 47 672
89 48 1903
89 49 3134
89 50 624
89 51 1855
89 52 3086
89 53 576
89 54 1807
89 55 3038
89 56 528
89 57 1759
89 58 2990
89 59 480
89 60 1711
89 61 2942
89 62 432
89 63 1663
89 64 2894
89 65 384
89 66 1615
89 67 2846
89 68 336
89 69 1567
89 70 2798
89 71 288
89 72 1519
89 73 2750
89 74 240
89 75 1471
89 76 2702
89 77 192
89 78 1423
89 79 2654
89 80 144
89 81 1375
89 82 2606
89 83 96
89 84 1327
89 85 2558
89 86 48
89 87 1279
89 88 2510
89 89 0
89 90 1231
89 91 2462
89 92 936
90 0 2167
90 1 601
90 2 1303
90 3 725
90 4 1614
90 5 969
90 6 1945
90 7 1456
90 8 1152
90 9 892
90 10 1754
90 11 756
90 12 1572
90 13 1072
90 14 1438
90 15 536
90 16 1091
90 17 1451
90 18 1788
90 19 1407
90 20 1104
90 21 1906
90 22 950
90 23 1061
90 24 1074
90 25 1368
90 26 896
90 27 1069
90 28 1379
90 29 870
90 30 1390
90 31 1637
90 32 1459
90 33 1832
90 34 1281
90 35 427
90 36 1784
90 37 1141
90 38 2047
90 39 816
90 40 2047
90 41 1999
90 42 768
90 43 1999
90 44 1951
90 45 720
90 46 1951
90 47 1903
90 48 672
90 49 1903
90 50 1855
90 51 624
90 52 1855
90 53 1807
90 54 576
90 55 1807
90 56 1759
90 57 528
90 58 1759
90 59 1711
90 60 480
90 61 1711
90 62 1663
90 63 432
90 64 1663
90 65 1615
90 66 384
90 67 1615
90 68 1567
90 69 336
90 70 1567
90 71 1519
90 72 288
90 73 1519
90 74 1471
90 75 240
90 76 1471
90 77 1423
90 78 192
90 79 1423
90 80 1375
90 81 144
90 82 1375
90 83 1327
90 84 96
90 85 1327
90 86 1279
90 87 48
90 88 1279
90 89 1231
90 90 0
90 91 1231
90 92 2167
91 0 3398
91 1 822
91 2 1368
91 3 1956
91 4 2845
91 5 2200
91 6 918
91 7 2687
91 8 1711
91 9 2123
91 10 2985
91 11 1627
91 12 1195
91 13 2303
91 14 2669
91 15 887
91 16 2322
91 17 1412
91 18 787
91 19 2638
91 20 2335
91 21 957
91 22 1145
91 23 2292
91 24 2305
91 25 1303
91 26 2127
91 27 2300
91 28 2610
91 29 1897
91 30 2621
91 31 2868
91 32 2690
91 33 3063
91 34 2512
91 35 1658
91 36 3015
91 37 2372
91 38 3278
91 39 2047
91 40 816
91 41 3230
91 42 1999
91 43 768
91 44 3182
91 45 1951
91 46 720
91 47 3134
91 48 1903
91 49 672
91 50 3086
91 51 1855
91 52 624
91 53 3038
91 54 1807
91 55 576
91 56 2990
91 57 1759
91 58 528
91 59 2942
91 60 1711
91 61 480
91 62 2894
91 63 1663
91 64 432
91 65 2846
91 66 1615
91 67 384
91 68 2798
91 69 1567
91 70 336
91 71 2750
91 72 1519
91 73 288
91 74 2702
91 75 1471
91 76 240
91 77 2654
91 78 1423
91 79 192
91 80 2606
91 81 1375
91 82 144
91 83 2558
91 84 1327
91 85 96
91 86 2510
91 87 1279
91 88 48
91 89 2462
91 90 1231
91 91 0
91 92 3398
92 0 0
92 1 2576
92 2 2030
92 3 1442
92 4 553
92 5 1198
92 6 2480
92 7 711
92 8 1687
92 9 1275
92 10 413
92 11 1771
92 12 2203
92 13 1095
92 14 729
92 15 2511
92 16 1076
92 17 1986
92 18 2611
92 19 760
92 20 1063
92 21 2441
92 22 2253
92 23 1106
92 24 1093
92 25 2095
92 26 1271
92 27 1098
92 28 788
92 29 1501
92 30 777
92 31 530
92 32 708
92 33 335
92 34 886
92 35 1740
92 36 383
92 37 1026
92 38 120
92 39 1351
92 40 2582
92 41 168
92 42 1399
92 43 2630
92 44 216
92 45 1447
92 46 2678
92 47 264
92 48 1495
92 49 2726
92 50 312
92 51 1543
92 52 2774
92 53 360
92 54 1591
92 55 2822
92 56 408
92 57 1639
92 58 2870
92 59 456
92 60 1687
92 61 2918
92 62 504
92 63 1735
92 64 2966
92 65 552
92 66 1783
92 67 3014
92 68 600
92 69 1831
92 70 3062
92 71 648
92 72 1879
92 73 3110
92 74 696
92 75 1927
92 76 3158
92 77 744
92 78 1975
92 79 3206
92 80 792
92 81 2023
92 82 3254
92 83 840
92 84 2071
92 85 3302
92 86 888
92 87 2119
92 88 3350
92 89 936
92 90 2167
92 91 3398
92 92 0
//Location coordinates LocationName
//Loc x y
0 0.0 0.0 "depot"
1 720.0 1856.0 "product aisle 15 bloc 1 rank 74"
2 96.0 1934.0 "product aisle 2 bloc 1 rank 86"
3 336.0 1106.0 "product aisle 7 bloc 0 rank 148"
4 240.0 313.0 "product aisle 5 bloc 0 rank 26"
5 768.0 430.0 "product aisle 16 bloc 0 rank 44"
6 0.0 2480.0 "product aisle 0 bloc 1 rank 170"
7 528.0 183.0 "product aisle 11 bloc 0 rank 6"
8 0.0 1687.0 "product aisle 0 bloc 1 rank 48"
9 0.0 1275.0 "product aisle 0 bloc 0 rank 173"
10 48.0 365.0 "product aisle 1 bloc 0 rank 33"
11 240.0 1531.0 "product aisle 5 bloc 1 rank 24"
12 48.0 2155.0 "product aisle 1 bloc 1 rank 120"
13 288.0 807.0 "product aisle 6 bloc 0 rank 101"
14 0.0 729.0 "product aisle 0 bloc 0 rank 90"
15 720.0 1791.0 "product aisle 15 bloc 1 rank 63"
16 48.0 1028.0 "product aisle 1 bloc 0 rank 135"
17 0.0 1986.0 "product aisle 0 bloc 1 rank 93"
18 144.0 2467.0 "product aisle 3 bloc 1 rank 168"
19 96.0 664.0 "product aisle 2 bloc 0 rank 79"
20 48.0 1015.0 "product aisle 1 bloc 0 rank 133"
21 0.0 2441.0 "product aisle 0 bloc 1 rank 163"
22 384.0 1869.0 "product aisle 8 bloc 1 rank 76"
23 0.0 1106.0 "product aisle 0 bloc 0 rank 148"
24 0.0 1093.0 "product aisle 0 bloc 0 rank 146"
25 96.0 1999.0 "product aisle 2 bloc 1 rank 96"
26 48.0 1223.0 "product aisle 1 bloc 0 rank 166"
27 96.0 1002.0 "product aisle 2 bloc 0 rank 131"
28 384.0 404.0 "product aisle 8 bloc 0 rank 39"
29 48.0 1453.0 "product aisle 1 bloc 1 rank 11"
30 48.0 729.0 "product aisle 1 bloc 0 rank 90"
31 48.0 482.0 "product aisle 1 bloc 0 rank 52"
32 96.0 612.0 "product aisle 2 bloc 0 rank 72"
33 48.0 287.0 "product aisle 1 bloc 0 rank 22"
34 144.0 742.0 "product aisle 3 bloc 0 rank 91"
35 816.0 924.0 "product aisle 17 bloc 0 rank 120"
36 96.0 287.0 "product aisle 2 bloc 0 rank 22"
37 336.0 690.0 "product aisle 7 bloc 0 rank 84"
38 24.0 120.0 "intersection aisle 0 bloc 0 rank 0"
39 24.0 1351.0 "intersection aisle 0 bloc 1 rank 1"
40 24.0 2582.0 "intersection aisle 0 bloc 2 rank 2"
41 72.0 120.0 "intersection aisle 1 bloc 0 rank 0"
42 72.0 1351.0 "intersection aisle 1 bloc 1 rank 1"
43 72.0 2582.0 "intersection aisle 1 bloc 2 rank 2"
44 120.0 120.0 "intersection aisle 2 bloc 0 rank 0"
45 120.0 1351.0 "intersection aisle 2 bloc 1 rank 1"
46 120.0 2582.0 "intersection aisle 2 bloc 2 rank 2"
47 168.0 120.0 "intersection aisle 3 bloc 0 rank 0"
48 168.0 1351.0 "intersection aisle 3 bloc 1 rank 1"
49 168.0 2582.0 "intersection aisle 3 bloc 2 rank 2"
50 216.0 120.0 "intersection aisle 4 bloc 0 rank 0"
51 216.0 1351.0 "intersection aisle 4 bloc 1 rank 1"
52 216.0 2582.0 "intersection aisle 4 bloc 2 rank 2"
53 264.0 120.0 "intersection aisle 5 bloc 0 rank 0"
54 264.0 1351.0 "intersection aisle 5 bloc 1 rank 1"
55 264.0 2582.0 "intersection aisle 5 bloc 2 rank 2"
56 312.0 120.0 "intersection aisle 6 bloc 0 rank 0"
57 312.0 1351.0 "intersection aisle 6 bloc 1 rank 1"
58 312.0 2582.0 "intersection aisle 6 bloc 2 rank 2"
59 360.0 120.0 "intersection aisle 7 bloc 0 rank 0"
60 360.0 1351.0 "intersection aisle 7 bloc 1 rank 1"
61 360.0 2582.0 "intersection aisle 7 bloc 2 rank 2"
62 408.0 120.0 "intersection aisle 8 bloc 0 rank 0"
63 408.0 1351.0 "intersection aisle 8 bloc 1 rank 1"
64 408.0 2582.0 "intersection aisle 8 bloc 2 rank 2"
65 456.0 120.0 "intersection aisle 9 bloc 0 rank 0"
66 456.0 1351.0 "intersection aisle 9 bloc 1 rank 1"
67 456.0 2582.0 "intersection aisle 9 bloc 2 rank 2"
68 504.0 120.0 "intersection aisle 10 bloc 0 rank 0"
69 504.0 1351.0 "intersection aisle 10 bloc 1 rank 1"
70 504.0 2582.0 "intersection aisle 10 bloc 2 rank 2"
71 552.0 120.0 "intersection aisle 11 bloc 0 rank 0"
72 552.0 1351.0 "intersection aisle 11 bloc 1 rank 1"
73 552.0 2582.0 "intersection aisle 11 bloc 2 rank 2"
74 600.0 120.0 "intersection aisle 12 bloc 0 rank 0"
75 600.0 1351.0 "intersection aisle 12 bloc 1 rank 1"
76 600.0 2582.0 "intersection aisle 12 bloc 2 rank 2"
77 648.0 120.0 "intersection aisle 13 bloc 0 rank 0"
78 648.0 1351.0 "intersection aisle 13 bloc 1 rank 1"
79 648.0 2582.0 "intersection aisle 13 bloc 2 rank 2"
80 696.0 120.0 "intersection aisle 14 bloc 0 rank 0"
81 696.0 1351.0 "intersection aisle 14 bloc 1 rank 1"
82 696.0 2582.0 "intersection aisle 14 bloc 2 rank 2"
83 744.0 120.0 "intersection aisle 15 bloc 0 rank 0"
84 744.0 1351.0 "intersection aisle 15 bloc 1 rank 1"
85 744.0 2582.0 "intersection aisle 15 bloc 2 rank 2"
86 792.0 120.0 "intersection aisle 16 bloc 0 rank 0"
87 792.0 1351.0 "intersection aisle 16 bloc 1 rank 1"
88 792.0 2582.0 "intersection aisle 16 bloc 2 rank 2"
89 840.0 120.0 "intersection aisle 17 bloc 0 rank 0"
90 840.0 1351.0 "intersection aisle 17 bloc 1 rank 1"
91 840.0 2582.0 "intersection aisle 17 bloc 2 rank 2"
92 0.0 0.0 "depot"
