//alpha
1
//NbLocations
86
//NbProducts
31
//NbPickers
2
//CapaPicker
12
//TimeToTravelOneDistanceUnit
3
//SetupTime
5400
//PickTime
300
//Products
//Idx Location Size
1 1 1
2 2 1
3 3 1
4 4 1
5 5 1
6 6 1
7 7 1
8 8 1
9 9 1
10 10 1
11 11 1
12 12 1
13 13 1
14 14 1
15 15 1
16 16 1
17 17 1
18 18 1
19 19 1
20 20 1
21 21 1
22 22 1
23 23 1
24 24 1
25 25 1
26 26 1
27 27 1
28 28 1
29 29 1
30 30 1
31 31 1
//Orders
//NbOrders
6
//Idx DueDate TardinessPenalty NbProdInOrder ProdIdx1 Qty1 ProdIdx2 Qty2 ...
1 72000 0 1 1 1
2 144000 0 3 2 1 3 1 4 1
3 126000 0 12 5 1 6 1 7 1 8 1 9 1 10 1 11 1 12 1 13 1 14 1 15 1 16 1
4 126000 0 3 17 1 18 1 19 1
5 54000 0 9 20 1 21 1 22 1 23 1 24 1 25 1 26 1 27 1 28 1
6 144000 0 3 29 1 30 1 31 1
//Graph (Products are vertices indexed from 1 to NbProducts)
//NbVerticesIntersections
54
//DepartingDepot
0
//ArrivalDepot
86
//Arcs
//Start End Distance
0 32 120
1 75 778
1 76 453
2 5 65
2 54 583
3 16 728
3 84 180
4 7 390
4 26 65
5 2 65
5 55 583
6 68 115
6 69 1116
7 4 390
7 75 37
8 44 89
8 45 1142
9 71 700
9 72 531
10 16 26
10 83 297
11 20 130
11 58 271
12 36 102
12 37 1129
13 22 312
13 81 661
14 28 364
14 78 635
15 38 635
15 39 596
16 3 728
16 10 26
17 25 39
17 51 921
18 48 674
18 49 557
19 51 349
19 52 882
20 11 130
20 57 830
21 66 63
21 67 1168
22 13 312
22 80 258
23 35 245
23 36 986
24 29 117
24 72 739
25 17 39
25 50 271
26 4 65
26 74 739
27 47 102
27 48 1129
28 14 364
28 79 232
29 24 117
29 73 375
30 53 1103
30 54 128
31 77 804
31 78 427
32 33 1231
32 35 48
32 86 120
33 32 1231
33 34 1231
33 36 48
34 33 1231
34 37 48
35 23 245
35 32 48
35 38 48
36 12 102
36 23 986
36 33 48
36 39 48
37 12 1129
37 34 48
37 40 48
38 15 635
38 35 48
38 41 48
39 15 596
39 36 48
39 40 1231
39 42 48
40 37 48
40 39 1231
40 43 48
41 38 48
41 42 1231
41 44 48
42 39 48
42 41 1231
42 43 1231
42 45 48
43 40 48
43 42 1231
43 46 48
44 8 89
44 41 48
44 47 48
45 8 1142
45 42 48
45 46 1231
45 48 48
46 43 48
46 45 1231
46 49 48
47 27 102
47 44 48
47 50 48
48 18 674
48 27 1129
48 45 48
48 51 48
49 18 557
49 46 48
49 52 48
50 25 271
50 47 48
50 53 48
51 17 921
51 19 349
51 48 48
51 54 48
52 19 882
52 49 48
52 55 48
53 30 1103
53 50 48
53 56 48
54 2 583
54 30 128
54 51 48
54 57 48
55 5 583
55 52 48
55 58 48
56 53 48
56 57 1231
56 59 48
57 20 830
57 54 48
57 56 1231
57 60 48
58 11 271
58 55 48
58 61 48
59 56 48
59 60 1231
59 62 48
60 57 48
60 59 1231
60 61 1231
60 63 48
61 58 48
61 60 1231
61 64 48
62 59 48
62 63 1231
62 65 48
63 60 48
63 62 1231
63 64 1231
63 66 48
64 61 48
64 63 1231
64 67 48
65 62 48
65 66 1231
65 68 48
66 21 63
66 63 48
66 65 1231
66 69 48
67 21 1168
67 64 48
67 70 48
68 6 115
68 65 48
68 71 48
69 6 1116
69 66 48
69 70 1231
69 72 48
70 67 48
70 69 1231
70 73 48
71 9 700
71 68 48
71 74 48
72 9 531
72 24 739
72 69 48
72 75 48
73 29 375
73 70 48
73 76 48
74 26 739
74 71 48
74 77 48
75 1 778
75 7 37
75 72 48
75 78 48
76 1 453
76 73 48
76 79 48
77 31 804
77 74 48
77 80 48
78 14 635
78 31 427
78 75 48
78 81 48
79 28 232
79 76 48
79 82 48
80 22 258
80 77 48
80 83 48
81 13 661
81 78 48
81 82 1231
81 84 48
82 79 48
82 81 1231
82 85 48
83 10 297
83 80 48
84 3 180
84 81 48
84 85 1231
85 82 48
85 84 1231
//LocStart LocEnd ShortestPath
0 0 0
0 1 2801
0 2 2270
0 3 1987
0 4 1596
0 5 2335
0 6 811
0 7 1986
0 8 401
0 9 1444
0 10 1233
0 11 2695
0 12 1501
0 13 1458
0 14 2706
0 15 851
0 16 1259
0 17 718
0 18 2265
0 19 1988
0 20 2565
0 21 1942
0 22 1146
0 23 413
0 24 2714
0 25 679
0 26 1531
0 27 462
0 28 3070
0 29 2831
0 30 1559
0 31 1644
0 32 120
0 33 1351
0 34 2582
0 35 168
0 36 1399
0 37 2630
0 38 216
0 39 1447
0 40 2678
0 41 264
0 42 1495
0 43 2726
0 44 312
0 45 1543
0 46 2774
0 47 360
0 48 1591
0 49 2822
0 50 408
0 51 1639
0 52 2870
0 53 456
0 54 1687
0 55 2918
0 56 504
0 57 1735
0 58 2966
0 59 552
0 60 1783
0 61 3014
0 62 600
0 63 1831
0 64 3062
0 65 648
0 66 1879
0 67 3110
0 68 696
0 69 1927
0 70 3158
0 71 744
0 72 1975
0 73 3206
0 74 792
0 75 2023
0 76 3254
0 77 840
0 78 2071
0 79 3302
0 80 888
0 81 2119
0 82 3350
0 83 936
0 84 2167
0 85 3398
0 86 0
1 0 2801
1 1 0
1 2 1437
1 3 1102
1 4 1205
1 5 1372
1 6 1990
1 7 815
1 8 2400
1 9 1357
1 10 1856
1 11 1012
1 12 1504
1 13 1535
1 14 1097
1 15 1950
1 16 1830
1 17 2083
1 18 1442
1 19 1511
1 20 1142
1 21 985
1 22 1847
1 23 2388
1 24 993
1 25 2122
1 26 1270
1 27 2339
1 28 733
1 29 876
1 30 1242
1 31 1253
1 32 2681
1 33 1450
1 34 1125
1 35 2633
1 36 1402
1 37 1077
1 38 2585
1 39 1354
1 40 1029
1 41 2537
1 42 1306
1 43 981
1 44 2489
1 45 1258
1 46 933
1 47 2441
1 48 1210
1 49 885
1 50 2393
1 51 1162
1 52 837
1 53 2345
1 54 1114
1 55 789
1 56 2297
1 57 1066
1 58 741
1 59 2249
1 60 1018
1 61 693
1 62 2201
1 63 970
1 64 645
1 65 2153
1 66 922
1 67 597
1 68 2105
1 69 874
1 70 549
1 71 2057
1 72 826
1 73 501
1 74 2009
1 75 778
1 76 453
1 77 2057
1 78 826
1 79 501
1 80 2105
1 81 874
1 82 549
1 83 2153
1 84 922
1 85 597
1 86 2801
2 0 2270
2 1 1437
2 2 0
2 3 1243
2 4 1346
2 5 65
2 6 1939
2 7 956
2 8 1869
2 9 1402
2 10 1997
2 11 967
2 12 973
2 13 1676
2 14 1602
2 15 1419
2 16 1971
2 17 1552
2 18 1301
2 19 980
2 20 1097
2 21 838
2 22 1988
2 23 1857
2 24 1428
2 25 1591
2 26 1411
2 27 1808
2 28 1264
2 29 1311
2 30 711
2 31 1394
2 32 2150
2 33 919
2 34 984
2 35 2102
2 36 871
2 37 936
2 38 2054
2 39 823
2 40 888
2 41 2006
2 42 775
2 43 840
2 44 1958
2 45 727
2 46 792
2 47 1910
2 48 679
2 49 744
2 50 1862
2 51 631
2 52 696
2 53 1814
2 54 583
2 55 648
2 56 1862
2 57 631
2 58 696
2 59 1910
2 60 679
2 61 744
2 62 1958
2 63 727
2 64 792
2 65 2006
2 66 775
2 67 840
2 68 2054
2 69 823
2 70 888
2 71 2102
2 72 871
2 73 936
2 74 2150
2 75 919
2 76 984
2 77 2198
2 78 967
2 79 1032
2 80 2246
2 81 1015
2 82 1080
2 83 2294
2 84 1063
2 85 1128
2 86 2270
3 0 1987
3 1 1102
3 2 1243
3 3 0
3 4 751
3 5 1308
3 6 1406
3 7 361
3 8 1764
3 9 903
3 10 754
3 11 1572
3 12 1050
3 13 889
3 14 911
3 15 1496
3 16 728
3 17 1629
3 18 1430
3 19 1057
3 20 1442
3 21 531
3 22 1201
3 23 1934
3 24 1111
3 25 1668
3 26 816
3 27 1729
3 28 1275
3 29 1228
3 30 788
3 31 703
3 32 1867
3 33 996
3 34 2227
3 35 1819
3 36 948
3 37 2179
3 38 1771
3 39 900
3 40 2131
3 41 1723
3 42 852
3 43 2083
3 44 1675
3 45 804
3 46 2035
3 47 1627
3 48 756
3 49 1987
3 50 1579
3 51 708
3 52 1939
3 53 1531
3 54 660
3 55 1891
3 56 1483
3 57 612
3 58 1843
3 59 1435
3 60 564
3 61 1795
3 62 1387
3 63 516
3 64 1747
3 65 1339
3 66 468
3 67 1699
3 68 1291
3 69 420
3 70 1651
3 71 1243
3 72 372
3 73 1603
3 74 1195
3 75 324
3 76 1555
3 77 1147
3 78 276
3 79 1507
3 80 1099
3 81 228
3 82 1459
3 83 1051
3 84 180
3 85 1411
3 86 1987
4 0 1596
4 1 1205
4 2 1346
4 3 751
4 4 0
4 5 1411
4 6 1015
4 7 390
4 8 1373
4 9 1006
4 10 1245
4 11 1675
4 12 1153
4 13 1184
4 14 1110
4 15 1599
4 16 1271
4 17 1498
4 18 1533
4 19 1160
4 20 1545
4 21 634
4 22 1158
4 23 1673
4 24 1214
4 25 1459
4 26 65
4 27 1338
4 28 1474
4 29 1331
4 30 891
4 31 902
4 32 1476
4 33 1099
4 34 2330
4 35 1428
4 36 1051
4 37 2282
4 38 1380
4 39 1003
4 40 2234
4 41 1332
4 42 955
4 43 2186
4 44 1284
4 45 907
4 46 2138
4 47 1236
4 48 859
4 49 2090
4 50 1188
4 51 811
4 52 2042
4 53 1140
4 54 763
4 55 1994
4 56 1092
4 57 715
4 58 1946
4 59 1044
4 60 667
4 61 1898
4 62 996
4 63 619
4 64 1850
4 65 948
4 66 571
4 67 1802
4 68 900
4 69 523
4 70 1754
4 71 852
4 72 475
4 73 1706
4 74 804
4 75 427
4 76 1658
4 77 852
4 78 475
4 79 1706
4 80 900
4 81 523
4 82 1754
4 83 948
4 84 571
4 85 1802
4 86 1596
5 0 2335
5 1 1372
5 2 65
5 3 1308
5 4 1411
5 5 0
5 6 2004
5 7 1021
5 8 1934
5 9 1467
5 10 2062
5 11 902
5 12 1038
5 13 1741
5 14 1563
5 15 1484
5 16 2036
5 17 1617
5 18 1236
5 19 1045
5 20 1032
5 21 903
5 22 2053
5 23 1922
5 24 1363
5 25 1656
5 26 1476
5 27 1873
5 28 1199
5 29 1246
5 30 776
5 31 1459
5 32 2215
5 33 984
5 34 919
5 35 2167
5 36 936
5 37 871
5 38 2119
5 39 888
5 40 823
5 41 2071
5 42 840
5 43 775
5 44 2023
5 45 792
5 46 727
5 47 1975
5 48 744
5 49 679
5 50 1927
5 51 696
5 52 631
5 53 1879
5 54 648
5 55 583
5 56 1927
5 57 696
5 58 631
5 59 1975
5 60 744
5 61 679
5 62 2023
5 63 792
5 64 727
5 65 2071
5 66 840
5 67 775
5 68 2119
5 69 888
5 70 823
5 71 2167
5 72 936
5 73 871
5 74 2215
5 75 984
5 76 919
5 77 2263
5 78 1032
5 79 967
5 80 2311
5 81 1080
5 82 1015
5 83 2359
5 84 1128
5 85 1063
5 86 2335
6 0 811
6 1 1990
6 2 1939
6 3 1406
6 4 1015
6 5 2004
6 6 0
6 7 1249
6 8 588
6 9 863
6 10 652
6 11 2268
6 12 1746
6 13 877
6 14 1895
6 15 1230
6 16 678
6 17 713
6 18 2126
6 19 1753
6 20 2138
6 21 1227
6 22 565
6 23 888
6 24 1903
6 25 674
6 26 950
6 27 553
6 28 2259
6 29 2020
6 30 1458
6 31 1063
6 32 691
6 33 1692
6 34 2923
6 35 643
6 36 1644
6 37 2875
6 38 595
6 39 1596
6 40 2827
6 41 547
6 42 1548
6 43 2779
6 44 499
6 45 1500
6 46 2731
6 47 451
6 48 1452
6 49 2683
6 50 403
6 51 1404
6 52 2635
6 53 355
6 54 1356
6 55 2587
6 56 307
6 57 1308
6 58 2539
6 59 259
6 60 1260
6 61 2491
6 62 211
6 63 1212
6 64 2443
6 65 163
6 66 1164
6 67 2395
6 68 115
6 69 1116
6 70 2347
6 71 163
6 72 1164
6 73 2395
6 74 211
6 75 1212
6 76 2443
6 77 259
6 78 1260
6 79 2491
6 80 307
6 81 1308
6 82 2539
6 83 355
6 84 1356
6 85 2587
6 86 811
7 0 1986
7 1 815
7 2 956
7 3 361
7 4 390
7 5 1021
7 6 1249
7 7 0
7 8 1659
7 9 616
7 10 1115
7 11 1285
7 12 763
7 13 794
7 14 720
7 15 1209
7 16 1089
7 17 1342
7 18 1143
7 19 770
7 20 1155
7 21 244
7 22 1106
7 23 1647
7 24 824
7 25 1381
7 26 455
7 27 1598
7 28 1084
7 29 941
7 30 501
7 31 512
7 32 1866
7 33 709
7 34 1940
7 35 1818
7 36 661
7 37 1892
7 38 1770
7 39 613
7 40 1844
7 41 1722
7 42 565
7 43 1796
7 44 1674
7 45 517
7 46 1748
7 47 1626
7 48 469
7 49 1700
7 50 1578
7 51 421
7 52 1652
7 53 1530
7 54 373
7 55 1604
7 56 1482
7 57 325
7 58 1556
7 59 1434
7 60 277
7 61 1508
7 62 1386
7 63 229
7 64 1460
7 65 1338
7 66 181
7 67 1412
7 68 1290
7 69 133
7 70 1364
7 71 1242
7 72 85
7 73 1316
7 74 1194
7 75 37
7 76 1268
7 77 1242
7 78 85
7 79 1316
7 80 1290
7 81 133
7 82 1364
7 83 1338
7 84 181
7 85 1412
7 86 1986
8 0 401
8 1 2400
8 2 1869
8 3 1764
8 4 1373
8 5 1934
8 6 588
8 7 1659
8 8 0
8 9 1221
8 10 1010
8 11 2294
8 12 1388
8 13 1235
8 14 2305
8 15 820
8 16 1036
8 17 495
8 18 1864
8 19 1587
8 20 2164
8 21 1541
8 22 923
8 23 478
8 24 2313
8 25 456
8 26 1308
8 27 239
8 28 2669
8 29 2430
8 30 1336
8 31 1421
8 32 281
8 33 1334
8 34 2565
8 35 233
8 36 1286
8 37 2517
8 38 185
8 39 1238
8 40 2469
8 41 137
8 42 1190
8 43 2421
8 44 89
8 45 1142
8 46 2373
8 47 137
8 48 1190
8 49 2421
8 50 185
8 51 1238
8 52 2469
8 53 233
8 54 1286
8 55 2517
8 56 281
8 57 1334
8 58 2565
8 59 329
8 60 1382
8 61 2613
8 62 377
8 63 1430
8 64 2661
8 65 425
8 66 1478
8 67 2709
8 68 473
8 69 1526
8 70 2757
8 71 521
8 72 1574
8 73 2805
8 74 569
8 75 1622
8 76 2853
8 77 617
8 78 1670
8 79 2901
8 80 665
8 81 1718
8 82 2949
8 83 713
8 84 1766
8 85 2997
8 86 401
9 0 1444
9 1 1357
9 2 1402
9 3 903
9 4 1006
9 5 1467
9 6 863
9 7 616
9 8 1221
9 9 0
9 10 1189
9 11 1731
9 12 1209
9 13 1336
9 14 1262
9 15 1655
9 16 1215
9 17 1346
9 18 1589
9 19 1216
9 20 1601
9 21 690
9 22 1102
9 23 1521
9 24 1270
9 25 1307
9 26 1071
9 27 1186
9 28 1626
9 29 1387
9 30 947
9 31 1054
9 32 1324
9 33 1155
9 34 2386
9 35 1276
9 36 1107
9 37 2338
9 38 1228
9 39 1059
9 40 2290
9 41 1180
9 42 1011
9 43 2242
9 44 1132
9 45 963
9 46 2194
9 47 1084
9 48 915
9 49 2146
9 50 1036
9 51 867
9 52 2098
9 53 988
9 54 819
9 55 2050
9 56 940
9 57 771
9 58 2002
9 59 892
9 60 723
9 61 1954
9 62 844
9 63 675
9 64 1906
9 65 796
9 66 627
9 67 1858
9 68 748
9 69 579
9 70 1810
9 71 700
9 72 531
9 73 1762
9 74 748
9 75 579
9 76 1810
9 77 796
9 78 627
9 79 1858
9 80 844
9 81 675
9 82 1906
9 83 892
9 84 723
9 85 1954
9 86 1444
10 0 1233
10 1 1856
10 2 1997
10 3 754
10 4 1245
10 5 2062
10 6 652
10 7 1115
10 8 1010
10 9 1189
10 10 0
10 11 2326
10 12 1804
10 13 915
10 14 1665
10 15 1652
10 16 26
10 17 1135
10 18 2184
10 19 1811
10 20 2196
10 21 1285
10 22 603
10 23 1310
10 24 1865
10 25 1096
10 26 1180
10 27 975
10 28 2029
10 29 1982
10 30 1542
10 31 1197
10 32 1113
10 33 1750
10 34 2981
10 35 1065
10 36 1702
10 37 2933
10 38 1017
10 39 1654
10 40 2885
10 41 969
10 42 1606
10 43 2837
10 44 921
10 45 1558
10 46 2789
10 47 873
10 48 1510
10 49 2741
10 50 825
10 51 1462
10 52 2693
10 53 777
10 54 1414
10 55 2645
10 56 729
10 57 1366
10 58 2597
10 59 681
10 60 1318
10 61 2549
10 62 633
10 63 1270
10 64 2501
10 65 585
10 66 1222
10 67 2453
10 68 537
10 69 1174
10 70 2405
10 71 489
10 72 1126
10 73 2357
10 74 441
10 75 1078
10 76 2309
10 77 393
10 78 1030
10 79 2261
10 80 345
10 81 982
10 82 2213
10 83 297
10 84 934
10 85 2165
10 86 1233
11 0 2695
11 1 1012
11 2 967
11 3 1572
11 4 1675
11 5 902
11 6 2268
11 7 1285
11 8 2294
11 9 1731
11 10 2326
11 11 0
11 12 1398
11 13 2005
11 14 1203
11 15 1844
11 16 2300
11 17 1977
11 18 972
11 19 1249
11 20 130
11 21 1167
11 22 2317
11 23 2282
11 24 1003
11 25 2016
11 26 1740
11 27 2233
11 28 839
11 29 886
11 30 1136
11 31 1723
11 32 2575
11 33 1344
11 34 655
11 35 2527
11 36 1296
11 37 607
11 38 2479
11 39 1248
11 40 559
11 41 2431
11 42 1200
11 43 511
11 44 2383
11 45 1152
11 46 463
11 47 2335
11 48 1104
11 49 415
11 50 2287
11 51 1056
11 52 367
11 53 2239
11 54 1008
11 55 319
11 56 2191
11 57 960
11 58 271
11 59 2239
11 60 1008
11 61 319
11 62 2287
11 63 1056
11 64 367
11 65 2335
11 66 1104
11 67 415
11 68 2383
11 69 1152
11 70 463
11 71 2431
11 72 1200
11 73 511
11 74 2479
11 75 1248
11 76 559
11 77 2527
11 78 1296
11 79 607
11 80 2575
11 81 1344
11 82 655
11 83 2623
11 84 1392
11 85 703
11 86 2695
12 0 1501
12 1 1504
12 2 973
12 3 1050
12 4 1153
12 5 1038
12 6 1746
12 7 763
12 8 1388
12 9 1209
12 10 1804
12 11 1398
12 12 0
12 13 1483
12 14 1409
12 15 746
12 16 1778
12 17 1263
12 18 968
12 19 691
12 20 1268
12 21 645
12 22 1795
12 23 1088
12 24 1417
12 25 1302
12 26 1218
12 27 1423
12 28 1773
12 29 1534
12 30 518
12 31 1201
12 32 1381
12 33 150
12 34 1177
12 35 1333
12 36 102
12 37 1129
12 38 1381
12 39 150
12 40 1177
12 41 1429
12 42 198
12 43 1225
12 44 1477
12 45 246
12 46 1273
12 47 1525
12 48 294
12 49 1321
12 50 1573
12 51 342
12 52 1369
12 53 1621
12 54 390
12 55 1417
12 56 1669
12 57 438
12 58 1465
12 59 1717
12 60 486
12 61 1513
12 62 1765
12 63 534
12 64 1561
12 65 1813
12 66 582
12 67 1609
12 68 1861
12 69 630
12 70 1657
12 71 1909
12 72 678
12 73 1705
12 74 1957
12 75 726
12 76 1753
12 77 2005
12 78 774
12 79 1801
12 80 2053
12 81 822
12 82 1849
12 83 2101
12 84 870
12 85 1897
12 86 1501
13 0 1458
13 1 1535
13 2 1676
13 3 889
13 4 1184
13 5 1741
13 6 877
13 7 794
13 8 1235
13 9 1336
13 10 915
13 11 2005
13 12 1483
13 13 0
13 14 1344
13 15 1877
13 16 941
13 17 1360
13 18 1863
13 19 1490
13 20 1875
13 21 964
13 22 312
13 23 1535
13 24 1544
13 25 1321
13 26 1249
13 27 1200
13 28 1708
13 29 1661
13 30 1221
13 31 1136
13 32 1338
13 33 1429
13 34 2660
13 35 1290
13 36 1381
13 37 2612
13 38 1242
13 39 1333
13 40 2564
13 41 1194
13 42 1285
13 43 2516
13 44 1146
13 45 1237
13 46 2468
13 47 1098
13 48 1189
13 49 2420
13 50 1050
13 51 1141
13 52 2372
13 53 1002
13 54 1093
13 55 2324
13 56 954
13 57 1045
13 58 2276
13 59 906
13 60 997
13 61 2228
13 62 858
13 63 949
13 64 2180
13 65 810
13 66 901
13 67 2132
13 68 762
13 69 853
13 70 2084
13 71 714
13 72 805
13 73 2036
13 74 666
13 75 757
13 76 1988
13 77 618
13 78 709
13 79 1940
13 80 570
13 81 661
13 82 1892
13 83 618
13 84 709
13 85 1940
13 86 1458
14 0 2706
14 1 1097
14 2 1602
14 3 911
14 4 1110
14 5 1563
14 6 1895
14 7 720
14 8 2305
14 9 1262
14 10 1665
14 11 1203
14 12 1409
14 13 1344
14 14 0
14 15 1855
14 16 1639
14 17 1988
14 18 1633
14 19 1416
14 20 1333
14 21 890
14 22 1656
14 23 2293
14 24 1184
14 25 2027
14 26 1175
14 27 2244
14 28 364
14 29 1067
14 30 1147
14 31 1062
14 32 2586
14 33 1355
14 34 1316
14 35 2538
14 36 1307
14 37 1268
14 38 2490
14 39 1259
14 40 1220
14 41 2442
14 42 1211
14 43 1172
14 44 2394
14 45 1163
14 46 1124
14 47 2346
14 48 1115
14 49 1076
14 50 2298
14 51 1067
14 52 1028
14 53 2250
14 54 1019
14 55 980
14 56 2202
14 57 971
14 58 932
14 59 2154
14 60 923
14 61 884
14 62 2106
14 63 875
14 64 836
14 65 2058
14 66 827
14 67 788
14 68 2010
14 69 779
14 70 740
14 71 1962
14 72 731
14 73 692
14 74 1914
14 75 683
14 76 644
14 77 1866
14 78 635
14 79 596
14 80 1914
14 81 683
14 82 644
14 83 1962
14 84 731
14 85 692
14 86 2706
15 0 851
15 1 1950
15 2 1419
15 3 1496
15 4 1599
15 5 1484
15 6 1230
15 7 1209
15 8 820
15 9 1655
15 10 1652
15 11 1844
15 12 746
15 13 1877
15 14 1855
15 15 0
15 16 1678
15 17 1137
15 18 1414
15 19 1137
15 20 1714
15 21 1091
15 22 1565
15 23 928
15 24 1863
15 25 1098
15 26 1664
15 27 881
15 28 2219
15 29 1980
15 30 964
15 31 1647
15 32 731
15 33 692
15 34 1923
15 35 683
15 36 644
15 37 1875
15 38 635
15 39 596
15 40 1827
15 41 683
15 42 644
15 43 1875
15 44 731
15 45 692
15 46 1923
15 47 779
15 48 740
15 49 1971
15 50 827
15 51 788
15 52 2019
15 53 875
15 54 836
15 55 2067
15 56 923
15 57 884
15 58 2115
15 59 971
15 60 932
15 61 2163
15 62 1019
15 63 980
15 64 2211
15 65 1067
15 66 1028
15 67 2259
15 68 1115
15 69 1076
15 70 2307
15 71 1163
15 72 1124
15 73 2355
15 74 1211
15 75 1172
15 76 2403
15 77 1259
15 78 1220
15 79 2451
15 80 1307
15 81 1268
15 82 2499
15 83 1355
15 84 1316
15 85 2547
15 86 851
16 0 1259
16 1 1830
16 2 1971
16 3 728
16 4 1271
16 5 2036
16 6 678
16 7 1089
16 8 1036
16 9 1215
16 10 26
16 11 2300
16 12 1778
16 13 941
16 14 1639
16 15 1678
16 16 0
16 17 1161
16 18 2158
16 19 1785
16 20 2170
16 21 1259
16 22 629
16 23 1336
16 24 1839
16 25 1122
16 26 1206
16 27 1001
16 28 2003
16 29 1956
16 30 1516
16 31 1223
16 32 1139
16 33 1724
16 34 2955
16 35 1091
16 36 1676
16 37 2907
16 38 1043
16 39 1628
16 40 2859
16 41 995
16 42 1580
16 43 2811
16 44 947
16 45 1532
16 46 2763
16 47 899
16 48 1484
16 49 2715
16 50 851
16 51 1436
16 52 2667
16 53 803
16 54 1388
16 55 2619
16 56 755
16 57 1340
16 58 2571
16 59 707
16 60 1292
16 61 2523
16 62 659
16 63 1244
16 64 2475
16 65 611
16 66 1196
16 67 2427
16 68 563
16 69 1148
16 70 2379
16 71 515
16 72 1100
16 73 2331
16 74 467
16 75 1052
16 76 2283
16 77 419
16 78 1004
16 79 2235
16 80 371
16 81 956
16 82 2187
16 83 323
16 84 908
16 85 2139
16 86 1259
17 0 718
17 1 2083
17 2 1552
17 3 1629
17 4 1498
17 5 1617
17 6 713
17 7 1342
17 8 495
17 9 1346
17 10 1135
17 11 1977
17 12 1263
17 13 1360
17 14 1988
17 15 1137
17 16 1161
17 17 0
17 18 1643
17 19 1270
17 20 1847
17 21 1224
17 22 1048
17 23 795
17 24 1996
17 25 39
17 26 1433
17 27 460
17 28 2352
17 29 2113
17 30 1097
17 31 1546
17 32 598
17 33 1209
17 34 2440
17 35 550
17 36 1161
17 37 2392
17 38 502
17 39 1113
17 40 2344
17 41 454
17 42 1065
17 43 2296
17 44 406
17 45 1017
17 46 2248
17 47 358
17 48 969
17 49 2200
17 50 310
17 51 921
17 52 2152
17 53 358
17 54 969
17 55 2200
17 56 406
17 57 1017
17 58 2248
17 59 454
17 60 1065
17 61 2296
17 62 502
17 63 1113
17 64 2344
17 65 550
17 66 1161
17 67 2392
17 68 598
17 69 1209
17 70 2440
17 71 646
17 72 1257
17 73 2488
17 74 694
17 75 1305
17 76 2536
17 77 742
17 78 1353
17 79 2584
17 80 790
17 81 1401
17 82 2632
17 83 838
17 84 1449
17 85 2680
17 86 718
18 0 2265
18 1 1442
18 2 1301
18 3 1430
18 4 1533
18 5 1236
18 6 2126
18 7 1143
18 8 1864
18 9 1589
18 10 2184
18 11 972
18 12 968
18 13 1863
18 14 1633
18 15 1414
18 16 2158
18 17 1643
18 18 0
18 19 1071
18 20 1102
18 21 1025
18 22 2175
18 23 1852
18 24 1433
18 25 1682
18 26 1598
18 27 1803
18 28 1269
18 29 1316
18 30 898
18 31 1581
18 32 2145
18 33 914
18 34 797
18 35 2097
18 36 866
18 37 749
18 38 2049
18 39 818
18 40 701
18 41 2001
18 42 770
18 43 653
18 44 1953
18 45 722
18 46 605
18 47 1905
18 48 674
18 49 557
18 50 1953
18 51 722
18 52 605
18 53 2001
18 54 770
18 55 653
18 56 2049
18 57 818
18 58 701
18 59 2097
18 60 866
18 61 749
18 62 2145
18 63 914
18 64 797
18 65 2193
18 66 962
18 67 845
18 68 2241
18 69 1010
18 70 893
18 71 2289
18 72 1058
18 73 941
18 74 2337
18 75 1106
18 76 989
18 77 2385
18 78 1154
18 79 1037
18 80 2433
18 81 1202
18 82 1085
18 83 2481
18 84 1250
18 85 1133
18 86 2265
19 0 1988
19 1 1511
19 2 980
19 3 1057
19 4 1160
19 5 1045
19 6 1753
19 7 770
19 8 1587
19 9 1216
19 10 1811
19 11 1249
19 12 691
19 13 1490
19 14 1416
19 15 1137
19 16 1785
19 17 1270
19 18 1071
19 19 0
19 20 1275
19 21 652
19 22 1802
19 23 1575
19 24 1424
19 25 1309
19 26 1225
19 27 1526
19 28 1546
19 29 1541
19 30 525
19 31 1208
19 32 1868
19 33 637
19 34 1170
19 35 1820
19 36 589
19 37 1122
19 38 1772
19 39 541
19 40 1074
19 41 1724
19 42 493
19 43 1026
19 44 1676
19 45 445
19 46 978
19 47 1628
19 48 397
19 49 930
19 50 1580
19 51 349
19 52 882
19 53 1628
19 54 397
19 55 930
19 56 1676
19 57 445
19 58 978
19 59 1724
19 60 493
19 61 1026
19 62 1772
19 63 541
19 64 1074
19 65 1820
19 66 589
19 67 1122
19 68 1868
19 69 637
19 70 1170
19 71 1916
19 72 685
19 73 1218
19 74 1964
19 75 733
19 76 1266
19 77 2012
19 78 781
19 79 1314
19 80 2060
19 81 829
19 82 1362
19 83 2108
19 84 877
19 85 1410
19 86 1988
20 0 2565
20 1 1142
20 2 1097
20 3 1442
20 4 1545
20 5 1032
20 6 2138
20 7 1155
20 8 2164
20 9 1601
20 10 2196
20 11 130
20 12 1268
20 13 1875
20 14 1333
20 15 1714
20 16 2170
20 17 1847
20 18 1102
20 19 1275
20 20 0
20 21 1037
20 22 2187
20 23 2152
20 24 1133
20 25 1886
20 26 1610
20 27 2103
20 28 969
20 29 1016
20 30 1006
20 31 1593
20 32 2445
20 33 1214
20 34 785
20 35 2397
20 36 1166
20 37 737
20 38 2349
20 39 1118
20 40 689
20 41 2301
20 42 1070
20 43 641
20 44 2253
20 45 1022
20 46 593
20 47 2205
20 48 974
20 49 545
20 50 2157
20 51 926
20 52 497
20 53 2109
20 54 878
20 55 449
20 56 2061
20 57 830
20 58 401
20 59 2109
20 60 878
20 61 449
20 62 2157
20 63 926
20 64 497
20 65 2205
20 66 974
20 67 545
20 68 2253
20 69 1022
20 70 593
20 71 2301
20 72 1070
20 73 641
20 74 2349
20 75 1118
20 76 689
20 77 2397
20 78 1166
20 79 737
20 80 2445
20 81 1214
20 82 785
20 83 2493
20 84 1262
20 85 833
20 86 2565
21 0 1942
21 1 985
21 2 838
21 3 531
21 4 634
21 5 903
21 6 1227
21 7 244
21 8 1541
21 9 690
21 10 1285
21 11 1167
21 12 645
21 13 964
21 14 890
21 15 1091
21 16 1259
21 17 1224
21 18 1025
21 19 652
21 20 1037
21 21 0
21 22 1276
21 23 1529
21 24 898
21 25 1263
21 26 699
21 27 1480
21 28 1254
21 29 1015
21 30 383
21 31 682
21 32 1822
21 33 591
21 34 1696
21 35 1774
21 36 543
21 37 1648
21 38 1726
21 39 495
21 40 1600
21 41 1678
21 42 447
21 43 1552
21 44 1630
21 45 399
21 46 1504
21 47 1582
21 48 351
21 49 1456
21 50 1534
21 51 303
21 52 1408
21 53 1486
21 54 255
21 55 1360
21 56 1438
21 57 207
21 58 1312
21 59 1390
21 60 159
21 61 1264
21 62 1342
21 63 111
21 64 1216
21 65 1294
21 66 63
21 67 1168
21 68 1342
21 69 111
21 70 1216
21 71 1390
21 72 159
21 73 1264
21 74 1438
21 75 207
21 76 1312
21 77 1486
21 78 255
21 79 1360
21 80 1534
21 81 303
21 82 1408
21 83 1582
21 84 351
21 85 1456
21 86 1942
22 0 1146
22 1 1847
22 2 1988
22 3 1201
22 4 1158
22 5 2053
22 6 565
22 7 1106
22 8 923
22 9 1102
22 10 603
22 11 2317
22 12 1795
22 13 312
22 14 1656
22 15 1565
22 16 629
22 17 1048
22 18 2175
22 19 1802
22 20 2187
22 21 1276
22 22 0
22 23 1223
22 24 1856
22 25 1009
22 26 1093
22 27 888
22 28 2020
22 29 1973
22 30 1533
22 31 1110
22 32 1026
22 33 1741
22 34 2972
22 35 978
22 36 1693
22 37 2924
22 38 930
22 39 1645
22 40 2876
22 41 882
22 42 1597
22 43 2828
22 44 834
22 45 1549
22 46 2780
22 47 786
22 48 1501
22 49 2732
22 50 738
22 51 1453
22 52 2684
22 53 690
22 54 1405
22 55 2636
22 56 642
22 57 1357
22 58 2588
22 59 594
22 60 1309
22 61 2540
22 62 546
22 63 1261
22 64 2492
22 65 498
22 66 1213
22 67 2444
22 68 450
22 69 1165
22 70 2396
22 71 402
22 72 1117
22 73 2348
22 74 354
22 75 1069
22 76 2300
22 77 306
22 78 1021
22 79 2252
22 80 258
22 81 973
22 82 2204
22 83 306
22 84 1021
22 85 2252
22 86 1146
23 0 413
23 1 2388
23 2 1857
23 3 1934
23 4 1673
23 5 1922
23 6 888
23 7 1647
23 8 478
23 9 1521
23 10 1310
23 11 2282
23 12 1088
23 13 1535
23 14 2293
23 15 928
23 16 1336
23 17 795
23 18 1852
23 19 1575
23 20 2152
23 21 1529
23 22 1223
23 23 0
23 24 2301
23 25 756
23 26 1608
23 27 539
23 28 2657
23 29 2418
23 30 1402
23 31 1721
23 32 293
23 33 1034
23 34 2265
23 35 245
23 36 986
23 37 2217
23 38 293
23 39 1034
23 40 2265
23 41 341
23 42 1082
23 43 2313
23 44 389
23 45 1130
23 46 2361
23 47 437
23 48 1178
23 49 2409
23 50 485
23 51 1226
23 52 2457
23 53 533
23 54 1274
23 55 2505
23 56 581
23 57 1322
23 58 2553
23 59 629
23 60 1370
23 61 2601
23 62 677
23 63 1418
23 64 2649
23 65 725
23 66 1466
23 67 2697
23 68 773
23 69 1514
23 70 2745
23 71 821
23 72 1562
23 73 2793
23 74 869
23 75 1610
23 76 2841
23 77 917
23 78 1658
23 79 2889
23 80 965
23 81 1706
23 82 2937
23 83 1013
23 84 1754
23 85 2985
23 86 413
24 0 2714
24 1 993
24 2 1428
24 3 1111
24 4 1214
24 5 1363
24 6 1903
24 7 824
24 8 2313
24 9 1270
24 10 1865
24 11 1003
24 12 1417
24 13 1544
24 14 1184
24 15 1863
24 16 1839
24 17 1996
24 18 1433
24 19 1424
24 20 1133
24 21 898
24 22 1856
24 23 2301
24 24 0
24 25 2035
24 26 1279
24 27 2252
24 28 820
24 29 117
24 30 1155
24 31 1262
24 32 2594
24 33 1363
24 34 1116
24 35 2546
24 36 1315
24 37 1068
24 38 2498
24 39 1267
24 40 1020
24 41 2450
24 42 1219
24 43 972
24 44 2402
24 45 1171
24 46 924
24 47 2354
24 48 1123
24 49 876
24 50 2306
24 51 1075
24 52 828
24 53 2258
24 54 1027
24 55 780
24 56 2210
24 57 979
24 58 732
24 59 2162
24 60 931
24 61 684
24 62 2114
24 63 883
24 64 636
24 65 2066
24 66 835
24 67 588
24 68 2018
24 69 787
24 70 540
24 71 1970
24 72 739
24 73 492
24 74 2018
24 75 787
24 76 540
24 77 2066
24 78 835
24 79 588
24 80 2114
24 81 883
24 82 636
24 83 2162
24 84 931
24 85 684
24 86 2714
25 0 679
25 1 2122
25 2 1591
25 3 1668
25 4 1459
25 5 1656
25 6 674
25 7 1381
25 8 456
25 9 1307
25 10 1096
25 11 2016
25 12 1302
25 13 1321
25 14 2027
25 15 1098
25 16 1122
25 17 39
25 18 1682
25 19 1309
25 20 1886
25 21 1263
25 22 1009
25 23 756
25 24 2035
25 25 0
25 26 1394
25 27 421
25 28 2391
25 29 2152
25 30 1136
25 31 1507
25 32 559
25 33 1248
25 34 2479
25 35 511
25 36 1200
25 37 2431
25 38 463
25 39 1152
25 40 2383
25 41 415
25 42 1104
25 43 2335
25 44 367
25 45 1056
25 46 2287
25 47 319
25 48 1008
25 49 2239
25 50 271
25 51 960
25 52 2191
25 53 319
25 54 1008
25 55 2239
25 56 367
25 57 1056
25 58 2287
25 59 415
25 60 1104
25 61 2335
25 62 463
25 63 1152
25 64 2383
25 65 511
25 66 1200
25 67 2431
25 68 559
25 69 1248
25 70 2479
25 71 607
25 72 1296
25 73 2527
25 74 655
25 75 1344
25 76 2575
25 77 703
25 78 1392
25 79 2623
25 80 751
25 81 1440
25 82 2671
25 83 799
25 84 1488
25 85 2719
25 86 679
26 0 1531
26 1 1270
26 2 1411
26 3 816
26 4 65
26 5 1476
26 6 950
26 7 455
26 8 1308
26 9 1071
26 10 1180
26 11 1740
26 12 1218
26 13 1249
26 14 1175
26 15 1664
26 16 1206
26 17 1433
26 18 1598
26 19 1225
26 20 1610
26 21 699
26 22 1093
26 23 1608
26 24 1279
26 25 1394
26 26 0
26 27 1273
26 28 1539
26 29 1396
26 30 956
26 31 967
26 32 1411
26 33 1164
26 34 2395
26 35 1363
26 36 1116
26 37 2347
26 38 1315
26 39 1068
26 40 2299
26 41 1267
26 42 1020
26 43 2251
26 44 1219
26 45 972
26 46 2203
26 47 1171
26 48 924
26 49 2155
26 50 1123
26 51 876
26 52 2107
26 53 1075
26 54 828
26 55 2059
26 56 1027
26 57 780
26 58 2011
26 59 979
26 60 732
26 61 1963
26 62 931
26 63 684
26 64 1915
26 65 883
26 66 636
26 67 1867
26 68 835
26 69 588
26 70 1819
26 71 787
26 72 540
26 73 1771
26 74 739
26 75 492
26 76 1723
26 77 787
26 78 540
26 79 1771
26 80 835
26 81 588
26 82 1819
26 83 883
26 84 636
26 85 1867
26 86 1531
27 0 462
27 1 2339
27 2 1808
27 3 1729
27 4 1338
27 5 1873
27 6 553
27 7 1598
27 8 239
27 9 1186
27 10 975
27 11 2233
27 12 1423
27 13 1200
27 14 2244
27 15 881
27 16 1001
27 17 460
27 18 1803
27 19 1526
27 20 2103
27 21 1480
27 22 888
27 23 539
27 24 2252
27 25 421
27 26 1273
27 27 0
27 28 2608
27 29 2369
27 30 1301
27 31 1386
27 32 342
27 33 1369
27 34 2600
27 35 294
27 36 1321
27 37 2552
27 38 246
27 39 1273
27 40 2504
27 41 198
27 42 1225
27 43 2456
27 44 150
27 45 1177
27 46 2408
27 47 102
27 48 1129
27 49 2360
27 50 150
27 51 1177
27 52 2408
27 53 198
27 54 1225
27 55 2456
27 56 246
27 57 1273
27 58 2504
27 59 294
27 60 1321
27 61 2552
27 62 342
27 63 1369
27 64 2600
27 65 390
27 66 1417
27 67 2648
27 68 438
27 69 1465
27 70 2696
27 71 486
27 72 1513
27 73 2744
27 74 534
27 75 1561
27 76 2792
27 77 582
27 78 1609
27 79 2840
27 80 630
27 81 1657
27 82 2888
27 83 678
27 84 1705
27 85 2936
27 86 462
28 0 3070
28 1 733
28 2 1264
28 3 1275
28 4 1474
28 5 1199
28 6 2259
28 7 1084
28 8 2669
28 9 1626
28 10 2029
28 11 839
28 12 1773
28 13 1708
28 14 364
28 15 2219
28 16 2003
28 17 2352
28 18 1269
28 19 1546
28 20 969
28 21 1254
28 22 2020
28 23 2657
28 24 820
28 25 2391
28 26 1539
28 27 2608
28 28 0
28 29 703
28 30 1511
28 31 1426
28 32 2950
28 33 1719
28 34 952
28 35 2902
28 36 1671
28 37 904
28 38 2854
28 39 1623
28 40 856
28 41 2806
28 42 1575
28 43 808
28 44 2758
28 45 1527
28 46 760
28 47 2710
28 48 1479
28 49 712
28 50 2662
28 51 1431
28 52 664
28 53 2614
28 54 1383
28 55 616
28 56 2566
28 57 1335
28 58 568
28 59 2518
28 60 1287
28 61 520
28 62 2470
28 63 1239
28 64 472
28 65 2422
28 66 1191
28 67 424
28 68 2374
28 69 1143
28 70 376
28 71 2326
28 72 1095
28 73 328
28 74 2278
28 75 1047
28 76 280
28 77 2230
28 78 999
28 79 232
28 80 2278
28 81 1047
28 82 280
28 83 2326
28 84 1095
28 85 328
28 86 3070
29 0 2831
29 1 876
29 2 1311
29 3 1228
29 4 1331
29 5 1246
29 6 2020
29 7 941
29 8 2430
29 9 1387
29 10 1982
29 11 886
29 12 1534
29 13 1661
29 14 1067
29 15 1980
29 16 1956
29 17 2113
29 18 1316
29 19 1541
29 20 1016
29 21 1015
29 22 1973
29 23 2418
29 24 117
29 25 2152
29 26 1396
29 27 2369
29 28 703
29 29 0
29 30 1272
29 31 1379
29 32 2711
29 33 1480
29 34 999
29 35 2663
29 36 1432
29 37 951
29 38 2615
29 39 1384
29 40 903
29 41 2567
29 42 1336
29 43 855
29 44 2519
29 45 1288
29 46 807
29 47 2471
29 48 1240
29 49 759
29 50 2423
29 51 1192
29 52 711
29 53 2375
29 54 1144
29 55 663
29 56 2327
29 57 1096
29 58 615
29 59 2279
29 60 1048
29 61 567
29 62 2231
29 63 1000
29 64 519
29 65 2183
29 66 952
29 67 471
29 68 2135
29 69 904
29 70 423
29 71 2087
29 72 856
29 73 375
29 74 2135
29 75 904
29 76 423
29 77 2183
29 78 952
29 79 471
29 80 2231
29 81 1000
29 82 519
29 83 2279
29 84 1048
29 85 567
29 86 2831
30 0 1559
30 1 1242
30 2 711
30 3 788
30 4 891
30 5 776
30 6 1458
30 7 501
30 8 1336
30 9 947
30 10 1542
30 11 1136
30 12 518
30 13 1221
30 14 1147
30 15 964
30 16 1516
30 17 1097
30 18 898
30 19 525
30 20 1006
30 21 383
30 22 1533
30 23 1402
30 24 1155
30 25 1136
30 26 956
30 27 1301
30 28 1511
30 29 1272
30 30 0
30 31 939
30 32 1439
30 33 464
30 34 1695
30 35 1391
30 36 416
30 37 1647
30 38 1343
30 39 368
30 40 1599
30 41 1295
30 42 320
30 43 1551
30 44 1247
30 45 272
30 46 1503
30 47 1199
30 48 224
30 49 1455
30 50 1151
30 51 176
30 52 1407
30 53 1103
30 54 128
30 55 1359
30 56 1151
30 57 176
30 58 1407
30 59 1199
30 60 224
30 61 1455
30 62 1247
30 63 272
30 64 1503
30 65 1295
30 66 320
30 67 1551
30 68 1343
30 69 368
30 70 1599
30 71 1391
30 72 416
30 73 1647
30 74 1439
30 75 464
30 76 1695
30 77 1487
30 78 512
30 79 1743
30 80 1535
30 81 560
30 82 1791
30 83 1583
30 84 608
30 85 1839
30 86 1559
31 0 1644
31 1 1253
31 2 1394
31 3 703
31 4 902
31 5 1459
31 6 1063
31 7 512
31 8 1421
31 9 1054
31 10 1197
31 11 1723
31 12 1201
31 13 1136
31 14 1062
31 15 1647
31 16 1223
31 17 1546
31 18 1581
31 19 1208
31 20 1593
31 21 682
31 22 1110
31 23 1721
31 24 1262
31 25 1507
31 26 967
31 27 1386
31 28 1426
31 29 1379
31 30 939
31 31 0
31 32 1524
31 33 1147
31 34 2378
31 35 1476
31 36 1099
31 37 2330
31 38 1428
31 39 1051
31 40 2282
31 41 1380
31 42 1003
31 43 2234
31 44 1332
31 45 955
31 46 2186
31 47 1284
31 48 907
31 49 2138
31 50 1236
31 51 859
31 52 2090
31 53 1188
31 54 811
31 55 2042
31 56 1140
31 57 763
31 58 1994
31 59 1092
31 60 715
31 61 1946
31 62 1044
31 63 667
31 64 1898
31 65 996
31 66 619
31 67 1850
31 68 948
31 69 571
31 70 1802
31 71 900
31 72 523
31 73 1754
31 74 852
31 75 475
31 76 1706
31 77 804
31 78 427
31 79 1658
31 80 852
31 81 475
31 82 1706
31 83 900
31 84 523
31 85 1754
31 86 1644
32 0 120
32 1 2681
32 2 2150
32 3 1867
32 4 1476
32 5 2215
32 6 691
32 7 1866
32 8 281
32 9 1324
32 10 1113
32 11 2575
32 12 1381
32 13 1338
32 14 2586
32 15 731
32 16 1139
32 17 598
32 18 2145
32 19 1868
32 20 2445
32 21 1822
32 22 1026
32 23 293
32 24 2594
32 25 559
32 26 1411
32 27 342
32 28 2950
32 29 2711
32 30 1439
32 31 1524
32 32 0
32 33 1231
32 34 2462
32 35 48
32 36 1279
32 37 2510
32 38 96
32 39 1327
32 40 2558
32 41 144
32 42 1375
32 43 2606
32 44 192
32 45 1423
32 46 2654
32 47 240
32 48 1471
32 49 2702
32 50 288
32 51 1519
32 52 2750
32 53 336
32 54 1567
32 55 2798
32 56 384
32 57 1615
32 58 2846
32 59 432
32 60 1663
32 61 2894
32 62 480
32 63 1711
32 64 2942
32 65 528
32 66 1759
32 67 2990
32 68 576
32 69 1807
32 70 3038
32 71 624
32 72 1855
32 73 3086
32 74 672
32 75 1903
32 76 3134
32 77 720
32 78 1951
32 79 3182
32 80 768
32 81 1999
32 82 3230
32 83 816
32 84 2047
32 85 3278
32 86 120
33 0 1351
33 1 1450
33 2 919
33 3 996
33 4 1099
33 5 984
33 6 1692
33 7 709
33 8 1334
33 9 1155
33 10 1750
33 11 1344
33 12 150
33 13 1429
33 14 1355
33 15 692
33 16 1724
33 17 1209
33 18 914
33 19 637
33 20 1214
33 21 591
33 22 1741
33 23 1034
33 24 1363
33 25 1248
33 26 1164
33 27 1369
33 28 1719
33 29 1480
33 30 464
33 31 1147
33 32 1231
33 33 0
33 34 1231
33 35 1279
33 36 48
33 37 1279
33 38 1327
33 39 96
33 40 1327
33 41 1375
33 42 144
33 43 1375
33 44 1423
33 45 192
33 46 1423
33 47 1471
33 48 240
33 49 1471
33 50 1519
33 51 288
33 52 1519
33 53 1567
33 54 336
33 55 1567
33 56 1615
33 57 384
33 58 1615
33 59 1663
33 60 432
33 61 1663
33 62 1711
33 63 480
33 64 1711
33 65 1759
33 66 528
33 67 1759
33 68 1807
33 69 576
33 70 1807
33 71 1855
33 72 624
33 73 1855
33 74 1903
33 75 672
33 76 1903
33 77 1951
33 78 720
33 79 1951
33 80 1999
33 81 768
33 82 1999
33 83 2047
33 84 816
33 85 2047
33 86 1351
34 0 2582
34 1 1125
34 2 984
34 3 2227
34 4 2330
34 5 919
34 6 2923
34 7 1940
34 8 2565
34 9 2386
34 10 2981
34 11 655
34 12 1177
34 13 2660
34 14 1316
34 15 1923
34 16 2955
34 17 2440
34 18 797
34 19 1170
34 20 785
34 21 1696
34 22 2972
34 23 2265
34 24 1116
34 25 2479
34 26 2395
34 27 2600
34 28 952
34 29 999
34 30 1695
34 31 2378
34 32 2462
34 33 1231
34 34 0
34 35 2510
34 36 1279
34 37 48
34 38 2558
34 39 1327
34 40 96
34 41 2606
34 42 1375
34 43 144
34 44 2654
34 45 1423
34 46 192
34 47 2702
34 48 1471
34 49 240
34 50 2750
34 51 1519
34 52 288
34 53 2798
34 54 1567
34 55 336
34 56 2846
34 57 1615
34 58 384
34 59 2894
34 60 1663
34 61 432
34 62 2942
34 63 1711
34 64 480
34 65 2990
34 66 1759
34 67 528
34 68 3038
34 69 1807
34 70 576
34 71 3086
34 72 1855
34 73 624
34 74 3134
34 75 1903
34 76 672
34 77 3182
34 78 1951
34 79 720
34 80 3230
34 81 1999
34 82 768
34 83 3278
34 84 2047
34 85 816
34 86 2582
35 0 168
35 1 2633
35 2 2102
35 3 1819
35 4 1428
35 5 2167
35 6 643
35 7 1818
35 8 233
35 9 1276
35 10 1065
35 11 2527
35 12 1333
35 13 1290
35 14 2538
35 15 683
35 16 1091
35 17 550
35 18 2097
35 19 1820
35 20 2397
35 21 1774
35 22 978
35 23 245
35 24 2546
35 25 511
35 26 1363
35 27 294
35 28 2902
35 29 2663
35 30 1391
35 31 1476
35 32 48
35 33 1279
35 34 2510
35 35 0
35 36 1231
35 37 2462
35 38 48
35 39 1279
35 40 2510
35 41 96
35 42 1327
35 43 2558
35 44 144
35 45 1375
35 46 2606
35 47 192
35 48 1423
35 49 2654
35 50 240
35 51 1471
35 52 2702
35 53 288
35 54 1519
35 55 2750
35 56 336
35 57 1567
35 58 2798
35 59 384
35 60 1615
35 61 2846
35 62 432
35 63 1663
35 64 2894
35 65 480
35 66 1711
35 67 2942
35 68 528
35 69 1759
35 70 2990
35 71 576
35 72 1807
35 73 3038
35 74 624
35 75 1855
35 76 3086
35 77 672
35 78 1903
35 79 3134
35 80 720
35 81 1951
35 82 3182
35 83 768
35 84 1999
35 85 3230
35 86 168
36 0 1399
36 1 1402
36 2 871
36 3 948
36 4 1051
36 5 936
36 6 1644
36 7 661
36 8 1286
36 9 1107
36 10 1702
36 11 1296
36 12 102
36 13 1381
36 14 1307
36 15 644
36 16 1676
36 17 1161
36 18 866
36 19 589
36 20 1166
36 21 543
36 22 1693
36 23 986
36 24 1315
36 25 1200
36 26 1116
36 27 1321
36 28 1671
36 29 1432
36 30 416
36 31 1099
36 32 1279
36 33 48
36 34 1279
36 35 1231
36 36 0
36 37 1231
36 38 1279
36 39 48
36 40 1279
36 41 1327
36 42 96
36 43 1327
36 44 1375
36 45 144
36 46 1375
36 47 1423
36 48 192
36 49 1423
36 50 1471
36 51 240
36 52 1471
36 53 1519
36 54 288
36 55 1519
36 56 1567
36 57 336
36 58 1567
36 59 1615
36 60 384
36 61 1615
36 62 1663
36 63 432
36 64 1663
36 65 1711
36 66 480
36 67 1711
36 68 1759
36 69 528
36 70 1759
36 71 1807
36 72 576
36 73 1807
36 74 1855
36 75 624
36 76 1855
36 77 1903
36 78 672
36 79 1903
36 80 1951
36 81 720
36 82 1951
36 83 1999
36 84 768
36 85 1999
36 86 1399
37 0 2630
37 1 1077
37 2 936
37 3 2179
37 4 2282
37 5 871
37 6 2875
37 7 1892
37 8 2517
37 9 2338
37 10 2933
37 11 607
37 12 1129
37 13 2612
37 14 1268
37 15 1875
37 16 2907
37 17 2392
37 18 749
37 19 1122
37 20 737
37 21 1648
37 22 2924
37 23 2217
37 24 1068
37 25 2431
37 26 2347
37 27 2552
37 28 904
37 29 951
37 30 1647
37 31 2330
37 32 2510
37 33 1279
37 34 48
37 35 2462
37 36 1231
37 37 0
37 38 2510
37 39 1279
37 40 48
37 41 2558
37 42 1327
37 43 96
37 44 2606
37 45 1375
37 46 144
37 47 2654
37 48 1423
37 49 192
37 50 2702
37 51 1471
37 52 240
37 53 2750
37 54 1519
37 55 288
37 56 2798
37 57 1567
37 58 336
37 59 2846
37 60 1615
37 61 384
37 62 2894
37 63 1663
37 64 432
37 65 2942
37 66 1711
37 67 480
37 68 2990
37 69 1759
37 70 528
37 71 3038
37 72 1807
37 73 576
37 74 3086
37 75 1855
37 76 624
37 77 3134
37 78 1903
37 79 672
37 80 3182
37 81 1951
37 82 720
37 83 3230
37 84 1999
37 85 768
37 86 2630
38 0 216
38 1 2585
38 2 2054
38 3 1771
38 4 1380
38 5 2119
38 6 595
38 7 1770
38 8 185
38 9 1228
38 10 1017
38 11 2479
38 12 1381
38 13 1242
38 14 2490
38 15 635
38 16 1043
38 17 502
38 18 2049
38 19 1772
38 20 2349
38 21 1726
38 22 930
38 23 293
38 24 2498
38 25 463
38 26 1315
38 27 246
38 28 2854
38 29 2615
38 30 1343
38 31 1428
38 32 96
38 33 1327
38 34 2558
38 35 48
38 36 1279
38 37 2510
38 38 0
38 39 1231
38 40 2462
38 41 48
38 42 1279
38 43 2510
38 44 96
38 45 1327
38 46 2558
38 47 144
38 48 1375
38 49 2606
38 50 192
38 51 1423
38 52 2654
38 53 240
38 54 1471
38 55 2702
38 56 288
38 57 1519
38 58 2750
38 59 336
38 60 1567
38 61 2798
38 62 384
38 63 1615
38 64 2846
38 65 432
38 66 1663
38 67 2894
38 68 480
38 69 1711
38 70 2942
38 71 528
38 72 1759
38 73 2990
38 74 576
38 75 1807
38 76 3038
38 77 624
38 78 1855
38 79 3086
38 80 672
38 81 1903
38 82 3134
38 83 720
38 84 1951
38 85 3182
38 86 216
39 0 1447
39 1 1354
39 2 823
39 3 900
39 4 1003
39 5 888
39 6 1596
39 7 613
39 8 1238
39 9 1059
39 10 1654
39 11 1248
39 12 150
39 13 1333
39 14 1259
39 15 596
39 16 1628
39 17 1113
39 18 818
39 19 541
39 20 1118
39 21 495
39 22 1645
39 23 1034
39 24 1267
39 25 1152
39 26 1068
39 27 1273
39 28 1623
39 29 1384
39 30 368
39 31 1051
39 32 1327
39 33 96
39 34 1327
39 35 1279
39 36 48
39 37 1279
39 38 1231
39 39 0
39 40 1231
39 41 1279
39 42 48
39 43 1279
39 44 1327
39 45 96
39 46 1327
39 47 1375
39 48 144
39 49 1375
39 50 1423
39 51 192
39 52 1423
39 53 1471
39 54 240
39 55 1471
39 56 1519
39 57 288
39 58 1519
39 59 1567
39 60 336
39 61 1567
39 62 1615
39 63 384
39 64 1615
39 65 1663
39 66 432
39 67 1663
39 68 1711
39 69 480
39 70 1711
39 71 1759
39 72 528
39 73 1759
39 74 1807
39 75 576
39 76 1807
39 77 1855
39 78 624
39 79 1855
39 80 1903
39 81 672
39 82 1903
39 83 1951
39 84 720
39 85 1951
39 86 1447
40 0 2678
40 1 1029
40 2 888
40 3 2131
40 4 2234
40 5 823
40 6 2827
40 7 1844
40 8 2469
40 9 2290
40 10 2885
40 11 559
40 12 1177
40 13 2564
40 14 1220
40 15 1827
40 16 2859
40 17 2344
40 18 701
40 19 1074
40 20 689
40 21 1600
40 22 2876
40 23 2265
40 24 1020
40 25 2383
40 26 2299
40 27 2504
40 28 856
40 29 903
40 30 1599
40 31 2282
40 32 2558
40 33 1327
40 34 96
40 35 2510
40 36 1279
40 37 48
40 38 2462
40 39 1231
40 40 0
40 41 2510
40 42 1279
40 43 48
40 44 2558
40 45 1327
40 46 96
40 47 2606
40 48 1375
40 49 144
40 50 2654
40 51 1423
40 52 192
40 53 2702
40 54 1471
40 55 240
40 56 2750
40 57 1519
40 58 288
40 59 2798
40 60 1567
40 61 336
40 62 2846
40 63 1615
40 64 384
40 65 2894
40 66 1663
40 67 432
40 68 2942
40 69 1711
40 70 480
40 71 2990
40 72 1759
40 73 528
40 74 3038
40 75 1807
40 76 576
40 77 3086
40 78 1855
40 79 624
40 80 3134
40 81 1903
40 82 672
40 83 3182
40 84 1951
40 85 720
40 86 2678
41 0 264
41 1 2537
41 2 2006
41 3 1723
41 4 1332
41 5 2071
41 6 547
41 7 1722
41 8 137
41 9 1180
41 10 969
41 11 2431
41 12 1429
41 13 1194
41 14 2442
41 15 683
41 16 995
41 17 454
41 18 2001
41 19 1724
41 20 2301
41 21 1678
41 22 882
41 23 341
41 24 2450
41 25 415
41 26 1267
41 27 198
41 28 2806
41 29 2567
41 30 1295
41 31 1380
41 32 144
41 33 1375
41 34 2606
41 35 96
41 36 1327
41 37 2558
41 38 48
41 39 1279
41 40 2510
41 41 0
41 42 1231
41 43 2462
41 44 48
41 45 1279
41 46 2510
41 47 96
41 48 1327
41 49 2558
41 50 144
41 51 1375
41 52 2606
41 53 192
41 54 1423
41 55 2654
41 56 240
41 57 1471
41 58 2702
41 59 288
41 60 1519
41 61 2750
41 62 336
41 63 1567
41 64 2798
41 65 384
41 66 1615
41 67 2846
41 68 432
41 69 1663
41 70 2894
41 71 480
41 72 1711
41 73 2942
41 74 528
41 75 1759
41 76 2990
41 77 576
41 78 1807
41 79 3038
41 80 624
41 81 1855
41 82 3086
41 83 672
41 84 1903
41 85 3134
41 86 264
42 0 1495
42 1 1306
42 2 775
42 3 852
42 4 955
42 5 840
42 6 1548
42 7 565
42 8 1190
42 9 1011
42 10 1606
42 11 1200
42 12 198
42 13 1285
42 14 1211
42 15 644
42 16 1580
42 17 1065
42 18 770
42 19 493
42 20 1070
42 21 447
42 22 1597
42 23 1082
42 24 1219
42 25 1104
42 26 1020
42 27 1225
42 28 1575
42 29 1336
42 30 320
42 31 1003
42 32 1375
42 33 144
42 34 1375
42 35 1327
42 36 96
42 37 1327
42 38 1279
42 39 48
42 40 1279
42 41 1231
42 42 0
42 43 1231
42 44 1279
42 45 48
42 46 1279
42 47 1327
42 48 96
42 49 1327
42 50 1375
42 51 144
42 52 1375
42 53 1423
42 54 192
42 55 1423
42 56 1471
42 57 240
42 58 1471
42 59 1519
42 60 288
42 61 1519
42 62 1567
42 63 336
42 64 1567
42 65 1615
42 66 384
42 67 1615
42 68 1663
42 69 432
42 70 1663
42 71 1711
42 72 480
42 73 1711
42 74 1759
42 75 528
42 76 1759
42 77 1807
42 78 576
42 79 1807
42 80 1855
42 81 624
42 82 1855
42 83 1903
42 84 672
42 85 1903
42 86 1495
43 0 2726
43 1 981
43 2 840
43 3 2083
43 4 2186
43 5 775
43 6 2779
43 7 1796
43 8 2421
43 9 2242
43 10 2837
43 11 511
43 12 1225
43 13 2516
43 14 1172
43 15 1875
43 16 2811
43 17 2296
43 18 653
43 19 1026
43 20 641
43 21 1552
43 22 2828
43 23 2313
43 24 972
43 25 2335
43 26 2251
43 27 2456
43 28 808
43 29 855
43 30 1551
43 31 2234
43 32 2606
43 33 1375
43 34 144
43 35 2558
43 36 1327
43 37 96
43 38 2510
43 39 1279
43 40 48
43 41 2462
43 42 1231
43 43 0
43 44 2510
43 45 1279
43 46 48
43 47 2558
43 48 1327
43 49 96
43 50 2606
43 51 1375
43 52 144
43 53 2654
43 54 1423
43 55 192
43 56 2702
43 57 1471
43 58 240
43 59 2750
43 60 1519
43 61 288
43 62 2798
43 63 1567
43 64 336
43 65 2846
43 66 1615
43 67 384
43 68 2894
43 69 1663
43 70 432
43 71 2942
43 72 1711
43 73 480
43 74 2990
43 75 1759
43 76 528
43 77 3038
43 78 1807
43 79 576
43 80 3086
43 81 1855
43 82 624
43 83 3134
43 84 1903
43 85 672
43 86 2726
44 0 312
44 1 2489
44 2 1958
44 3 1675
44 4 1284
44 5 2023
44 6 499
44 7 1674
44 8 89
44 9 1132
44 10 921
44 11 2383
44 12 1477
44 13 1146
44 14 2394
44 15 731
44 16 947
44 17 406
44 18 1953
44 19 1676
44 20 2253
44 21 1630
44 22 834
44 23 389
44 24 2402
44 25 367
44 26 1219
44 27 150
44 28 2758
44 29 2519
44 30 1247
44 31 1332
44 32 192
44 33 1423
44 34 2654
44 35 144
44 36 1375
44 37 2606
44 38 96
44 39 1327
44 40 2558
44 41 48
44 42 1279
44 43 2510
44 44 0
44 45 1231
44 46 2462
44 47 48
44 48 1279
44 49 2510
44 50 96
44 51 1327
44 52 2558
44 53 144
44 54 1375
44 55 2606
44 56 192
44 57 1423
44 58 2654
44 59 240
44 60 1471
44 61 2702
44 62 288
44 63 1519
44 64 2750
44 65 336
44 66 1567
44 67 2798
44 68 384
44 69 1615
44 70 2846
44 71 432
44 72 1663
44 73 2894
44 74 480
44 75 1711
44 76 2942
44 77 528
44 78 1759
44 79 2990
44 80 576
44 81 1807
44 82 3038
44 83 624
44 84 1855
44 85 3086
44 86 312
45 0 1543
45 1 1258
45 2 727
45 3 804
45 4 907
45 5 792
45 6 1500
45 7 517
45 8 1142
45 9 963
45 10 1558
45 11 1152
45 12 246
45 13 1237
45 14 1163
45 15 692
45 16 1532
45 17 1017
45 18 722
45 19 445
45 20 1022
45 21 399
45 22 1549
45 23 1130
45 24 1171
45 25 1056
45 26 972
45 27 1177
45 28 1527
45 29 1288
45 30 272
45 31 955
45 32 1423
45 33 192
45 34 1423
45 35 1375
45 36 144
45 37 1375
45 38 1327
45 39 96
45 40 1327
45 41 1279
45 42 48
45 43 1279
45 44 1231
45 45 0
45 46 1231
45 47 1279
45 48 48
45 49 1279
45 50 1327
45 51 96
45 52 1327
45 53 1375
45 54 144
45 55 1375
45 56 1423
45 57 192
45 58 1423
45 59 1471
45 60 240
45 61 1471
45 62 1519
45 63 288
45 64 1519
45 65 1567
45 66 336
45 67 1567
45 68 1615
45 69 384
45 70 1615
45 71 1663
45 72 432
45 73 1663
45 74 1711
45 75 480
45 76 1711
45 77 1759
45 78 528
45 79 1759
45 80 1807
45 81 576
45 82 1807
45 83 1855
45 84 624
45 85 1855
45 86 1543
46 0 2774
46 1 933
46 2 792
46 3 2035
46 4 2138
46 5 727
46 6 2731
46 7 1748
46 8 2373
46 9 2194
46 10 2789
46 11 463
46 12 1273
46 13 2468
46 14 1124
46 15 1923
46 16 2763
46 17 2248
46 18 605
46 19 978
46 20 593
46 21 1504
46 22 2780
46 23 2361
46 24 924
46 25 2287
46 26 2203
46 27 2408
46 28 760
46 29 807
46 30 1503
46 31 2186
46 32 2654
46 33 1423
46 34 192
46 35 2606
46 36 1375
46 37 144
46 38 2558
46 39 1327
46 40 96
46 41 2510
46 42 1279
46 43 48
46 44 2462
46 45 1231
46 46 0
46 47 2510
46 48 1279
46 49 48
46 50 2558
46 51 1327
46 52 96
46 53 2606
46 54 1375
46 55 144
46 56 2654
46 57 1423
46 58 192
46 59 2702
46 60 1471
46 61 240
46 62 2750
46 63 1519
46 64 288
46 65 2798
46 66 1567
46 67 336
46 68 2846
46 69 1615
46 70 384
46 71 2894
46 72 1663
46 73 432
46 74 2942
46 75 1711
46 76 480
46 77 2990
46 78 1759
46 79 528
46 80 3038
46 81 1807
46 82 576
46 83 3086
46 84 1855
46 85 624
46 86 2774
47 0 360
47 1 2441
47 2 1910
47 3 1627
47 4 1236
47 5 1975
47 6 451
47 7 1626
47 8 137
47 9 1084
47 10 873
47 11 2335
47 12 1525
47 13 1098
47 14 2346
47 15 779
47 16 899
47 17 358
47 18 1905
47 19 1628
47 20 2205
47 21 1582
47 22 786
47 23 437
47 24 2354
47 25 319
47 26 1171
47 27 102
47 28 2710
47 29 2471
47 30 1199
47 31 1284
47 32 240
47 33 1471
47 34 2702
47 35 192
47 36 1423
47 37 2654
47 38 144
47 39 1375
47 40 2606
47 41 96
47 42 1327
47 43 2558
47 44 48
47 45 1279
47 46 2510
47 47 0
47 48 1231
47 49 2462
47 50 48
47 51 1279
47 52 2510
47 53 96
47 54 1327
47 55 2558
47 56 144
47 57 1375
47 58 2606
47 59 192
47 60 1423
47 61 2654
47 62 240
47 63 1471
47 64 2702
47 65 288
47 66 1519
47 67 2750
47 68 336
47 69 1567
47 70 2798
47 71 384
47 72 1615
47 73 2846
47 74 432
47 75 1663
47 76 2894
47 77 480
47 78 1711
47 79 2942
47 80 528
47 81 1759
47 82 2990
47 83 576
47 84 1807
47 85 3038
47 86 360
48 0 1591
48 1 1210
48 2 679
48 3 756
48 4 859
48 5 744
48 6 1452
48 7 469
48 8 1190
48 9 915
48 10 1510
48 11 1104
48 12 294
48 13 1189
48 14 1115
48 15 740
48 16 1484
48 17 969
48 18 674
48 19 397
48 20 974
48 21 351
48 22 1501
48 23 1178
48 24 1123
48 25 1008
48 26 924
48 27 1129
48 28 1479
48 29 1240
48 30 224
48 31 907
48 32 1471
48 33 240
48 34 1471
48 35 1423
48 36 192
48 37 1423
48 38 1375
48 39 144
48 40 1375
48 41 1327
48 42 96
48 43 1327
48 44 1279
48 45 48
48 46 1279
48 47 1231
48 48 0
48 49 1231
48 50 1279
48 51 48
48 52 1279
48 53 1327
48 54 96
48 55 1327
48 56 1375
48 57 144
48 58 1375
48 59 1423
48 60 192
48 61 1423
48 62 1471
48 63 240
48 64 1471
48 65 1519
48 66 288
48 67 1519
48 68 1567
48 69 336
48 70 1567
48 71 1615
48 72 384
48 73 1615
48 74 1663
48 75 432
48 76 1663
48 77 1711
48 78 480
48 79 1711
48 80 1759
48 81 528
48 82 1759
48 83 1807
48 84 576
48 85 1807
48 86 1591
49 0 2822
49 1 885
49 2 744
49 3 1987
49 4 2090
49 5 679
49 6 2683
49 7 1700
49 8 2421
49 9 2146
49 10 2741
49 11 415
49 12 1321
49 13 2420
49 14 1076
49 15 1971
49 16 2715
49 17 2200
49 18 557
49 19 930
49 20 545
49 21 1456
49 22 2732
49 23 2409
49 24 876
49 25 2239
49 26 2155
49 27 2360
49 28 712
49 29 759
49 30 1455
49 31 2138
49 32 2702
49 33 1471
49 34 240
49 35 2654
49 36 1423
49 37 192
49 38 2606
49 39 1375
49 40 144
49 41 2558
49 42 1327
49 43 96
49 44 2510
49 45 1279
49 46 48
49 47 2462
49 48 1231
49 49 0
49 50 2510
49 51 1279
49 52 48
49 53 2558
49 54 1327
49 55 96
49 56 2606
49 57 1375
49 58 144
49 59 2654
49 60 1423
49 61 192
49 62 2702
49 63 1471
49 64 240
49 65 2750
49 66 1519
49 67 288
49 68 2798
49 69 1567
49 70 336
49 71 2846
49 72 1615
49 73 384
49 74 2894
49 75 1663
49 76 432
49 77 2942
49 78 1711
49 79 480
49 80 2990
49 81 1759
49 82 528
49 83 3038
49 84 1807
49 85 576
49 86 2822
50 0 408
50 1 2393
50 2 1862
50 3 1579
50 4 1188
50 5 1927
50 6 403
50 7 1578
50 8 185
50 9 1036
50 10 825
50 11 2287
50 12 1573
50 13 1050
50 14 2298
50 15 827
50 16 851
50 17 310
50 18 1953
50 19 1580
50 20 2157
50 21 1534
50 22 738
50 23 485
50 24 2306
50 25 271
50 26 1123
50 27 150
50 28 2662
50 29 2423
50 30 1151
50 31 1236
50 32 288
50 33 1519
50 34 2750
50 35 240
50 36 1471
50 37 2702
50 38 192
50 39 1423
50 40 2654
50 41 144
50 42 1375
50 43 2606
50 44 96
50 45 1327
50 46 2558
50 47 48
50 48 1279
50 49 2510
50 50 0
50 51 1231
50 52 2462
50 53 48
50 54 1279
50 55 2510
50 56 96
50 57 1327
50 58 2558
50 59 144
50 60 1375
50 61 2606
50 62 192
50 63 1423
50 64 2654
50 65 240
50 66 1471
50 67 2702
50 68 288
50 69 1519
50 70 2750
50 71 336
50 72 1567
50 73 2798
50 74 384
50 75 1615
50 76 2846
50 77 432
50 78 1663
50 79 2894
50 80 480
50 81 1711
50 82 2942
50 83 528
50 84 1759
50 85 2990
50 86 408
51 0 1639
51 1 1162
51 2 631
51 3 708
51 4 811
51 5 696
51 6 1404
51 7 421
51 8 1238
51 9 867
51 10 1462
51 11 1056
51 12 342
51 13 1141
51 14 1067
51 15 788
51 16 1436
51 17 921
51 18 722
51 19 349
51 20 926
51 21 303
51 22 1453
51 23 1226
51 24 1075
51 25 960
51 26 876
51 27 1177
51 28 1431
51 29 1192
51 30 176
51 31 859
51 32 1519
51 33 288
51 34 1519
51 35 1471
51 36 240
51 37 1471
51 38 1423
51 39 192
51 40 1423
51 41 1375
51 42 144
51 43 1375
51 44 1327
51 45 96
51 46 1327
51 47 1279
51 48 48
51 49 1279
51 50 1231
51 51 0
51 52 1231
51 53 1279
51 54 48
51 55 1279
51 56 1327
51 57 96
51 58 1327
51 59 1375
51 60 144
51 61 1375
51 62 1423
51 63 192
51 64 1423
51 65 1471
51 66 240
51 67 1471
51 68 1519
51 69 288
51 70 1519
51 71 1567
51 72 336
51 73 1567
51 74 1615
51 75 384
51 76 1615
51 77 1663
51 78 432
51 79 1663
51 80 1711
51 81 480
51 82 1711
51 83 1759
51 84 528
51 85 1759
51 86 1639
52 0 2870
52 1 837
52 2 696
52 3 1939
52 4 2042
52 5 631
52 6 2635
52 7 1652
52 8 2469
52 9 2098
52 10 2693
52 11 367
52 12 1369
52 13 2372
52 14 1028
52 15 2019
52 16 2667
52 17 2152
52 18 605
52 19 882
52 20 497
52 21 1408
52 22 2684
52 23 2457
52 24 828
52 25 2191
52 26 2107
52 27 2408
52 28 664
52 29 711
52 30 1407
52 31 2090
52 32 2750
52 33 1519
52 34 288
52 35 2702
52 36 1471
52 37 240
52 38 2654
52 39 1423
52 40 192
52 41 2606
52 42 1375
52 43 144
52 44 2558
52 45 1327
52 46 96
52 47 2510
52 48 1279
52 49 48
52 50 2462
52 51 1231
52 52 0
52 53 2510
52 54 1279
52 55 48
52 56 2558
52 57 1327
52 58 96
52 59 2606
52 60 1375
52 61 144
52 62 2654
52 63 1423
52 64 192
52 65 2702
52 66 1471
52 67 240
52 68 2750
52 69 1519
52 70 288
52 71 2798
52 72 1567
52 73 336
52 74 2846
52 75 1615
52 76 384
52 77 2894
52 78 1663
52 79 432
52 80 2942
52 81 1711
52 82 480
52 83 2990
52 84 1759
52 85 528
52 86 2870
53 0 456
53 1 2345
53 2 1814
53 3 1531
53 4 1140
53 5 1879
53 6 355
53 7 1530
53 8 233
53 9 988
53 10 777
53 11 2239
53 12 1621
53 13 1002
53 14 2250
53 15 875
53 16 803
53 17 358
53 18 2001
53 19 1628
53 20 2109
53 21 1486
53 22 690
53 23 533
53 24 2258
53 25 319
53 26 1075
53 27 198
53 28 2614
53 29 2375
53 30 1103
53 31 1188
53 32 336
53 33 1567
53 34 2798
53 35 288
53 36 1519
53 37 2750
53 38 240
53 39 1471
53 40 2702
53 41 192
53 42 1423
53 43 2654
53 44 144
53 45 1375
53 46 2606
53 47 96
53 48 1327
53 49 2558
53 50 48
53 51 1279
53 52 2510
53 53 0
53 54 1231
53 55 2462
53 56 48
53 57 1279
53 58 2510
53 59 96
53 60 1327
53 61 2558
53 62 144
53 63 1375
53 64 2606
53 65 192
53 66 1423
53 67 2654
53 68 240
53 69 1471
53 70 2702
53 71 288
53 72 1519
53 73 2750
53 74 336
53 75 1567
53 76 2798
53 77 384
53 78 1615
53 79 2846
53 80 432
53 81 1663
53 82 2894
53 83 480
53 84 1711
53 85 2942
53 86 456
54 0 1687
54 1 1114
54 2 583
54 3 660
54 4 763
54 5 648
54 6 1356
54 7 373
54 8 1286
54 9 819
54 10 1414
54 11 1008
54 12 390
54 13 1093
54 14 1019
54 15 836
54 16 1388
54 17 969
54 18 770
54 19 397
54 20 878
54 21 255
54 22 1405
54 23 1274
54 24 1027
54 25 1008
54 26 828
54 27 1225
54 28 1383
54 29 1144
54 30 128
54 31 811
54 32 1567
54 33 336
54 34 1567
54 35 1519
54 36 288
54 37 1519
54 38 1471
54 39 240
54 40 1471
54 41 1423
54 42 192
54 43 1423
54 44 1375
54 45 144
54 46 1375
54 47 1327
54 48 96
54 49 1327
54 50 1279
54 51 48
54 52 1279
54 53 1231
54 54 0
54 55 1231
54 56 1279
54 57 48
54 58 1279
54 59 1327
54 60 96
54 61 1327
54 62 1375
54 63 144
54 64 1375
54 65 1423
54 66 192
54 67 1423
54 68 1471
54 69 240
54 70 1471
54 71 1519
54 72 288
54 73 1519
54 74 1567
54 75 336
54 76 1567
54 77 1615
54 78 384
54 79 1615
54 80 1663
54 81 432
54 82 1663
54 83 1711
54 84 480
54 85 1711
54 86 1687
55 0 2918
55 1 789
55 2 648
55 3 1891
55 4 1994
55 5 583
55 6 2587
55 7 1604
55 8 2517
55 9 2050
55 10 2645
55 11 319
55 12 1417
55 13 2324
55 14 980
55 15 2067
55 16 2619
55 17 2200
55 18 653
55 19 930
55 20 449
55 21 1360
55 22 2636
55 23 2505
55 24 780
55 25 2239
55 26 2059
55 27 2456
55 28 616
55 29 663
55 30 1359
55 31 2042
55 32 2798
55 33 1567
55 34 336
55 35 2750
55 36 1519
55 37 288
55 38 2702
55 39 1471
55 40 240
55 41 2654
55 42 1423
55 43 192
55 44 2606
55 45 1375
55 46 144
55 47 2558
55 48 1327
55 49 96
55 50 2510
55 51 1279
55 52 48
55 53 2462
55 54 1231
55 55 0
55 56 2510
55 57 1279
55 58 48
55 59 2558
55 60 1327
55 61 96
55 62 2606
55 63 1375
55 64 144
55 65 2654
55 66 1423
55 67 192
55 68 2702
55 69 1471
55 70 240
55 71 2750
55 72 1519
55 73 288
55 74 2798
55 75 1567
55 76 336
55 77 2846
55 78 1615
55 79 384
55 80 2894
55 81 1663
55 82 432
55 83 2942
55 84 1711
55 85 480
55 86 2918
56 0 504
56 1 2297
56 2 1862
56 3 1483
56 4 1092
56 5 1927
56 6 307
56 7 1482
56 8 281
56 9 940
56 10 729
56 11 2191
56 12 1669
56 13 954
56 14 2202
56 15 923
56 16 755
56 17 406
56 18 2049
56 19 1676
56 20 2061
56 21 1438
56 22 642
56 23 581
56 24 2210
56 25 367
56 26 1027
56 27 246
56 28 2566
56 29 2327
56 30 1151
56 31 1140
56 32 384
56 33 1615
56 34 2846
56 35 336
56 36 1567
56 37 2798
56 38 288
56 39 1519
56 40 2750
56 41 240
56 42 1471
56 43 2702
56 44 192
56 45 1423
56 46 2654
56 47 144
56 48 1375
56 49 2606
56 50 96
56 51 1327
56 52 2558
56 53 48
56 54 1279
56 55 2510
56 56 0
56 57 1231
56 58 2462
56 59 48
56 60 1279
56 61 2510
56 62 96
56 63 1327
56 64 2558
56 65 144
56 66 1375
56 67 2606
56 68 192
56 69 1423
56 70 2654
56 71 240
56 72 1471
56 73 2702
56 74 288
56 75 1519
56 76 2750
56 77 336
56 78 1567
56 79 2798
56 80 384
56 81 1615
56 82 2846
56 83 432
56 84 1663
56 85 2894
56 86 504
57 0 1735
57 1 1066
57 2 631
57 3 612
57 4 715
57 5 696
57 6 1308
57 7 325
57 8 1334
57 9 771
57 10 1366
57 11 960
57 12 438
57 13 1045
57 14 971
57 15 884
57 16 1340
57 17 1017
57 18 818
57 19 445
57 20 830
57 21 207
57 22 1357
57 23 1322
57 24 979
57 25 1056
57 26 780
57 27 1273
57 28 1335
57 29 1096
57 30 176
57 31 763
57 32 1615
57 33 384
57 34 1615
57 35 1567
57 36 336
57 37 1567
57 38 1519
57 39 288
57 40 1519
57 41 1471
57 42 240
57 43 1471
57 44 1423
57 45 192
57 46 1423
57 47 1375
57 48 144
57 49 1375
57 50 1327
57 51 96
57 52 1327
57 53 1279
57 54 48
57 55 1279
57 56 1231
57 57 0
57 58 1231
57 59 1279
57 60 48
57 61 1279
57 62 1327
57 63 96
57 64 1327
57 65 1375
57 66 144
57 67 1375
57 68 1423
57 69 192
57 70 1423
57 71 1471
57 72 240
57 73 1471
57 74 1519
57 75 288
57 76 1519
57 77 1567
57 78 336
57 79 1567
57 80 1615
57 81 384
57 82 1615
57 83 1663
57 84 432
57 85 1663
57 86 1735
58 0 2966
58 1 741
58 2 696
58 3 1843
58 4 1946
58 5 631
58 6 2539
58 7 1556
58 8 2565
58 9 2002
58 10 2597
58 11 271
58 12 1465
58 13 2276
58 14 932
58 15 2115
58 16 2571
58 17 2248
58 18 701
58 19 978
58 20 401
58 21 1312
58 22 2588
58 23 2553
58 24 732
58 25 2287
58 26 2011
58 27 2504
58 28 568
58 29 615
58 30 1407
58 31 1994
58 32 2846
58 33 1615
58 34 384
58 35 2798
58 36 1567
58 37 336
58 38 2750
58 39 1519
58 40 288
58 41 2702
58 42 1471
58 43 240
58 44 2654
58 45 1423
58 46 192
58 47 2606
58 48 1375
58 49 144
58 50 2558
58 51 1327
58 52 96
58 53 2510
58 54 1279
58 55 48
58 56 2462
58 57 1231
58 58 0
58 59 2510
58 60 1279
58 61 48
58 62 2558
58 63 1327
58 64 96
58 65 2606
58 66 1375
58 67 144
58 68 2654
58 69 1423
58 70 192
58 71 2702
58 72 1471
58 73 240
58 74 2750
58 75 1519
58 76 288
58 77 2798
58 78 1567
58 79 336
58 80 2846
58 81 1615
58 82 384
58 83 2894
58 84 1663
58 85 432
58 86 2966
59 0 552
59 1 2249
59 2 1910
59 3 1435
59 4 1044
59 5 1975
59 6 259
59 7 1434
59 8 329
59 9 892
59 10 681
59 11 2239
59 12 1717
59 13 906
59 14 2154
59 15 971
59 16 707
59 17 454
59 18 2097
59 19 1724
59 20 2109
59 21 1390
59 22 594
59 23 629
59 24 2162
59 25 415
59 26 979
59 27 294
59 28 2518
59 29 2279
59 30 1199
59 31 1092
59 32 432
59 33 1663
59 34 2894
59 35 384
59 36 1615
59 37 2846
59 38 336
59 39 1567
59 40 2798
59 41 288
59 42 1519
59 43 2750
59 44 240
59 45 1471
59 46 2702
59 47 192
59 48 1423
59 49 2654
59 50 144
59 51 1375
59 52 2606
59 53 96
59 54 1327
59 55 2558
59 56 48
59 57 1279
59 58 2510
59 59 0
59 60 1231
59 61 2462
59 62 48
59 63 1279
59 64 2510
59 65 96
59 66 1327
59 67 2558
59 68 144
59 69 1375
59 70 2606
59 71 192
59 72 1423
59 73 2654
59 74 240
59 75 1471
59 76 2702
59 77 288
59 78 1519
59 79 2750
59 80 336
59 81 1567
59 82 2798
59 83 384
59 84 1615
59 85 2846
59 86 552
60 0 1783
60 1 1018
60 2 679
60 3 564
60 4 667
60 5 744
60 6 1260
60 7 277
60 8 1382
60 9 723
60 10 1318
60 11 1008
60 12 486
60 13 997
60 14 923
60 15 932
60 16 1292
60 17 1065
60 18 866
60 19 493
60 20 878
60 21 159
60 22 1309
60 23 1370
60 24 931
60 25 1104
60 26 732
60 27 1321
60 28 1287
60 29 1048
60 30 224
60 31 715
60 32 1663
60 33 432
60 34 1663
60 35 1615
60 36 384
60 37 1615
60 38 1567
60 39 336
60 40 1567
60 41 1519
60 42 288
60 43 1519
60 44 1471
60 45 240
60 46 1471
60 47 1423
60 48 192
60 49 1423
60 50 1375
60 51 144
60 52 1375
60 53 1327
60 54 96
60 55 1327
60 56 1279
60 57 48
60 58 1279
60 59 1231
60 60 0
60 61 1231
60 62 1279
60 63 48
60 64 1279
60 65 1327
60 66 96
60 67 1327
60 68 1375
60 69 144
60 70 1375
60 71 1423
60 72 192
60 73 1423
60 74 1471
60 75 240
60 76 1471
60 77 1519
60 78 288
60 79 1519
60 80 1567
60 81 336
60 82 1567
60 83 1615
60 84 384
60 85 1615
60 86 1783
61 0 3014
61 1 693
61 2 744
61 3 1795
61 4 1898
61 5 679
61 6 2491
61 7 1508
61 8 2613
61 9 1954
61 10 2549
61 11 319
61 12 1513
61 13 2228
61 14 884
61 15 2163
61 16 2523
61 17 2296
61 18 749
61 19 1026
61 20 449
61 21 1264
61 22 2540
61 23 2601
61 24 684
61 25 2335
61 26 1963
61 27 2552
61 28 520
61 29 567
61 30 1455
61 31 1946
61 32 2894
61 33 1663
61 34 432
61 35 2846
61 36 1615
61 37 384
61 38 2798
61 39 1567
61 40 336
61 41 2750
61 42 1519
61 43 288
61 44 2702
61 45 1471
61 46 240
61 47 2654
61 48 1423
61 49 192
61 50 2606
61 51 1375
61 52 144
61 53 2558
61 54 1327
61 55 96
61 56 2510
61 57 1279
61 58 48
61 59 2462
61 60 1231
61 61 0
61 62 2510
61 63 1279
61 64 48
61 65 2558
61 66 1327
61 67 96
61 68 2606
61 69 1375
61 70 144
61 71 2654
61 72 1423
61 73 192
61 74 2702
61 75 1471
61 76 240
61 77 2750
61 78 1519
61 79 288
61 80 2798
61 81 1567
61 82 336
61 83 2846
61 84 1615
61 85 384
61 86 3014
62 0 600
62 1 2201
62 2 1958
62 3 1387
62 4 996
62 5 2023
62 6 211
62 7 1386
62 8 377
62 9 844
62 10 633
62 11 2287
62 12 1765
62 13 858
62 14 2106
62 15 1019
62 16 659
62 17 502
62 18 2145
62 19 1772
62 20 2157
62 21 1342
62 22 546
62 23 677
62 24 2114
62 25 463
62 26 931
62 27 342
62 28 2470
62 29 2231
62 30 1247
62 31 1044
62 32 480
62 33 1711
62 34 2942
62 35 432
62 36 1663
62 37 2894
62 38 384
62 39 1615
62 40 2846
62 41 336
62 42 1567
62 43 2798
62 44 288
62 45 1519
62 46 2750
62 47 240
62 48 1471
62 49 2702
62 50 192
62 51 1423
62 52 2654
62 53 144
62 54 1375
62 55 2606
62 56 96
62 57 1327
62 58 2558
62 59 48
62 60 1279
62 61 2510
62 62 0
62 63 1231
62 64 2462
62 65 48
62 66 1279
62 67 2510
62 68 96
62 69 1327
62 70 2558
62 71 144
62 72 1375
62 73 2606
62 74 192
62 75 1423
62 76 2654
62 77 240
62 78 1471
62 79 2702
62 80 288
62 81 1519
62 82 2750
62 83 336
62 84 1567
62 85 2798
62 86 600
63 0 1831
63 1 970
63 2 727
63 3 516
63 4 619
63 5 792
63 6 1212
63 7 229
63 8 1430
63 9 675
63 10 1270
63 11 1056
63 12 534
63 13 949
63 14 875
63 15 980
63 16 1244
63 17 1113
63 18 914
63 19 541
63 20 926
63 21 111
63 22 1261
63 23 1418
63 24 883
63 25 1152
63 26 684
63 27 1369
63 28 1239
63 29 1000
63 30 272
63 31 667
63 32 1711
63 33 480
63 34 1711
63 35 1663
63 36 432
63 37 1663
63 38 1615
63 39 384
63 40 1615
63 41 1567
63 42 336
63 43 1567
63 44 1519
63 45 288
63 46 1519
63 47 1471
63 48 240
63 49 1471
63 50 1423
63 51 192
63 52 1423
63 53 1375
63 54 144
63 55 1375
63 56 1327
63 57 96
63 58 1327
63 59 1279
63 60 48
63 61 1279
63 62 1231
63 63 0
63 64 1231
63 65 1279
63 66 48
63 67 1279
63 68 1327
63 69 96
63 70 1327
63 71 1375
63 72 144
63 73 1375
63 74 1423
63 75 192
63 76 1423
63 77 1471
63 78 240
63 79 1471
63 80 1519
63 81 288
63 82 1519
63 83 1567
63 84 336
63 85 1567
63 86 1831
64 0 3062
64 1 645
64 2 792
64 3 1747
64 4 1850
64 5 727
64 6 2443
64 7 1460
64 8 2661
64 9 1906
64 10 2501
64 11 367
64 12 1561
64 13 2180
64 14 836
64 15 2211
64 16 2475
64 17 2344
64 18 797
64 19 1074
64 20 497
64 21 1216
64 22 2492
64 23 2649
64 24 636
64 25 2383
64 26 1915
64 27 2600
64 28 472
64 29 519
64 30 1503
64 31 1898
64 32 2942
64 33 1711
64 34 480
64 35 2894
64 36 1663
64 37 432
64 38 2846
64 39 1615
64 40 384
64 41 2798
64 42 1567
64 43 336
64 44 2750
64 45 1519
64 46 288
64 47 2702
64 48 1471
64 49 240
64 50 2654
64 51 1423
64 52 192
64 53 2606
64 54 1375
64 55 144
64 56 2558
64 57 1327
64 58 96
64 59 2510
64 60 1279
64 61 48
64 62 2462
64 63 1231
64 64 0
64 65 2510
64 66 1279
64 67 48
64 68 2558
64 69 1327
64 70 96
64 71 2606
64 72 1375
64 73 144
64 74 2654
64 75 1423
64 76 192
64 77 2702
64 78 1471
64 79 240
64 80 2750
64 81 1519
64 82 288
64 83 2798
64 84 1567
64 85 336
64 86 3062
65 0 648
65 1 2153
65 2 2006
65 3 1339
65 4 948
65 5 2071
65 6 163
65 7 1338
65 8 425
65 9 796
65 10 585
65 11 2335
65 12 1813
65 13 810
65 14 2058
65 15 1067
65 16 611
65 17 550
65 18 2193
65 19 1820
65 20 2205
65 21 1294
65 22 498
65 23 725
65 24 2066
65 25 511
65 26 883
65 27 390
65 28 2422
65 29 2183
65 30 1295
65 31 996
65 32 528
65 33 1759
65 34 2990
65 35 480
65 36 1711
65 37 2942
65 38 432
65 39 1663
65 40 2894
65 41 384
65 42 1615
65 43 2846
65 44 336
65 45 1567
65 46 2798
65 47 288
65 48 1519
65 49 2750
65 50 240
65 51 1471
65 52 2702
65 53 192
65 54 1423
65 55 2654
65 56 144
65 57 1375
65 58 2606
65 59 96
65 60 1327
65 61 2558
65 62 48
65 63 1279
65 64 2510
65 65 0
65 66 1231
65 67 2462
65 68 48
65 69 1279
65 70 2510
65 71 96
65 72 1327
65 73 2558
65 74 144
65 75 1375
65 76 2606
65 77 192
65 78 1423
65 79 2654
65 80 240
65 81 1471
65 82 2702
65 83 288
65 84 1519
65 85 2750
65 86 648
66 0 1879
66 1 922
66 2 775
66 3 468
66 4 571
66 5 840
66 6 1164
66 7 181
66 8 1478
66 9 627
66 10 1222
66 11 1104
66 12 582
66 13 901
66 14 827
66 15 1028
66 16 1196
66 17 1161
66 18 962
66 19 589
66 20 974
66 21 63
66 22 1213
66 23 1466
66 24 835
66 25 1200
66 26 636
66 27 1417
66 28 1191
66 29 952
66 30 320
66 31 619
66 32 1759
66 33 528
66 34 1759
66 35 1711
66 36 480
66 37 1711
66 38 1663
66 39 432
66 40 1663
66 41 1615
66 42 384
66 43 1615
66 44 1567
66 45 336
66 46 1567
66 47 1519
66 48 288
66 49 1519
66 50 1471
66 51 240
66 52 1471
66 53 1423
66 54 192
66 55 1423
66 56 1375
66 57 144
66 58 1375
66 59 1327
66 60 96
66 61 1327
66 62 1279
66 63 48
66 64 1279
66 65 1231
66 66 0
66 67 1231
66 68 1279
66 69 48
66 70 1279
66 71 1327
66 72 96
66 73 1327
66 74 1375
66 75 144
66 76 1375
66 77 1423
66 78 192
66 79 1423
66 80 1471
66 81 240
66 82 1471
66 83 1519
66 84 288
66 85 1519
66 86 1879
67 0 3110
67 1 597
67 2 840
67 3 1699
67 4 1802
67 5 775
67 6 2395
67 7 1412
67 8 2709
67 9 1858
67 10 2453
67 11 415
67 12 1609
67 13 2132
67 14 788
67 15 2259
67 16 2427
67 17 2392
67 18 845
67 19 1122
67 20 545
67 21 1168
67 22 2444
67 23 2697
67 24 588
67 25 2431
67 26 1867
67 27 2648
67 28 424
67 29 471
67 30 1551
67 31 1850
67 32 2990
67 33 1759
67 34 528
67 35 2942
67 36 1711
67 37 480
67 38 2894
67 39 1663
67 40 432
67 41 2846
67 42 1615
67 43 384
67 44 2798
67 45 1567
67 46 336
67 47 2750
67 48 1519
67 49 288
67 50 2702
67 51 1471
67 52 240
67 53 2654
67 54 1423
67 55 192
67 56 2606
67 57 1375
67 58 144
67 59 2558
67 60 1327
67 61 96
67 62 2510
67 63 1279
67 64 48
67 65 2462
67 66 1231
67 67 0
67 68 2510
67 69 1279
67 70 48
67 71 2558
67 72 1327
67 73 96
67 74 2606
67 75 1375
67 76 144
67 77 2654
67 78 1423
67 79 192
67 80 2702
67 81 1471
67 82 240
67 83 2750
67 84 1519
67 85 288
67 86 3110
68 0 696
68 1 2105
68 2 2054
68 3 1291
68 4 900
68 5 2119
68 6 115
68 7 1290
68 8 473
68 9 748
68 10 537
68 11 2383
68 12 1861
68 13 762
68 14 2010
68 15 1115
68 16 563
68 17 598
68 18 2241
68 19 1868
68 20 2253
68 21 1342
68 22 450
68 23 773
68 24 2018
68 25 559
68 26 835
68 27 438
68 28 2374
68 29 2135
68 30 1343
68 31 948
68 32 576
68 33 1807
68 34 3038
68 35 528
68 36 1759
68 37 2990
68 38 480
68 39 1711
68 40 2942
68 41 432
68 42 1663
68 43 2894
68 44 384
68 45 1615
68 46 2846
68 47 336
68 48 1567
68 49 2798
68 50 288
68 51 1519
68 52 2750
68 53 240
68 54 1471
68 55 2702
68 56 192
68 57 1423
68 58 2654
68 59 144
68 60 1375
68 61 2606
68 62 96
68 63 1327
68 64 2558
68 65 48
68 66 1279
68 67 2510
68 68 0
68 69 1231
68 70 2462
68 71 48
68 72 1279
68 73 2510
68 74 96
68 75 1327
68 76 2558
68 77 144
68 78 1375
68 79 2606
68 80 192
68 81 1423
68 82 2654
68 83 240
68 84 1471
68 85 2702
68 86 696
69 0 1927
69 1 874
69 2 823
69 3 420
69 4 523
69 5 888
69 6 1116
69 7 133
69 8 1526
69 9 579
69 10 1174
69 11 1152
69 12 630
69 13 853
69 14 779
69 15 1076
69 16 1148
69 17 1209
69 18 1010
69 19 637
69 20 1022
69 21 111
69 22 1165
69 23 1514
69 24 787
69 25 1248
69 26 588
69 27 1465
69 28 1143
69 29 904
69 30 368
69 31 571
69 32 1807
69 33 576
69 34 1807
69 35 1759
69 36 528
69 37 1759
69 38 1711
69 39 480
69 40 1711
69 41 1663
69 42 432
69 43 1663
69 44 1615
69 45 384
69 46 1615
69 47 1567
69 48 336
69 49 1567
69 50 1519
69 51 288
69 52 1519
69 53 1471
69 54 240
69 55 1471
69 56 1423
69 57 192
69 58 1423
69 59 1375
69 60 144
69 61 1375
69 62 1327
69 63 96
69 64 1327
69 65 1279
69 66 48
69 67 1279
69 68 1231
69 69 0
69 70 1231
69 71 1279
69 72 48
69 73 1279
69 74 1327
69 75 96
69 76 1327
69 77 1375
69 78 144
69 79 1375
69 80 1423
69 81 192
69 82 1423
69 83 1471
69 84 240
69 85 1471
69 86 1927
70 0 3158
70 1 549
70 2 888
70 3 1651
70 4 1754
70 5 823
70 6 2347
70 7 1364
70 8 2757
70 9 1810
70 10 2405
70 11 463
70 12 1657
70 13 2084
70 14 740
70 15 2307
70 16 2379
70 17 2440
70 18 893
70 19 1170
70 20 593
70 21 1216
70 22 2396
70 23 2745
70 24 540
70 25 2479
70 26 1819
70 27 2696
70 28 376
70 29 423
70 30 1599
70 31 1802
70 32 3038
70 33 1807
70 34 576
70 35 2990
70 36 1759
70 37 528
70 38 2942
70 39 1711
70 40 480
70 41 2894
70 42 1663
70 43 432
70 44 2846
70 45 1615
70 46 384
70 47 2798
70 48 1567
70 49 336
70 50 2750
70 51 1519
70 52 288
70 53 2702
70 54 1471
70 55 240
70 56 2654
70 57 1423
70 58 192
70 59 2606
70 60 1375
70 61 144
70 62 2558
70 63 1327
70 64 96
70 65 2510
70 66 1279
70 67 48
70 68 2462
70 69 1231
70 70 0
70 71 2510
70 72 1279
70 73 48
70 74 2558
70 75 1327
70 76 96
70 77 2606
70 78 1375
70 79 144
70 80 2654
70 81 1423
70 82 192
70 83 2702
70 84 1471
70 85 240
70 86 3158
71 0 744
71 1 2057
71 2 2102
71 3 1243
71 4 852
71 5 2167
71 6 163
71 7 1242
71 8 521
71 9 700
71 10 489
71 11 2431
71 12 1909
71 13 714
71 14 1962
71 15 1163
71 16 515
71 17 646
71 18 2289
71 19 1916
71 20 2301
71 21 1390
71 22 402
71 23 821
71 24 1970
71 25 607
71 26 787
71 27 486
71 28 2326
71 29 2087
71 30 1391
71 31 900
71 32 624
71 33 1855
71 34 3086
71 35 576
71 36 1807
71 37 3038
71 38 528
71 39 1759
71 40 2990
71 41 480
71 42 1711
71 43 2942
71 44 432
71 45 1663
71 46 2894
71 47 384
71 48 1615
71 49 2846
71 50 336
71 51 1567
71 52 2798
71 53 288
71 54 1519
71 55 2750
71 56 240
71 57 1471
71 58 2702
71 59 192
71 60 1423
71 61 2654
71 62 144
71 63 1375
71 64 2606
71 65 96
71 66 1327
71 67 2558
71 68 48
71 69 1279
71 70 2510
71 71 0
71 72 1231
71 73 2462
71 74 48
71 75 1279
71 76 2510
71 77 96
71 78 1327
71 79 2558
71 80 144
71 81 1375
71 82 2606
71 83 192
71 84 1423
71 85 2654
71 86 744
72 0 1975
72 1 826
72 2 871
72 3 372
72 4 475
72 5 936
72 6 1164
72 7 85
72 8 1574
72 9 531
72 10 1126
72 11 1200
72 12 678
72 13 805
72 14 731
72 15 1124
72 16 1100
72 17 1257
72 18 1058
72 19 685
72 20 1070
72 21 159
72 22 1117
72 23 1562
72 24 739
72 25 1296
72 26 540
72 27 1513
72 28 1095
72 29 856
72 30 416
72 31 523
72 32 1855
72 33 624
72 34 1855
72 35 1807
72 36 576
72 37 1807
72 38 1759
72 39 528
72 40 1759
72 41 1711
72 42 480
72 43 1711
72 44 1663
72 45 432
72 46 1663
72 47 1615
72 48 384
72 49 1615
72 50 1567
72 51 336
72 52 1567
72 53 1519
72 54 288
72 55 1519
72 56 1471
72 57 240
72 58 1471
72 59 1423
72 60 192
72 61 1423
72 62 1375
72 63 144
72 64 1375
72 65 1327
72 66 96
72 67 1327
72 68 1279
72 69 48
72 70 1279
72 71 1231
72 72 0
72 73 1231
72 74 1279
72 75 48
72 76 1279
72 77 1327
72 78 96
72 79 1327
72 80 1375
72 81 144
72 82 1375
72 83 1423
72 84 192
72 85 1423
72 86 1975
73 0 3206
73 1 501
73 2 936
73 3 1603
73 4 1706
73 5 871
73 6 2395
73 7 1316
73 8 2805
73 9 1762
73 10 2357
73 11 511
73 12 1705
73 13 2036
73 14 692
73 15 2355
73 16 2331
73 17 2488
73 18 941
73 19 1218
73 20 641
73 21 1264
73 22 2348
73 23 2793
73 24 492
73 25 2527
73 26 1771
73 27 2744
73 28 328
73 29 375
73 30 1647
73 31 1754
73 32 3086
73 33 1855
73 34 624
73 35 3038
73 36 1807
73 37 576
73 38 2990
73 39 1759
73 40 528
73 41 2942
73 42 1711
73 43 480
73 44 2894
73 45 1663
73 46 432
73 47 2846
73 48 1615
73 49 384
73 50 2798
73 51 1567
73 52 336
73 53 2750
73 54 1519
73 55 288
73 56 2702
73 57 1471
73 58 240
73 59 2654
73 60 1423
73 61 192
73 62 2606
73 63 1375
73 64 144
73 65 2558
73 66 1327
73 67 96
73 68 2510
73 69 1279
73 70 48
73 71 2462
73 72 1231
73 73 0
73 74 2510
73 75 1279
73 76 48
73 77 2558
73 78 1327
73 79 96
73 80 2606
73 81 1375
73 82 144
73 83 2654
73 84 1423
73 85 192
73 86 3206
74 0 792
74 1 2009
74 2 2150
74 3 1195
74 4 804
74 5 2215
74 6 211
74 7 1194
74 8 569
74 9 748
74 10 441
74 11 2479
74 12 1957
74 13 666
74 14 1914
74 15 1211
74 16 467
74 17 694
74 18 2337
74 19 1964
74 20 2349
74 21 1438
74 22 354
74 23 869
74 24 2018
74 25 655
74 26 739
74 27 534
74 28 2278
74 29 2135
74 30 1439
74 31 852
74 32 672
74 33 1903
74 34 3134
74 35 624
74 36 1855
74 37 3086
74 38 576
74 39 1807
74 40 3038
74 41 528
74 42 1759
74 43 2990
74 44 480
74 45 1711
74 46 2942
74 47 432
74 48 1663
74 49 2894
74 50 384
74 51 1615
74 52 2846
74 53 336
74 54 1567
74 55 2798
74 56 288
74 57 1519
74 58 2750
74 59 240
74 60 1471
74 61 2702
74 62 192
74 63 1423
74 64 2654
74 65 144
74 66 1375
74 67 2606
74 68 96
74 69 1327
74 70 2558
74 71 48
74 72 1279
74 73 2510
74 74 0
74 75 1231
74 76 2462
74 77 48
74 78 1279
74 79 2510
74 80 96
74 81 1327
74 82 2558
74 83 144
74 84 1375
74 85 2606
74 86 792
75 0 2023
75 1 778
75 2 919
75 3 324
75 4 427
75 5 984
75 6 1212
75 7 37
75 8 1622
75 9 579
75 10 1078
75 11 1248
75 12 726
75 13 757
75 14 683
75 15 1172
75 16 1052
75 17 1305
75 18 1106
75 19 733
75 20 1118
75 21 207
75 22 1069
75 23 1610
75 24 787
75 25 1344
75 26 492
75 27 1561
75 28 1047
75 29 904
75 30 464
75 31 475
75 32 1903
75 33 672
75 34 1903
75 35 1855
75 36 624
75 37 1855
75 38 1807
75 39 576
75 40 1807
75 41 1759
75 42 528
75 43 1759
75 44 1711
75 45 480
75 46 1711
75 47 1663
75 48 432
75 49 1663
75 50 1615
75 51 384
75 52 1615
75 53 1567
75 54 336
75 55 1567
75 56 1519
75 57 288
75 58 1519
75 59 1471
75 60 240
75 61 1471
75 62 1423
75 63 192
75 64 1423
75 65 1375
75 66 144
75 67 1375
75 68 1327
75 69 96
75 70 1327
75 71 1279
75 72 48
75 73 1279
75 74 1231
75 75 0
75 76 1231
75 77 1279
75 78 48
75 79 1279
75 80 1327
75 81 96
75 82 1327
75 83 1375
75 84 144
75 85 1375
75 86 2023
76 0 3254
76 1 453
76 2 984
76 3 1555
76 4 1658
76 5 919
76 6 2443
76 7 1268
76 8 2853
76 9 1810
76 10 2309
76 11 559
76 12 1753
76 13 1988
76 14 644
76 15 2403
76 16 2283
76 17 2536
76 18 989
76 19 1266
76 20 689
76 21 1312
76 22 2300
76 23 2841
76 24 540
76 25 2575
76 26 1723
76 27 2792
76 28 280
76 29 423
76 30 1695
76 31 1706
76 32 3134
76 33 1903
76 34 672
76 35 3086
76 36 1855
76 37 624
76 38 3038
76 39 1807
76 40 576
76 41 2990
76 42 1759
76 43 528
76 44 2942
76 45 1711
76 46 480
76 47 2894
76 48 1663
76 49 432
76 50 2846
76 51 1615
76 52 384
76 53 2798
76 54 1567
76 55 336
76 56 2750
76 57 1519
76 58 288
76 59 2702
76 60 1471
76 61 240
76 62 2654
76 63 1423
76 64 192
76 65 2606
76 66 1375
76 67 144
76 68 2558
76 69 1327
76 70 96
76 71 2510
76 72 1279
76 73 48
76 74 2462
76 75 1231
76 76 0
76 77 2510
76 78 1279
76 79 48
76 80 2558
76 81 1327
76 82 96
76 83 2606
76 84 1375
76 85 144
76 86 3254
77 0 840
77 1 2057
77 2 2198
77 3 1147
77 4 852
77 5 2263
77 6 259
77 7 1242
77 8 617
77 9 796
77 10 393
77 11 2527
77 12 2005
77 13 618
77 14 1866
77 15 1259
77 16 419
77 17 742
77 18 2385
77 19 2012
77 20 2397
77 21 1486
77 22 306
77 23 917
77 24 2066
77 25 703
77 26 787
77 27 582
77 28 2230
77 29 2183
77 30 1487
77 31 804
77 32 720
77 33 1951
77 34 3182
77 35 672
77 36 1903
77 37 3134
77 38 624
77 39 1855
77 40 3086
77 41 576
77 42 1807
77 43 3038
77 44 528
77 45 1759
77 46 2990
77 47 480
77 48 1711
77 49 2942
77 50 432
77 51 1663
77 52 2894
77 53 384
77 54 1615
77 55 2846
77 56 336
77 57 1567
77 58 2798
77 59 288
77 60 1519
77 61 2750
77 62 240
77 63 1471
77 64 2702
77 65 192
77 66 1423
77 67 2654
77 68 144
77 69 1375
77 70 2606
77 71 96
77 72 1327
77 73 2558
77 74 48
77 75 1279
77 76 2510
77 77 0
77 78 1231
77 79 2462
77 80 48
77 81 1279
77 82 2510
77 83 96
77 84 1327
77 85 2558
77 86 840
78 0 2071
78 1 826
78 2 967
78 3 276
78 4 475
78 5 1032
78 6 1260
78 7 85
78 8 1670
78 9 627
78 10 1030
78 11 1296
78 12 774
78 13 709
78 14 635
78 15 1220
78 16 1004
78 17 1353
78 18 1154
78 19 781
78 20 1166
78 21 255
78 22 1021
78 23 1658
78 24 835
78 25 1392
78 26 540
78 27 1609
78 28 999
78 29 952
78 30 512
78 31 427
78 32 1951
78 33 720
78 34 1951
78 35 1903
78 36 672
78 37 1903
78 38 1855
78 39 624
78 40 1855
78 41 1807
78 42 576
78 43 1807
78 44 1759
78 45 528
78 46 1759
78 47 1711
78 48 480
78 49 1711
78 50 1663
78 51 432
78 52 1663
78 53 1615
78 54 384
78 55 1615
78 56 1567
78 57 336
78 58 1567
78 59 1519
78 60 288
78 61 1519
78 62 1471
78 63 240
78 64 1471
78 65 1423
78 66 192
78 67 1423
78 68 1375
78 69 144
78 70 1375
78 71 1327
78 72 96
78 73 1327
78 74 1279
78 75 48
78 76 1279
78 77 1231
78 78 0
78 79 1231
78 80 1279
78 81 48
78 82 1279
78 83 1327
78 84 96
78 85 1327
78 86 2071
79 0 3302
79 1 501
79 2 1032
79 3 1507
79 4 1706
79 5 967
79 6 2491
79 7 1316
79 8 2901
79 9 1858
79 10 2261
79 11 607
79 12 1801
79 13 1940
79 14 596
79 15 2451
79 16 2235
79 17 2584
79 18 1037
79 19 1314
79 20 737
79 21 1360
79 22 2252
79 23 2889
79 24 588
79 25 2623
79 26 1771
79 27 2840
79 28 232
79 29 471
79 30 1743
79 31 1658
79 32 3182
79 33 1951
79 34 720
79 35 3134
79 36 1903
79 37 672
79 38 3086
79 39 1855
79 40 624
79 41 3038
79 42 1807
79 43 576
79 44 2990
79 45 1759
79 46 528
79 47 2942
79 48 1711
79 49 480
79 50 2894
79 51 1663
79 52 432
79 53 2846
79 54 1615
79 55 384
79 56 2798
79 57 1567
79 58 336
79 59 2750
79 60 1519
79 61 288
79 62 2702
79 63 1471
79 64 240
79 65 2654
79 66 1423
79 67 192
79 68 2606
79 69 1375
79 70 144
79 71 2558
79 72 1327
79 73 96
79 74 2510
79 75 1279
79 76 48
79 77 2462
79 78 1231
79 79 0
79 80 2510
79 81 1279
79 82 48
79 83 2558
79 84 1327
79 85 96
79 86 3302
80 0 888
80 1 2105
80 2 2246
80 3 1099
80 4 900
80 5 2311
80 6 307
80 7 1290
80 8 665
80 9 844
80 10 345
80 11 2575
80 12 2053
80 13 570
80 14 1914
80 15 1307
80 16 371
80 17 790
80 18 2433
80 19 2060
80 20 2445
80 21 1534
80 22 258
80 23 965
80 24 2114
80 25 751
80 26 835
80 27 630
80 28 2278
80 29 2231
80 30 1535
80 31 852
80 32 768
80 33 1999
80 34 3230
80 35 720
80 36 1951
80 37 3182
80 38 672
80 39 1903
80 40 3134
80 41 624
80 42 1855
80 43 3086
80 44 576
80 45 1807
80 46 3038
80 47 528
80 48 1759
80 49 2990
80 50 480
80 51 1711
80 52 2942
80 53 432
80 54 1663
80 55 2894
80 56 384
80 57 1615
80 58 2846
80 59 336
80 60 1567
80 61 2798
80 62 288
80 63 1519
80 64 2750
80 65 240
80 66 1471
80 67 2702
80 68 192
80 69 1423
80 70 2654
80 71 144
80 72 1375
80 73 2606
80 74 96
80 75 1327
80 76 2558
80 77 48
80 78 1279
80 79 2510
80 80 0
80 81 1231
80 82 2462
80 83 48
80 84 1279
80 85 2510
80 86 888
81 0 2119
81 1 874
81 2 1015
81 3 228
81 4 523
81 5 1080
81 6 1308
81 7 133
81 8 1718
81 9 675
81 10 982
81 11 1344
81 12 822
81 13 661
81 14 683
81 15 1268
81 16 956
81 17 1401
81 18 1202
81 19 829
81 20 1214
81 21 303
81 22 973
81 23 1706
81 24 883
81 25 1440
81 26 588
81 27 1657
81 28 1047
81 29 1000
81 30 560
81 31 475
81 32 1999
81 33 768
81 34 1999
81 35 1951
81 36 720
81 37 1951
81 38 1903
81 39 672
81 40 1903
81 41 1855
81 42 624
81 43 1855
81 44 1807
81 45 576
81 46 1807
81 47 1759
81 48 528
81 49 1759
81 50 1711
81 51 480
81 52 1711
81 53 1663
81 54 432
81 55 1663
81 56 1615
81 57 384
81 58 1615
81 59 1567
81 60 336
81 61 1567
81 62 1519
81 63 288
81 64 1519
81 65 1471
81 66 240
81 67 1471
81 68 1423
81 69 192
81 70 1423
81 71 1375
81 72 144
81 73 1375
81 74 1327
81 75 96
81 76 1327
81 77 1279
81 78 48
81 79 1279
81 80 1231
81 81 0
81 82 1231
81 83 1279
81 84 48
81 85 1279
81 86 2119
82 0 3350
82 1 549
82 2 1080
82 3 1459
82 4 1754
82 5 1015
82 6 2539
82 7 1364
82 8 2949
82 9 1906
82 10 2213
82 11 655
82 12 1849
82 13 1892
82 14 644
82 15 2499
82 16 2187
82 17 2632
82 18 1085
82 19 1362
82 20 785
82 21 1408
82 22 2204
82 23 2937
82 24 636
82 25 2671
82 26 1819
82 27 2888
82 28 280
82 29 519
82 30 1791
82 31 1706
82 32 3230
82 33 1999
82 34 768
82 35 3182
82 36 1951
82 37 720
82 38 3134
82 39 1903
82 40 672
82 41 3086
82 42 1855
82 43 624
82 44 3038
82 45 1807
82 46 576
82 47 2990
82 48 1759
82 49 528
82 50 2942
82 51 1711
82 52 480
82 53 2894
82 54 1663
82 55 432
82 56 2846
82 57 1615
82 58 384
82 59 2798
82 60 1567
82 61 336
82 62 2750
82 63 1519
82 64 288
82 65 2702
82 66 1471
82 67 240
82 68 2654
82 69 1423
82 70 192
82 71 2606
82 72 1375
82 73 144
82 74 2558
82 75 1327
82 76 96
82 77 2510
82 78 1279
82 79 48
82 80 2462
82 81 1231
82 82 0
82 83 2510
82 84 1279
82 85 48
82 86 3350
83 0 936
83 1 2153
83 2 2294
83 3 1051
83 4 948
83 5 2359
83 6 355
83 7 1338
83 8 713
83 9 892
83 10 297
83 11 2623
83 12 2101
83 13 618
83 14 1962
83 15 1355
83 16 323
83 17 838
83 18 2481
83 19 2108
83 20 2493
83 21 1582
83 22 306
83 23 1013
83 24 2162
83 25 799
83 26 883
83 27 678
83 28 2326
83 29 2279
83 30 1583
83 31 900
83 32 816
83 33 2047
83 34 3278
83 35 768
83 36 1999
83 37 3230
83 38 720
83 39 1951
83 40 3182
83 41 672
83 42 1903
83 43 3134
83 44 624
83 45 1855
83 46 3086
83 47 576
83 48 1807
83 49 3038
83 50 528
83 51 1759
83 52 2990
83 53 480
83 54 1711
83 55 2942
83 56 432
83 57 1663
83 58 2894
83 59 384
83 60 1615
83 61 2846
83 62 336
83 63 1567
83 64 2798
83 65 288
83 66 1519
83 67 2750
83 68 240
83 69 1471
83 70 2702
83 71 192
83 72 1423
83 73 2654
83 74 144
83 75 1375
83 76 2606
83 77 96
83 78 1327
83 79 2558
83 80 48
83 81 1279
83 82 2510
83 83 0
83 84 1231
83 85 2462
83 86 936
84 0 2167
84 1 922
84 2 1063
84 3 180
84 4 571
84 5 1128
84 6 1356
84 7 181
84 8 1766
84 9 723
84 10 934
84 11 1392
84 12 870
84 13 709
84 14 731
84 15 1316
84 16 908
84 17 1449
84 18 1250
84 19 877
84 20 1262
84 21 351
84 22 1021
84 23 1754
84 24 931
84 25 1488
84 26 636
84 27 1705
84 28 1095
84 29 1048
84 30 608
84 31 523
84 32 2047
84 33 816
84 34 2047
84 35 1999
84 36 768
84 37 1999
84 38 1951
84 39 720
84 40 1951
84 41 1903
84 42 672
84 43 1903
84 44 1855
84 45 624
84 46 1855
84 47 1807
84 48 576
84 49 1807
84 50 1759
84 51 528
84 52 1759
84 53 1711
84 54 480
84 55 1711
84 56 1663
84 57 432
84 58 1663
84 59 1615
84 60 384
84 61 1615
84 62 1567
84 63 336
84 64 1567
84 65 1519
84 66 288
84 67 1519
84 68 1471
84 69 240
84 70 1471
84 71 1423
84 72 192
84 73 1423
84 74 1375
84 75 144
84 76 1375
84 77 1327
84 78 96
84 79 1327
84 80 1279
84 81 48
84 82 1279
84 83 1231
84 84 0
84 85 1231
84 86 2167
85 0 3398
85 1 597
85 2 1128
85 3 1411
85 4 1802
85 5 1063
85 6 2587
85 7 1412
85 8 2997
85 9 1954
85 10 2165
85 11 703
85 12 1897
85 13 1940
85 14 692
85 15 2547
85 16 2139
85 17 2680
85 18 1133
85 19 1410
85 20 833
85 21 1456
85 22 2252
85 23 2985
85 24 684
85 25 2719
85 26 1867
85 27 2936
85 28 328
85 29 567
85 30 1839
85 31 1754
85 32 3278
85 33 2047
85 34 816
85 35 3230
85 36 1999
85 37 768
85 38 3182
85 39 1951
85 40 720
85 41 3134
85 42 1903
85 43 672
85 44 3086
85 45 1855
85 46 624
85 47 3038
85 48 1807
85 49 576
85 50 2990
85 51 1759
85 52 528
85 53 2942
85 54 1711
85 55 480
85 56 2894
85 57 1663
85 58 432
85 59 2846
85 60 1615
85 61 384
85 62 2798
85 63 1567
85 64 336
85 65 2750
85 66 1519
85 67 288
85 68 2702
85 69 1471
85 70 240
85 71 2654
85 72 1423
85 73 192
85 74 2606
85 75 1375
85 76 144
85 77 2558
85 78 1327
85 79 96
85 80 2510
85 81 1279
85 82 48
85 83 2462
85 84 1231
85 85 0
85 86 3398
86 0 0
86 1 2801
86 2 2270
86 3 1987
86 4 1596
86 5 2335
86 6 811
86 7 1986
86 8 401
86 9 1444
86 10 1233
86 11 2695
86 12 1501
86 13 1458
86 14 2706
86 15 851
86 16 1259
86 17 718
86 18 2265
86 19 1988
86 20 2565
86 21 1942
86 22 1146
86 23 413
86 24 2714
86 25 679
86 26 1531
86 27 462
86 28 3070
86 29 2831
86 30 1559
86 31 1644
86 32 120
86 33 1351
86 34 2582
86 35 168
86 36 1399
86 37 2630
86 38 216
86 39 1447
86 40 2678
86 41 264
86 42 1495
86 43 2726
86 44 312
86 45 1543
86 46 2774
86 47 360
86 48 1591
86 49 2822
86 50 408
86 51 1639
86 52 2870
86 53 456
86 54 1687
86 55 2918
86 56 504
86 57 1735
86 58 2966
86 59 552
86 60 1783
86 61 3014
86 62 600
86 63 1831
86 64 3062
86 65 648
86 66 1879
86 67 3110
86 68 696
86 69 1927
86 70 3158
86 71 744
86 72 1975
86 73 3206
86 74 792
86 75 2023
86 76 3254
86 77 840
86 78 2071
86 79 3302
86 80 888
86 81 2119
86 82 3350
86 83 936
86 84 2167
86 85 3398
86 86 0
//Location coordinates LocationName
//Loc x y
0 0.0 0.0 "depot"
1 672.0 2129.0 "product aisle 14 bloc 1 rank 116"
2 336.0 1934.0 "product aisle 7 bloc 1 rank 86"
3 816.0 1171.0 "product aisle 17 bloc 0 rank 158"
4 672.0 924.0 "product aisle 14 bloc 0 rank 120"
5 336.0 1999.0 "product aisle 7 bloc 1 rank 95"
6 576.0 235.0 "product aisle 12 bloc 0 rank 13"
7 672.0 1314.0 "product aisle 14 bloc 0 rank 180"
8 192.0 209.0 "product aisle 4 bloc 0 rank 9"
9 624.0 820.0 "product aisle 13 bloc 0 rank 104"
10 816.0 417.0 "product aisle 17 bloc 0 rank 41"
11 384.0 2311.0 "product aisle 8 bloc 1 rank 144"
12 48.0 1453.0 "product aisle 1 bloc 1 rank 12"
13 768.0 690.0 "product aisle 16 bloc 0 rank 84"
14 720.0 1986.0 "product aisle 15 bloc 1 rank 94"
15 96.0 755.0 "product aisle 2 bloc 0 rank 94"
16 816.0 443.0 "product aisle 17 bloc 0 rank 46"
17 288.0 430.0 "product aisle 6 bloc 0 rank 43"
18 240.0 2025.0 "product aisle 5 bloc 1 rank 99"
19 288.0 1700.0 "product aisle 6 bloc 1 rank 49"
20 384.0 2181.0 "product aisle 8 bloc 1 rank 123"
21 528.0 1414.0 "product aisle 11 bloc 1 rank 6"
22 768.0 378.0 "product aisle 16 bloc 0 rank 36"
23 48.0 365.0 "product aisle 1 bloc 0 rank 33"
24 624.0 2090.0 "product aisle 13 bloc 1 rank 109"
25 288.0 391.0 "product aisle 6 bloc 0 rank 38"
26 672.0 859.0 "product aisle 14 bloc 0 rank 110"
27 240.0 222.0 "product aisle 5 bloc 0 rank 12"
28 720.0 2350.0 "product aisle 15 bloc 1 rank 150"
29 624.0 2207.0 "product aisle 13 bloc 1 rank 127"
30 336.0 1223.0 "product aisle 7 bloc 0 rank 165"
31 720.0 924.0 "product aisle 15 bloc 0 rank 120"
32 24.0 120.0 "intersection aisle 0 bloc 0 rank 0"
33 24.0 1351.0 "intersection aisle 0 bloc 1 rank 1"
34 24.0 2582.0 "intersection aisle 0 bloc 2 rank 2"
35 72.0 120.0 "intersection aisle 1 bloc 0 rank 0"
36 72.0 1351.0 "intersection aisle 1 bloc 1 rank 1"
37 72.0 2582.0 "intersection aisle 1 bloc 2 rank 2"
38 120.0 120.0 "intersection aisle 2 bloc 0 rank 0"
39 120.0 1351.0 "intersection aisle 2 bloc 1 rank 1"
40 120.0 2582.0 "intersection aisle 2 bloc 2 rank 2"
41 168.0 120.0 "intersection aisle 3 bloc 0 rank 0"
42 168.0 1351.0 "intersection aisle 3 bloc 1 rank 1"
43 168.0 2582.0 "intersection aisle 3 bloc 2 rank 2"
44 216.0 120.0 "intersection aisle 4 bloc 0 rank 0"
45 216.0 1351.0 "intersection aisle 4 bloc 1 rank 1"
46 216.0 2582.0 "intersection aisle 4 bloc 2 rank 2"
47 264.0 120.0 "intersection aisle 5 bloc 0 rank 0"
48 264.0 1351.0 "intersection aisle 5 bloc 1 rank 1"
49 264.0 2582.0 "intersection aisle 5 bloc 2 rank 2"
50 312.0 120.0 "intersection aisle 6 bloc 0 rank 0"
51 312.0 1351.0 "intersection aisle 6 bloc 1 rank 1"
52 312.0 2582.0 "intersection aisle 6 bloc 2 rank 2"
53 360.0 120.0 "intersection aisle 7 bloc 0 rank 0"
54 360.0 1351.0 "intersection aisle 7 bloc 1 rank 1"
55 360.0 2582.0 "intersection aisle 7 bloc 2 rank 2"
56 408.0 120.0 "intersection aisle 8 bloc 0 rank 0"
57 408.0 1351.0 "intersection aisle 8 bloc 1 rank 1"
58 408.0 2582.0 "intersection aisle 8 bloc 2 rank 2"
59 456.0 120.0 "intersection aisle 9 bloc 0 rank 0"
60 456.0 1351.0 "intersection aisle 9 bloc 1 rank 1"
61 456.0 2582.0 "intersection aisle 9 bloc 2 rank 2"
62 504.0 120.0 "intersection aisle 10 bloc 0 rank 0"
63 504.0 1351.0 "intersection aisle 10 bloc 1 rank 1"
64 504.0 2582.0 "intersection aisle 10 bloc 2 rank 2"
65 552.0 120.0 "intersection aisle 11 bloc 0 rank 0"
66 552.0 1351.0 "intersection aisle 11 bloc 1 rank 1"
67 552.0 2582.0 "intersection aisle 11 bloc 2 rank 2"
68 600.0 120.0 "intersection aisle 12 bloc 0 rank 0"
69 600.0 1351.0 "intersection aisle 12 bloc 1 rank 1"
70 600.0 2582.0 "intersection aisle 12 bloc 2 rank 2"
71 648.0 120.0 "intersection aisle 13 bloc 0 rank 0"
72 648.0 1351.0 "intersection aisle 13 bloc 1 rank 1"
73 648.0 2582.0 "intersection aisle 13 bloc 2 rank 2"
74 696.0 120.0 "intersection aisle 14 bloc 0 rank 0"
75 696.0 1351.0 "intersection aisle 14 bloc 1 rank 1"
76 696.0 2582.0 "intersection aisle 14 bloc 2 rank 2"
77 744.0 120.0 "intersection aisle 15 bloc 0 rank 0"
78 744.0 1351.0 "intersection aisle 15 bloc 1 rank 1"
79 744.0 2582.0 "intersection aisle 15 bloc 2 rank 2"
80 792.0 120.0 "intersection aisle 16 bloc 0 rank 0"
81 792.0 1351.0 "intersection aisle 16 bloc 1 rank 1"
82 792.0 2582.0 "intersection aisle 16 bloc 2 rank 2"
83 840.0 120.0 "intersection aisle 17 bloc 0 rank 0"
84 840.0 1351.0 "intersection aisle 17 bloc 1 rank 1"
85 840.0 2582.0 "intersection aisle 17 bloc 2 rank 2"
86 0.0 0.0 "depot"
