//alpha
1
//NbLocations
82
//NbProducts
27
//NbPickers
2
//CapaPicker
4
//TimeToTravelOneDistanceUnit
3
//SetupTime
5400
//PickTime
300
//Products
//Idx Location Size
1 1 1
2 2 1
3 3 1
4 4 1
5 5 1
6 6 1
7 7 1
8 8 1
9 9 1
10 10 1
11 11 1
12 12 1
13 13 1
14 14 1
15 15 1
16 16 1
17 17 1
18 18 1
19 19 1
20 20 1
21 21 1
22 22 1
23 23 1
24 24 1
25 25 1
26 26 1
27 27 1
//Orders
//NbOrders
18
//Idx DueDate TardinessPenalty NbProdInOrder ProdIdx1 Qty1 ProdIdx2 Qty2 ...
1 72000 0 3 1 1 2 1 3 1
2 54000 0 4 4 1 5 1 6 1 7 1
3 108000 0 1 8 1
4 54000 0 2 9 1 10 1
5 126000 0 2 11 1 12 1
6 90000 0 1 13 1
7 54000 0 1 14 1
8 54000 0 1 15 1
9 72000 0 2 16 1 17 1
10 90000 0 1 18 1
11 90000 0 1 19 1
12 90000 0 1 20 1
13 108000 0 1 21 1
14 54000 0 1 22 1
15 90000 0 1 23 1
16 108000 0 1 24 1
17 90000 0 2 25 1 26 1
18 36000 0 1 27 1
//Graph (Products are vertices indexed from 1 to NbProducts)
//NbVerticesIntersections
54
//DepartingDepot
0
//ArrivalDepot
82
//Arcs
//Start End Distance
0 28 120
1 24 156
1 32 63
2 10 351
2 35 167
3 12 221
3 30 947
4 7 286
4 14 169
5 64 63
5 65 1168
6 24 468
6 33 544
7 4 286
7 56 453
8 28 50
8 29 1181
9 46 206
9 47 1025
10 2 351
10 36 713
11 61 76
11 62 1155
12 3 221
12 29 63
13 71 596
13 72 635
14 4 169
14 55 323
15 25 13
15 34 180
16 37 388
16 38 843
17 58 440
17 59 791
18 21 130
18 67 401
19 23 156
19 80 193
20 47 50
20 48 1181
21 18 130
21 68 700
22 77 141
22 78 1090
23 19 156
23 81 882
24 1 156
24 6 468
25 15 13
25 35 1038
26 44 102
26 45 1129
27 53 518
27 54 713
28 8 50
28 31 48
28 82 120
29 8 1181
29 12 63
29 32 48
30 3 947
30 33 48
31 28 48
31 32 1231
31 34 48
32 1 63
32 29 48
32 31 1231
32 35 48
33 6 544
33 30 48
33 36 48
34 15 180
34 31 48
34 37 48
35 2 167
35 25 1038
35 32 48
35 38 48
36 10 713
36 33 48
36 39 48
37 16 388
37 34 48
37 40 48
38 16 843
38 35 48
38 39 1231
38 41 48
39 36 48
39 38 1231
39 42 48
40 37 48
40 41 1231
40 43 48
41 38 48
41 40 1231
41 42 1231
41 44 48
42 39 48
42 41 1231
42 45 48
43 40 48
43 44 1231
43 46 48
44 26 102
44 41 48
44 43 1231
44 47 48
45 26 1129
45 42 48
45 48 48
46 9 206
46 43 48
46 49 48
47 9 1025
47 20 50
47 44 48
47 50 48
48 20 1181
48 45 48
48 51 48
49 46 48
49 50 1231
49 52 48
50 47 48
50 49 1231
50 51 1231
50 53 48
51 48 48
51 50 1231
51 54 48
52 49 48
52 53 1231
52 55 48
53 27 518
53 50 48
53 52 1231
53 56 48
54 27 713
54 51 48
54 57 48
55 14 323
55 52 48
55 58 48
56 7 453
56 53 48
56 57 1231
56 59 48
57 54 48
57 56 1231
57 60 48
58 17 440
58 55 48
58 61 48
59 17 791
59 56 48
59 60 1231
59 62 48
60 57 48
60 59 1231
60 63 48
61 11 76
61 58 48
61 64 48
62 11 1155
62 59 48
62 63 1231
62 65 48
63 60 48
63 62 1231
63 66 48
64 5 63
64 61 48
64 67 48
65 5 1168
65 62 48
65 66 1231
65 68 48
66 63 48
66 65 1231
66 69 48
67 18 401
67 64 48
67 70 48
68 21 700
68 65 48
68 69 1231
68 71 48
69 66 48
69 68 1231
69 72 48
70 67 48
70 71 1231
70 73 48
71 13 596
71 68 48
71 70 1231
71 74 48
72 13 635
72 69 48
72 75 48
73 70 48
73 74 1231
73 76 48
74 71 48
74 73 1231
74 75 1231
74 77 48
75 72 48
75 74 1231
75 78 48
76 73 48
76 77 1231
76 79 48
77 22 141
77 74 48
77 76 1231
77 80 48
78 22 1090
78 75 48
78 81 48
79 76 48
79 80 1231
80 19 193
80 77 48
80 79 1231
81 23 882
81 78 48
//LocStart LocEnd ShortestPath
0 0 0
0 1 1462
0 2 1614
0 3 1635
0 4 1044
0 5 759
0 6 2086
0 7 1330
0 8 170
0 9 614
0 10 1965
0 11 724
0 12 1414
0 13 2619
0 14 875
0 15 396
0 16 652
0 17 1040
0 18 1145
0 19 2360
0 20 1689
0 21 1275
0 22 2260
0 23 2516
0 24 1618
0 25 409
0 26 1693
0 27 2253
0 28 120
0 29 1351
0 30 2582
0 31 168
0 32 1399
0 33 2630
0 34 216
0 35 1447
0 36 2678
0 37 264
0 38 1495
0 39 2726
0 40 312
0 41 1543
0 42 2774
0 43 360
0 44 1591
0 45 2822
0 46 408
0 47 1639
0 48 2870
0 49 456
0 50 1687
0 51 2918
0 52 504
0 53 1735
0 54 2966
0 55 552
0 56 1783
0 57 3014
0 58 600
0 59 1831
0 60 3062
0 61 648
0 62 1879
0 63 3110
0 64 696
0 65 1927
0 66 3158
0 67 744
0 68 1975
0 69 3206
0 70 792
0 71 2023
0 72 3254
0 73 840
0 74 2071
0 75 3302
0 76 888
0 77 2119
0 78 3350
0 79 936
0 80 2167
0 81 3398
0 82 0
1 0 1462
1 1 0
1 2 278
1 3 395
1 4 1186
1 5 1759
1 6 624
1 7 900
1 8 1292
1 9 1328
1 10 629
1 11 1698
1 12 174
1 13 1283
1 14 1355
1 15 1162
1 16 1002
1 17 1286
1 18 1469
1 19 1024
1 20 353
1 21 1339
1 22 924
1 23 1180
1 24 156
1 25 1149
1 26 357
1 27 917
1 28 1342
1 29 111
1 30 1216
1 31 1294
1 32 63
1 33 1168
1 34 1342
1 35 111
1 36 1216
1 37 1390
1 38 159
1 39 1264
1 40 1438
1 41 207
1 42 1312
1 43 1486
1 44 255
1 45 1360
1 46 1534
1 47 303
1 48 1408
1 49 1582
1 50 351
1 51 1456
1 52 1630
1 53 399
1 54 1504
1 55 1678
1 56 447
1 57 1552
1 58 1726
1 59 495
1 60 1600
1 61 1774
1 62 543
1 63 1648
1 64 1822
1 65 591
1 66 1696
1 67 1870
1 68 639
1 69 1744
1 70 1918
1 71 687
1 72 1792
1 73 1966
1 74 735
1 75 1840
1 76 2014
1 77 783
1 78 1888
1 79 2062
1 80 831
1 81 1936
1 82 1462
2 0 1614
2 1 278
2 2 0
2 3 547
2 4 1242
2 5 1815
2 6 902
2 7 956
2 8 1444
2 9 1384
2 10 351
2 11 1754
2 12 326
2 13 1339
2 14 1411
2 15 1218
2 16 1058
2 17 1342
2 18 1525
2 19 1080
2 20 409
2 21 1395
2 22 980
2 23 1236
2 24 434
2 25 1205
2 26 413
2 27 973
2 28 1494
2 29 263
2 30 1160
2 31 1446
2 32 215
2 33 1112
2 34 1398
2 35 167
2 36 1064
2 37 1446
2 38 215
2 39 1112
2 40 1494
2 41 263
2 42 1160
2 43 1542
2 44 311
2 45 1208
2 46 1590
2 47 359
2 48 1256
2 49 1638
2 50 407
2 51 1304
2 52 1686
2 53 455
2 54 1352
2 55 1734
2 56 503
2 57 1400
2 58 1782
2 59 551
2 60 1448
2 61 1830
2 62 599
2 63 1496
2 64 1878
2 65 647
2 66 1544
2 67 1926
2 68 695
2 69 1592
2 70 1974
2 71 743
2 72 1640
2 73 2022
2 74 791
2 75 1688
2 76 2070
2 77 839
2 78 1736
2 79 2118
2 80 887
2 81 1784
2 82 1614
3 0 1635
3 1 395
3 2 547
3 3 0
3 4 1455
3 5 2028
3 6 1019
3 7 1169
3 8 1465
3 9 1597
3 10 898
3 11 1967
3 12 221
3 13 1552
3 14 1624
3 15 1431
3 16 1271
3 17 1555
3 18 1738
3 19 1293
3 20 622
3 21 1608
3 22 1193
3 23 1449
3 24 551
3 25 1418
3 26 626
3 27 1186
3 28 1515
3 29 284
3 30 947
3 31 1563
3 32 332
3 33 995
3 34 1611
3 35 380
3 36 1043
3 37 1659
3 38 428
3 39 1091
3 40 1707
3 41 476
3 42 1139
3 43 1755
3 44 524
3 45 1187
3 46 1803
3 47 572
3 48 1235
3 49 1851
3 50 620
3 51 1283
3 52 1899
3 53 668
3 54 1331
3 55 1947
3 56 716
3 57 1379
3 58 1995
3 59 764
3 60 1427
3 61 2043
3 62 812
3 63 1475
3 64 2091
3 65 860
3 66 1523
3 67 2139
3 68 908
3 69 1571
3 70 2187
3 71 956
3 72 1619
3 73 2235
3 74 1004
3 75 1667
3 76 2283
3 77 1052
3 78 1715
3 79 2331
3 80 1100
3 81 1763
3 82 1635
4 0 1044
4 1 1186
4 2 1242
4 3 1455
4 4 0
4 5 699
4 6 1810
4 7 286
4 8 974
4 9 842
4 10 1593
4 11 664
4 12 1234
4 13 1575
4 14 169
4 15 1008
4 16 1168
4 17 980
4 18 1085
4 19 1316
4 20 933
4 21 1215
4 22 1216
4 23 1472
4 24 1342
4 25 1021
4 26 1033
4 27 1305
4 28 924
4 29 1171
4 30 2402
4 31 876
4 32 1123
4 33 2354
4 34 828
4 35 1075
4 36 2306
4 37 780
4 38 1027
4 39 2258
4 40 732
4 41 979
4 42 2210
4 43 684
4 44 931
4 45 2162
4 46 636
4 47 883
4 48 2114
4 49 588
4 50 835
4 51 2066
4 52 540
4 53 787
4 54 2018
4 55 492
4 56 739
4 57 1970
4 58 540
4 59 787
4 60 2018
4 61 588
4 62 835
4 63 2066
4 64 636
4 65 883
4 66 2114
4 67 684
4 68 931
4 69 2162
4 70 732
4 71 979
4 72 2210
4 73 780
4 74 1027
4 75 2258
4 76 828
4 77 1075
4 78 2306
4 79 876
4 80 1123
4 81 2354
4 82 1044
5 0 759
5 1 1759
5 2 1815
5 3 2028
5 4 699
5 5 0
5 6 2383
5 7 985
5 8 689
5 9 557
5 10 2166
5 11 187
5 12 1807
5 13 1860
5 14 530
5 15 723
5 16 883
5 17 599
5 18 512
5 19 1601
5 20 1506
5 21 642
5 22 1501
5 23 1757
5 24 1915
5 25 736
5 26 1606
5 27 1878
5 28 639
5 29 1744
5 30 2975
5 31 591
5 32 1696
5 33 2927
5 34 543
5 35 1648
5 36 2879
5 37 495
5 38 1600
5 39 2831
5 40 447
5 41 1552
5 42 2783
5 43 399
5 44 1504
5 45 2735
5 46 351
5 47 1456
5 48 2687
5 49 303
5 50 1408
5 51 2639
5 52 255
5 53 1360
5 54 2591
5 55 207
5 56 1312
5 57 2543
5 58 159
5 59 1264
5 60 2495
5 61 111
5 62 1216
5 63 2447
5 64 63
5 65 1168
5 66 2399
5 67 111
5 68 1216
5 69 2447
5 70 159
5 71 1264
5 72 2495
5 73 207
5 74 1312
5 75 2543
5 76 255
5 77 1360
5 78 2591
5 79 303
5 80 1408
5 81 2639
5 82 759
6 0 2086
6 1 624
6 2 902
6 3 1019
6 4 1810
6 5 2383
6 6 0
6 7 1524
6 8 1916
6 9 1952
6 10 1253
6 11 2322
6 12 798
6 13 1803
6 14 1979
6 15 1786
6 16 1626
6 17 1910
6 18 2093
6 19 1648
6 20 977
6 21 1963
6 22 1548
6 23 1804
6 24 468
6 25 1773
6 26 981
6 27 1541
6 28 1966
6 29 735
6 30 592
6 31 1918
6 32 687
6 33 544
6 34 1966
6 35 735
6 36 592
6 37 2014
6 38 783
6 39 640
6 40 2062
6 41 831
6 42 688
6 43 2110
6 44 879
6 45 736
6 46 2158
6 47 927
6 48 784
6 49 2206
6 50 975
6 51 832
6 52 2254
6 53 1023
6 54 880
6 55 2302
6 56 1071
6 57 928
6 58 2350
6 59 1119
6 60 976
6 61 2398
6 62 1167
6 63 1024
6 64 2446
6 65 1215
6 66 1072
6 67 2494
6 68 1263
6 69 1120
6 70 2542
6 71 1311
6 72 1168
6 73 2590
6 74 1359
6 75 1216
6 76 2638
6 77 1407
6 78 1264
6 79 2686
6 80 1455
6 81 1312
6 82 2086
7 0 1330
7 1 900
7 2 956
7 3 1169
7 4 286
7 5 985
7 6 1524
7 7 0
7 8 1260
7 9 1128
7 10 1307
7 11 950
7 12 948
7 13 1289
7 14 455
7 15 1294
7 16 1454
7 17 1266
7 18 1371
7 19 1030
7 20 647
7 21 1345
7 22 930
7 23 1186
7 24 1056
7 25 1307
7 26 747
7 27 1019
7 28 1210
7 29 885
7 30 2116
7 31 1162
7 32 837
7 33 2068
7 34 1114
7 35 789
7 36 2020
7 37 1066
7 38 741
7 39 1972
7 40 1018
7 41 693
7 42 1924
7 43 970
7 44 645
7 45 1876
7 46 922
7 47 597
7 48 1828
7 49 874
7 50 549
7 51 1780
7 52 826
7 53 501
7 54 1732
7 55 778
7 56 453
7 57 1684
7 58 826
7 59 501
7 60 1732
7 61 874
7 62 549
7 63 1780
7 64 922
7 65 597
7 66 1828
7 67 970
7 68 645
7 69 1876
7 70 1018
7 71 693
7 72 1924
7 73 1066
7 74 741
7 75 1972
7 76 1114
7 77 789
7 78 2020
7 79 1162
7 80 837
7 81 2068
7 82 1330
8 0 170
8 1 1292
8 2 1444
8 3 1465
8 4 974
8 5 689
8 6 1916
8 7 1260
8 8 0
8 9 544
8 10 1795
8 11 654
8 12 1244
8 13 2449
8 14 805
8 15 326
8 16 582
8 17 970
8 18 1075
8 19 2190
8 20 1519
8 21 1205
8 22 2090
8 23 2346
8 24 1448
8 25 339
8 26 1523
8 27 2083
8 28 50
8 29 1181
8 30 2412
8 31 98
8 32 1229
8 33 2460
8 34 146
8 35 1277
8 36 2508
8 37 194
8 38 1325
8 39 2556
8 40 242
8 41 1373
8 42 2604
8 43 290
8 44 1421
8 45 2652
8 46 338
8 47 1469
8 48 2700
8 49 386
8 50 1517
8 51 2748
8 52 434
8 53 1565
8 54 2796
8 55 482
8 56 1613
8 57 2844
8 58 530
8 59 1661
8 60 2892
8 61 578
8 62 1709
8 63 2940
8 64 626
8 65 1757
8 66 2988
8 67 674
8 68 1805
8 69 3036
8 70 722
8 71 1853
8 72 3084
8 73 770
8 74 1901
8 75 3132
8 76 818
8 77 1949
8 78 3180
8 79 866
8 80 1997
8 81 3228
8 82 170
9 0 614
9 1 1328
9 2 1384
9 3 1597
9 4 842
9 5 557
9 6 1952
9 7 1128
9 8 544
9 9 0
9 10 1735
9 11 522
9 12 1376
9 13 2005
9 14 673
9 15 578
9 16 738
9 17 838
9 18 943
9 19 1746
9 20 1075
9 21 1073
9 22 1646
9 23 1902
9 24 1484
9 25 591
9 26 1175
9 27 1639
9 28 494
9 29 1313
9 30 2544
9 31 446
9 32 1265
9 33 2496
9 34 398
9 35 1217
9 36 2448
9 37 350
9 38 1169
9 39 2400
9 40 302
9 41 1121
9 42 2352
9 43 254
9 44 1073
9 45 2304
9 46 206
9 47 1025
9 48 2256
9 49 254
9 50 1073
9 51 2304
9 52 302
9 53 1121
9 54 2352
9 55 350
9 56 1169
9 57 2400
9 58 398
9 59 1217
9 60 2448
9 61 446
9 62 1265
9 63 2496
9 64 494
9 65 1313
9 66 2544
9 67 542
9 68 1361
9 69 2592
9 70 590
9 71 1409
9 72 2640
9 73 638
9 74 1457
9 75 2688
9 76 686
9 77 1505
9 78 2736
9 79 734
9 80 1553
9 81 2784
9 82 614
10 0 1965
10 1 629
10 2 351
10 3 898
10 4 1593
10 5 2166
10 6 1253
10 7 1307
10 8 1795
10 9 1735
10 10 0
10 11 2105
10 12 677
10 13 1690
10 14 1762
10 15 1569
10 16 1409
10 17 1693
10 18 1876
10 19 1431
10 20 760
10 21 1746
10 22 1331
10 23 1587
10 24 785
10 25 1556
10 26 764
10 27 1324
10 28 1845
10 29 614
10 30 809
10 31 1797
10 32 566
10 33 761
10 34 1749
10 35 518
10 36 713
10 37 1797
10 38 566
10 39 761
10 40 1845
10 41 614
10 42 809
10 43 1893
10 44 662
10 45 857
10 46 1941
10 47 710
10 48 905
10 49 1989
10 50 758
10 51 953
10 52 2037
10 53 806
10 54 1001
10 55 2085
10 56 854
10 57 1049
10 58 2133
10 59 902
10 60 1097
10 61 2181
10 62 950
10 63 1145
10 64 2229
10 65 998
10 66 1193
10 67 2277
10 68 1046
10 69 1241
10 70 2325
10 71 1094
10 72 1289
10 73 2373
10 74 1142
10 75 1337
10 76 2421
10 77 1190
10 78 1385
10 79 2469
10 80 1238
10 81 1433
10 82 1965
11 0 724
11 1 1698
11 2 1754
11 3 1967
11 4 664
11 5 187
11 6 2322
11 7 950
11 8 654
11 9 522
11 10 2105
11 11 0
11 12 1746
11 13 1895
11 14 495
11 15 688
11 16 848
11 17 564
11 18 573
11 19 1636
11 20 1445
11 21 703
11 22 1536
11 23 1792
11 24 1854
11 25 701
11 26 1545
11 27 1817
11 28 604
11 29 1683
11 30 2914
11 31 556
11 32 1635
11 33 2866
11 34 508
11 35 1587
11 36 2818
11 37 460
11 38 1539
11 39 2770
11 40 412
11 41 1491
11 42 2722
11 43 364
11 44 1443
11 45 2674
11 46 316
11 47 1395
11 48 2626
11 49 268
11 50 1347
11 51 2578
11 52 220
11 53 1299
11 54 2530
11 55 172
11 56 1251
11 57 2482
11 58 124
11 59 1203
11 60 2434
11 61 76
11 62 1155
11 63 2386
11 64 124
11 65 1203
11 66 2434
11 67 172
11 68 1251
11 69 2482
11 70 220
11 71 1299
11 72 2530
11 73 268
11 74 1347
11 75 2578
11 76 316
11 77 1395
11 78 2626
11 79 364
11 80 1443
11 81 2674
11 82 724
12 0 1414
12 1 174
12 2 326
12 3 221
12 4 1234
12 5 1807
12 6 798
12 7 948
12 8 1244
12 9 1376
12 10 677
12 11 1746
12 12 0
12 13 1331
12 14 1403
12 15 1210
12 16 1050
12 17 1334
12 18 1517
12 19 1072
12 20 401
12 21 1387
12 22 972
12 23 1228
12 24 330
12 25 1197
12 26 405
12 27 965
12 28 1294
12 29 63
12 30 1168
12 31 1342
12 32 111
12 33 1216
12 34 1390
12 35 159
12 36 1264
12 37 1438
12 38 207
12 39 1312
12 40 1486
12 41 255
12 42 1360
12 43 1534
12 44 303
12 45 1408
12 46 1582
12 47 351
12 48 1456
12 49 1630
12 50 399
12 51 1504
12 52 1678
12 53 447
12 54 1552
12 55 1726
12 56 495
12 57 1600
12 58 1774
12 59 543
12 60 1648
12 61 1822
12 62 591
12 63 1696
12 64 1870
12 65 639
12 66 1744
12 67 1918
12 68 687
12 69 1792
12 70 1966
12 71 735
12 72 1840
12 73 2014
12 74 783
12 75 1888
12 76 2062
12 77 831
12 78 1936
12 79 2110
12 80 879
12 81 1984
12 82 1414
13 0 2619
13 1 1283
13 2 1339
13 3 1552
13 4 1575
13 5 1860
13 6 1803
13 7 1289
13 8 2449
13 9 2005
13 10 1690
13 11 1895
13 12 1331
13 13 0
13 14 1744
13 15 2223
13 16 1967
13 17 1579
13 18 1474
13 19 933
13 20 1030
13 21 1344
13 22 833
13 23 1089
13 24 1439
13 25 2210
13 26 1130
13 27 1402
13 28 2499
13 29 1268
13 30 1307
13 31 2451
13 32 1220
13 33 1259
13 34 2403
13 35 1172
13 36 1211
13 37 2355
13 38 1124
13 39 1163
13 40 2307
13 41 1076
13 42 1115
13 43 2259
13 44 1028
13 45 1067
13 46 2211
13 47 980
13 48 1019
13 49 2163
13 50 932
13 51 971
13 52 2115
13 53 884
13 54 923
13 55 2067
13 56 836
13 57 875
13 58 2019
13 59 788
13 60 827
13 61 1971
13 62 740
13 63 779
13 64 1923
13 65 692
13 66 731
13 67 1875
13 68 644
13 69 683
13 70 1827
13 71 596
13 72 635
13 73 1875
13 74 644
13 75 683
13 76 1923
13 77 692
13 78 731
13 79 1971
13 80 740
13 81 779
13 82 2619
14 0 875
14 1 1355
14 2 1411
14 3 1624
14 4 169
14 5 530
14 6 1979
14 7 455
14 8 805
14 9 673
14 10 1762
14 11 495
14 12 1403
14 13 1744
14 14 0
14 15 839
14 16 999
14 17 811
14 18 916
14 19 1485
14 20 1102
14 21 1046
14 22 1385
14 23 1641
14 24 1511
14 25 852
14 26 1202
14 27 1474
14 28 755
14 29 1340
14 30 2571
14 31 707
14 32 1292
14 33 2523
14 34 659
14 35 1244
14 36 2475
14 37 611
14 38 1196
14 39 2427
14 40 563
14 41 1148
14 42 2379
14 43 515
14 44 1100
14 45 2331
14 46 467
14 47 1052
14 48 2283
14 49 419
14 50 1004
14 51 2235
14 52 371
14 53 956
14 54 2187
14 55 323
14 56 908
14 57 2139
14 58 371
14 59 956
14 60 2187
14 61 419
14 62 1004
14 63 2235
14 64 467
14 65 1052
14 66 2283
14 67 515
14 68 1100
14 69 2331
14 70 563
14 71 1148
14 72 2379
14 73 611
14 74 1196
14 75 2427
14 76 659
14 77 1244
14 78 2475
14 79 707
14 80 1292
14 81 2523
14 82 875
15 0 396
15 1 1162
15 2 1218
15 3 1431
15 4 1008
15 5 723
15 6 1786
15 7 1294
15 8 326
15 9 578
15 10 1569
15 11 688
15 12 1210
15 13 2223
15 14 839
15 15 0
15 16 616
15 17 1004
15 18 1109
15 19 1964
15 20 1293
15 21 1239
15 22 1864
15 23 2120
15 24 1318
15 25 13
15 26 1297
15 27 1857
15 28 276
15 29 1147
15 30 2378
15 31 228
15 32 1099
15 33 2330
15 34 180
15 35 1051
15 36 2282
15 37 228
15 38 1099
15 39 2330
15 40 276
15 41 1147
15 42 2378
15 43 324
15 44 1195
15 45 2426
15 46 372
15 47 1243
15 48 2474
15 49 420
15 50 1291
15 51 2522
15 52 468
15 53 1339
15 54 2570
15 55 516
15 56 1387
15 57 2618
15 58 564
15 59 1435
15 60 2666
15 61 612
15 62 1483
15 63 2714
15 64 660
15 65 1531
15 66 2762
15 67 708
15 68 1579
15 69 2810
15 70 756
15 71 1627
15 72 2858
15 73 804
15 74 1675
15 75 2906
15 76 852
15 77 1723
15 78 2954
15 79 900
15 80 1771
15 81 3002
15 82 396
16 0 652
16 1 1002
16 2 1058
16 3 1271
16 4 1168
16 5 883
16 6 1626
16 7 1454
16 8 582
16 9 738
16 10 1409
16 11 848
16 12 1050
16 13 1967
16 14 999
16 15 616
16 16 0
16 17 1164
16 18 1269
16 19 1708
16 20 1037
16 21 1399
16 22 1608
16 23 1864
16 24 1158
16 25 629
16 26 1041
16 27 1601
16 28 532
16 29 987
16 30 2218
16 31 484
16 32 939
16 33 2170
16 34 436
16 35 891
16 36 2122
16 37 388
16 38 843
16 39 2074
16 40 436
16 41 891
16 42 2122
16 43 484
16 44 939
16 45 2170
16 46 532
16 47 987
16 48 2218
16 49 580
16 50 1035
16 51 2266
16 52 628
16 53 1083
16 54 2314
16 55 676
16 56 1131
16 57 2362
16 58 724
16 59 1179
16 60 2410
16 61 772
16 62 1227
16 63 2458
16 64 820
16 65 1275
16 66 2506
16 67 868
16 68 1323
16 69 2554
16 70 916
16 71 1371
16 72 2602
16 73 964
16 74 1419
16 75 2650
16 76 1012
16 77 1467
16 78 2698
16 79 1060
16 80 1515
16 81 2746
16 82 652
17 0 1040
17 1 1286
17 2 1342
17 3 1555
17 4 980
17 5 599
17 6 1910
17 7 1266
17 8 970
17 9 838
17 10 1693
17 11 564
17 12 1334
17 13 1579
17 14 811
17 15 1004
17 16 1164
17 17 0
17 18 985
17 19 1320
17 20 1033
17 21 1115
17 22 1220
17 23 1476
17 24 1442
17 25 1017
17 26 1133
17 27 1405
17 28 920
17 29 1271
17 30 2502
17 31 872
17 32 1223
17 33 2454
17 34 824
17 35 1175
17 36 2406
17 37 776
17 38 1127
17 39 2358
17 40 728
17 41 1079
17 42 2310
17 43 680
17 44 1031
17 45 2262
17 46 632
17 47 983
17 48 2214
17 49 584
17 50 935
17 51 2166
17 52 536
17 53 887
17 54 2118
17 55 488
17 56 839
17 57 2070
17 58 440
17 59 791
17 60 2022
17 61 488
17 62 839
17 63 2070
17 64 536
17 65 887
17 66 2118
17 67 584
17 68 935
17 69 2166
17 70 632
17 71 983
17 72 2214
17 73 680
17 74 1031
17 75 2262
17 76 728
17 77 1079
17 78 2310
17 79 776
17 80 1127
17 81 2358
17 82 1040
18 0 1145
18 1 1469
18 2 1525
18 3 1738
18 4 1085
18 5 512
18 6 2093
18 7 1371
18 8 1075
18 9 943
18 10 1876
18 11 573
18 12 1517
18 13 1474
18 14 916
18 15 1109
18 16 1269
18 17 985
18 18 0
18 19 1215
18 20 1216
18 21 130
18 22 1115
18 23 1371
18 24 1625
18 25 1122
18 26 1316
18 27 1588
18 28 1025
18 29 1454
18 30 2685
18 31 977
18 32 1406
18 33 2637
18 34 929
18 35 1358
18 36 2589
18 37 881
18 38 1310
18 39 2541
18 40 833
18 41 1262
18 42 2493
18 43 785
18 44 1214
18 45 2445
18 46 737
18 47 1166
18 48 2397
18 49 689
18 50 1118
18 51 2349
18 52 641
18 53 1070
18 54 2301
18 55 593
18 56 1022
18 57 2253
18 58 545
18 59 974
18 60 2205
18 61 497
18 62 926
18 63 2157
18 64 449
18 65 878
18 66 2109
18 67 401
18 68 830
18 69 2061
18 70 449
18 71 878
18 72 2109
18 73 497
18 74 926
18 75 2157
18 76 545
18 77 974
18 78 2205
18 79 593
18 80 1022
18 81 2253
18 82 1145
19 0 2360
19 1 1024
19 2 1080
19 3 1293
19 4 1316
19 5 1601
19 6 1648
19 7 1030
19 8 2190
19 9 1746
19 10 1431
19 11 1636
19 12 1072
19 13 933
19 14 1485
19 15 1964
19 16 1708
19 17 1320
19 18 1215
19 19 0
19 20 771
19 21 1085
19 22 382
19 23 156
19 24 1180
19 25 1951
19 26 871
19 27 1143
19 28 2240
19 29 1009
19 30 1854
19 31 2192
19 32 961
19 33 1806
19 34 2144
19 35 913
19 36 1758
19 37 2096
19 38 865
19 39 1710
19 40 2048
19 41 817
19 42 1662
19 43 2000
19 44 769
19 45 1614
19 46 1952
19 47 721
19 48 1566
19 49 1904
19 50 673
19 51 1518
19 52 1856
19 53 625
19 54 1470
19 55 1808
19 56 577
19 57 1422
19 58 1760
19 59 529
19 60 1374
19 61 1712
19 62 481
19 63 1326
19 64 1664
19 65 433
19 66 1278
19 67 1616
19 68 385
19 69 1230
19 70 1568
19 71 337
19 72 1182
19 73 1520
19 74 289
19 75 1134
19 76 1472
19 77 241
19 78 1086
19 79 1424
19 80 193
19 81 1038
19 82 2360
20 0 1689
20 1 353
20 2 409
20 3 622
20 4 933
20 5 1506
20 6 977
20 7 647
20 8 1519
20 9 1075
20 10 760
20 11 1445
20 12 401
20 13 1030
20 14 1102
20 15 1293
20 16 1037
20 17 1033
20 18 1216
20 19 771
20 20 0
20 21 1086
20 22 671
20 23 927
20 24 509
20 25 1280
20 26 200
20 27 664
20 28 1569
20 29 338
20 30 1469
20 31 1521
20 32 290
20 33 1421
20 34 1473
20 35 242
20 36 1373
20 37 1425
20 38 194
20 39 1325
20 40 1377
20 41 146
20 42 1277
20 43 1329
20 44 98
20 45 1229
20 46 1281
20 47 50
20 48 1181
20 49 1329
20 50 98
20 51 1229
20 52 1377
20 53 146
20 54 1277
20 55 1425
20 56 194
20 57 1325
20 58 1473
20 59 242
20 60 1373
20 61 1521
20 62 290
20 63 1421
20 64 1569
20 65 338
20 66 1469
20 67 1617
20 68 386
20 69 1517
20 70 1665
20 71 434
20 72 1565
20 73 1713
20 74 482
20 75 1613
20 76 1761
20 77 530
20 78 1661
20 79 1809
20 80 578
20 81 1709
20 82 1689
21 0 1275
21 1 1339
21 2 1395
21 3 1608
21 4 1215
21 5 642
21 6 1963
21 7 1345
21 8 1205
21 9 1073
21 10 1746
21 11 703
21 12 1387
21 13 1344
21 14 1046
21 15 1239
21 16 1399
21 17 1115
21 18 130
21 19 1085
21 20 1086
21 21 0
21 22 985
21 23 1241
21 24 1495
21 25 1252
21 26 1186
21 27 1458
21 28 1155
21 29 1324
21 30 2555
21 31 1107
21 32 1276
21 33 2507
21 34 1059
21 35 1228
21 36 2459
21 37 1011
21 38 1180
21 39 2411
21 40 963
21 41 1132
21 42 2363
21 43 915
21 44 1084
21 45 2315
21 46 867
21 47 1036
21 48 2267
21 49 819
21 50 988
21 51 2219
21 52 771
21 53 940
21 54 2171
21 55 723
21 56 892
21 57 2123
21 58 675
21 59 844
21 60 2075
21 61 627
21 62 796
21 63 2027
21 64 579
21 65 748
21 66 1979
21 67 531
21 68 700
21 69 1931
21 70 579
21 71 748
21 72 1979
21 73 627
21 74 796
21 75 2027
21 76 675
21 77 844
21 78 2075
21 79 723
21 80 892
21 81 2123
21 82 1275
22 0 2260
22 1 924
22 2 980
22 3 1193
22 4 1216
22 5 1501
22 6 1548
22 7 930
22 8 2090
22 9 1646
22 10 1331
22 11 1536
22 12 972
22 13 833
22 14 1385
22 15 1864
22 16 1608
22 17 1220
22 18 1115
22 19 382
22 20 671
22 21 985
22 22 0
22 23 538
22 24 1080
22 25 1851
22 26 771
22 27 1043
22 28 2140
22 29 909
22 30 1858
22 31 2092
22 32 861
22 33 1810
22 34 2044
22 35 813
22 36 1762
22 37 1996
22 38 765
22 39 1714
22 40 1948
22 41 717
22 42 1666
22 43 1900
22 44 669
22 45 1618
22 46 1852
22 47 621
22 48 1570
22 49 1804
22 50 573
22 51 1522
22 52 1756
22 53 525
22 54 1474
22 55 1708
22 56 477
22 57 1426
22 58 1660
22 59 429
22 60 1378
22 61 1612
22 62 381
22 63 1330
22 64 1564
22 65 333
22 66 1282
22 67 1516
22 68 285
22 69 1234
22 70 1468
22 71 237
22 72 1186
22 73 1420
22 74 189
22 75 1138
22 76 1372
22 77 141
22 78 1090
22 79 1420
22 80 189
22 81 1138
22 82 2260
23 0 2516
23 1 1180
23 2 1236
23 3 1449
23 4 1472
23 5 1757
23 6 1804
23 7 1186
23 8 2346
23 9 1902
23 10 1587
23 11 1792
23 12 1228
23 13 1089
23 14 1641
23 15 2120
23 16 1864
23 17 1476
23 18 1371
23 19 156
23 20 927
23 21 1241
23 22 538
23 23 0
23 24 1336
23 25 2107
23 26 1027
23 27 1299
23 28 2396
23 29 1165
23 30 1698
23 31 2348
23 32 1117
23 33 1650
23 34 2300
23 35 1069
23 36 1602
23 37 2252
23 38 1021
23 39 1554
23 40 2204
23 41 973
23 42 1506
23 43 2156
23 44 925
23 45 1458
23 46 2108
23 47 877
23 48 1410
23 49 2060
23 50 829
23 51 1362
23 52 2012
23 53 781
23 54 1314
23 55 1964
23 56 733
23 57 1266
23 58 1916
23 59 685
23 60 1218
23 61 1868
23 62 637
23 63 1170
23 64 1820
23 65 589
23 66 1122
23 67 1772
23 68 541
23 69 1074
23 70 1724
23 71 493
23 72 1026
23 73 1676
23 74 445
23 75 978
23 76 1628
23 77 397
23 78 930
23 79 1580
23 80 349
23 81 882
23 82 2516
24 0 1618
24 1 156
24 2 434
24 3 551
24 4 1342
24 5 1915
24 6 468
24 7 1056
24 8 1448
24 9 1484
24 10 785
24 11 1854
24 12 330
24 13 1439
24 14 1511
24 15 1318
24 16 1158
24 17 1442
24 18 1625
24 19 1180
24 20 509
24 21 1495
24 22 1080
24 23 1336
24 24 0
24 25 1305
24 26 513
24 27 1073
24 28 1498
24 29 267
24 30 1060
24 31 1450
24 32 219
24 33 1012
24 34 1498
24 35 267
24 36 1060
24 37 1546
24 38 315
24 39 1108
24 40 1594
24 41 363
24 42 1156
24 43 1642
24 44 411
24 45 1204
24 46 1690
24 47 459
24 48 1252
24 49 1738
24 50 507
24 51 1300
24 52 1786
24 53 555
24 54 1348
24 55 1834
24 56 603
24 57 1396
24 58 1882
24 59 651
24 60 1444
24 61 1930
24 62 699
24 63 1492
24 64 1978
24 65 747
24 66 1540
24 67 2026
24 68 795
24 69 1588
24 70 2074
24 71 843
24 72 1636
24 73 2122
24 74 891
24 75 1684
24 76 2170
24 77 939
24 78 1732
24 79 2218
24 80 987
24 81 1780
24 82 1618
25 0 409
25 1 1149
25 2 1205
25 3 1418
25 4 1021
25 5 736
25 6 1773
25 7 1307
25 8 339
25 9 591
25 10 1556
25 11 701
25 12 1197
25 13 2210
25 14 852
25 15 13
25 16 629
25 17 1017
25 18 1122
25 19 1951
25 20 1280
25 21 1252
25 22 1851
25 23 2107
25 24 1305
25 25 0
25 26 1284
25 27 1844
25 28 289
25 29 1134
25 30 2365
25 31 241
25 32 1086
25 33 2317
25 34 193
25 35 1038
25 36 2269
25 37 241
25 38 1086
25 39 2317
25 40 289
25 41 1134
25 42 2365
25 43 337
25 44 1182
25 45 2413
25 46 385
25 47 1230
25 48 2461
25 49 433
25 50 1278
25 51 2509
25 52 481
25 53 1326
25 54 2557
25 55 529
25 56 1374
25 57 2605
25 58 577
25 59 1422
25 60 2653
25 61 625
25 62 1470
25 63 2701
25 64 673
25 65 1518
25 66 2749
25 67 721
25 68 1566
25 69 2797
25 70 769
25 71 1614
25 72 2845
25 73 817
25 74 1662
25 75 2893
25 76 865
25 77 1710
25 78 2941
25 79 913
25 80 1758
25 81 2989
25 82 409
26 0 1693
26 1 357
26 2 413
26 3 626
26 4 1033
26 5 1606
26 6 981
26 7 747
26 8 1523
26 9 1175
26 10 764
26 11 1545
26 12 405
26 13 1130
26 14 1202
26 15 1297
26 16 1041
26 17 1133
26 18 1316
26 19 871
26 20 200
26 21 1186
26 22 771
26 23 1027
26 24 513
26 25 1284
26 26 0
26 27 764
26 28 1573
26 29 342
26 30 1369
26 31 1525
26 32 294
26 33 1321
26 34 1477
26 35 246
26 36 1273
26 37 1429
26 38 198
26 39 1225
26 40 1381
26 41 150
26 42 1177
26 43 1333
26 44 102
26 45 1129
26 46 1381
26 47 150
26 48 1177
26 49 1429
26 50 198
26 51 1225
26 52 1477
26 53 246
26 54 1273
26 55 1525
26 56 294
26 57 1321
26 58 1573
26 59 342
26 60 1369
26 61 1621
26 62 390
26 63 1417
26 64 1669
26 65 438
26 66 1465
26 67 1717
26 68 486
26 69 1513
26 70 1765
26 71 534
26 72 1561
26 73 1813
26 74 582
26 75 1609
26 76 1861
26 77 630
26 78 1657
26 79 1909
26 80 678
26 81 1705
26 82 1693
27 0 2253
27 1 917
27 2 973
27 3 1186
27 4 1305
27 5 1878
27 6 1541
27 7 1019
27 8 2083
27 9 1639
27 10 1324
27 11 1817
27 12 965
27 13 1402
27 14 1474
27 15 1857
27 16 1601
27 17 1405
27 18 1588
27 19 1143
27 20 664
27 21 1458
27 22 1043
27 23 1299
27 24 1073
27 25 1844
27 26 764
27 27 0
27 28 2133
27 29 902
27 30 1097
27 31 2085
27 32 854
27 33 1049
27 34 2037
27 35 806
27 36 1001
27 37 1989
27 38 758
27 39 953
27 40 1941
27 41 710
27 42 905
27 43 1893
27 44 662
27 45 857
27 46 1845
27 47 614
27 48 809
27 49 1797
27 50 566
27 51 761
27 52 1749
27 53 518
27 54 713
27 55 1797
27 56 566
27 57 761
27 58 1845
27 59 614
27 60 809
27 61 1893
27 62 662
27 63 857
27 64 1941
27 65 710
27 66 905
27 67 1989
27 68 758
27 69 953
27 70 2037
27 71 806
27 72 1001
27 73 2085
27 74 854
27 75 1049
27 76 2133
27 77 902
27 78 1097
27 79 2181
27 80 950
27 81 1145
27 82 2253
28 0 120
28 1 1342
28 2 1494
28 3 1515
28 4 924
28 5 639
28 6 1966
28 7 1210
28 8 50
28 9 494
28 10 1845
28 11 604
28 12 1294
28 13 2499
28 14 755
28 15 276
28 16 532
28 17 920
28 18 1025
28 19 2240
28 20 1569
28 21 1155
28 22 2140
28 23 2396
28 24 1498
28 25 289
28 26 1573
28 27 2133
28 28 0
28 29 1231
28 30 2462
28 31 48
28 32 1279
28 33 2510
28 34 96
28 35 1327
28 36 2558
28 37 144
28 38 1375
28 39 2606
28 40 192
28 41 1423
28 42 2654
28 43 240
28 44 1471
28 45 2702
28 46 288
28 47 1519
28 48 2750
28 49 336
28 50 1567
28 51 2798
28 52 384
28 53 1615
28 54 2846
28 55 432
28 56 1663
28 57 2894
28 58 480
28 59 1711
28 60 2942
28 61 528
28 62 1759
28 63 2990
28 64 576
28 65 1807
28 66 3038
28 67 624
28 68 1855
28 69 3086
28 70 672
28 71 1903
28 72 3134
28 73 720
28 74 1951
28 75 3182
28 76 768
28 77 1999
28 78 3230
28 79 816
28 80 2047
28 81 3278
28 82 120
29 0 1351
29 1 111
29 2 263
29 3 284
29 4 1171
29 5 1744
29 6 735
29 7 885
29 8 1181
29 9 1313
29 10 614
29 11 1683
29 12 63
29 13 1268
29 14 1340
29 15 1147
29 16 987
29 17 1271
29 18 1454
29 19 1009
29 20 338
29 21 1324
29 22 909
29 23 1165
29 24 267
29 25 1134
29 26 342
29 27 902
29 28 1231
29 29 0
29 30 1231
29 31 1279
29 32 48
29 33 1279
29 34 1327
29 35 96
29 36 1327
29 37 1375
29 38 144
29 39 1375
29 40 1423
29 41 192
29 42 1423
29 43 1471
29 44 240
29 45 1471
29 46 1519
29 47 288
29 48 1519
29 49 1567
29 50 336
29 51 1567
29 52 1615
29 53 384
29 54 1615
29 55 1663
29 56 432
29 57 1663
29 58 1711
29 59 480
29 60 1711
29 61 1759
29 62 528
29 63 1759
29 64 1807
29 65 576
29 66 1807
29 67 1855
29 68 624
29 69 1855
29 70 1903
29 71 672
29 72 1903
29 73 1951
29 74 720
29 75 1951
29 76 1999
29 77 768
29 78 1999
29 79 2047
29 80 816
29 81 2047
29 82 1351
30 0 2582
30 1 1216
30 2 1160
30 3 947
30 4 2402
30 5 2975
30 6 592
30 7 2116
30 8 2412
30 9 2544
30 10 809
30 11 2914
30 12 1168
30 13 1307
30 14 2571
30 15 2378
30 16 2218
30 17 2502
30 18 2685
30 19 1854
30 20 1469
30 21 2555
30 22 1858
30 23 1698
30 24 1060
30 25 2365
30 26 1369
30 27 1097
30 28 2462
30 29 1231
30 30 0
30 31 2510
30 32 1279
30 33 48
30 34 2558
30 35 1327
30 36 96
30 37 2606
30 38 1375
30 39 144
30 40 2654
30 41 1423
30 42 192
30 43 2702
30 44 1471
30 45 240
30 46 2750
30 47 1519
30 48 288
30 49 2798
30 50 1567
30 51 336
30 52 2846
30 53 1615
30 54 384
30 55 2894
30 56 1663
30 57 432
30 58 2942
30 59 1711
30 60 480
30 61 2990
30 62 1759
30 63 528
30 64 3038
30 65 1807
30 66 576
30 67 3086
30 68 1855
30 69 624
30 70 3134
30 71 1903
30 72 672
30 73 3182
30 74 1951
30 75 720
30 76 3230
30 77 1999
30 78 768
30 79 3278
30 80 2047
30 81 816
30 82 2582
31 0 168
31 1 1294
31 2 1446
31 3 1563
31 4 876
31 5 591
31 6 1918
31 7 1162
31 8 98
31 9 446
31 10 1797
31 11 556
31 12 1342
31 13 2451
31 14 707
31 15 228
31 16 484
31 17 872
31 18 977
31 19 2192
31 20 1521
31 21 1107
31 22 2092
31 23 2348
31 24 1450
31 25 241
31 26 1525
31 27 2085
31 28 48
31 29 1279
31 30 2510
31 31 0
31 32 1231
31 33 2462
31 34 48
31 35 1279
31 36 2510
31 37 96
31 38 1327
31 39 2558
31 40 144
31 41 1375
31 42 2606
31 43 192
31 44 1423
31 45 2654
31 46 240
31 47 1471
31 48 2702
31 49 288
31 50 1519
31 51 2750
31 52 336
31 53 1567
31 54 2798
31 55 384
31 56 1615
31 57 2846
31 58 432
31 59 1663
31 60 2894
31 61 480
31 62 1711
31 63 2942
31 64 528
31 65 1759
31 66 2990
31 67 576
31 68 1807
31 69 3038
31 70 624
31 71 1855
31 72 3086
31 73 672
31 74 1903
31 75 3134
31 76 720
31 77 1951
31 78 3182
31 79 768
31 80 1999
31 81 3230
31 82 168
32 0 1399
32 1 63
32 2 215
32 3 332
32 4 1123
32 5 1696
32 6 687
32 7 837
32 8 1229
32 9 1265
32 10 566
32 11 1635
32 12 111
32 13 1220
32 14 1292
32 15 1099
32 16 939
32 17 1223
32 18 1406
32 19 961
32 20 290
32 21 1276
32 22 861
32 23 1117
32 24 219
32 25 1086
32 26 294
32 27 854
32 28 1279
32 29 48
32 30 1279
32 31 1231
32 32 0
32 33 1231
32 34 1279
32 35 48
32 36 1279
32 37 1327
32 38 96
32 39 1327
32 40 1375
32 41 144
32 42 1375
32 43 1423
32 44 192
32 45 1423
32 46 1471
32 47 240
32 48 1471
32 49 1519
32 50 288
32 51 1519
32 52 1567
32 53 336
32 54 1567
32 55 1615
32 56 384
32 57 1615
32 58 1663
32 59 432
32 60 1663
32 61 1711
32 62 480
32 63 1711
32 64 1759
32 65 528
32 66 1759
32 67 1807
32 68 576
32 69 1807
32 70 1855
32 71 624
32 72 1855
32 73 1903
32 74 672
32 75 1903
32 76 1951
32 77 720
32 78 1951
32 79 1999
32 80 768
32 81 1999
32 82 1399
33 0 2630
33 1 1168
33 2 1112
33 3 995
33 4 2354
33 5 2927
33 6 544
33 7 2068
33 8 2460
33 9 2496
33 10 761
33 11 2866
33 12 1216
33 13 1259
33 14 2523
33 15 2330
33 16 2170
33 17 2454
33 18 2637
33 19 1806
33 20 1421
33 21 2507
33 22 1810
33 23 1650
33 24 1012
33 25 2317
33 26 1321
33 27 1049
33 28 2510
33 29 1279
33 30 48
33 31 2462
33 32 1231
33 33 0
33 34 2510
33 35 1279
33 36 48
33 37 2558
33 38 1327
33 39 96
33 40 2606
33 41 1375
33 42 144
33 43 2654
33 44 1423
33 45 192
33 46 2702
33 47 1471
33 48 240
33 49 2750
33 50 1519
33 51 288
33 52 2798
33 53 1567
33 54 336
33 55 2846
33 56 1615
33 57 384
33 58 2894
33 59 1663
33 60 432
33 61 2942
33 62 1711
33 63 480
33 64 2990
33 65 1759
33 66 528
33 67 3038
33 68 1807
33 69 576
33 70 3086
33 71 1855
33 72 624
33 73 3134
33 74 1903
33 75 672
33 76 3182
33 77 1951
33 78 720
33 79 3230
33 80 1999
33 81 768
33 82 2630
34 0 216
34 1 1342
34 2 1398
34 3 1611
34 4 828
34 5 543
34 6 1966
34 7 1114
34 8 146
34 9 398
34 10 1749
34 11 508
34 12 1390
34 13 2403
34 14 659
34 15 180
34 16 436
34 17 824
34 18 929
34 19 2144
34 20 1473
34 21 1059
34 22 2044
34 23 2300
34 24 1498
34 25 193
34 26 1477
34 27 2037
34 28 96
34 29 1327
34 30 2558
34 31 48
34 32 1279
34 33 2510
34 34 0
34 35 1231
34 36 2462
34 37 48
34 38 1279
34 39 2510
34 40 96
34 41 1327
34 42 2558
34 43 144
34 44 1375
34 45 2606
34 46 192
34 47 1423
34 48 2654
34 49 240
34 50 1471
34 51 2702
34 52 288
34 53 1519
34 54 2750
34 55 336
34 56 1567
34 57 2798
34 58 384
34 59 1615
34 60 2846
34 61 432
34 62 1663
34 63 2894
34 64 480
34 65 1711
34 66 2942
34 67 528
34 68 1759
34 69 2990
34 70 576
34 71 1807
34 72 3038
34 73 624
34 74 1855
34 75 3086
34 76 672
34 77 1903
34 78 3134
34 79 720
34 80 1951
34 81 3182
34 82 216
35 0 1447
35 1 111
35 2 167
35 3 380
35 4 1075
35 5 1648
35 6 735
35 7 789
35 8 1277
35 9 1217
35 10 518
35 11 1587
35 12 159
35 13 1172
35 14 1244
35 15 1051
35 16 891
35 17 1175
35 18 1358
35 19 913
35 20 242
35 21 1228
35 22 813
35 23 1069
35 24 267
35 25 1038
35 26 246
35 27 806
35 28 1327
35 29 96
35 30 1327
35 31 1279
35 32 48
35 33 1279
35 34 1231
35 35 0
35 36 1231
35 37 1279
35 38 48
35 39 1279
35 40 1327
35 41 96
35 42 1327
35 43 1375
35 44 144
35 45 1375
35 46 1423
35 47 192
35 48 1423
35 49 1471
35 50 240
35 51 1471
35 52 1519
35 53 288
35 54 1519
35 55 1567
35 56 336
35 57 1567
35 58 1615
35 59 384
35 60 1615
35 61 1663
35 62 432
35 63 1663
35 64 1711
35 65 480
35 66 1711
35 67 1759
35 68 528
35 69 1759
35 70 1807
35 71 576
35 72 1807
35 73 1855
35 74 624
35 75 1855
35 76 1903
35 77 672
35 78 1903
35 79 1951
35 80 720
35 81 1951
35 82 1447
36 0 2678
36 1 1216
36 2 1064
36 3 1043
36 4 2306
36 5 2879
36 6 592
36 7 2020
36 8 2508
36 9 2448
36 10 713
36 11 2818
36 12 1264
36 13 1211
36 14 2475
36 15 2282
36 16 2122
36 17 2406
36 18 2589
36 19 1758
36 20 1373
36 21 2459
36 22 1762
36 23 1602
36 24 1060
36 25 2269
36 26 1273
36 27 1001
36 28 2558
36 29 1327
36 30 96
36 31 2510
36 32 1279
36 33 48
36 34 2462
36 35 1231
36 36 0
36 37 2510
36 38 1279
36 39 48
36 40 2558
36 41 1327
36 42 96
36 43 2606
36 44 1375
36 45 144
36 46 2654
36 47 1423
36 48 192
36 49 2702
36 50 1471
36 51 240
36 52 2750
36 53 1519
36 54 288
36 55 2798
36 56 1567
36 57 336
36 58 2846
36 59 1615
36 60 384
36 61 2894
36 62 1663
36 63 432
36 64 2942
36 65 1711
36 66 480
36 67 2990
36 68 1759
36 69 528
36 70 3038
36 71 1807
36 72 576
36 73 3086
36 74 1855
36 75 624
36 76 3134
36 77 1903
36 78 672
36 79 3182
36 80 1951
36 81 720
36 82 2678
37 0 264
37 1 1390
37 2 1446
37 3 1659
37 4 780
37 5 495
37 6 2014
37 7 1066
37 8 194
37 9 350
37 10 1797
37 11 460
37 12 1438
37 13 2355
37 14 611
37 15 228
37 16 388
37 17 776
37 18 881
37 19 2096
37 20 1425
37 21 1011
37 22 1996
37 23 2252
37 24 1546
37 25 241
37 26 1429
37 27 1989
37 28 144
37 29 1375
37 30 2606
37 31 96
37 32 1327
37 33 2558
37 34 48
37 35 1279
37 36 2510
37 37 0
37 38 1231
37 39 2462
37 40 48
37 41 1279
37 42 2510
37 43 96
37 44 1327
37 45 2558
37 46 144
37 47 1375
37 48 2606
37 49 192
37 50 1423
37 51 2654
37 52 240
37 53 1471
37 54 2702
37 55 288
37 56 1519
37 57 2750
37 58 336
37 59 1567
37 60 2798
37 61 384
37 62 1615
37 63 2846
37 64 432
37 65 1663
37 66 2894
37 67 480
37 68 1711
37 69 2942
37 70 528
37 71 1759
37 72 2990
37 73 576
37 74 1807
37 75 3038
37 76 624
37 77 1855
37 78 3086
37 79 672
37 80 1903
37 81 3134
37 82 264
38 0 1495
38 1 159
38 2 215
38 3 428
38 4 1027
38 5 1600
38 6 783
38 7 741
38 8 1325
38 9 1169
38 10 566
38 11 1539
38 12 207
38 13 1124
38 14 1196
38 15 1099
38 16 843
38 17 1127
38 18 1310
38 19 865
38 20 194
38 21 1180
38 22 765
38 23 1021
38 24 315
38 25 1086
38 26 198
38 27 758
38 28 1375
38 29 144
38 30 1375
38 31 1327
38 32 96
38 33 1327
38 34 1279
38 35 48
38 36 1279
38 37 1231
38 38 0
38 39 1231
38 40 1279
38 41 48
38 42 1279
38 43 1327
38 44 96
38 45 1327
38 46 1375
38 47 144
38 48 1375
38 49 1423
38 50 192
38 51 1423
38 52 1471
38 53 240
38 54 1471
38 55 1519
38 56 288
38 57 1519
38 58 1567
38 59 336
38 60 1567
38 61 1615
38 62 384
38 63 1615
38 64 1663
38 65 432
38 66 1663
38 67 1711
38 68 480
38 69 1711
38 70 1759
38 71 528
38 72 1759
38 73 1807
38 74 576
38 75 1807
38 76 1855
38 77 624
38 78 1855
38 79 1903
38 80 672
38 81 1903
38 82 1495
39 0 2726
39 1 1264
39 2 1112
39 3 1091
39 4 2258
39 5 2831
39 6 640
39 7 1972
39 8 2556
39 9 2400
39 10 761
39 11 2770
39 12 1312
39 13 1163
39 14 2427
39 15 2330
39 16 2074
39 17 2358
39 18 2541
39 19 1710
39 20 1325
39 21 2411
39 22 1714
39 23 1554
39 24 1108
39 25 2317
39 26 1225
39 27 953
39 28 2606
39 29 1375
39 30 144
39 31 2558
39 32 1327
39 33 96
39 34 2510
39 35 1279
39 36 48
39 37 2462
39 38 1231
39 39 0
39 40 2510
39 41 1279
39 42 48
39 43 2558
39 44 1327
39 45 96
39 46 2606
39 47 1375
39 48 144
39 49 2654
39 50 1423
39 51 192
39 52 2702
39 53 1471
39 54 240
39 55 2750
39 56 1519
39 57 288
39 58 2798
39 59 1567
39 60 336
39 61 2846
39 62 1615
39 63 384
39 64 2894
39 65 1663
39 66 432
39 67 2942
39 68 1711
39 69 480
39 70 2990
39 71 1759
39 72 528
39 73 3038
39 74 1807
39 75 576
39 76 3086
39 77 1855
39 78 624
39 79 3134
39 80 1903
39 81 672
39 82 2726
40 0 312
40 1 1438
40 2 1494
40 3 1707
40 4 732
40 5 447
40 6 2062
40 7 1018
40 8 242
40 9 302
40 10 1845
40 11 412
40 12 1486
40 13 2307
40 14 563
40 15 276
40 16 436
40 17 728
40 18 833
40 19 2048
40 20 1377
40 21 963
40 22 1948
40 23 2204
40 24 1594
40 25 289
40 26 1381
40 27 1941
40 28 192
40 29 1423
40 30 2654
40 31 144
40 32 1375
40 33 2606
40 34 96
40 35 1327
40 36 2558
40 37 48
40 38 1279
40 39 2510
40 40 0
40 41 1231
40 42 2462
40 43 48
40 44 1279
40 45 2510
40 46 96
40 47 1327
40 48 2558
40 49 144
40 50 1375
40 51 2606
40 52 192
40 53 1423
40 54 2654
40 55 240
40 56 1471
40 57 2702
40 58 288
40 59 1519
40 60 2750
40 61 336
40 62 1567
40 63 2798
40 64 384
40 65 1615
40 66 2846
40 67 432
40 68 1663
40 69 2894
40 70 480
40 71 1711
40 72 2942
40 73 528
40 74 1759
40 75 2990
40 76 576
40 77 1807
40 78 3038
40 79 624
40 80 1855
40 81 3086
40 82 312
41 0 1543
41 1 207
41 2 263
41 3 476
41 4 979
41 5 1552
41 6 831
41 7 693
41 8 1373
41 9 1121
41 10 614
41 11 1491
41 12 255
41 13 1076
41 14 1148
41 15 1147
41 16 891
41 17 1079
41 18 1262
41 19 817
41 20 146
41 21 1132
41 22 717
41 23 973
41 24 363
41 25 1134
41 26 150
41 27 710
41 28 1423
41 29 192
41 30 1423
41 31 1375
41 32 144
41 33 1375
41 34 1327
41 35 96
41 36 1327
41 37 1279
41 38 48
41 39 1279
41 40 1231
41 41 0
41 42 1231
41 43 1279
41 44 48
41 45 1279
41 46 1327
41 47 96
41 48 1327
41 49 1375
41 50 144
41 51 1375
41 52 1423
41 53 192
41 54 1423
41 55 1471
41 56 240
41 57 1471
41 58 1519
41 59 288
41 60 1519
41 61 1567
41 62 336
41 63 1567
41 64 1615
41 65 384
41 66 1615
41 67 1663
41 68 432
41 69 1663
41 70 1711
41 71 480
41 72 1711
41 73 1759
41 74 528
41 75 1759
41 76 1807
41 77 576
41 78 1807
41 79 1855
41 80 624
41 81 1855
41 82 1543
42 0 2774
42 1 1312
42 2 1160
42 3 1139
42 4 2210
42 5 2783
42 6 688
42 7 1924
42 8 2604
42 9 2352
42 10 809
42 11 2722
42 12 1360
42 13 1115
42 14 2379
42 15 2378
42 16 2122
42 17 2310
42 18 2493
42 19 1662
42 20 1277
42 21 2363
42 22 1666
42 23 1506
42 24 1156
42 25 2365
42 26 1177
42 27 905
42 28 2654
42 29 1423
42 30 192
42 31 2606
42 32 1375
42 33 144
42 34 2558
42 35 1327
42 36 96
42 37 2510
42 38 1279
42 39 48
42 40 2462
42 41 1231
42 42 0
42 43 2510
42 44 1279
42 45 48
42 46 2558
42 47 1327
42 48 96
42 49 2606
42 50 1375
42 51 144
42 52 2654
42 53 1423
42 54 192
42 55 2702
42 56 1471
42 57 240
42 58 2750
42 59 1519
42 60 288
42 61 2798
42 62 1567
42 63 336
42 64 2846
42 65 1615
42 66 384
42 67 2894
42 68 1663
42 69 432
42 70 2942
42 71 1711
42 72 480
42 73 2990
42 74 1759
42 75 528
42 76 3038
42 77 1807
42 78 576
42 79 3086
42 80 1855
42 81 624
42 82 2774
43 0 360
43 1 1486
43 2 1542
43 3 1755
43 4 684
43 5 399
43 6 2110
43 7 970
43 8 290
43 9 254
43 10 1893
43 11 364
43 12 1534
43 13 2259
43 14 515
43 15 324
43 16 484
43 17 680
43 18 785
43 19 2000
43 20 1329
43 21 915
43 22 1900
43 23 2156
43 24 1642
43 25 337
43 26 1333
43 27 1893
43 28 240
43 29 1471
43 30 2702
43 31 192
43 32 1423
43 33 2654
43 34 144
43 35 1375
43 36 2606
43 37 96
43 38 1327
43 39 2558
43 40 48
43 41 1279
43 42 2510
43 43 0
43 44 1231
43 45 2462
43 46 48
43 47 1279
43 48 2510
43 49 96
43 50 1327
43 51 2558
43 52 144
43 53 1375
43 54 2606
43 55 192
43 56 1423
43 57 2654
43 58 240
43 59 1471
43 60 2702
43 61 288
43 62 1519
43 63 2750
43 64 336
43 65 1567
43 66 2798
43 67 384
43 68 1615
43 69 2846
43 70 432
43 71 1663
43 72 2894
43 73 480
43 74 1711
43 75 2942
43 76 528
43 77 1759
43 78 2990
43 79 576
43 80 1807
43 81 3038
43 82 360
44 0 1591
44 1 255
44 2 311
44 3 524
44 4 931
44 5 1504
44 6 879
44 7 645
44 8 1421
44 9 1073
44 10 662
44 11 1443
44 12 303
44 13 1028
44 14 1100
44 15 1195
44 16 939
44 17 1031
44 18 1214
44 19 769
44 20 98
44 21 1084
44 22 669
44 23 925
44 24 411
44 25 1182
44 26 102
44 27 662
44 28 1471
44 29 240
44 30 1471
44 31 1423
44 32 192
44 33 1423
44 34 1375
44 35 144
44 36 1375
44 37 1327
44 38 96
44 39 1327
44 40 1279
44 41 48
44 42 1279
44 43 1231
44 44 0
44 45 1231
44 46 1279
44 47 48
44 48 1279
44 49 1327
44 50 96
44 51 1327
44 52 1375
44 53 144
44 54 1375
44 55 1423
44 56 192
44 57 1423
44 58 1471
44 59 240
44 60 1471
44 61 1519
44 62 288
44 63 1519
44 64 1567
44 65 336
44 66 1567
44 67 1615
44 68 384
44 69 1615
44 70 1663
44 71 432
44 72 1663
44 73 1711
44 74 480
44 75 1711
44 76 1759
44 77 528
44 78 1759
44 79 1807
44 80 576
44 81 1807
44 82 1591
45 0 2822
45 1 1360
45 2 1208
45 3 1187
45 4 2162
45 5 2735
45 6 736
45 7 1876
45 8 2652
45 9 2304
45 10 857
45 11 2674
45 12 1408
45 13 1067
45 14 2331
45 15 2426
45 16 2170
45 17 2262
45 18 2445
45 19 1614
45 20 1229
45 21 2315
45 22 1618
45 23 1458
45 24 1204
45 25 2413
45 26 1129
45 27 857
45 28 2702
45 29 1471
45 30 240
45 31 2654
45 32 1423
45 33 192
45 34 2606
45 35 1375
45 36 144
45 37 2558
45 38 1327
45 39 96
45 40 2510
45 41 1279
45 42 48
45 43 2462
45 44 1231
45 45 0
45 46 2510
45 47 1279
45 48 48
45 49 2558
45 50 1327
45 51 96
45 52 2606
45 53 1375
45 54 144
45 55 2654
45 56 1423
45 57 192
45 58 2702
45 59 1471
45 60 240
45 61 2750
45 62 1519
45 63 288
45 64 2798
45 65 1567
45 66 336
45 67 2846
45 68 1615
45 69 384
45 70 2894
45 71 1663
45 72 432
45 73 2942
45 74 1711
45 75 480
45 76 2990
45 77 1759
45 78 528
45 79 3038
45 80 1807
45 81 576
45 82 2822
46 0 408
46 1 1534
46 2 1590
46 3 1803
46 4 636
46 5 351
46 6 2158
46 7 922
46 8 338
46 9 206
46 10 1941
46 11 316
46 12 1582
46 13 2211
46 14 467
46 15 372
46 16 532
46 17 632
46 18 737
46 19 1952
46 20 1281
46 21 867
46 22 1852
46 23 2108
46 24 1690
46 25 385
46 26 1381
46 27 1845
46 28 288
46 29 1519
46 30 2750
46 31 240
46 32 1471
46 33 2702
46 34 192
46 35 1423
46 36 2654
46 37 144
46 38 1375
46 39 2606
46 40 96
46 41 1327
46 42 2558
46 43 48
46 44 1279
46 45 2510
46 46 0
46 47 1231
46 48 2462
46 49 48
46 50 1279
46 51 2510
46 52 96
46 53 1327
46 54 2558
46 55 144
46 56 1375
46 57 2606
46 58 192
46 59 1423
46 60 2654
46 61 240
46 62 1471
46 63 2702
46 64 288
46 65 1519
46 66 2750
46 67 336
46 68 1567
46 69 2798
46 70 384
46 71 1615
46 72 2846
46 73 432
46 74 1663
46 75 2894
46 76 480
46 77 1711
46 78 2942
46 79 528
46 80 1759
46 81 2990
46 82 408
47 0 1639
47 1 303
47 2 359
47 3 572
47 4 883
47 5 1456
47 6 927
47 7 597
47 8 1469
47 9 1025
47 10 710
47 11 1395
47 12 351
47 13 980
47 14 1052
47 15 1243
47 16 987
47 17 983
47 18 1166
47 19 721
47 20 50
47 21 1036
47 22 621
47 23 877
47 24 459
47 25 1230
47 26 150
47 27 614
47 28 1519
47 29 288
47 30 1519
47 31 1471
47 32 240
47 33 1471
47 34 1423
47 35 192
47 36 1423
47 37 1375
47 38 144
47 39 1375
47 40 1327
47 41 96
47 42 1327
47 43 1279
47 44 48
47 45 1279
47 46 1231
47 47 0
47 48 1231
47 49 1279
47 50 48
47 51 1279
47 52 1327
47 53 96
47 54 1327
47 55 1375
47 56 144
47 57 1375
47 58 1423
47 59 192
47 60 1423
47 61 1471
47 62 240
47 63 1471
47 64 1519
47 65 288
47 66 1519
47 67 1567
47 68 336
47 69 1567
47 70 1615
47 71 384
47 72 1615
47 73 1663
47 74 432
47 75 1663
47 76 1711
47 77 480
47 78 1711
47 79 1759
47 80 528
47 81 1759
47 82 1639
48 0 2870
48 1 1408
48 2 1256
48 3 1235
48 4 2114
48 5 2687
48 6 784
48 7 1828
48 8 2700
48 9 2256
48 10 905
48 11 2626
48 12 1456
48 13 1019
48 14 2283
48 15 2474
48 16 2218
48 17 2214
48 18 2397
48 19 1566
48 20 1181
48 21 2267
48 22 1570
48 23 1410
48 24 1252
48 25 2461
48 26 1177
48 27 809
48 28 2750
48 29 1519
48 30 288
48 31 2702
48 32 1471
48 33 240
48 34 2654
48 35 1423
48 36 192
48 37 2606
48 38 1375
48 39 144
48 40 2558
48 41 1327
48 42 96
48 43 2510
48 44 1279
48 45 48
48 46 2462
48 47 1231
48 48 0
48 49 2510
48 50 1279
48 51 48
48 52 2558
48 53 1327
48 54 96
48 55 2606
48 56 1375
48 57 144
48 58 2654
48 59 1423
48 60 192
48 61 2702
48 62 1471
48 63 240
48 64 2750
48 65 1519
48 66 288
48 67 2798
48 68 1567
48 69 336
48 70 2846
48 71 1615
48 72 384
48 73 2894
48 74 1663
48 75 432
48 76 2942
48 77 1711
48 78 480
48 79 2990
48 80 1759
48 81 528
48 82 2870
49 0 456
49 1 1582
49 2 1638
49 3 1851
49 4 588
49 5 303
49 6 2206
49 7 874
49 8 386
49 9 254
49 10 1989
49 11 268
49 12 1630
49 13 2163
49 14 419
49 15 420
49 16 580
49 17 584
49 18 689
49 19 1904
49 20 1329
49 21 819
49 22 1804
49 23 2060
49 24 1738
49 25 433
49 26 1429
49 27 1797
49 28 336
49 29 1567
49 30 2798
49 31 288
49 32 1519
49 33 2750
49 34 240
49 35 1471
49 36 2702
49 37 192
49 38 1423
49 39 2654
49 40 144
49 41 1375
49 42 2606
49 43 96
49 44 1327
49 45 2558
49 46 48
49 47 1279
49 48 2510
49 49 0
49 50 1231
49 51 2462
49 52 48
49 53 1279
49 54 2510
49 55 96
49 56 1327
49 57 2558
49 58 144
49 59 1375
49 60 2606
49 61 192
49 62 1423
49 63 2654
49 64 240
49 65 1471
49 66 2702
49 67 288
49 68 1519
49 69 2750
49 70 336
49 71 1567
49 72 2798
49 73 384
49 74 1615
49 75 2846
49 76 432
49 77 1663
49 78 2894
49 79 480
49 80 1711
49 81 2942
49 82 456
50 0 1687
50 1 351
50 2 407
50 3 620
50 4 835
50 5 1408
50 6 975
50 7 549
50 8 1517
50 9 1073
50 10 758
50 11 1347
50 12 399
50 13 932
50 14 1004
50 15 1291
50 16 1035
50 17 935
50 18 1118
50 19 673
50 20 98
50 21 988
50 22 573
50 23 829
50 24 507
50 25 1278
50 26 198
50 27 566
50 28 1567
50 29 336
50 30 1567
50 31 1519
50 32 288
50 33 1519
50 34 1471
50 35 240
50 36 1471
50 37 1423
50 38 192
50 39 1423
50 40 1375
50 41 144
50 42 1375
50 43 1327
50 44 96
50 45 1327
50 46 1279
50 47 48
50 48 1279
50 49 1231
50 50 0
50 51 1231
50 52 1279
50 53 48
50 54 1279
50 55 1327
50 56 96
50 57 1327
50 58 1375
50 59 144
50 60 1375
50 61 1423
50 62 192
50 63 1423
50 64 1471
50 65 240
50 66 1471
50 67 1519
50 68 288
50 69 1519
50 70 1567
50 71 336
50 72 1567
50 73 1615
50 74 384
50 75 1615
50 76 1663
50 77 432
50 78 1663
50 79 1711
50 80 480
50 81 1711
50 82 1687
51 0 2918
51 1 1456
51 2 1304
51 3 1283
51 4 2066
51 5 2639
51 6 832
51 7 1780
51 8 2748
51 9 2304
51 10 953
51 11 2578
51 12 1504
51 13 971
51 14 2235
51 15 2522
51 16 2266
51 17 2166
51 18 2349
51 19 1518
51 20 1229
51 21 2219
51 22 1522
51 23 1362
51 24 1300
51 25 2509
51 26 1225
51 27 761
51 28 2798
51 29 1567
51 30 336
51 31 2750
51 32 1519
51 33 288
51 34 2702
51 35 1471
51 36 240
51 37 2654
51 38 1423
51 39 192
51 40 2606
51 41 1375
51 42 144
51 43 2558
51 44 1327
51 45 96
51 46 2510
51 47 1279
51 48 48
51 49 2462
51 50 1231
51 51 0
51 52 2510
51 53 1279
51 54 48
51 55 2558
51 56 1327
51 57 96
51 58 2606
51 59 1375
51 60 144
51 61 2654
51 62 1423
51 63 192
51 64 2702
51 65 1471
51 66 240
51 67 2750
51 68 1519
51 69 288
51 70 2798
51 71 1567
51 72 336
51 73 2846
51 74 1615
51 75 384
51 76 2894
51 77 1663
51 78 432
51 79 2942
51 80 1711
51 81 480
51 82 2918
52 0 504
52 1 1630
52 2 1686
52 3 1899
52 4 540
52 5 255
52 6 2254
52 7 826
52 8 434
52 9 302
52 10 2037
52 11 220
52 12 1678
52 13 2115
52 14 371
52 15 468
52 16 628
52 17 536
52 18 641
52 19 1856
52 20 1377
52 21 771
52 22 1756
52 23 2012
52 24 1786
52 25 481
52 26 1477
52 27 1749
52 28 384
52 29 1615
52 30 2846
52 31 336
52 32 1567
52 33 2798
52 34 288
52 35 1519
52 36 2750
52 37 240
52 38 1471
52 39 2702
52 40 192
52 41 1423
52 42 2654
52 43 144
52 44 1375
52 45 2606
52 46 96
52 47 1327
52 48 2558
52 49 48
52 50 1279
52 51 2510
52 52 0
52 53 1231
52 54 2462
52 55 48
52 56 1279
52 57 2510
52 58 96
52 59 1327
52 60 2558
52 61 144
52 62 1375
52 63 2606
52 64 192
52 65 1423
52 66 2654
52 67 240
52 68 1471
52 69 2702
52 70 288
52 71 1519
52 72 2750
52 73 336
52 74 1567
52 75 2798
52 76 384
52 77 1615
52 78 2846
52 79 432
52 80 1663
52 81 2894
52 82 504
53 0 1735
53 1 399
53 2 455
53 3 668
53 4 787
53 5 1360
53 6 1023
53 7 501
53 8 1565
53 9 1121
53 10 806
53 11 1299
53 12 447
53 13 884
53 14 956
53 15 1339
53 16 1083
53 17 887
53 18 1070
53 19 625
53 20 146
53 21 940
53 22 525
53 23 781
53 24 555
53 25 1326
53 26 246
53 27 518
53 28 1615
53 29 384
53 30 1615
53 31 1567
53 32 336
53 33 1567
53 34 1519
53 35 288
53 36 1519
53 37 1471
53 38 240
53 39 1471
53 40 1423
53 41 192
53 42 1423
53 43 1375
53 44 144
53 45 1375
53 46 1327
53 47 96
53 48 1327
53 49 1279
53 50 48
53 51 1279
53 52 1231
53 53 0
53 54 1231
53 55 1279
53 56 48
53 57 1279
53 58 1327
53 59 96
53 60 1327
53 61 1375
53 62 144
53 63 1375
53 64 1423
53 65 192
53 66 1423
53 67 1471
53 68 240
53 69 1471
53 70 1519
53 71 288
53 72 1519
53 73 1567
53 74 336
53 75 1567
53 76 1615
53 77 384
53 78 1615
53 79 1663
53 80 432
53 81 1663
53 82 1735
54 0 2966
54 1 1504
54 2 1352
54 3 1331
54 4 2018
54 5 2591
54 6 880
54 7 1732
54 8 2796
54 9 2352
54 10 1001
54 11 2530
54 12 1552
54 13 923
54 14 2187
54 15 2570
54 16 2314
54 17 2118
54 18 2301
54 19 1470
54 20 1277
54 21 2171
54 22 1474
54 23 1314
54 24 1348
54 25 2557
54 26 1273
54 27 713
54 28 2846
54 29 1615
54 30 384
54 31 2798
54 32 1567
54 33 336
54 34 2750
54 35 1519
54 36 288
54 37 2702
54 38 1471
54 39 240
54 40 2654
54 41 1423
54 42 192
54 43 2606
54 44 1375
54 45 144
54 46 2558
54 47 1327
54 48 96
54 49 2510
54 50 1279
54 51 48
54 52 2462
54 53 1231
54 54 0
54 55 2510
54 56 1279
54 57 48
54 58 2558
54 59 1327
54 60 96
54 61 2606
54 62 1375
54 63 144
54 64 2654
54 65 1423
54 66 192
54 67 2702
54 68 1471
54 69 240
54 70 2750
54 71 1519
54 72 288
54 73 2798
54 74 1567
54 75 336
54 76 2846
54 77 1615
54 78 384
54 79 2894
54 80 1663
54 81 432
54 82 2966
55 0 552
55 1 1678
55 2 1734
55 3 1947
55 4 492
55 5 207
55 6 2302
55 7 778
55 8 482
55 9 350
55 10 2085
55 11 172
55 12 1726
55 13 2067
55 14 323
55 15 516
55 16 676
55 17 488
55 18 593
55 19 1808
55 20 1425
55 21 723
55 22 1708
55 23 1964
55 24 1834
55 25 529
55 26 1525
55 27 1797
55 28 432
55 29 1663
55 30 2894
55 31 384
55 32 1615
55 33 2846
55 34 336
55 35 1567
55 36 2798
55 37 288
55 38 1519
55 39 2750
55 40 240
55 41 1471
55 42 2702
55 43 192
55 44 1423
55 45 2654
55 46 144
55 47 1375
55 48 2606
55 49 96
55 50 1327
55 51 2558
55 52 48
55 53 1279
55 54 2510
55 55 0
55 56 1231
55 57 2462
55 58 48
55 59 1279
55 60 2510
55 61 96
55 62 1327
55 63 2558
55 64 144
55 65 1375
55 66 2606
55 67 192
55 68 1423
55 69 2654
55 70 240
55 71 1471
55 72 2702
55 73 288
55 74 1519
55 75 2750
55 76 336
55 77 1567
55 78 2798
55 79 384
55 80 1615
55 81 2846
55 82 552
56 0 1783
56 1 447
56 2 503
56 3 716
56 4 739
56 5 1312
56 6 1071
56 7 453
56 8 1613
56 9 1169
56 10 854
56 11 1251
56 12 495
56 13 836
56 14 908
56 15 1387
56 16 1131
56 17 839
56 18 1022
56 19 577
56 20 194
56 21 892
56 22 477
56 23 733
56 24 603
56 25 1374
56 26 294
56 27 566
56 28 1663
56 29 432
56 30 1663
56 31 1615
56 32 384
56 33 1615
56 34 1567
56 35 336
56 36 1567
56 37 1519
56 38 288
56 39 1519
56 40 1471
56 41 240
56 42 1471
56 43 1423
56 44 192
56 45 1423
56 46 1375
56 47 144
56 48 1375
56 49 1327
56 50 96
56 51 1327
56 52 1279
56 53 48
56 54 1279
56 55 1231
56 56 0
56 57 1231
56 58 1279
56 59 48
56 60 1279
56 61 1327
56 62 96
56 63 1327
56 64 1375
56 65 144
56 66 1375
56 67 1423
56 68 192
56 69 1423
56 70 1471
56 71 240
56 72 1471
56 73 1519
56 74 288
56 75 1519
56 76 1567
56 77 336
56 78 1567
56 79 1615
56 80 384
56 81 1615
56 82 1783
57 0 3014
57 1 1552
57 2 1400
57 3 1379
57 4 1970
57 5 2543
57 6 928
57 7 1684
57 8 2844
57 9 2400
57 10 1049
57 11 2482
57 12 1600
57 13 875
57 14 2139
57 15 2618
57 16 2362
57 17 2070
57 18 2253
57 19 1422
57 20 1325
57 21 2123
57 22 1426
57 23 1266
57 24 1396
57 25 2605
57 26 1321
57 27 761
57 28 2894
57 29 1663
57 30 432
57 31 2846
57 32 1615
57 33 384
57 34 2798
57 35 1567
57 36 336
57 37 2750
57 38 1519
57 39 288
57 40 2702
57 41 1471
57 42 240
57 43 2654
57 44 1423
57 45 192
57 46 2606
57 47 1375
57 48 144
57 49 2558
57 50 1327
57 51 96
57 52 2510
57 53 1279
57 54 48
57 55 2462
57 56 1231
57 57 0
57 58 2510
57 59 1279
57 60 48
57 61 2558
57 62 1327
57 63 96
57 64 2606
57 65 1375
57 66 144
57 67 2654
57 68 1423
57 69 192
57 70 2702
57 71 1471
57 72 240
57 73 2750
57 74 1519
57 75 288
57 76 2798
57 77 1567
57 78 336
57 79 2846
57 80 1615
57 81 384
57 82 3014
58 0 600
58 1 1726
58 2 1782
58 3 1995
58 4 540
58 5 159
58 6 2350
58 7 826
58 8 530
58 9 398
58 10 2133
58 11 124
58 12 1774
58 13 2019
58 14 371
58 15 564
58 16 724
58 17 440
58 18 545
58 19 1760
58 20 1473
58 21 675
58 22 1660
58 23 1916
58 24 1882
58 25 577
58 26 1573
58 27 1845
58 28 480
58 29 1711
58 30 2942
58 31 432
58 32 1663
58 33 2894
58 34 384
58 35 1615
58 36 2846
58 37 336
58 38 1567
58 39 2798
58 40 288
58 41 1519
58 42 2750
58 43 240
58 44 1471
58 45 2702
58 46 192
58 47 1423
58 48 2654
58 49 144
58 50 1375
58 51 2606
58 52 96
58 53 1327
58 54 2558
58 55 48
58 56 1279
58 57 2510
58 58 0
58 59 1231
58 60 2462
58 61 48
58 62 1279
58 63 2510
58 64 96
58 65 1327
58 66 2558
58 67 144
58 68 1375
58 69 2606
58 70 192
58 71 1423
58 72 2654
58 73 240
58 74 1471
58 75 2702
58 76 288
58 77 1519
58 78 2750
58 79 336
58 80 1567
58 81 2798
58 82 600
59 0 1831
59 1 495
59 2 551
59 3 764
59 4 787
59 5 1264
59 6 1119
59 7 501
59 8 1661
59 9 1217
59 10 902
59 11 1203
59 12 543
59 13 788
59 14 956
59 15 1435
59 16 1179
59 17 791
59 18 974
59 19 529
59 20 242
59 21 844
59 22 429
59 23 685
59 24 651
59 25 1422
59 26 342
59 27 614
59 28 1711
59 29 480
59 30 1711
59 31 1663
59 32 432
59 33 1663
59 34 1615
59 35 384
59 36 1615
59 37 1567
59 38 336
59 39 1567
59 40 1519
59 41 288
59 42 1519
59 43 1471
59 44 240
59 45 1471
59 46 1423
59 47 192
59 48 1423
59 49 1375
59 50 144
59 51 1375
59 52 1327
59 53 96
59 54 1327
59 55 1279
59 56 48
59 57 1279
59 58 1231
59 59 0
59 60 1231
59 61 1279
59 62 48
59 63 1279
59 64 1327
59 65 96
59 66 1327
59 67 1375
59 68 144
59 69 1375
59 70 1423
59 71 192
59 72 1423
59 73 1471
59 74 240
59 75 1471
59 76 1519
59 77 288
59 78 1519
59 79 1567
59 80 336
59 81 1567
59 82 1831
60 0 3062
60 1 1600
60 2 1448
60 3 1427
60 4 2018
60 5 2495
60 6 976
60 7 1732
60 8 2892
60 9 2448
60 10 1097
60 11 2434
60 12 1648
60 13 827
60 14 2187
60 15 2666
60 16 2410
60 17 2022
60 18 2205
60 19 1374
60 20 1373
60 21 2075
60 22 1378
60 23 1218
60 24 1444
60 25 2653
60 26 1369
60 27 809
60 28 2942
60 29 1711
60 30 480
60 31 2894
60 32 1663
60 33 432
60 34 2846
60 35 1615
60 36 384
60 37 2798
60 38 1567
60 39 336
60 40 2750
60 41 1519
60 42 288
60 43 2702
60 44 1471
60 45 240
60 46 2654
60 47 1423
60 48 192
60 49 2606
60 50 1375
60 51 144
60 52 2558
60 53 1327
60 54 96
60 55 2510
60 56 1279
60 57 48
60 58 2462
60 59 1231
60 60 0
60 61 2510
60 62 1279
60 63 48
60 64 2558
60 65 1327
60 66 96
60 67 2606
60 68 1375
60 69 144
60 70 2654
60 71 1423
60 72 192
60 73 2702
60 74 1471
60 75 240
60 76 2750
60 77 1519
60 78 288
60 79 2798
60 80 1567
60 81 336
60 82 3062
61 0 648
61 1 1774
61 2 1830
61 3 2043
61 4 588
61 5 111
61 6 2398
61 7 874
61 8 578
61 9 446
61 10 2181
61 11 76
61 12 1822
61 13 1971
61 14 419
61 15 612
61 16 772
61 17 488
61 18 497
61 19 1712
61 20 1521
61 21 627
61 22 1612
61 23 1868
61 24 1930
61 25 625
61 26 1621
61 27 1893
61 28 528
61 29 1759
61 30 2990
61 31 480
61 32 1711
61 33 2942
61 34 432
61 35 1663
61 36 2894
61 37 384
61 38 1615
61 39 2846
61 40 336
61 41 1567
61 42 2798
61 43 288
61 44 1519
61 45 2750
61 46 240
61 47 1471
61 48 2702
61 49 192
61 50 1423
61 51 2654
61 52 144
61 53 1375
61 54 2606
61 55 96
61 56 1327
61 57 2558
61 58 48
61 59 1279
61 60 2510
61 61 0
61 62 1231
61 63 2462
61 64 48
61 65 1279
61 66 2510
61 67 96
61 68 1327
61 69 2558
61 70 144
61 71 1375
61 72 2606
61 73 192
61 74 1423
61 75 2654
61 76 240
61 77 1471
61 78 2702
61 79 288
61 80 1519
61 81 2750
61 82 648
62 0 1879
62 1 543
62 2 599
62 3 812
62 4 835
62 5 1216
62 6 1167
62 7 549
62 8 1709
62 9 1265
62 10 950
62 11 1155
62 12 591
62 13 740
62 14 1004
62 15 1483
62 16 1227
62 17 839
62 18 926
62 19 481
62 20 290
62 21 796
62 22 381
62 23 637
62 24 699
62 25 1470
62 26 390
62 27 662
62 28 1759
62 29 528
62 30 1759
62 31 1711
62 32 480
62 33 1711
62 34 1663
62 35 432
62 36 1663
62 37 1615
62 38 384
62 39 1615
62 40 1567
62 41 336
62 42 1567
62 43 1519
62 44 288
62 45 1519
62 46 1471
62 47 240
62 48 1471
62 49 1423
62 50 192
62 51 1423
62 52 1375
62 53 144
62 54 1375
62 55 1327
62 56 96
62 57 1327
62 58 1279
62 59 48
62 60 1279
62 61 1231
62 62 0
62 63 1231
62 64 1279
62 65 48
62 66 1279
62 67 1327
62 68 96
62 69 1327
62 70 1375
62 71 144
62 72 1375
62 73 1423
62 74 192
62 75 1423
62 76 1471
62 77 240
62 78 1471
62 79 1519
62 80 288
62 81 1519
62 82 1879
63 0 3110
63 1 1648
63 2 1496
63 3 1475
63 4 2066
63 5 2447
63 6 1024
63 7 1780
63 8 2940
63 9 2496
63 10 1145
63 11 2386
63 12 1696
63 13 779
63 14 2235
63 15 2714
63 16 2458
63 17 2070
63 18 2157
63 19 1326
63 20 1421
63 21 2027
63 22 1330
63 23 1170
63 24 1492
63 25 2701
63 26 1417
63 27 857
63 28 2990
63 29 1759
63 30 528
63 31 2942
63 32 1711
63 33 480
63 34 2894
63 35 1663
63 36 432
63 37 2846
63 38 1615
63 39 384
63 40 2798
63 41 1567
63 42 336
63 43 2750
63 44 1519
63 45 288
63 46 2702
63 47 1471
63 48 240
63 49 2654
63 50 1423
63 51 192
63 52 2606
63 53 1375
63 54 144
63 55 2558
63 56 1327
63 57 96
63 58 2510
63 59 1279
63 60 48
63 61 2462
63 62 1231
63 63 0
63 64 2510
63 65 1279
63 66 48
63 67 2558
63 68 1327
63 69 96
63 70 2606
63 71 1375
63 72 144
63 73 2654
63 74 1423
63 75 192
63 76 2702
63 77 1471
63 78 240
63 79 2750
63 80 1519
63 81 288
63 82 3110
64 0 696
64 1 1822
64 2 1878
64 3 2091
64 4 636
64 5 63
64 6 2446
64 7 922
64 8 626
64 9 494
64 10 2229
64 11 124
64 12 1870
64 13 1923
64 14 467
64 15 660
64 16 820
64 17 536
64 18 449
64 19 1664
64 20 1569
64 21 579
64 22 1564
64 23 1820
64 24 1978
64 25 673
64 26 1669
64 27 1941
64 28 576
64 29 1807
64 30 3038
64 31 528
64 32 1759
64 33 2990
64 34 480
64 35 1711
64 36 2942
64 37 432
64 38 1663
64 39 2894
64 40 384
64 41 1615
64 42 2846
64 43 336
64 44 1567
64 45 2798
64 46 288
64 47 1519
64 48 2750
64 49 240
64 50 1471
64 51 2702
64 52 192
64 53 1423
64 54 2654
64 55 144
64 56 1375
64 57 2606
64 58 96
64 59 1327
64 60 2558
64 61 48
64 62 1279
64 63 2510
64 64 0
64 65 1231
64 66 2462
64 67 48
64 68 1279
64 69 2510
64 70 96
64 71 1327
64 72 2558
64 73 144
64 74 1375
64 75 2606
64 76 192
64 77 1423
64 78 2654
64 79 240
64 80 1471
64 81 2702
64 82 696
65 0 1927
65 1 591
65 2 647
65 3 860
65 4 883
65 5 1168
65 6 1215
65 7 597
65 8 1757
65 9 1313
65 10 998
65 11 1203
65 12 639
65 13 692
65 14 1052
65 15 1531
65 16 1275
65 17 887
65 18 878
65 19 433
65 20 338
65 21 748
65 22 333
65 23 589
65 24 747
65 25 1518
65 26 438
65 27 710
65 28 1807
65 29 576
65 30 1807
65 31 1759
65 32 528
65 33 1759
65 34 1711
65 35 480
65 36 1711
65 37 1663
65 38 432
65 39 1663
65 40 1615
65 41 384
65 42 1615
65 43 1567
65 44 336
65 45 1567
65 46 1519
65 47 288
65 48 1519
65 49 1471
65 50 240
65 51 1471
65 52 1423
65 53 192
65 54 1423
65 55 1375
65 56 144
65 57 1375
65 58 1327
65 59 96
65 60 1327
65 61 1279
65 62 48
65 63 1279
65 64 1231
65 65 0
65 66 1231
65 67 1279
65 68 48
65 69 1279
65 70 1327
65 71 96
65 72 1327
65 73 1375
65 74 144
65 75 1375
65 76 1423
65 77 192
65 78 1423
65 79 1471
65 80 240
65 81 1471
65 82 1927
66 0 3158
66 1 1696
66 2 1544
66 3 1523
66 4 2114
66 5 2399
66 6 1072
66 7 1828
66 8 2988
66 9 2544
66 10 1193
66 11 2434
66 12 1744
66 13 731
66 14 2283
66 15 2762
66 16 2506
66 17 2118
66 18 2109
66 19 1278
66 20 1469
66 21 1979
66 22 1282
66 23 1122
66 24 1540
66 25 2749
66 26 1465
66 27 905
66 28 3038
66 29 1807
66 30 576
66 31 2990
66 32 1759
66 33 528
66 34 2942
66 35 1711
66 36 480
66 37 2894
66 38 1663
66 39 432
66 40 2846
66 41 1615
66 42 384
66 43 2798
66 44 1567
66 45 336
66 46 2750
66 47 1519
66 48 288
66 49 2702
66 50 1471
66 51 240
66 52 2654
66 53 1423
66 54 192
66 55 2606
66 56 1375
66 57 144
66 58 2558
66 59 1327
66 60 96
66 61 2510
66 62 1279
66 63 48
66 64 2462
66 65 1231
66 66 0
66 67 2510
66 68 1279
66 69 48
66 70 2558
66 71 1327
66 72 96
66 73 2606
66 74 1375
66 75 144
66 76 2654
66 77 1423
66 78 192
66 79 2702
66 80 1471
66 81 240
66 82 3158
67 0 744
67 1 1870
67 2 1926
67 3 2139
67 4 684
67 5 111
67 6 2494
67 7 970
67 8 674
67 9 542
67 10 2277
67 11 172
67 12 1918
67 13 1875
67 14 515
67 15 708
67 16 868
67 17 584
67 18 401
67 19 1616
67 20 1617
67 21 531
67 22 1516
67 23 1772
67 24 2026
67 25 721
67 26 1717
67 27 1989
67 28 624
67 29 1855
67 30 3086
67 31 576
67 32 1807
67 33 3038
67 34 528
67 35 1759
67 36 2990
67 37 480
67 38 1711
67 39 2942
67 40 432
67 41 1663
67 42 2894
67 43 384
67 44 1615
67 45 2846
67 46 336
67 47 1567
67 48 2798
67 49 288
67 50 1519
67 51 2750
67 52 240
67 53 1471
67 54 2702
67 55 192
67 56 1423
67 57 2654
67 58 144
67 59 1375
67 60 2606
67 61 96
67 62 1327
67 63 2558
67 64 48
67 65 1279
67 66 2510
67 67 0
67 68 1231
67 69 2462
67 70 48
67 71 1279
67 72 2510
67 73 96
67 74 1327
67 75 2558
67 76 144
67 77 1375
67 78 2606
67 79 192
67 80 1423
67 81 2654
67 82 744
68 0 1975
68 1 639
68 2 695
68 3 908
68 4 931
68 5 1216
68 6 1263
68 7 645
68 8 1805
68 9 1361
68 10 1046
68 11 1251
68 12 687
68 13 644
68 14 1100
68 15 1579
68 16 1323
68 17 935
68 18 830
68 19 385
68 20 386
68 21 700
68 22 285
68 23 541
68 24 795
68 25 1566
68 26 486
68 27 758
68 28 1855
68 29 624
68 30 1855
68 31 1807
68 32 576
68 33 1807
68 34 1759
68 35 528
68 36 1759
68 37 1711
68 38 480
68 39 1711
68 40 1663
68 41 432
68 42 1663
68 43 1615
68 44 384
68 45 1615
68 46 1567
68 47 336
68 48 1567
68 49 1519
68 50 288
68 51 1519
68 52 1471
68 53 240
68 54 1471
68 55 1423
68 56 192
68 57 1423
68 58 1375
68 59 144
68 60 1375
68 61 1327
68 62 96
68 63 1327
68 64 1279
68 65 48
68 66 1279
68 67 1231
68 68 0
68 69 1231
68 70 1279
68 71 48
68 72 1279
68 73 1327
68 74 96
68 75 1327
68 76 1375
68 77 144
68 78 1375
68 79 1423
68 80 192
68 81 1423
68 82 1975
69 0 3206
69 1 1744
69 2 1592
69 3 1571
69 4 2162
69 5 2447
69 6 1120
69 7 1876
69 8 3036
69 9 2592
69 10 1241
69 11 2482
69 12 1792
69 13 683
69 14 2331
69 15 2810
69 16 2554
69 17 2166
69 18 2061
69 19 1230
69 20 1517
69 21 1931
69 22 1234
69 23 1074
69 24 1588
69 25 2797
69 26 1513
69 27 953
69 28 3086
69 29 1855
69 30 624
69 31 3038
69 32 1807
69 33 576
69 34 2990
69 35 1759
69 36 528
69 37 2942
69 38 1711
69 39 480
69 40 2894
69 41 1663
69 42 432
69 43 2846
69 44 1615
69 45 384
69 46 2798
69 47 1567
69 48 336
69 49 2750
69 50 1519
69 51 288
69 52 2702
69 53 1471
69 54 240
69 55 2654
69 56 1423
69 57 192
69 58 2606
69 59 1375
69 60 144
69 61 2558
69 62 1327
69 63 96
69 64 2510
69 65 1279
69 66 48
69 67 2462
69 68 1231
69 69 0
69 70 2510
69 71 1279
69 72 48
69 73 2558
69 74 1327
69 75 96
69 76 2606
69 77 1375
69 78 144
69 79 2654
69 80 1423
69 81 192
69 82 3206
70 0 792
70 1 1918
70 2 1974
70 3 2187
70 4 732
70 5 159
70 6 2542
70 7 1018
70 8 722
70 9 590
70 10 2325
70 11 220
70 12 1966
70 13 1827
70 14 563
70 15 756
70 16 916
70 17 632
70 18 449
70 19 1568
70 20 1665
70 21 579
70 22 1468
70 23 1724
70 24 2074
70 25 769
70 26 1765
70 27 2037
70 28 672
70 29 1903
70 30 3134
70 31 624
70 32 1855
70 33 3086
70 34 576
70 35 1807
70 36 3038
70 37 528
70 38 1759
70 39 2990
70 40 480
70 41 1711
70 42 2942
70 43 432
70 44 1663
70 45 2894
70 46 384
70 47 1615
70 48 2846
70 49 336
70 50 1567
70 51 2798
70 52 288
70 53 1519
70 54 2750
70 55 240
70 56 1471
70 57 2702
70 58 192
70 59 1423
70 60 2654
70 61 144
70 62 1375
70 63 2606
70 64 96
70 65 1327
70 66 2558
70 67 48
70 68 1279
70 69 2510
70 70 0
70 71 1231
70 72 2462
70 73 48
70 74 1279
70 75 2510
70 76 96
70 77 1327
70 78 2558
70 79 144
70 80 1375
70 81 2606
70 82 792
71 0 2023
71 1 687
71 2 743
71 3 956
71 4 979
71 5 1264
71 6 1311
71 7 693
71 8 1853
71 9 1409
71 10 1094
71 11 1299
71 12 735
71 13 596
71 14 1148
71 15 1627
71 16 1371
71 17 983
71 18 878
71 19 337
71 20 434
71 21 748
71 22 237
71 23 493
71 24 843
71 25 1614
71 26 534
71 27 806
71 28 1903
71 29 672
71 30 1903
71 31 1855
71 32 624
71 33 1855
71 34 1807
71 35 576
71 36 1807
71 37 1759
71 38 528
71 39 1759
71 40 1711
71 41 480
71 42 1711
71 43 1663
71 44 432
71 45 1663
71 46 1615
71 47 384
71 48 1615
71 49 1567
71 50 336
71 51 1567
71 52 1519
71 53 288
71 54 1519
71 55 1471
71 56 240
71 57 1471
71 58 1423
71 59 192
71 60 1423
71 61 1375
71 62 144
71 63 1375
71 64 1327
71 65 96
71 66 1327
71 67 1279
71 68 48
71 69 1279
71 70 1231
71 71 0
71 72 1231
71 73 1279
71 74 48
71 75 1279
71 76 1327
71 77 96
71 78 1327
71 79 1375
71 80 144
71 81 1375
71 82 2023
72 0 3254
72 1 1792
72 2 1640
72 3 1619
72 4 2210
72 5 2495
72 6 1168
72 7 1924
72 8 3084
72 9 2640
72 10 1289
72 11 2530
72 12 1840
72 13 635
72 14 2379
72 15 2858
72 16 2602
72 17 2214
72 18 2109
72 19 1182
72 20 1565
72 21 1979
72 22 1186
72 23 1026
72 24 1636
72 25 2845
72 26 1561
72 27 1001
72 28 3134
72 29 1903
72 30 672
72 31 3086
72 32 1855
72 33 624
72 34 3038
72 35 1807
72 36 576
72 37 2990
72 38 1759
72 39 528
72 40 2942
72 41 1711
72 42 480
72 43 2894
72 44 1663
72 45 432
72 46 2846
72 47 1615
72 48 384
72 49 2798
72 50 1567
72 51 336
72 52 2750
72 53 1519
72 54 288
72 55 2702
72 56 1471
72 57 240
72 58 2654
72 59 1423
72 60 192
72 61 2606
72 62 1375
72 63 144
72 64 2558
72 65 1327
72 66 96
72 67 2510
72 68 1279
72 69 48
72 70 2462
72 71 1231
72 72 0
72 73 2510
72 74 1279
72 75 48
72 76 2558
72 77 1327
72 78 96
72 79 2606
72 80 1375
72 81 144
72 82 3254
73 0 840
73 1 1966
73 2 2022
73 3 2235
73 4 780
73 5 207
73 6 2590
73 7 1066
73 8 770
73 9 638
73 10 2373
73 11 268
73 12 2014
73 13 1875
73 14 611
73 15 804
73 16 964
73 17 680
73 18 497
73 19 1520
73 20 1713
73 21 627
73 22 1420
73 23 1676
73 24 2122
73 25 817
73 26 1813
73 27 2085
73 28 720
73 29 1951
73 30 3182
73 31 672
73 32 1903
73 33 3134
73 34 624
73 35 1855
73 36 3086
73 37 576
73 38 1807
73 39 3038
73 40 528
73 41 1759
73 42 2990
73 43 480
73 44 1711
73 45 2942
73 46 432
73 47 1663
73 48 2894
73 49 384
73 50 1615
73 51 2846
73 52 336
73 53 1567
73 54 2798
73 55 288
73 56 1519
73 57 2750
73 58 240
73 59 1471
73 60 2702
73 61 192
73 62 1423
73 63 2654
73 64 144
73 65 1375
73 66 2606
73 67 96
73 68 1327
73 69 2558
73 70 48
73 71 1279
73 72 2510
73 73 0
73 74 1231
73 75 2462
73 76 48
73 77 1279
73 78 2510
73 79 96
73 80 1327
73 81 2558
73 82 840
74 0 2071
74 1 735
74 2 791
74 3 1004
74 4 1027
74 5 1312
74 6 1359
74 7 741
74 8 1901
74 9 1457
74 10 1142
74 11 1347
74 12 783
74 13 644
74 14 1196
74 15 1675
74 16 1419
74 17 1031
74 18 926
74 19 289
74 20 482
74 21 796
74 22 189
74 23 445
74 24 891
74 25 1662
74 26 582
74 27 854
74 28 1951
74 29 720
74 30 1951
74 31 1903
74 32 672
74 33 1903
74 34 1855
74 35 624
74 36 1855
74 37 1807
74 38 576
74 39 1807
74 40 1759
74 41 528
74 42 1759
74 43 1711
74 44 480
74 45 1711
74 46 1663
74 47 432
74 48 1663
74 49 1615
74 50 384
74 51 1615
74 52 1567
74 53 336
74 54 1567
74 55 1519
74 56 288
74 57 1519
74 58 1471
74 59 240
74 60 1471
74 61 1423
74 62 192
74 63 1423
74 64 1375
74 65 144
74 66 1375
74 67 1327
74 68 96
74 69 1327
74 70 1279
74 71 48
74 72 1279
74 73 1231
74 74 0
74 75 1231
74 76 1279
74 77 48
74 78 1279
74 79 1327
74 80 96
74 81 1327
74 82 2071
75 0 3302
75 1 1840
75 2 1688
75 3 1667
75 4 2258
75 5 2543
75 6 1216
75 7 1972
75 8 3132
75 9 2688
75 10 1337
75 11 2578
75 12 1888
75 13 683
75 14 2427
75 15 2906
75 16 2650
75 17 2262
75 18 2157
75 19 1134
75 20 1613
75 21 2027
75 22 1138
75 23 978
75 24 1684
75 25 2893
75 26 1609
75 27 1049
75 28 3182
75 29 1951
75 30 720
75 31 3134
75 32 1903
75 33 672
75 34 3086
75 35 1855
75 36 624
75 37 3038
75 38 1807
75 39 576
75 40 2990
75 41 1759
75 42 528
75 43 2942
75 44 1711
75 45 480
75 46 2894
75 47 1663
75 48 432
75 49 2846
75 50 1615
75 51 384
75 52 2798
75 53 1567
75 54 336
75 55 2750
75 56 1519
75 57 288
75 58 2702
75 59 1471
75 60 240
75 61 2654
75 62 1423
75 63 192
75 64 2606
75 65 1375
75 66 144
75 67 2558
75 68 1327
75 69 96
75 70 2510
75 71 1279
75 72 48
75 73 2462
75 74 1231
75 75 0
75 76 2510
75 77 1279
75 78 48
75 79 2558
75 80 1327
75 81 96
75 82 3302
76 0 888
76 1 2014
76 2 2070
76 3 2283
76 4 828
76 5 255
76 6 2638
76 7 1114
76 8 818
76 9 686
76 10 2421
76 11 316
76 12 2062
76 13 1923
76 14 659
76 15 852
76 16 1012
76 17 728
76 18 545
76 19 1472
76 20 1761
76 21 675
76 22 1372
76 23 1628
76 24 2170
76 25 865
76 26 1861
76 27 2133
76 28 768
76 29 1999
76 30 3230
76 31 720
76 32 1951
76 33 3182
76 34 672
76 35 1903
76 36 3134
76 37 624
76 38 1855
76 39 3086
76 40 576
76 41 1807
76 42 3038
76 43 528
76 44 1759
76 45 2990
76 46 480
76 47 1711
76 48 2942
76 49 432
76 50 1663
76 51 2894
76 52 384
76 53 1615
76 54 2846
76 55 336
76 56 1567
76 57 2798
76 58 288
76 59 1519
76 60 2750
76 61 240
76 62 1471
76 63 2702
76 64 192
76 65 1423
76 66 2654
76 67 144
76 68 1375
76 69 2606
76 70 96
76 71 1327
76 72 2558
76 73 48
76 74 1279
76 75 2510
76 76 0
76 77 1231
76 78 2462
76 79 48
76 80 1279
76 81 2510
76 82 888
77 0 2119
77 1 783
77 2 839
77 3 1052
77 4 1075
77 5 1360
77 6 1407
77 7 789
77 8 1949
77 9 1505
77 10 1190
77 11 1395
77 12 831
77 13 692
77 14 1244
77 15 1723
77 16 1467
77 17 1079
77 18 974
77 19 241
77 20 530
77 21 844
77 22 141
77 23 397
77 24 939
77 25 1710
77 26 630
77 27 902
77 28 1999
77 29 768
77 30 1999
77 31 1951
77 32 720
77 33 1951
77 34 1903
77 35 672
77 36 1903
77 37 1855
77 38 624
77 39 1855
77 40 1807
77 41 576
77 42 1807
77 43 1759
77 44 528
77 45 1759
77 46 1711
77 47 480
77 48 1711
77 49 1663
77 50 432
77 51 1663
77 52 1615
77 53 384
77 54 1615
77 55 1567
77 56 336
77 57 1567
77 58 1519
77 59 288
77 60 1519
77 61 1471
77 62 240
77 63 1471
77 64 1423
77 65 192
77 66 1423
77 67 1375
77 68 144
77 69 1375
77 70 1327
77 71 96
77 72 1327
77 73 1279
77 74 48
77 75 1279
77 76 1231
77 77 0
77 78 1231
77 79 1279
77 80 48
77 81 1279
77 82 2119
78 0 3350
78 1 1888
78 2 1736
78 3 1715
78 4 2306
78 5 2591
78 6 1264
78 7 2020
78 8 3180
78 9 2736
78 10 1385
78 11 2626
78 12 1936
78 13 731
78 14 2475
78 15 2954
78 16 2698
78 17 2310
78 18 2205
78 19 1086
78 20 1661
78 21 2075
78 22 1090
78 23 930
78 24 1732
78 25 2941
78 26 1657
78 27 1097
78 28 3230
78 29 1999
78 30 768
78 31 3182
78 32 1951
78 33 720
78 34 3134
78 35 1903
78 36 672
78 37 3086
78 38 1855
78 39 624
78 40 3038
78 41 1807
78 42 576
78 43 2990
78 44 1759
78 45 528
78 46 2942
78 47 1711
78 48 480
78 49 2894
78 50 1663
78 51 432
78 52 2846
78 53 1615
78 54 384
78 55 2798
78 56 1567
78 57 336
78 58 2750
78 59 1519
78 60 288
78 61 2702
78 62 1471
78 63 240
78 64 2654
78 65 1423
78 66 192
78 67 2606
78 68 1375
78 69 144
78 70 2558
78 71 1327
78 72 96
78 73 2510
78 74 1279
78 75 48
78 76 2462
78 77 1231
78 78 0
78 79 2510
78 80 1279
78 81 48
78 82 3350
79 0 936
79 1 2062
79 2 2118
79 3 2331
79 4 876
79 5 303
79 6 2686
79 7 1162
79 8 866
79 9 734
79 10 2469
79 11 364
79 12 2110
79 13 1971
79 14 707
79 15 900
79 16 1060
79 17 776
79 18 593
79 19 1424
79 20 1809
79 21 723
79 22 1420
79 23 1580
79 24 2218
79 25 913
79 26 1909
79 27 2181
79 28 816
79 29 2047
79 30 3278
79 31 768
79 32 1999
79 33 3230
79 34 720
79 35 1951
79 36 3182
79 37 672
79 38 1903
79 39 3134
79 40 624
79 41 1855
79 42 3086
79 43 576
79 44 1807
79 45 3038
79 46 528
79 47 1759
79 48 2990
79 49 480
79 50 1711
79 51 2942
79 52 432
79 53 1663
79 54 2894
79 55 384
79 56 1615
79 57 2846
79 58 336
79 59 1567
79 60 2798
79 61 288
79 62 1519
79 63 2750
79 64 240
79 65 1471
79 66 2702
79 67 192
79 68 1423
79 69 2654
79 70 144
79 71 1375
79 72 2606
79 73 96
79 74 1327
79 75 2558
79 76 48
79 77 1279
79 78 2510
79 79 0
79 80 1231
79 81 2462
79 82 936
80 0 2167
80 1 831
80 2 887
80 3 1100
80 4 1123
80 5 1408
80 6 1455
80 7 837
80 8 1997
80 9 1553
80 10 1238
80 11 1443
80 12 879
80 13 740
80 14 1292
80 15 1771
80 16 1515
80 17 1127
80 18 1022
80 19 193
80 20 578
80 21 892
80 22 189
80 23 349
80 24 987
80 25 1758
80 26 678
80 27 950
80 28 2047
80 29 816
80 30 2047
80 31 1999
80 32 768
80 33 1999
80 34 1951
80 35 720
80 36 1951
80 37 1903
80 38 672
80 39 1903
80 40 1855
80 41 624
80 42 1855
80 43 1807
80 44 576
80 45 1807
80 46 1759
80 47 528
80 48 1759
80 49 1711
80 50 480
80 51 1711
80 52 1663
80 53 432
80 54 1663
80 55 1615
80 56 384
80 57 1615
80 58 1567
80 59 336
80 60 1567
80 61 1519
80 62 288
80 63 1519
80 64 1471
80 65 240
80 66 1471
80 67 1423
80 68 192
80 69 1423
80 70 1375
80 71 144
80 72 1375
80 73 1327
80 74 96
80 75 1327
80 76 1279
80 77 48
80 78 1279
80 79 1231
80 80 0
80 81 1231
80 82 2167
81 0 3398
81 1 1936
81 2 1784
81 3 1763
81 4 2354
81 5 2639
81 6 1312
81 7 2068
81 8 3228
81 9 2784
81 10 1433
81 11 2674
81 12 1984
81 13 779
81 14 2523
81 15 3002
81 16 2746
81 17 2358
81 18 2253
81 19 1038
81 20 1709
81 21 2123
81 22 1138
81 23 882
81 24 1780
81 25 2989
81 26 1705
81 27 1145
81 28 3278
81 29 2047
81 30 816
81 31 3230
81 32 1999
81 33 768
81 34 3182
81 35 1951
81 36 720
81 37 3134
81 38 1903
81 39 672
81 40 3086
81 41 1855
81 42 624
81 43 3038
81 44 1807
81 45 576
81 46 2990
81 47 1759
81 48 528
81 49 2942
81 50 1711
81 51 480
81 52 2894
81 53 1663
81 54 432
81 55 2846
81 56 1615
81 57 384
81 58 2798
81 59 1567
81 60 336
81 61 2750
81 62 1519
81 63 288
81 64 2702
81 65 1471
81 66 240
81 67 2654
81 68 1423
81 69 192
81 70 2606
81 71 1375
81 72 144
81 73 2558
81 74 1327
81 75 96
81 76 2510
81 77 1279
81 78 48
81 79 2462
81 80 1231
81 81 0
81 82 3398
82 0 0
82 1 1462
82 2 1614
82 3 1635
82 4 1044
82 5 759
82 6 2086
82 7 1330
82 8 170
82 9 614
82 10 1965
82 11 724
82 12 1414
82 13 2619
82 14 875
82 15 396
82 16 652
82 17 1040
82 18 1145
82 19 2360
82 20 1689
82 21 1275
82 22 2260
82 23 2516
82 24 1618
82 25 409
82 26 1693
82 27 2253
82 28 120
82 29 1351
82 30 2582
82 31 168
82 32 1399
82 33 2630
82 34 216
82 35 1447
82 36 2678
82 37 264
82 38 1495
82 39 2726
82 40 312
82 41 1543
82 42 2774
82 43 360
82 44 1591
82 45 2822
82 46 408
82 47 1639
82 48 2870
82 49 456
82 50 1687
82 51 2918
82 52 504
82 53 1735
82 54 2966
82 55 552
82 56 1783
82 57 3014
82 58 600
82 59 1831
82 60 3062
82 61 648
82 62 1879
82 63 3110
82 64 696
82 65 1927
82 66 3158
82 67 744
82 68 1975
82 69 3206
82 70 792
82 71 2023
82 72 3254
82 73 840
82 74 2071
82 75 3302
82 76 888
82 77 2119
82 78 3350
82 79 936
82 80 2167
82 81 3398
82 82 0
//Location coordinates LocationName
//Loc x y
0 0.0 0.0 "depot"
1 48.0 1414.0 "product aisle 1 bloc 1 rank 5"
2 96.0 1518.0 "product aisle 2 bloc 1 rank 21"
3 0.0 1635.0 "product aisle 0 bloc 1 rank 40"
4 432.0 612.0 "product aisle 9 bloc 0 rank 71"
5 576.0 183.0 "product aisle 12 bloc 0 rank 6"
6 48.0 2038.0 "product aisle 1 bloc 1 rank 102"
7 432.0 898.0 "product aisle 9 bloc 0 rank 115"
8 0.0 170.0 "product aisle 0 bloc 0 rank 3"
9 288.0 326.0 "product aisle 6 bloc 0 rank 27"
10 96.0 1869.0 "product aisle 2 bloc 1 rank 75"
11 528.0 196.0 "product aisle 11 bloc 0 rank 8"
12 0.0 1414.0 "product aisle 0 bloc 1 rank 5"
13 672.0 1947.0 "product aisle 14 bloc 1 rank 87"
14 432.0 443.0 "product aisle 9 bloc 0 rank 46"
15 96.0 300.0 "product aisle 2 bloc 0 rank 23"
16 144.0 508.0 "product aisle 3 bloc 0 rank 55"
17 480.0 560.0 "product aisle 10 bloc 0 rank 64"
18 624.0 521.0 "product aisle 13 bloc 0 rank 57"
19 816.0 1544.0 "product aisle 17 bloc 1 rank 26"
20 288.0 1401.0 "product aisle 6 bloc 1 rank 4"
21 624.0 651.0 "product aisle 13 bloc 0 rank 78"
22 768.0 1492.0 "product aisle 16 bloc 1 rank 18"
23 816.0 1700.0 "product aisle 17 bloc 1 rank 49"
24 48.0 1570.0 "product aisle 1 bloc 1 rank 29"
25 96.0 313.0 "product aisle 2 bloc 0 rank 25"
26 240.0 1453.0 "product aisle 5 bloc 1 rank 12"
27 384.0 1869.0 "product aisle 8 bloc 1 rank 75"
28 24.0 120.0 "intersection aisle 0 bloc 0 rank 0"
29 24.0 1351.0 "intersection aisle 0 bloc 1 rank 1"
30 24.0 2582.0 "intersection aisle 0 bloc 2 rank 2"
31 72.0 120.0 "intersection aisle 1 bloc 0 rank 0"
32 72.0 1351.0 "intersection aisle 1 bloc 1 rank 1"
33 72.0 2582.0 "intersection aisle 1 bloc 2 rank 2"
34 120.0 120.0 "intersection aisle 2 bloc 0 rank 0"
35 120.0 1351.0 "intersection aisle 2 bloc 1 rank 1"
36 120.0 2582.0 "intersection aisle 2 bloc 2 rank 2"
37 168.0 120.0 "intersection aisle 3 bloc 0 rank 0"
38 168.0 1351.0 "intersection aisle 3 bloc 1 rank 1"
39 168.0 2582.0 "intersection aisle 3 bloc 2 rank 2"
40 216.0 120.0 "intersection aisle 4 bloc 0 rank 0"
41 216.0 1351.0 "intersection aisle 4 bloc 1 rank 1"
42 216.0 2582.0 "intersection aisle 4 bloc 2 rank 2"
43 264.0 120.0 "intersection aisle 5 bloc 0 rank 0"
44 264.0 1351.0 "intersection aisle 5 bloc 1 rank 1"
45 264.0 2582.0 "intersection aisle 5 bloc 2 rank 2"
46 312.0 120.0 "intersection aisle 6 bloc 0 rank 0"
47 312.0 1351.0 "intersection aisle 6 bloc 1 rank 1"
48 312.0 2582.0 "intersection aisle 6 bloc 2 rank 2"
49 360.0 120.0 "intersection aisle 7 bloc 0 rank 0"
50 360.0 1351.0 "intersection aisle 7 bloc 1 rank 1"
51 360.0 2582.0 "intersection aisle 7 bloc 2 rank 2"
52 408.0 120.0 "intersection aisle 8 bloc 0 rank 0"
53 408.0 1351.0 "intersection aisle 8 bloc 1 rank 1"
54 408.0 2582.0 "intersection aisle 8 bloc 2 rank 2"
55 456.0 120.0 "intersection aisle 9 bloc 0 rank 0"
56 456.0 1351.0 "intersection aisle 9 bloc 1 rank 1"
57 456.0 2582.0 "intersection aisle 9 bloc 2 rank 2"
58 504.0 120.0 "intersection aisle 10 bloc 0 rank 0"
59 504.0 1351.0 "intersection aisle 10 bloc 1 rank 1"
60 504.0 2582.0 "intersection aisle 10 bloc 2 rank 2"
61 552.0 120.0 "intersection aisle 11 bloc 0 rank 0"
62 552.0 1351.0 "intersection aisle 11 bloc 1 rank 1"
63 552.0 2582.0 "intersection aisle 11 bloc 2 rank 2"
64 600.0 120.0 "intersection aisle 12 bloc 0 rank 0"
65 600.0 1351.0 "intersection aisle 12 bloc 1 rank 1"
66 600.0 2582.0 "intersection aisle 12 bloc 2 rank 2"
67 648.0 120.0 "intersection aisle 13 bloc 0 rank 0"
68 648.0 1351.0 "intersection aisle 13 bloc 1 rank 1"
69 648.0 2582.0 "intersection aisle 13 bloc 2 rank 2"
70 696.0 120.0 "intersection aisle 14 bloc 0 rank 0"
71 696.0 1351.0 "intersection aisle 14 bloc 1 rank 1"
72 696.0 2582.0 "intersection aisle 14 bloc 2 rank 2"
73 744.0 120.0 "intersection aisle 15 bloc 0 rank 0"
74 744.0 1351.0 "intersection aisle 15 bloc 1 rank 1"
75 744.0 2582.0 "intersection aisle 15 bloc 2 rank 2"
76 792.0 120.0 "intersection aisle 16 bloc 0 rank 0"
77 792.0 1351.0 "intersection aisle 16 bloc 1 rank 1"
78 792.0 2582.0 "intersection aisle 16 bloc 2 rank 2"
79 840.0 120.0 "intersection aisle 17 bloc 0 rank 0"
80 840.0 1351.0 "intersection aisle 17 bloc 1 rank 1"
81 840.0 2582.0 "intersection aisle 17 bloc 2 rank 2"
82 0.0 0.0 "depot"
