//alpha
1
//NbLocations
83
//NbProducts
28
//NbPickers
2
//CapaPicker
12
//TimeToTravelOneDistanceUnit
3
//SetupTime
5400
//PickTime
300
//Products
//Idx Location Size
1 1 1
2 2 1
3 3 1
4 4 1
5 5 1
6 6 1
7 7 1
8 8 1
9 9 1
10 10 1
11 11 1
12 12 1
13 13 1
14 14 1
15 15 1
16 16 1
17 17 1
18 18 1
19 19 1
20 20 1
21 21 1
22 22 1
23 23 1
24 24 1
25 25 1
26 26 1
27 27 1
28 28 1
//Orders
//NbOrders
6
//Idx DueDate TardinessPenalty NbProdInOrder ProdIdx1 Qty1 ProdIdx2 Qty2 ...
1 90000 0 4 1 1 2 1 3 1 4 1
2 90000 0 1 5 1
3 108000 0 12 6 1 7 1 8 1 9 1 10 1 11 1 12 1 13 1 14 1 15 1 16 1 17 1
4 108000 0 1 18 1
5 126000 0 8 19 1 20 1 21 1 22 1 23 1 24 1 25 1 26 1
6 108000 0 2 27 1 28 1
//Graph (Products are vertices indexed from 1 to NbProducts)
//NbVerticesIntersections
54
//DepartingDepot
0
//ArrivalDepot
83
//Arcs
//Start End Distance
0 29 120
1 35 128
1 36 1103
2 25 52
2 68 63
3 47 180
3 48 1051
4 36 609
4 37 622
5 50 128
5 51 1103
6 16 793
6 56 154
7 29 544
7 30 687
8 17 39
8 61 50
9 15 91
9 63 89
10 12 0
10 22 182
11 32 531
11 33 700
12 10 0
12 57 180
13 18 728
13 75 453
14 19 221
14 43 219
15 9 91
15 64 1051
16 6 793
16 57 284
17 8 39
17 60 1142
18 13 728
18 74 50
19 14 221
19 42 791
20 62 50
20 63 1181
21 53 37
21 54 1194
22 10 182
22 58 869
23 72 154
23 73 1077
24 65 76
24 66 1155
25 2 52
25 69 1116
26 39 765
26 40 466
27 66 89
27 67 1142
28 48 1103
28 49 128
29 7 544
29 32 48
29 83 120
30 7 687
30 31 1231
30 33 48
31 30 1231
31 34 48
32 11 531
32 29 48
32 35 48
33 11 700
33 30 48
33 34 1231
33 36 48
34 31 48
34 33 1231
34 37 48
35 1 128
35 32 48
35 38 48
36 1 1103
36 4 609
36 33 48
36 39 48
37 4 622
37 34 48
37 40 48
38 35 48
38 39 1231
38 41 48
39 26 765
39 36 48
39 38 1231
39 42 48
40 26 466
40 37 48
40 43 48
41 38 48
41 42 1231
41 44 48
42 19 791
42 39 48
42 41 1231
42 45 48
43 14 219
43 40 48
43 46 48
44 41 48
44 45 1231
44 47 48
45 42 48
45 44 1231
45 46 1231
45 48 48
46 43 48
46 45 1231
46 49 48
47 3 180
47 44 48
47 50 48
48 3 1051
48 28 1103
48 45 48
48 51 48
49 28 128
49 46 48
49 52 48
50 5 128
50 47 48
50 53 48
51 5 1103
51 48 48
51 52 1231
51 54 48
52 49 48
52 51 1231
52 55 48
53 21 37
53 50 48
53 56 48
54 21 1194
54 51 48
54 55 1231
54 57 48
55 52 48
55 54 1231
55 58 48
56 6 154
56 53 48
56 59 48
57 12 180
57 16 284
57 54 48
57 60 48
58 22 869
58 55 48
58 61 48
59 56 48
59 60 1231
59 62 48
60 17 1142
60 57 48
60 59 1231
60 63 48
61 8 50
61 58 48
61 64 48
62 20 50
62 59 48
62 65 48
63 9 89
63 20 1181
63 60 48
63 66 48
64 15 1051
64 61 48
64 67 48
65 24 76
65 62 48
65 68 48
66 24 1155
66 27 89
66 63 48
66 69 48
67 27 1142
67 64 48
67 70 48
68 2 63
68 65 48
68 71 48
69 25 1116
69 66 48
69 70 1231
69 72 48
70 67 48
70 69 1231
70 73 48
71 68 48
71 72 1231
71 74 48
72 23 154
72 69 48
72 71 1231
72 75 48
73 23 1077
73 70 48
73 76 48
74 18 50
74 71 48
74 77 48
75 13 453
75 72 48
75 76 1231
75 78 48
76 73 48
76 75 1231
76 79 48
77 74 48
77 78 1231
77 80 48
78 75 48
78 77 1231
78 79 1231
78 81 48
79 76 48
79 78 1231
79 82 48
80 77 48
80 81 1231
81 78 48
81 80 1231
81 82 1231
82 79 48
82 81 1231
//LocStart LocEnd ShortestPath
0 0 0
0 1 344
0 2 807
0 3 588
0 4 2056
0 5 584
0 6 706
0 7 664
0 8 3012
0 9 1968
0 10 1963
0 11 699
0 12 1963
0 13 1618
0 14 2555
0 15 2059
0 16 1499
0 17 2973
0 18 890
0 19 2334
0 20 698
0 21 541
0 22 2145
0 23 2177
0 24 772
0 25 859
0 26 2260
0 27 2016
0 28 2742
0 29 120
0 30 1351
0 31 2582
0 32 168
0 33 1399
0 34 2630
0 35 216
0 36 1447
0 37 2678
0 38 264
0 39 1495
0 40 2726
0 41 312
0 42 1543
0 43 2774
0 44 360
0 45 1591
0 46 2822
0 47 408
0 48 1639
0 49 2870
0 50 456
0 51 1687
0 52 2918
0 53 504
0 54 1735
0 55 2966
0 56 552
0 57 1783
0 58 3014
0 59 600
0 60 1831
0 61 3062
0 62 648
0 63 1879
0 64 3110
0 65 696
0 66 1927
0 67 3158
0 68 744
0 69 1975
0 70 3206
0 71 792
0 72 2023
0 73 3254
0 74 840
0 75 2071
0 76 3302
0 77 888
0 78 2119
0 79 3350
0 80 936
0 81 2167
0 82 3398
0 83 0
1 0 344
1 1 0
1 2 719
1 3 500
1 4 1712
1 5 496
1 6 618
1 7 768
1 8 2668
1 9 1624
1 10 1619
1 11 707
1 12 1619
1 13 1530
1 14 2211
1 15 1715
1 16 1411
1 17 2629
1 18 802
1 19 1990
1 20 610
1 21 453
1 22 1801
1 23 1833
1 24 684
1 25 771
1 26 1916
1 27 1672
1 28 2398
1 29 224
1 30 1199
1 31 2430
1 32 176
1 33 1151
1 34 2382
1 35 128
1 36 1103
1 37 2334
1 38 176
1 39 1151
1 40 2382
1 41 224
1 42 1199
1 43 2430
1 44 272
1 45 1247
1 46 2478
1 47 320
1 48 1295
1 49 2526
1 50 368
1 51 1343
1 52 2574
1 53 416
1 54 1391
1 55 2622
1 56 464
1 57 1439
1 58 2670
1 59 512
1 60 1487
1 61 2718
1 62 560
1 63 1535
1 64 2766
1 65 608
1 66 1583
1 67 2814
1 68 656
1 69 1631
1 70 2862
1 71 704
1 72 1679
1 73 2910
1 74 752
1 75 1727
1 76 2958
1 77 800
1 78 1775
1 79 3006
1 80 848
1 81 1823
1 82 3054
1 83 344
2 0 807
2 1 719
2 2 0
2 3 579
2 4 2305
2 5 479
2 6 409
2 7 1231
2 8 2493
2 9 1353
2 10 1540
2 11 1170
2 12 1540
2 13 937
2 14 2612
2 15 1444
2 16 1202
2 17 2454
2 18 209
2 19 2391
2 20 209
2 21 340
2 22 1722
2 23 1370
2 24 187
2 25 52
2 26 2413
2 27 1305
2 28 2607
2 29 687
2 30 1792
2 31 3023
2 32 639
2 33 1744
2 34 2975
2 35 591
2 36 1696
2 37 2927
2 38 543
2 39 1648
2 40 2879
2 41 495
2 42 1600
2 43 2831
2 44 447
2 45 1552
2 46 2783
2 47 399
2 48 1504
2 49 2735
2 50 351
2 51 1456
2 52 2687
2 53 303
2 54 1408
2 55 2639
2 56 255
2 57 1360
2 58 2591
2 59 207
2 60 1312
2 61 2543
2 62 159
2 63 1264
2 64 2495
2 65 111
2 66 1216
2 67 2447
2 68 63
2 69 1168
2 70 2399
2 71 111
2 72 1216
2 73 2447
2 74 159
2 75 1264
2 76 2495
2 77 207
2 78 1312
2 79 2543
2 80 255
2 81 1360
2 82 2591
2 83 807
3 0 588
3 1 500
3 2 579
3 3 0
3 4 1852
3 5 356
3 6 478
3 7 1012
3 8 2424
3 9 1380
3 10 1375
3 11 951
3 12 1375
3 13 1390
3 14 2159
3 15 1471
3 16 1271
3 17 2385
3 18 662
3 19 1938
3 20 470
3 21 313
3 22 1557
3 23 1589
3 24 544
3 25 631
3 26 1960
3 27 1428
3 28 2154
3 29 468
3 30 1339
3 31 2570
3 32 420
3 33 1291
3 34 2522
3 35 372
3 36 1243
3 37 2474
3 38 324
3 39 1195
3 40 2426
3 41 276
3 42 1147
3 43 2378
3 44 228
3 45 1099
3 46 2330
3 47 180
3 48 1051
3 49 2282
3 50 228
3 51 1099
3 52 2330
3 53 276
3 54 1147
3 55 2378
3 56 324
3 57 1195
3 58 2426
3 59 372
3 60 1243
3 61 2474
3 62 420
3 63 1291
3 64 2522
3 65 468
3 66 1339
3 67 2570
3 68 516
3 69 1387
3 70 2618
3 71 564
3 72 1435
3 73 2666
3 74 612
3 75 1483
3 76 2714
3 77 660
3 78 1531
3 79 2762
3 80 708
3 81 1579
3 82 2810
3 83 588
4 0 2056
4 1 1712
4 2 2305
4 3 1852
4 4 0
4 5 1952
4 6 2022
4 7 1392
4 8 1056
4 9 1130
4 10 1125
4 11 1357
4 12 1125
4 13 1686
4 14 937
4 15 1221
4 16 1229
4 17 1095
4 18 2414
4 19 1158
4 20 2222
4 21 2091
4 22 1307
4 23 1339
4 24 2244
4 25 2253
4 26 1136
4 27 1178
4 28 942
4 29 1936
4 30 705
4 31 718
4 32 1888
4 33 657
4 34 670
4 35 1840
4 36 609
4 37 622
4 38 1888
4 39 657
4 40 670
4 41 1936
4 42 705
4 43 718
4 44 1984
4 45 753
4 46 766
4 47 2032
4 48 801
4 49 814
4 50 2080
4 51 849
4 52 862
4 53 2128
4 54 897
4 55 910
4 56 2176
4 57 945
4 58 958
4 59 2224
4 60 993
4 61 1006
4 62 2272
4 63 1041
4 64 1054
4 65 2320
4 66 1089
4 67 1102
4 68 2368
4 69 1137
4 70 1150
4 71 2416
4 72 1185
4 73 1198
4 74 2464
4 75 1233
4 76 1246
4 77 2512
4 78 1281
4 79 1294
4 80 2560
4 81 1329
4 82 1342
4 83 2056
5 0 584
5 1 496
5 2 479
5 3 356
5 4 1952
5 5 0
5 6 378
5 7 1008
5 8 2428
5 9 1384
5 10 1379
5 11 947
5 12 1379
5 13 1290
5 14 2259
5 15 1475
5 16 1171
5 17 2389
5 18 562
5 19 2038
5 20 370
5 21 213
5 22 1561
5 23 1593
5 24 444
5 25 531
5 26 2060
5 27 1432
5 28 2254
5 29 464
5 30 1439
5 31 2670
5 32 416
5 33 1391
5 34 2622
5 35 368
5 36 1343
5 37 2574
5 38 320
5 39 1295
5 40 2526
5 41 272
5 42 1247
5 43 2478
5 44 224
5 45 1199
5 46 2430
5 47 176
5 48 1151
5 49 2382
5 50 128
5 51 1103
5 52 2334
5 53 176
5 54 1151
5 55 2382
5 56 224
5 57 1199
5 58 2430
5 59 272
5 60 1247
5 61 2478
5 62 320
5 63 1295
5 64 2526
5 65 368
5 66 1343
5 67 2574
5 68 416
5 69 1391
5 70 2622
5 71 464
5 72 1439
5 73 2670
5 74 512
5 75 1487
5 76 2718
5 77 560
5 78 1535
5 79 2766
5 80 608
5 81 1583
5 82 2814
5 83 584
6 0 706
6 1 618
6 2 409
6 3 478
6 4 2022
6 5 378
6 6 0
6 7 1130
6 8 2306
6 9 1262
6 10 1257
6 11 1069
6 12 1257
6 13 1220
6 14 2329
6 15 1353
6 16 793
6 17 2267
6 18 492
6 19 2108
6 20 300
6 21 239
6 22 1439
6 23 1471
6 24 374
6 25 461
6 26 2130
6 27 1310
6 28 2324
6 29 586
6 30 1509
6 31 2740
6 32 538
6 33 1461
6 34 2692
6 35 490
6 36 1413
6 37 2644
6 38 442
6 39 1365
6 40 2596
6 41 394
6 42 1317
6 43 2548
6 44 346
6 45 1269
6 46 2500
6 47 298
6 48 1221
6 49 2452
6 50 250
6 51 1173
6 52 2404
6 53 202
6 54 1125
6 55 2356
6 56 154
6 57 1077
6 58 2308
6 59 202
6 60 1125
6 61 2356
6 62 250
6 63 1173
6 64 2404
6 65 298
6 66 1221
6 67 2452
6 68 346
6 69 1269
6 70 2500
6 71 394
6 72 1317
6 73 2548
6 74 442
6 75 1365
6 76 2596
6 77 490
6 78 1413
6 79 2644
6 80 538
6 81 1461
6 82 2692
6 83 706
7 0 664
7 1 768
7 2 1231
7 3 1012
7 4 1392
7 5 1008
7 6 1130
7 7 0
7 8 2348
7 9 1304
7 10 1299
7 11 1123
7 12 1299
7 13 1860
7 14 1891
7 15 1395
7 16 1403
7 17 2309
7 18 1314
7 19 1670
7 20 1122
7 21 965
7 22 1481
7 23 1513
7 24 1196
7 25 1283
7 26 1596
7 27 1352
7 28 2078
7 29 544
7 30 687
7 31 1918
7 32 592
7 33 735
7 34 1966
7 35 640
7 36 783
7 37 2014
7 38 688
7 39 831
7 40 2062
7 41 736
7 42 879
7 43 2110
7 44 784
7 45 927
7 46 2158
7 47 832
7 48 975
7 49 2206
7 50 880
7 51 1023
7 52 2254
7 53 928
7 54 1071
7 55 2302
7 56 976
7 57 1119
7 58 2350
7 59 1024
7 60 1167
7 61 2398
7 62 1072
7 63 1215
7 64 2446
7 65 1120
7 66 1263
7 67 2494
7 68 1168
7 69 1311
7 70 2542
7 71 1216
7 72 1359
7 73 2590
7 74 1264
7 75 1407
7 76 2638
7 77 1312
7 78 1455
7 79 2686
7 80 1360
7 81 1503
7 82 2734
7 83 664
8 0 3012
8 1 2668
8 2 2493
8 3 2424
8 4 1056
8 5 2428
8 6 2306
8 7 2348
8 8 0
8 9 1240
8 10 1149
8 11 2313
8 12 1149
8 13 1874
8 14 557
8 15 1149
8 16 1513
8 17 39
8 18 2602
8 19 778
8 20 2410
8 21 2471
8 22 967
8 23 1319
8 24 2432
8 25 2441
8 26 852
8 27 1288
8 28 370
8 29 2892
8 30 1661
8 31 530
8 32 2844
8 33 1613
8 34 482
8 35 2796
8 36 1565
8 37 434
8 38 2748
8 39 1517
8 40 386
8 41 2700
8 42 1469
8 43 338
8 44 2652
8 45 1421
8 46 290
8 47 2604
8 48 1373
8 49 242
8 50 2556
8 51 1325
8 52 194
8 53 2508
8 54 1277
8 55 146
8 56 2460
8 57 1229
8 58 98
8 59 2412
8 60 1181
8 61 50
8 62 2460
8 63 1229
8 64 98
8 65 2508
8 66 1277
8 67 146
8 68 2556
8 69 1325
8 70 194
8 71 2604
8 72 1373
8 73 242
8 74 2652
8 75 1421
8 76 290
8 77 2700
8 78 1469
8 79 338
8 80 2748
8 81 1517
8 82 386
8 83 3012
9 0 1968
9 1 1624
9 2 1353
9 3 1380
9 4 1130
9 5 1384
9 6 1262
9 7 1304
9 8 1240
9 9 0
9 10 365
9 11 1269
9 12 365
9 13 734
9 14 1437
9 15 91
9 16 469
9 17 1279
9 18 1462
9 19 1216
9 20 1270
9 21 1427
9 22 547
9 23 387
9 24 1292
9 25 1301
9 26 1238
9 27 226
9 28 1432
9 29 1848
9 30 617
9 31 1670
9 32 1800
9 33 569
9 34 1622
9 35 1752
9 36 521
9 37 1574
9 38 1704
9 39 473
9 40 1526
9 41 1656
9 42 425
9 43 1478
9 44 1608
9 45 377
9 46 1430
9 47 1560
9 48 329
9 49 1382
9 50 1512
9 51 281
9 52 1334
9 53 1464
9 54 233
9 55 1286
9 56 1416
9 57 185
9 58 1238
9 59 1368
9 60 137
9 61 1190
9 62 1320
9 63 89
9 64 1142
9 65 1368
9 66 137
9 67 1190
9 68 1416
9 69 185
9 70 1238
9 71 1464
9 72 233
9 73 1286
9 74 1512
9 75 281
9 76 1334
9 77 1560
9 78 329
9 79 1382
9 80 1608
9 81 377
9 82 1430
9 83 1968
10 0 1963
10 1 1619
10 2 1540
10 3 1375
10 4 1125
10 5 1379
10 6 1257
10 7 1299
10 8 1149
10 9 365
10 10 0
10 11 1264
10 12 0
10 13 921
10 14 1432
10 15 456
10 16 464
10 17 1188
10 18 1649
10 19 1211
10 20 1457
10 21 1422
10 22 182
10 23 574
10 24 1479
10 25 1488
10 26 1233
10 27 413
10 28 1323
10 29 1843
10 30 612
10 31 1483
10 32 1795
10 33 564
10 34 1435
10 35 1747
10 36 516
10 37 1387
10 38 1699
10 39 468
10 40 1339
10 41 1651
10 42 420
10 43 1291
10 44 1603
10 45 372
10 46 1243
10 47 1555
10 48 324
10 49 1195
10 50 1507
10 51 276
10 52 1147
10 53 1459
10 54 228
10 55 1099
10 56 1411
10 57 180
10 58 1051
10 59 1459
10 60 228
10 61 1099
10 62 1507
10 63 276
10 64 1147
10 65 1555
10 66 324
10 67 1195
10 68 1603
10 69 372
10 70 1243
10 71 1651
10 72 420
10 73 1291
10 74 1699
10 75 468
10 76 1339
10 77 1747
10 78 516
10 79 1387
10 80 1795
10 81 564
10 82 1435
10 83 1963
11 0 699
11 1 707
11 2 1170
11 3 951
11 4 1357
11 5 947
11 6 1069
11 7 1123
11 8 2313
11 9 1269
11 10 1264
11 11 0
11 12 1264
11 13 1825
11 14 1856
11 15 1360
11 16 1368
11 17 2274
11 18 1253
11 19 1635
11 20 1061
11 21 904
11 22 1446
11 23 1478
11 24 1135
11 25 1222
11 26 1561
11 27 1317
11 28 2043
11 29 579
11 30 748
11 31 1979
11 32 531
11 33 700
11 34 1931
11 35 579
11 36 748
11 37 1979
11 38 627
11 39 796
11 40 2027
11 41 675
11 42 844
11 43 2075
11 44 723
11 45 892
11 46 2123
11 47 771
11 48 940
11 49 2171
11 50 819
11 51 988
11 52 2219
11 53 867
11 54 1036
11 55 2267
11 56 915
11 57 1084
11 58 2315
11 59 963
11 60 1132
11 61 2363
11 62 1011
11 63 1180
11 64 2411
11 65 1059
11 66 1228
11 67 2459
11 68 1107
11 69 1276
11 70 2507
11 71 1155
11 72 1324
11 73 2555
11 74 1203
11 75 1372
11 76 2603
11 77 1251
11 78 1420
11 79 2651
11 80 1299
11 81 1468
11 82 2699
11 83 699
12 0 1963
12 1 1619
12 2 1540
12 3 1375
12 4 1125
12 5 1379
12 6 1257
12 7 1299
12 8 1149
12 9 365
12 10 0
12 11 1264
12 12 0
12 13 921
12 14 1432
12 15 456
12 16 464
12 17 1188
12 18 1649
12 19 1211
12 20 1457
12 21 1422
12 22 182
12 23 574
12 24 1479
12 25 1488
12 26 1233
12 27 413
12 28 1323
12 29 1843
12 30 612
12 31 1483
12 32 1795
12 33 564
12 34 1435
12 35 1747
12 36 516
12 37 1387
12 38 1699
12 39 468
12 40 1339
12 41 1651
12 42 420
12 43 1291
12 44 1603
12 45 372
12 46 1243
12 47 1555
12 48 324
12 49 1195
12 50 1507
12 51 276
12 52 1147
12 53 1459
12 54 228
12 55 1099
12 56 1411
12 57 180
12 58 1051
12 59 1459
12 60 228
12 61 1099
12 62 1507
12 63 276
12 64 1147
12 65 1555
12 66 324
12 67 1195
12 68 1603
12 69 372
12 70 1243
12 71 1651
12 72 420
12 73 1291
12 74 1699
12 75 468
12 76 1339
12 77 1747
12 78 516
12 79 1387
12 80 1795
12 81 564
12 82 1435
12 83 1963
13 0 1618
13 1 1530
13 2 937
13 3 1390
13 4 1686
13 5 1290
13 6 1220
13 7 1860
13 8 1874
13 9 734
13 10 921
13 11 1825
13 12 921
13 13 0
13 14 1993
13 15 825
13 16 1025
13 17 1835
13 18 728
13 19 1772
13 20 1020
13 21 1151
13 22 1103
13 23 655
13 24 998
13 25 989
13 26 1794
13 27 686
13 28 1988
13 29 1498
13 30 1173
13 31 2404
13 32 1450
13 33 1125
13 34 2356
13 35 1402
13 36 1077
13 37 2308
13 38 1354
13 39 1029
13 40 2260
13 41 1306
13 42 981
13 43 2212
13 44 1258
13 45 933
13 46 2164
13 47 1210
13 48 885
13 49 2116
13 50 1162
13 51 837
13 52 2068
13 53 1114
13 54 789
13 55 2020
13 56 1066
13 57 741
13 58 1972
13 59 1018
13 60 693
13 61 1924
13 62 970
13 63 645
13 64 1876
13 65 922
13 66 597
13 67 1828
13 68 874
13 69 549
13 70 1780
13 71 826
13 72 501
13 73 1732
13 74 778
13 75 453
13 76 1684
13 77 826
13 78 501
13 79 1732
13 80 874
13 81 549
13 82 1780
13 83 1618
14 0 2555
14 1 2211
14 2 2612
14 3 2159
14 4 937
14 5 2259
14 6 2329
14 7 1891
14 8 557
14 9 1437
14 10 1432
14 11 1856
14 12 1432
14 13 1993
14 14 0
14 15 1528
14 16 1536
14 17 596
14 18 2721
14 19 221
14 20 2529
14 21 2398
14 22 1328
14 23 1646
14 24 2551
14 25 2560
14 26 733
14 27 1485
14 28 443
14 29 2435
14 30 1204
14 31 411
14 32 2387
14 33 1156
14 34 363
14 35 2339
14 36 1108
14 37 315
14 38 2291
14 39 1060
14 40 267
14 41 2243
14 42 1012
14 43 219
14 44 2291
14 45 1060
14 46 267
14 47 2339
14 48 1108
14 49 315
14 50 2387
14 51 1156
14 52 363
14 53 2435
14 54 1204
14 55 411
14 56 2483
14 57 1252
14 58 459
14 59 2531
14 60 1300
14 61 507
14 62 2579
14 63 1348
14 64 555
14 65 2627
14 66 1396
14 67 603
14 68 2675
14 69 1444
14 70 651
14 71 2723
14 72 1492
14 73 699
14 74 2771
14 75 1540
14 76 747
14 77 2819
14 78 1588
14 79 795
14 80 2867
14 81 1636
14 82 843
14 83 2555
15 0 2059
15 1 1715
15 2 1444
15 3 1471
15 4 1221
15 5 1475
15 6 1353
15 7 1395
15 8 1149
15 9 91
15 10 456
15 11 1360
15 12 456
15 13 825
15 14 1528
15 15 0
15 16 560
15 17 1188
15 18 1553
15 19 1307
15 20 1361
15 21 1518
15 22 638
15 23 478
15 24 1383
15 25 1392
15 26 1329
15 27 317
15 28 1419
15 29 1939
15 30 708
15 31 1579
15 32 1891
15 33 660
15 34 1531
15 35 1843
15 36 612
15 37 1483
15 38 1795
15 39 564
15 40 1435
15 41 1747
15 42 516
15 43 1387
15 44 1699
15 45 468
15 46 1339
15 47 1651
15 48 420
15 49 1291
15 50 1603
15 51 372
15 52 1243
15 53 1555
15 54 324
15 55 1195
15 56 1507
15 57 276
15 58 1147
15 59 1459
15 60 228
15 61 1099
15 62 1411
15 63 180
15 64 1051
15 65 1459
15 66 228
15 67 1099
15 68 1507
15 69 276
15 70 1147
15 71 1555
15 72 324
15 73 1195
15 74 1603
15 75 372
15 76 1243
15 77 1651
15 78 420
15 79 1291
15 80 1699
15 81 468
15 82 1339
15 83 2059
16 0 1499
16 1 1411
16 2 1202
16 3 1271
16 4 1229
16 5 1171
16 6 793
16 7 1403
16 8 1513
16 9 469
16 10 464
16 11 1368
16 12 464
16 13 1025
16 14 1536
16 15 560
16 16 0
16 17 1474
16 18 1285
16 19 1315
16 20 1093
16 21 1032
16 22 646
16 23 678
16 24 1167
16 25 1254
16 26 1337
16 27 517
16 28 1531
16 29 1379
16 30 716
16 31 1947
16 32 1331
16 33 668
16 34 1899
16 35 1283
16 36 620
16 37 1851
16 38 1235
16 39 572
16 40 1803
16 41 1187
16 42 524
16 43 1755
16 44 1139
16 45 476
16 46 1707
16 47 1091
16 48 428
16 49 1659
16 50 1043
16 51 380
16 52 1611
16 53 995
16 54 332
16 55 1563
16 56 947
16 57 284
16 58 1515
16 59 995
16 60 332
16 61 1563
16 62 1043
16 63 380
16 64 1611
16 65 1091
16 66 428
16 67 1659
16 68 1139
16 69 476
16 70 1707
16 71 1187
16 72 524
16 73 1755
16 74 1235
16 75 572
16 76 1803
16 77 1283
16 78 620
16 79 1851
16 80 1331
16 81 668
16 82 1899
16 83 1499
17 0 2973
17 1 2629
17 2 2454
17 3 2385
17 4 1095
17 5 2389
17 6 2267
17 7 2309
17 8 39
17 9 1279
17 10 1188
17 11 2274
17 12 1188
17 13 1835
17 14 596
17 15 1188
17 16 1474
17 17 0
17 18 2563
17 19 817
17 20 2371
17 21 2432
17 22 1006
17 23 1358
17 24 2393
17 25 2402
17 26 891
17 27 1327
17 28 409
17 29 2853
17 30 1622
17 31 569
17 32 2805
17 33 1574
17 34 521
17 35 2757
17 36 1526
17 37 473
17 38 2709
17 39 1478
17 40 425
17 41 2661
17 42 1430
17 43 377
17 44 2613
17 45 1382
17 46 329
17 47 2565
17 48 1334
17 49 281
17 50 2517
17 51 1286
17 52 233
17 53 2469
17 54 1238
17 55 185
17 56 2421
17 57 1190
17 58 137
17 59 2373
17 60 1142
17 61 89
17 62 2421
17 63 1190
17 64 137
17 65 2469
17 66 1238
17 67 185
17 68 2517
17 69 1286
17 70 233
17 71 2565
17 72 1334
17 73 281
17 74 2613
17 75 1382
17 76 329
17 77 2661
17 78 1430
17 79 377
17 80 2709
17 81 1478
17 82 425
17 83 2973
18 0 890
18 1 802
18 2 209
18 3 662
18 4 2414
18 5 562
18 6 492
18 7 1314
18 8 2602
18 9 1462
18 10 1649
18 11 1253
18 12 1649
18 13 728
18 14 2721
18 15 1553
18 16 1285
18 17 2563
18 18 0
18 19 2500
18 20 292
18 21 423
18 22 1831
18 23 1383
18 24 270
18 25 261
18 26 2522
18 27 1414
18 28 2716
18 29 770
18 30 1901
18 31 3132
18 32 722
18 33 1853
18 34 3084
18 35 674
18 36 1805
18 37 3036
18 38 626
18 39 1757
18 40 2988
18 41 578
18 42 1709
18 43 2940
18 44 530
18 45 1661
18 46 2892
18 47 482
18 48 1613
18 49 2844
18 50 434
18 51 1565
18 52 2796
18 53 386
18 54 1517
18 55 2748
18 56 338
18 57 1469
18 58 2700
18 59 290
18 60 1421
18 61 2652
18 62 242
18 63 1373
18 64 2604
18 65 194
18 66 1325
18 67 2556
18 68 146
18 69 1277
18 70 2508
18 71 98
18 72 1229
18 73 2460
18 74 50
18 75 1181
18 76 2412
18 77 98
18 78 1229
18 79 2460
18 80 146
18 81 1277
18 82 2508
18 83 890
19 0 2334
19 1 1990
19 2 2391
19 3 1938
19 4 1158
19 5 2038
19 6 2108
19 7 1670
19 8 778
19 9 1216
19 10 1211
19 11 1635
19 12 1211
19 13 1772
19 14 221
19 15 1307
19 16 1315
19 17 817
19 18 2500
19 19 0
19 20 2308
19 21 2177
19 22 1393
19 23 1425
19 24 2330
19 25 2339
19 26 954
19 27 1264
19 28 664
19 29 2214
19 30 983
19 31 632
19 32 2166
19 33 935
19 34 584
19 35 2118
19 36 887
19 37 536
19 38 2070
19 39 839
19 40 488
19 41 2022
19 42 791
19 43 440
19 44 2070
19 45 839
19 46 488
19 47 2118
19 48 887
19 49 536
19 50 2166
19 51 935
19 52 584
19 53 2214
19 54 983
19 55 632
19 56 2262
19 57 1031
19 58 680
19 59 2310
19 60 1079
19 61 728
19 62 2358
19 63 1127
19 64 776
19 65 2406
19 66 1175
19 67 824
19 68 2454
19 69 1223
19 70 872
19 71 2502
19 72 1271
19 73 920
19 74 2550
19 75 1319
19 76 968
19 77 2598
19 78 1367
19 79 1016
19 80 2646
19 81 1415
19 82 1064
19 83 2334
20 0 698
20 1 610
20 2 209
20 3 470
20 4 2222
20 5 370
20 6 300
20 7 1122
20 8 2410
20 9 1270
20 10 1457
20 11 1061
20 12 1457
20 13 1020
20 14 2529
20 15 1361
20 16 1093
20 17 2371
20 18 292
20 19 2308
20 20 0
20 21 231
20 22 1639
20 23 1479
20 24 174
20 25 261
20 26 2330
20 27 1318
20 28 2524
20 29 578
20 30 1709
20 31 2940
20 32 530
20 33 1661
20 34 2892
20 35 482
20 36 1613
20 37 2844
20 38 434
20 39 1565
20 40 2796
20 41 386
20 42 1517
20 43 2748
20 44 338
20 45 1469
20 46 2700
20 47 290
20 48 1421
20 49 2652
20 50 242
20 51 1373
20 52 2604
20 53 194
20 54 1325
20 55 2556
20 56 146
20 57 1277
20 58 2508
20 59 98
20 60 1229
20 61 2460
20 62 50
20 63 1181
20 64 2412
20 65 98
20 66 1229
20 67 2460
20 68 146
20 69 1277
20 70 2508
20 71 194
20 72 1325
20 73 2556
20 74 242
20 75 1373
20 76 2604
20 77 290
20 78 1421
20 79 2652
20 80 338
20 81 1469
20 82 2700
20 83 698
21 0 541
21 1 453
21 2 340
21 3 313
21 4 2091
21 5 213
21 6 239
21 7 965
21 8 2471
21 9 1427
21 10 1422
21 11 904
21 12 1422
21 13 1151
21 14 2398
21 15 1518
21 16 1032
21 17 2432
21 18 423
21 19 2177
21 20 231
21 21 0
21 22 1604
21 23 1636
21 24 305
21 25 392
21 26 2199
21 27 1475
21 28 2393
21 29 421
21 30 1578
21 31 2809
21 32 373
21 33 1530
21 34 2761
21 35 325
21 36 1482
21 37 2713
21 38 277
21 39 1434
21 40 2665
21 41 229
21 42 1386
21 43 2617
21 44 181
21 45 1338
21 46 2569
21 47 133
21 48 1290
21 49 2521
21 50 85
21 51 1242
21 52 2473
21 53 37
21 54 1194
21 55 2425
21 56 85
21 57 1242
21 58 2473
21 59 133
21 60 1290
21 61 2521
21 62 181
21 63 1338
21 64 2569
21 65 229
21 66 1386
21 67 2617
21 68 277
21 69 1434
21 70 2665
21 71 325
21 72 1482
21 73 2713
21 74 373
21 75 1530
21 76 2761
21 77 421
21 78 1578
21 79 2809
21 80 469
21 81 1626
21 82 2857
21 83 541
22 0 2145
22 1 1801
22 2 1722
22 3 1557
22 4 1307
22 5 1561
22 6 1439
22 7 1481
22 8 967
22 9 547
22 10 182
22 11 1446
22 12 182
22 13 1103
22 14 1328
22 15 638
22 16 646
22 17 1006
22 18 1831
22 19 1393
22 20 1639
22 21 1604
22 22 0
22 23 756
22 24 1661
22 25 1670
22 26 1415
22 27 595
22 28 1141
22 29 2025
22 30 794
22 31 1301
22 32 1977
22 33 746
22 34 1253
22 35 1929
22 36 698
22 37 1205
22 38 1881
22 39 650
22 40 1157
22 41 1833
22 42 602
22 43 1109
22 44 1785
22 45 554
22 46 1061
22 47 1737
22 48 506
22 49 1013
22 50 1689
22 51 458
22 52 965
22 53 1641
22 54 410
22 55 917
22 56 1593
22 57 362
22 58 869
22 59 1641
22 60 410
22 61 917
22 62 1689
22 63 458
22 64 965
22 65 1737
22 66 506
22 67 1013
22 68 1785
22 69 554
22 70 1061
22 71 1833
22 72 602
22 73 1109
22 74 1881
22 75 650
22 76 1157
22 77 1929
22 78 698
22 79 1205
22 80 1977
22 81 746
22 82 1253
22 83 2145
23 0 2177
23 1 1833
23 2 1370
23 3 1589
23 4 1339
23 5 1593
23 6 1471
23 7 1513
23 8 1319
23 9 387
23 10 574
23 11 1478
23 12 574
23 13 655
23 14 1646
23 15 478
23 16 678
23 17 1358
23 18 1383
23 19 1425
23 20 1479
23 21 1636
23 22 756
23 23 0
23 24 1405
23 25 1318
23 26 1447
23 27 339
23 28 1589
23 29 2057
23 30 826
23 31 1749
23 32 2009
23 33 778
23 34 1701
23 35 1961
23 36 730
23 37 1653
23 38 1913
23 39 682
23 40 1605
23 41 1865
23 42 634
23 43 1557
23 44 1817
23 45 586
23 46 1509
23 47 1769
23 48 538
23 49 1461
23 50 1721
23 51 490
23 52 1413
23 53 1673
23 54 442
23 55 1365
23 56 1625
23 57 394
23 58 1317
23 59 1577
23 60 346
23 61 1269
23 62 1529
23 63 298
23 64 1221
23 65 1481
23 66 250
23 67 1173
23 68 1433
23 69 202
23 70 1125
23 71 1385
23 72 154
23 73 1077
23 74 1433
23 75 202
23 76 1125
23 77 1481
23 78 250
23 79 1173
23 80 1529
23 81 298
23 82 1221
23 83 2177
24 0 772
24 1 684
24 2 187
24 3 544
24 4 2244
24 5 444
24 6 374
24 7 1196
24 8 2432
24 9 1292
24 10 1479
24 11 1135
24 12 1479
24 13 998
24 14 2551
24 15 1383
24 16 1167
24 17 2393
24 18 270
24 19 2330
24 20 174
24 21 305
24 22 1661
24 23 1405
24 24 0
24 25 239
24 26 2352
24 27 1244
24 28 2546
24 29 652
24 30 1731
24 31 2962
24 32 604
24 33 1683
24 34 2914
24 35 556
24 36 1635
24 37 2866
24 38 508
24 39 1587
24 40 2818
24 41 460
24 42 1539
24 43 2770
24 44 412
24 45 1491
24 46 2722
24 47 364
24 48 1443
24 49 2674
24 50 316
24 51 1395
24 52 2626
24 53 268
24 54 1347
24 55 2578
24 56 220
24 57 1299
24 58 2530
24 59 172
24 60 1251
24 61 2482
24 62 124
24 63 1203
24 64 2434
24 65 76
24 66 1155
24 67 2386
24 68 124
24 69 1203
24 70 2434
24 71 172
24 72 1251
24 73 2482
24 74 220
24 75 1299
24 76 2530
24 77 268
24 78 1347
24 79 2578
24 80 316
24 81 1395
24 82 2626
24 83 772
25 0 859
25 1 771
25 2 52
25 3 631
25 4 2253
25 5 531
25 6 461
25 7 1283
25 8 2441
25 9 1301
25 10 1488
25 11 1222
25 12 1488
25 13 989
25 14 2560
25 15 1392
25 16 1254
25 17 2402
25 18 261
25 19 2339
25 20 261
25 21 392
25 22 1670
25 23 1318
25 24 239
25 25 0
25 26 2361
25 27 1253
25 28 2555
25 29 739
25 30 1740
25 31 2971
25 32 691
25 33 1692
25 34 2923
25 35 643
25 36 1644
25 37 2875
25 38 595
25 39 1596
25 40 2827
25 41 547
25 42 1548
25 43 2779
25 44 499
25 45 1500
25 46 2731
25 47 451
25 48 1452
25 49 2683
25 50 403
25 51 1404
25 52 2635
25 53 355
25 54 1356
25 55 2587
25 56 307
25 57 1308
25 58 2539
25 59 259
25 60 1260
25 61 2491
25 62 211
25 63 1212
25 64 2443
25 65 163
25 66 1164
25 67 2395
25 68 115
25 69 1116
25 70 2347
25 71 163
25 72 1164
25 73 2395
25 74 211
25 75 1212
25 76 2443
25 77 259
25 78 1260
25 79 2491
25 80 307
25 81 1308
25 82 2539
25 83 859
26 0 2260
26 1 1916
26 2 2413
26 3 1960
26 4 1136
26 5 2060
26 6 2130
26 7 1596
26 8 852
26 9 1238
26 10 1233
26 11 1561
26 12 1233
26 13 1794
26 14 733
26 15 1329
26 16 1337
26 17 891
26 18 2522
26 19 954
26 20 2330
26 21 2199
26 22 1415
26 23 1447
26 24 2352
26 25 2361
26 26 0
26 27 1286
26 28 738
26 29 2140
26 30 909
26 31 610
26 32 2092
26 33 861
26 34 562
26 35 2044
26 36 813
26 37 514
26 38 1996
26 39 765
26 40 466
26 41 2044
26 42 813
26 43 514
26 44 2092
26 45 861
26 46 562
26 47 2140
26 48 909
26 49 610
26 50 2188
26 51 957
26 52 658
26 53 2236
26 54 1005
26 55 706
26 56 2284
26 57 1053
26 58 754
26 59 2332
26 60 1101
26 61 802
26 62 2380
26 63 1149
26 64 850
26 65 2428
26 66 1197
26 67 898
26 68 2476
26 69 1245
26 70 946
26 71 2524
26 72 1293
26 73 994
26 74 2572
26 75 1341
26 76 1042
26 77 2620
26 78 1389
26 79 1090
26 80 2668
26 81 1437
26 82 1138
26 83 2260
27 0 2016
27 1 1672
27 2 1305
27 3 1428
27 4 1178
27 5 1432
27 6 1310
27 7 1352
27 8 1288
27 9 226
27 10 413
27 11 1317
27 12 413
27 13 686
27 14 1485
27 15 317
27 16 517
27 17 1327
27 18 1414
27 19 1264
27 20 1318
27 21 1475
27 22 595
27 23 339
27 24 1244
27 25 1253
27 26 1286
27 27 0
27 28 1480
27 29 1896
27 30 665
27 31 1718
27 32 1848
27 33 617
27 34 1670
27 35 1800
27 36 569
27 37 1622
27 38 1752
27 39 521
27 40 1574
27 41 1704
27 42 473
27 43 1526
27 44 1656
27 45 425
27 46 1478
27 47 1608
27 48 377
27 49 1430
27 50 1560
27 51 329
27 52 1382
27 53 1512
27 54 281
27 55 1334
27 56 1464
27 57 233
27 58 1286
27 59 1416
27 60 185
27 61 1238
27 62 1368
27 63 137
27 64 1190
27 65 1320
27 66 89
27 67 1142
27 68 1368
27 69 137
27 70 1190
27 71 1416
27 72 185
27 73 1238
27 74 1464
27 75 233
27 76 1286
27 77 1512
27 78 281
27 79 1334
27 80 1560
27 81 329
27 82 1382
27 83 2016
28 0 2742
28 1 2398
28 2 2607
28 3 2154
28 4 942
28 5 2254
28 6 2324
28 7 2078
28 8 370
28 9 1432
28 10 1323
28 11 2043
28 12 1323
28 13 1988
28 14 443
28 15 1419
28 16 1531
28 17 409
28 18 2716
28 19 664
28 20 2524
28 21 2393
28 22 1141
28 23 1589
28 24 2546
28 25 2555
28 26 738
28 27 1480
28 28 0
28 29 2622
28 30 1391
28 31 416
28 32 2574
28 33 1343
28 34 368
28 35 2526
28 36 1295
28 37 320
28 38 2478
28 39 1247
28 40 272
28 41 2430
28 42 1199
28 43 224
28 44 2382
28 45 1151
28 46 176
28 47 2334
28 48 1103
28 49 128
28 50 2382
28 51 1151
28 52 176
28 53 2430
28 54 1199
28 55 224
28 56 2478
28 57 1247
28 58 272
28 59 2526
28 60 1295
28 61 320
28 62 2574
28 63 1343
28 64 368
28 65 2622
28 66 1391
28 67 416
28 68 2670
28 69 1439
28 70 464
28 71 2718
28 72 1487
28 73 512
28 74 2766
28 75 1535
28 76 560
28 77 2814
28 78 1583
28 79 608
28 80 2862
28 81 1631
28 82 656
28 83 2742
29 0 120
29 1 224
29 2 687
29 3 468
29 4 1936
29 5 464
29 6 586
29 7 544
29 8 2892
29 9 1848
29 10 1843
29 11 579
29 12 1843
29 13 1498
29 14 2435
29 15 1939
29 16 1379
29 17 2853
29 18 770
29 19 2214
29 20 578
29 21 421
29 22 2025
29 23 2057
29 24 652
29 25 739
29 26 2140
29 27 1896
29 28 2622
29 29 0
29 30 1231
29 31 2462
29 32 48
29 33 1279
29 34 2510
29 35 96
29 36 1327
29 37 2558
29 38 144
29 39 1375
29 40 2606
29 41 192
29 42 1423
29 43 2654
29 44 240
29 45 1471
29 46 2702
29 47 288
29 48 1519
29 49 2750
29 50 336
29 51 1567
29 52 2798
29 53 384
29 54 1615
29 55 2846
29 56 432
29 57 1663
29 58 2894
29 59 480
29 60 1711
29 61 2942
29 62 528
29 63 1759
29 64 2990
29 65 576
29 66 1807
29 67 3038
29 68 624
29 69 1855
29 70 3086
29 71 672
29 72 1903
29 73 3134
29 74 720
29 75 1951
29 76 3182
29 77 768
29 78 1999
29 79 3230
29 80 816
29 81 2047
29 82 3278
29 83 120
30 0 1351
30 1 1199
30 2 1792
30 3 1339
30 4 705
30 5 1439
30 6 1509
30 7 687
30 8 1661
30 9 617
30 10 612
30 11 748
30 12 612
30 13 1173
30 14 1204
30 15 708
30 16 716
30 17 1622
30 18 1901
30 19 983
30 20 1709
30 21 1578
30 22 794
30 23 826
30 24 1731
30 25 1740
30 26 909
30 27 665
30 28 1391
30 29 1231
30 30 0
30 31 1231
30 32 1279
30 33 48
30 34 1279
30 35 1327
30 36 96
30 37 1327
30 38 1375
30 39 144
30 40 1375
30 41 1423
30 42 192
30 43 1423
30 44 1471
30 45 240
30 46 1471
30 47 1519
30 48 288
30 49 1519
30 50 1567
30 51 336
30 52 1567
30 53 1615
30 54 384
30 55 1615
30 56 1663
30 57 432
30 58 1663
30 59 1711
30 60 480
30 61 1711
30 62 1759
30 63 528
30 64 1759
30 65 1807
30 66 576
30 67 1807
30 68 1855
30 69 624
30 70 1855
30 71 1903
30 72 672
30 73 1903
30 74 1951
30 75 720
30 76 1951
30 77 1999
30 78 768
30 79 1999
30 80 2047
30 81 816
30 82 2047
30 83 1351
31 0 2582
31 1 2430
31 2 3023
31 3 2570
31 4 718
31 5 2670
31 6 2740
31 7 1918
31 8 530
31 9 1670
31 10 1483
31 11 1979
31 12 1483
31 13 2404
31 14 411
31 15 1579
31 16 1947
31 17 569
31 18 3132
31 19 632
31 20 2940
31 21 2809
31 22 1301
31 23 1749
31 24 2962
31 25 2971
31 26 610
31 27 1718
31 28 416
31 29 2462
31 30 1231
31 31 0
31 32 2510
31 33 1279
31 34 48
31 35 2558
31 36 1327
31 37 96
31 38 2606
31 39 1375
31 40 144
31 41 2654
31 42 1423
31 43 192
31 44 2702
31 45 1471
31 46 240
31 47 2750
31 48 1519
31 49 288
31 50 2798
31 51 1567
31 52 336
31 53 2846
31 54 1615
31 55 384
31 56 2894
31 57 1663
31 58 432
31 59 2942
31 60 1711
31 61 480
31 62 2990
31 63 1759
31 64 528
31 65 3038
31 66 1807
31 67 576
31 68 3086
31 69 1855
31 70 624
31 71 3134
31 72 1903
31 73 672
31 74 3182
31 75 1951
31 76 720
31 77 3230
31 78 1999
31 79 768
31 80 3278
31 81 2047
31 82 816
31 83 2582
32 0 168
32 1 176
32 2 639
32 3 420
32 4 1888
32 5 416
32 6 538
32 7 592
32 8 2844
32 9 1800
32 10 1795
32 11 531
32 12 1795
32 13 1450
32 14 2387
32 15 1891
32 16 1331
32 17 2805
32 18 722
32 19 2166
32 20 530
32 21 373
32 22 1977
32 23 2009
32 24 604
32 25 691
32 26 2092
32 27 1848
32 28 2574
32 29 48
32 30 1279
32 31 2510
32 32 0
32 33 1231
32 34 2462
32 35 48
32 36 1279
32 37 2510
32 38 96
32 39 1327
32 40 2558
32 41 144
32 42 1375
32 43 2606
32 44 192
32 45 1423
32 46 2654
32 47 240
32 48 1471
32 49 2702
32 50 288
32 51 1519
32 52 2750
32 53 336
32 54 1567
32 55 2798
32 56 384
32 57 1615
32 58 2846
32 59 432
32 60 1663
32 61 2894
32 62 480
32 63 1711
32 64 2942
32 65 528
32 66 1759
32 67 2990
32 68 576
32 69 1807
32 70 3038
32 71 624
32 72 1855
32 73 3086
32 74 672
32 75 1903
32 76 3134
32 77 720
32 78 1951
32 79 3182
32 80 768
32 81 1999
32 82 3230
32 83 168
33 0 1399
33 1 1151
33 2 1744
33 3 1291
33 4 657
33 5 1391
33 6 1461
33 7 735
33 8 1613
33 9 569
33 10 564
33 11 700
33 12 564
33 13 1125
33 14 1156
33 15 660
33 16 668
33 17 1574
33 18 1853
33 19 935
33 20 1661
33 21 1530
33 22 746
33 23 778
33 24 1683
33 25 1692
33 26 861
33 27 617
33 28 1343
33 29 1279
33 30 48
33 31 1279
33 32 1231
33 33 0
33 34 1231
33 35 1279
33 36 48
33 37 1279
33 38 1327
33 39 96
33 40 1327
33 41 1375
33 42 144
33 43 1375
33 44 1423
33 45 192
33 46 1423
33 47 1471
33 48 240
33 49 1471
33 50 1519
33 51 288
33 52 1519
33 53 1567
33 54 336
33 55 1567
33 56 1615
33 57 384
33 58 1615
33 59 1663
33 60 432
33 61 1663
33 62 1711
33 63 480
33 64 1711
33 65 1759
33 66 528
33 67 1759
33 68 1807
33 69 576
33 70 1807
33 71 1855
33 72 624
33 73 1855
33 74 1903
33 75 672
33 76 1903
33 77 1951
33 78 720
33 79 1951
33 80 1999
33 81 768
33 82 1999
33 83 1399
34 0 2630
34 1 2382
34 2 2975
34 3 2522
34 4 670
34 5 2622
34 6 2692
34 7 1966
34 8 482
34 9 1622
34 10 1435
34 11 1931
34 12 1435
34 13 2356
34 14 363
34 15 1531
34 16 1899
34 17 521
34 18 3084
34 19 584
34 20 2892
34 21 2761
34 22 1253
34 23 1701
34 24 2914
34 25 2923
34 26 562
34 27 1670
34 28 368
34 29 2510
34 30 1279
34 31 48
34 32 2462
34 33 1231
34 34 0
34 35 2510
34 36 1279
34 37 48
34 38 2558
34 39 1327
34 40 96
34 41 2606
34 42 1375
34 43 144
34 44 2654
34 45 1423
34 46 192
34 47 2702
34 48 1471
34 49 240
34 50 2750
34 51 1519
34 52 288
34 53 2798
34 54 1567
34 55 336
34 56 2846
34 57 1615
34 58 384
34 59 2894
34 60 1663
34 61 432
34 62 2942
34 63 1711
34 64 480
34 65 2990
34 66 1759
34 67 528
34 68 3038
34 69 1807
34 70 576
34 71 3086
34 72 1855
34 73 624
34 74 3134
34 75 1903
34 76 672
34 77 3182
34 78 1951
34 79 720
34 80 3230
34 81 1999
34 82 768
34 83 2630
35 0 216
35 1 128
35 2 591
35 3 372
35 4 1840
35 5 368
35 6 490
35 7 640
35 8 2796
35 9 1752
35 10 1747
35 11 579
35 12 1747
35 13 1402
35 14 2339
35 15 1843
35 16 1283
35 17 2757
35 18 674
35 19 2118
35 20 482
35 21 325
35 22 1929
35 23 1961
35 24 556
35 25 643
35 26 2044
35 27 1800
35 28 2526
35 29 96
35 30 1327
35 31 2558
35 32 48
35 33 1279
35 34 2510
35 35 0
35 36 1231
35 37 2462
35 38 48
35 39 1279
35 40 2510
35 41 96
35 42 1327
35 43 2558
35 44 144
35 45 1375
35 46 2606
35 47 192
35 48 1423
35 49 2654
35 50 240
35 51 1471
35 52 2702
35 53 288
35 54 1519
35 55 2750
35 56 336
35 57 1567
35 58 2798
35 59 384
35 60 1615
35 61 2846
35 62 432
35 63 1663
35 64 2894
35 65 480
35 66 1711
35 67 2942
35 68 528
35 69 1759
35 70 2990
35 71 576
35 72 1807
35 73 3038
35 74 624
35 75 1855
35 76 3086
35 77 672
35 78 1903
35 79 3134
35 80 720
35 81 1951
35 82 3182
35 83 216
36 0 1447
36 1 1103
36 2 1696
36 3 1243
36 4 609
36 5 1343
36 6 1413
36 7 783
36 8 1565
36 9 521
36 10 516
36 11 748
36 12 516
36 13 1077
36 14 1108
36 15 612
36 16 620
36 17 1526
36 18 1805
36 19 887
36 20 1613
36 21 1482
36 22 698
36 23 730
36 24 1635
36 25 1644
36 26 813
36 27 569
36 28 1295
36 29 1327
36 30 96
36 31 1327
36 32 1279
36 33 48
36 34 1279
36 35 1231
36 36 0
36 37 1231
36 38 1279
36 39 48
36 40 1279
36 41 1327
36 42 96
36 43 1327
36 44 1375
36 45 144
36 46 1375
36 47 1423
36 48 192
36 49 1423
36 50 1471
36 51 240
36 52 1471
36 53 1519
36 54 288
36 55 1519
36 56 1567
36 57 336
36 58 1567
36 59 1615
36 60 384
36 61 1615
36 62 1663
36 63 432
36 64 1663
36 65 1711
36 66 480
36 67 1711
36 68 1759
36 69 528
36 70 1759
36 71 1807
36 72 576
36 73 1807
36 74 1855
36 75 624
36 76 1855
36 77 1903
36 78 672
36 79 1903
36 80 1951
36 81 720
36 82 1951
36 83 1447
37 0 2678
37 1 2334
37 2 2927
37 3 2474
37 4 622
37 5 2574
37 6 2644
37 7 2014
37 8 434
37 9 1574
37 10 1387
37 11 1979
37 12 1387
37 13 2308
37 14 315
37 15 1483
37 16 1851
37 17 473
37 18 3036
37 19 536
37 20 2844
37 21 2713
37 22 1205
37 23 1653
37 24 2866
37 25 2875
37 26 514
37 27 1622
37 28 320
37 29 2558
37 30 1327
37 31 96
37 32 2510
37 33 1279
37 34 48
37 35 2462
37 36 1231
37 37 0
37 38 2510
37 39 1279
37 40 48
37 41 2558
37 42 1327
37 43 96
37 44 2606
37 45 1375
37 46 144
37 47 2654
37 48 1423
37 49 192
37 50 2702
37 51 1471
37 52 240
37 53 2750
37 54 1519
37 55 288
37 56 2798
37 57 1567
37 58 336
37 59 2846
37 60 1615
37 61 384
37 62 2894
37 63 1663
37 64 432
37 65 2942
37 66 1711
37 67 480
37 68 2990
37 69 1759
37 70 528
37 71 3038
37 72 1807
37 73 576
37 74 3086
37 75 1855
37 76 624
37 77 3134
37 78 1903
37 79 672
37 80 3182
37 81 1951
37 82 720
37 83 2678
38 0 264
38 1 176
38 2 543
38 3 324
38 4 1888
38 5 320
38 6 442
38 7 688
38 8 2748
38 9 1704
38 10 1699
38 11 627
38 12 1699
38 13 1354
38 14 2291
38 15 1795
38 16 1235
38 17 2709
38 18 626
38 19 2070
38 20 434
38 21 277
38 22 1881
38 23 1913
38 24 508
38 25 595
38 26 1996
38 27 1752
38 28 2478
38 29 144
38 30 1375
38 31 2606
38 32 96
38 33 1327
38 34 2558
38 35 48
38 36 1279
38 37 2510
38 38 0
38 39 1231
38 40 2462
38 41 48
38 42 1279
38 43 2510
38 44 96
38 45 1327
38 46 2558
38 47 144
38 48 1375
38 49 2606
38 50 192
38 51 1423
38 52 2654
38 53 240
38 54 1471
38 55 2702
38 56 288
38 57 1519
38 58 2750
38 59 336
38 60 1567
38 61 2798
38 62 384
38 63 1615
38 64 2846
38 65 432
38 66 1663
38 67 2894
38 68 480
38 69 1711
38 70 2942
38 71 528
38 72 1759
38 73 2990
38 74 576
38 75 1807
38 76 3038
38 77 624
38 78 1855
38 79 3086
38 80 672
38 81 1903
38 82 3134
38 83 264
39 0 1495
39 1 1151
39 2 1648
39 3 1195
39 4 657
39 5 1295
39 6 1365
39 7 831
39 8 1517
39 9 473
39 10 468
39 11 796
39 12 468
39 13 1029
39 14 1060
39 15 564
39 16 572
39 17 1478
39 18 1757
39 19 839
39 20 1565
39 21 1434
39 22 650
39 23 682
39 24 1587
39 25 1596
39 26 765
39 27 521
39 28 1247
39 29 1375
39 30 144
39 31 1375
39 32 1327
39 33 96
39 34 1327
39 35 1279
39 36 48
39 37 1279
39 38 1231
39 39 0
39 40 1231
39 41 1279
39 42 48
39 43 1279
39 44 1327
39 45 96
39 46 1327
39 47 1375
39 48 144
39 49 1375
39 50 1423
39 51 192
39 52 1423
39 53 1471
39 54 240
39 55 1471
39 56 1519
39 57 288
39 58 1519
39 59 1567
39 60 336
39 61 1567
39 62 1615
39 63 384
39 64 1615
39 65 1663
39 66 432
39 67 1663
39 68 1711
39 69 480
39 70 1711
39 71 1759
39 72 528
39 73 1759
39 74 1807
39 75 576
39 76 1807
39 77 1855
39 78 624
39 79 1855
39 80 1903
39 81 672
39 82 1903
39 83 1495
40 0 2726
40 1 2382
40 2 2879
40 3 2426
40 4 670
40 5 2526
40 6 2596
40 7 2062
40 8 386
40 9 1526
40 10 1339
40 11 2027
40 12 1339
40 13 2260
40 14 267
40 15 1435
40 16 1803
40 17 425
40 18 2988
40 19 488
40 20 2796
40 21 2665
40 22 1157
40 23 1605
40 24 2818
40 25 2827
40 26 466
40 27 1574
40 28 272
40 29 2606
40 30 1375
40 31 144
40 32 2558
40 33 1327
40 34 96
40 35 2510
40 36 1279
40 37 48
40 38 2462
40 39 1231
40 40 0
40 41 2510
40 42 1279
40 43 48
40 44 2558
40 45 1327
40 46 96
40 47 2606
40 48 1375
40 49 144
40 50 2654
40 51 1423
40 52 192
40 53 2702
40 54 1471
40 55 240
40 56 2750
40 57 1519
40 58 288
40 59 2798
40 60 1567
40 61 336
40 62 2846
40 63 1615
40 64 384
40 65 2894
40 66 1663
40 67 432
40 68 2942
40 69 1711
40 70 480
40 71 2990
40 72 1759
40 73 528
40 74 3038
40 75 1807
40 76 576
40 77 3086
40 78 1855
40 79 624
40 80 3134
40 81 1903
40 82 672
40 83 2726
41 0 312
41 1 224
41 2 495
41 3 276
41 4 1936
41 5 272
41 6 394
41 7 736
41 8 2700
41 9 1656
41 10 1651
41 11 675
41 12 1651
41 13 1306
41 14 2243
41 15 1747
41 16 1187
41 17 2661
41 18 578
41 19 2022
41 20 386
41 21 229
41 22 1833
41 23 1865
41 24 460
41 25 547
41 26 2044
41 27 1704
41 28 2430
41 29 192
41 30 1423
41 31 2654
41 32 144
41 33 1375
41 34 2606
41 35 96
41 36 1327
41 37 2558
41 38 48
41 39 1279
41 40 2510
41 41 0
41 42 1231
41 43 2462
41 44 48
41 45 1279
41 46 2510
41 47 96
41 48 1327
41 49 2558
41 50 144
41 51 1375
41 52 2606
41 53 192
41 54 1423
41 55 2654
41 56 240
41 57 1471
41 58 2702
41 59 288
41 60 1519
41 61 2750
41 62 336
41 63 1567
41 64 2798
41 65 384
41 66 1615
41 67 2846
41 68 432
41 69 1663
41 70 2894
41 71 480
41 72 1711
41 73 2942
41 74 528
41 75 1759
41 76 2990
41 77 576
41 78 1807
41 79 3038
41 80 624
41 81 1855
41 82 3086
41 83 312
42 0 1543
42 1 1199
42 2 1600
42 3 1147
42 4 705
42 5 1247
42 6 1317
42 7 879
42 8 1469
42 9 425
42 10 420
42 11 844
42 12 420
42 13 981
42 14 1012
42 15 516
42 16 524
42 17 1430
42 18 1709
42 19 791
42 20 1517
42 21 1386
42 22 602
42 23 634
42 24 1539
42 25 1548
42 26 813
42 27 473
42 28 1199
42 29 1423
42 30 192
42 31 1423
42 32 1375
42 33 144
42 34 1375
42 35 1327
42 36 96
42 37 1327
42 38 1279
42 39 48
42 40 1279
42 41 1231
42 42 0
42 43 1231
42 44 1279
42 45 48
42 46 1279
42 47 1327
42 48 96
42 49 1327
42 50 1375
42 51 144
42 52 1375
42 53 1423
42 54 192
42 55 1423
42 56 1471
42 57 240
42 58 1471
42 59 1519
42 60 288
42 61 1519
42 62 1567
42 63 336
42 64 1567
42 65 1615
42 66 384
42 67 1615
42 68 1663
42 69 432
42 70 1663
42 71 1711
42 72 480
42 73 1711
42 74 1759
42 75 528
42 76 1759
42 77 1807
42 78 576
42 79 1807
42 80 1855
42 81 624
42 82 1855
42 83 1543
43 0 2774
43 1 2430
43 2 2831
43 3 2378
43 4 718
43 5 2478
43 6 2548
43 7 2110
43 8 338
43 9 1478
43 10 1291
43 11 2075
43 12 1291
43 13 2212
43 14 219
43 15 1387
43 16 1755
43 17 377
43 18 2940
43 19 440
43 20 2748
43 21 2617
43 22 1109
43 23 1557
43 24 2770
43 25 2779
43 26 514
43 27 1526
43 28 224
43 29 2654
43 30 1423
43 31 192
43 32 2606
43 33 1375
43 34 144
43 35 2558
43 36 1327
43 37 96
43 38 2510
43 39 1279
43 40 48
43 41 2462
43 42 1231
43 43 0
43 44 2510
43 45 1279
43 46 48
43 47 2558
43 48 1327
43 49 96
43 50 2606
43 51 1375
43 52 144
43 53 2654
43 54 1423
43 55 192
43 56 2702
43 57 1471
43 58 240
43 59 2750
43 60 1519
43 61 288
43 62 2798
43 63 1567
43 64 336
43 65 2846
43 66 1615
43 67 384
43 68 2894
43 69 1663
43 70 432
43 71 2942
43 72 1711
43 73 480
43 74 2990
43 75 1759
43 76 528
43 77 3038
43 78 1807
43 79 576
43 80 3086
43 81 1855
43 82 624
43 83 2774
44 0 360
44 1 272
44 2 447
44 3 228
44 4 1984
44 5 224
44 6 346
44 7 784
44 8 2652
44 9 1608
44 10 1603
44 11 723
44 12 1603
44 13 1258
44 14 2291
44 15 1699
44 16 1139
44 17 2613
44 18 530
44 19 2070
44 20 338
44 21 181
44 22 1785
44 23 1817
44 24 412
44 25 499
44 26 2092
44 27 1656
44 28 2382
44 29 240
44 30 1471
44 31 2702
44 32 192
44 33 1423
44 34 2654
44 35 144
44 36 1375
44 37 2606
44 38 96
44 39 1327
44 40 2558
44 41 48
44 42 1279
44 43 2510
44 44 0
44 45 1231
44 46 2462
44 47 48
44 48 1279
44 49 2510
44 50 96
44 51 1327
44 52 2558
44 53 144
44 54 1375
44 55 2606
44 56 192
44 57 1423
44 58 2654
44 59 240
44 60 1471
44 61 2702
44 62 288
44 63 1519
44 64 2750
44 65 336
44 66 1567
44 67 2798
44 68 384
44 69 1615
44 70 2846
44 71 432
44 72 1663
44 73 2894
44 74 480
44 75 1711
44 76 2942
44 77 528
44 78 1759
44 79 2990
44 80 576
44 81 1807
44 82 3038
44 83 360
45 0 1591
45 1 1247
45 2 1552
45 3 1099
45 4 753
45 5 1199
45 6 1269
45 7 927
45 8 1421
45 9 377
45 10 372
45 11 892
45 12 372
45 13 933
45 14 1060
45 15 468
45 16 476
45 17 1382
45 18 1661
45 19 839
45 20 1469
45 21 1338
45 22 554
45 23 586
45 24 1491
45 25 1500
45 26 861
45 27 425
45 28 1151
45 29 1471
45 30 240
45 31 1471
45 32 1423
45 33 192
45 34 1423
45 35 1375
45 36 144
45 37 1375
45 38 1327
45 39 96
45 40 1327
45 41 1279
45 42 48
45 43 1279
45 44 1231
45 45 0
45 46 1231
45 47 1279
45 48 48
45 49 1279
45 50 1327
45 51 96
45 52 1327
45 53 1375
45 54 144
45 55 1375
45 56 1423
45 57 192
45 58 1423
45 59 1471
45 60 240
45 61 1471
45 62 1519
45 63 288
45 64 1519
45 65 1567
45 66 336
45 67 1567
45 68 1615
45 69 384
45 70 1615
45 71 1663
45 72 432
45 73 1663
45 74 1711
45 75 480
45 76 1711
45 77 1759
45 78 528
45 79 1759
45 80 1807
45 81 576
45 82 1807
45 83 1591
46 0 2822
46 1 2478
46 2 2783
46 3 2330
46 4 766
46 5 2430
46 6 2500
46 7 2158
46 8 290
46 9 1430
46 10 1243
46 11 2123
46 12 1243
46 13 2164
46 14 267
46 15 1339
46 16 1707
46 17 329
46 18 2892
46 19 488
46 20 2700
46 21 2569
46 22 1061
46 23 1509
46 24 2722
46 25 2731
46 26 562
46 27 1478
46 28 176
46 29 2702
46 30 1471
46 31 240
46 32 2654
46 33 1423
46 34 192
46 35 2606
46 36 1375
46 37 144
46 38 2558
46 39 1327
46 40 96
46 41 2510
46 42 1279
46 43 48
46 44 2462
46 45 1231
46 46 0
46 47 2510
46 48 1279
46 49 48
46 50 2558
46 51 1327
46 52 96
46 53 2606
46 54 1375
46 55 144
46 56 2654
46 57 1423
46 58 192
46 59 2702
46 60 1471
46 61 240
46 62 2750
46 63 1519
46 64 288
46 65 2798
46 66 1567
46 67 336
46 68 2846
46 69 1615
46 70 384
46 71 2894
46 72 1663
46 73 432
46 74 2942
46 75 1711
46 76 480
46 77 2990
46 78 1759
46 79 528
46 80 3038
46 81 1807
46 82 576
46 83 2822
47 0 408
47 1 320
47 2 399
47 3 180
47 4 2032
47 5 176
47 6 298
47 7 832
47 8 2604
47 9 1560
47 10 1555
47 11 771
47 12 1555
47 13 1210
47 14 2339
47 15 1651
47 16 1091
47 17 2565
47 18 482
47 19 2118
47 20 290
47 21 133
47 22 1737
47 23 1769
47 24 364
47 25 451
47 26 2140
47 27 1608
47 28 2334
47 29 288
47 30 1519
47 31 2750
47 32 240
47 33 1471
47 34 2702
47 35 192
47 36 1423
47 37 2654
47 38 144
47 39 1375
47 40 2606
47 41 96
47 42 1327
47 43 2558
47 44 48
47 45 1279
47 46 2510
47 47 0
47 48 1231
47 49 2462
47 50 48
47 51 1279
47 52 2510
47 53 96
47 54 1327
47 55 2558
47 56 144
47 57 1375
47 58 2606
47 59 192
47 60 1423
47 61 2654
47 62 240
47 63 1471
47 64 2702
47 65 288
47 66 1519
47 67 2750
47 68 336
47 69 1567
47 70 2798
47 71 384
47 72 1615
47 73 2846
47 74 432
47 75 1663
47 76 2894
47 77 480
47 78 1711
47 79 2942
47 80 528
47 81 1759
47 82 2990
47 83 408
48 0 1639
48 1 1295
48 2 1504
48 3 1051
48 4 801
48 5 1151
48 6 1221
48 7 975
48 8 1373
48 9 329
48 10 324
48 11 940
48 12 324
48 13 885
48 14 1108
48 15 420
48 16 428
48 17 1334
48 18 1613
48 19 887
48 20 1421
48 21 1290
48 22 506
48 23 538
48 24 1443
48 25 1452
48 26 909
48 27 377
48 28 1103
48 29 1519
48 30 288
48 31 1519
48 32 1471
48 33 240
48 34 1471
48 35 1423
48 36 192
48 37 1423
48 38 1375
48 39 144
48 40 1375
48 41 1327
48 42 96
48 43 1327
48 44 1279
48 45 48
48 46 1279
48 47 1231
48 48 0
48 49 1231
48 50 1279
48 51 48
48 52 1279
48 53 1327
48 54 96
48 55 1327
48 56 1375
48 57 144
48 58 1375
48 59 1423
48 60 192
48 61 1423
48 62 1471
48 63 240
48 64 1471
48 65 1519
48 66 288
48 67 1519
48 68 1567
48 69 336
48 70 1567
48 71 1615
48 72 384
48 73 1615
48 74 1663
48 75 432
48 76 1663
48 77 1711
48 78 480
48 79 1711
48 80 1759
48 81 528
48 82 1759
48 83 1639
49 0 2870
49 1 2526
49 2 2735
49 3 2282
49 4 814
49 5 2382
49 6 2452
49 7 2206
49 8 242
49 9 1382
49 10 1195
49 11 2171
49 12 1195
49 13 2116
49 14 315
49 15 1291
49 16 1659
49 17 281
49 18 2844
49 19 536
49 20 2652
49 21 2521
49 22 1013
49 23 1461
49 24 2674
49 25 2683
49 26 610
49 27 1430
49 28 128
49 29 2750
49 30 1519
49 31 288
49 32 2702
49 33 1471
49 34 240
49 35 2654
49 36 1423
49 37 192
49 38 2606
49 39 1375
49 40 144
49 41 2558
49 42 1327
49 43 96
49 44 2510
49 45 1279
49 46 48
49 47 2462
49 48 1231
49 49 0
49 50 2510
49 51 1279
49 52 48
49 53 2558
49 54 1327
49 55 96
49 56 2606
49 57 1375
49 58 144
49 59 2654
49 60 1423
49 61 192
49 62 2702
49 63 1471
49 64 240
49 65 2750
49 66 1519
49 67 288
49 68 2798
49 69 1567
49 70 336
49 71 2846
49 72 1615
49 73 384
49 74 2894
49 75 1663
49 76 432
49 77 2942
49 78 1711
49 79 480
49 80 2990
49 81 1759
49 82 528
49 83 2870
50 0 456
50 1 368
50 2 351
50 3 228
50 4 2080
50 5 128
50 6 250
50 7 880
50 8 2556
50 9 1512
50 10 1507
50 11 819
50 12 1507
50 13 1162
50 14 2387
50 15 1603
50 16 1043
50 17 2517
50 18 434
50 19 2166
50 20 242
50 21 85
50 22 1689
50 23 1721
50 24 316
50 25 403
50 26 2188
50 27 1560
50 28 2382
50 29 336
50 30 1567
50 31 2798
50 32 288
50 33 1519
50 34 2750
50 35 240
50 36 1471
50 37 2702
50 38 192
50 39 1423
50 40 2654
50 41 144
50 42 1375
50 43 2606
50 44 96
50 45 1327
50 46 2558
50 47 48
50 48 1279
50 49 2510
50 50 0
50 51 1231
50 52 2462
50 53 48
50 54 1279
50 55 2510
50 56 96
50 57 1327
50 58 2558
50 59 144
50 60 1375
50 61 2606
50 62 192
50 63 1423
50 64 2654
50 65 240
50 66 1471
50 67 2702
50 68 288
50 69 1519
50 70 2750
50 71 336
50 72 1567
50 73 2798
50 74 384
50 75 1615
50 76 2846
50 77 432
50 78 1663
50 79 2894
50 80 480
50 81 1711
50 82 2942
50 83 456
51 0 1687
51 1 1343
51 2 1456
51 3 1099
51 4 849
51 5 1103
51 6 1173
51 7 1023
51 8 1325
51 9 281
51 10 276
51 11 988
51 12 276
51 13 837
51 14 1156
51 15 372
51 16 380
51 17 1286
51 18 1565
51 19 935
51 20 1373
51 21 1242
51 22 458
51 23 490
51 24 1395
51 25 1404
51 26 957
51 27 329
51 28 1151
51 29 1567
51 30 336
51 31 1567
51 32 1519
51 33 288
51 34 1519
51 35 1471
51 36 240
51 37 1471
51 38 1423
51 39 192
51 40 1423
51 41 1375
51 42 144
51 43 1375
51 44 1327
51 45 96
51 46 1327
51 47 1279
51 48 48
51 49 1279
51 50 1231
51 51 0
51 52 1231
51 53 1279
51 54 48
51 55 1279
51 56 1327
51 57 96
51 58 1327
51 59 1375
51 60 144
51 61 1375
51 62 1423
51 63 192
51 64 1423
51 65 1471
51 66 240
51 67 1471
51 68 1519
51 69 288
51 70 1519
51 71 1567
51 72 336
51 73 1567
51 74 1615
51 75 384
51 76 1615
51 77 1663
51 78 432
51 79 1663
51 80 1711
51 81 480
51 82 1711
51 83 1687
52 0 2918
52 1 2574
52 2 2687
52 3 2330
52 4 862
52 5 2334
52 6 2404
52 7 2254
52 8 194
52 9 1334
52 10 1147
52 11 2219
52 12 1147
52 13 2068
52 14 363
52 15 1243
52 16 1611
52 17 233
52 18 2796
52 19 584
52 20 2604
52 21 2473
52 22 965
52 23 1413
52 24 2626
52 25 2635
52 26 658
52 27 1382
52 28 176
52 29 2798
52 30 1567
52 31 336
52 32 2750
52 33 1519
52 34 288
52 35 2702
52 36 1471
52 37 240
52 38 2654
52 39 1423
52 40 192
52 41 2606
52 42 1375
52 43 144
52 44 2558
52 45 1327
52 46 96
52 47 2510
52 48 1279
52 49 48
52 50 2462
52 51 1231
52 52 0
52 53 2510
52 54 1279
52 55 48
52 56 2558
52 57 1327
52 58 96
52 59 2606
52 60 1375
52 61 144
52 62 2654
52 63 1423
52 64 192
52 65 2702
52 66 1471
52 67 240
52 68 2750
52 69 1519
52 70 288
52 71 2798
52 72 1567
52 73 336
52 74 2846
52 75 1615
52 76 384
52 77 2894
52 78 1663
52 79 432
52 80 2942
52 81 1711
52 82 480
52 83 2918
53 0 504
53 1 416
53 2 303
53 3 276
53 4 2128
53 5 176
53 6 202
53 7 928
53 8 2508
53 9 1464
53 10 1459
53 11 867
53 12 1459
53 13 1114
53 14 2435
53 15 1555
53 16 995
53 17 2469
53 18 386
53 19 2214
53 20 194
53 21 37
53 22 1641
53 23 1673
53 24 268
53 25 355
53 26 2236
53 27 1512
53 28 2430
53 29 384
53 30 1615
53 31 2846
53 32 336
53 33 1567
53 34 2798
53 35 288
53 36 1519
53 37 2750
53 38 240
53 39 1471
53 40 2702
53 41 192
53 42 1423
53 43 2654
53 44 144
53 45 1375
53 46 2606
53 47 96
53 48 1327
53 49 2558
53 50 48
53 51 1279
53 52 2510
53 53 0
53 54 1231
53 55 2462
53 56 48
53 57 1279
53 58 2510
53 59 96
53 60 1327
53 61 2558
53 62 144
53 63 1375
53 64 2606
53 65 192
53 66 1423
53 67 2654
53 68 240
53 69 1471
53 70 2702
53 71 288
53 72 1519
53 73 2750
53 74 336
53 75 1567
53 76 2798
53 77 384
53 78 1615
53 79 2846
53 80 432
53 81 1663
53 82 2894
53 83 504
54 0 1735
54 1 1391
54 2 1408
54 3 1147
54 4 897
54 5 1151
54 6 1125
54 7 1071
54 8 1277
54 9 233
54 10 228
54 11 1036
54 12 228
54 13 789
54 14 1204
54 15 324
54 16 332
54 17 1238
54 18 1517
54 19 983
54 20 1325
54 21 1194
54 22 410
54 23 442
54 24 1347
54 25 1356
54 26 1005
54 27 281
54 28 1199
54 29 1615
54 30 384
54 31 1615
54 32 1567
54 33 336
54 34 1567
54 35 1519
54 36 288
54 37 1519
54 38 1471
54 39 240
54 40 1471
54 41 1423
54 42 192
54 43 1423
54 44 1375
54 45 144
54 46 1375
54 47 1327
54 48 96
54 49 1327
54 50 1279
54 51 48
54 52 1279
54 53 1231
54 54 0
54 55 1231
54 56 1279
54 57 48
54 58 1279
54 59 1327
54 60 96
54 61 1327
54 62 1375
54 63 144
54 64 1375
54 65 1423
54 66 192
54 67 1423
54 68 1471
54 69 240
54 70 1471
54 71 1519
54 72 288
54 73 1519
54 74 1567
54 75 336
54 76 1567
54 77 1615
54 78 384
54 79 1615
54 80 1663
54 81 432
54 82 1663
54 83 1735
55 0 2966
55 1 2622
55 2 2639
55 3 2378
55 4 910
55 5 2382
55 6 2356
55 7 2302
55 8 146
55 9 1286
55 10 1099
55 11 2267
55 12 1099
55 13 2020
55 14 411
55 15 1195
55 16 1563
55 17 185
55 18 2748
55 19 632
55 20 2556
55 21 2425
55 22 917
55 23 1365
55 24 2578
55 25 2587
55 26 706
55 27 1334
55 28 224
55 29 2846
55 30 1615
55 31 384
55 32 2798
55 33 1567
55 34 336
55 35 2750
55 36 1519
55 37 288
55 38 2702
55 39 1471
55 40 240
55 41 2654
55 42 1423
55 43 192
55 44 2606
55 45 1375
55 46 144
55 47 2558
55 48 1327
55 49 96
55 50 2510
55 51 1279
55 52 48
55 53 2462
55 54 1231
55 55 0
55 56 2510
55 57 1279
55 58 48
55 59 2558
55 60 1327
55 61 96
55 62 2606
55 63 1375
55 64 144
55 65 2654
55 66 1423
55 67 192
55 68 2702
55 69 1471
55 70 240
55 71 2750
55 72 1519
55 73 288
55 74 2798
55 75 1567
55 76 336
55 77 2846
55 78 1615
55 79 384
55 80 2894
55 81 1663
55 82 432
55 83 2966
56 0 552
56 1 464
56 2 255
56 3 324
56 4 2176
56 5 224
56 6 154
56 7 976
56 8 2460
56 9 1416
56 10 1411
56 11 915
56 12 1411
56 13 1066
56 14 2483
56 15 1507
56 16 947
56 17 2421
56 18 338
56 19 2262
56 20 146
56 21 85
56 22 1593
56 23 1625
56 24 220
56 25 307
56 26 2284
56 27 1464
56 28 2478
56 29 432
56 30 1663
56 31 2894
56 32 384
56 33 1615
56 34 2846
56 35 336
56 36 1567
56 37 2798
56 38 288
56 39 1519
56 40 2750
56 41 240
56 42 1471
56 43 2702
56 44 192
56 45 1423
56 46 2654
56 47 144
56 48 1375
56 49 2606
56 50 96
56 51 1327
56 52 2558
56 53 48
56 54 1279
56 55 2510
56 56 0
56 57 1231
56 58 2462
56 59 48
56 60 1279
56 61 2510
56 62 96
56 63 1327
56 64 2558
56 65 144
56 66 1375
56 67 2606
56 68 192
56 69 1423
56 70 2654
56 71 240
56 72 1471
56 73 2702
56 74 288
56 75 1519
56 76 2750
56 77 336
56 78 1567
56 79 2798
56 80 384
56 81 1615
56 82 2846
56 83 552
57 0 1783
57 1 1439
57 2 1360
57 3 1195
57 4 945
57 5 1199
57 6 1077
57 7 1119
57 8 1229
57 9 185
57 10 180
57 11 1084
57 12 180
57 13 741
57 14 1252
57 15 276
57 16 284
57 17 1190
57 18 1469
57 19 1031
57 20 1277
57 21 1242
57 22 362
57 23 394
57 24 1299
57 25 1308
57 26 1053
57 27 233
57 28 1247
57 29 1663
57 30 432
57 31 1663
57 32 1615
57 33 384
57 34 1615
57 35 1567
57 36 336
57 37 1567
57 38 1519
57 39 288
57 40 1519
57 41 1471
57 42 240
57 43 1471
57 44 1423
57 45 192
57 46 1423
57 47 1375
57 48 144
57 49 1375
57 50 1327
57 51 96
57 52 1327
57 53 1279
57 54 48
57 55 1279
57 56 1231
57 57 0
57 58 1231
57 59 1279
57 60 48
57 61 1279
57 62 1327
57 63 96
57 64 1327
57 65 1375
57 66 144
57 67 1375
57 68 1423
57 69 192
57 70 1423
57 71 1471
57 72 240
57 73 1471
57 74 1519
57 75 288
57 76 1519
57 77 1567
57 78 336
57 79 1567
57 80 1615
57 81 384
57 82 1615
57 83 1783
58 0 3014
58 1 2670
58 2 2591
58 3 2426
58 4 958
58 5 2430
58 6 2308
58 7 2350
58 8 98
58 9 1238
58 10 1051
58 11 2315
58 12 1051
58 13 1972
58 14 459
58 15 1147
58 16 1515
58 17 137
58 18 2700
58 19 680
58 20 2508
58 21 2473
58 22 869
58 23 1317
58 24 2530
58 25 2539
58 26 754
58 27 1286
58 28 272
58 29 2894
58 30 1663
58 31 432
58 32 2846
58 33 1615
58 34 384
58 35 2798
58 36 1567
58 37 336
58 38 2750
58 39 1519
58 40 288
58 41 2702
58 42 1471
58 43 240
58 44 2654
58 45 1423
58 46 192
58 47 2606
58 48 1375
58 49 144
58 50 2558
58 51 1327
58 52 96
58 53 2510
58 54 1279
58 55 48
58 56 2462
58 57 1231
58 58 0
58 59 2510
58 60 1279
58 61 48
58 62 2558
58 63 1327
58 64 96
58 65 2606
58 66 1375
58 67 144
58 68 2654
58 69 1423
58 70 192
58 71 2702
58 72 1471
58 73 240
58 74 2750
58 75 1519
58 76 288
58 77 2798
58 78 1567
58 79 336
58 80 2846
58 81 1615
58 82 384
58 83 3014
59 0 600
59 1 512
59 2 207
59 3 372
59 4 2224
59 5 272
59 6 202
59 7 1024
59 8 2412
59 9 1368
59 10 1459
59 11 963
59 12 1459
59 13 1018
59 14 2531
59 15 1459
59 16 995
59 17 2373
59 18 290
59 19 2310
59 20 98
59 21 133
59 22 1641
59 23 1577
59 24 172
59 25 259
59 26 2332
59 27 1416
59 28 2526
59 29 480
59 30 1711
59 31 2942
59 32 432
59 33 1663
59 34 2894
59 35 384
59 36 1615
59 37 2846
59 38 336
59 39 1567
59 40 2798
59 41 288
59 42 1519
59 43 2750
59 44 240
59 45 1471
59 46 2702
59 47 192
59 48 1423
59 49 2654
59 50 144
59 51 1375
59 52 2606
59 53 96
59 54 1327
59 55 2558
59 56 48
59 57 1279
59 58 2510
59 59 0
59 60 1231
59 61 2462
59 62 48
59 63 1279
59 64 2510
59 65 96
59 66 1327
59 67 2558
59 68 144
59 69 1375
59 70 2606
59 71 192
59 72 1423
59 73 2654
59 74 240
59 75 1471
59 76 2702
59 77 288
59 78 1519
59 79 2750
59 80 336
59 81 1567
59 82 2798
59 83 600
60 0 1831
60 1 1487
60 2 1312
60 3 1243
60 4 993
60 5 1247
60 6 1125
60 7 1167
60 8 1181
60 9 137
60 10 228
60 11 1132
60 12 228
60 13 693
60 14 1300
60 15 228
60 16 332
60 17 1142
60 18 1421
60 19 1079
60 20 1229
60 21 1290
60 22 410
60 23 346
60 24 1251
60 25 1260
60 26 1101
60 27 185
60 28 1295
60 29 1711
60 30 480
60 31 1711
60 32 1663
60 33 432
60 34 1663
60 35 1615
60 36 384
60 37 1615
60 38 1567
60 39 336
60 40 1567
60 41 1519
60 42 288
60 43 1519
60 44 1471
60 45 240
60 46 1471
60 47 1423
60 48 192
60 49 1423
60 50 1375
60 51 144
60 52 1375
60 53 1327
60 54 96
60 55 1327
60 56 1279
60 57 48
60 58 1279
60 59 1231
60 60 0
60 61 1231
60 62 1279
60 63 48
60 64 1279
60 65 1327
60 66 96
60 67 1327
60 68 1375
60 69 144
60 70 1375
60 71 1423
60 72 192
60 73 1423
60 74 1471
60 75 240
60 76 1471
60 77 1519
60 78 288
60 79 1519
60 80 1567
60 81 336
60 82 1567
60 83 1831
61 0 3062
61 1 2718
61 2 2543
61 3 2474
61 4 1006
61 5 2478
61 6 2356
61 7 2398
61 8 50
61 9 1190
61 10 1099
61 11 2363
61 12 1099
61 13 1924
61 14 507
61 15 1099
61 16 1563
61 17 89
61 18 2652
61 19 728
61 20 2460
61 21 2521
61 22 917
61 23 1269
61 24 2482
61 25 2491
61 26 802
61 27 1238
61 28 320
61 29 2942
61 30 1711
61 31 480
61 32 2894
61 33 1663
61 34 432
61 35 2846
61 36 1615
61 37 384
61 38 2798
61 39 1567
61 40 336
61 41 2750
61 42 1519
61 43 288
61 44 2702
61 45 1471
61 46 240
61 47 2654
61 48 1423
61 49 192
61 50 2606
61 51 1375
61 52 144
61 53 2558
61 54 1327
61 55 96
61 56 2510
61 57 1279
61 58 48
61 59 2462
61 60 1231
61 61 0
61 62 2510
61 63 1279
61 64 48
61 65 2558
61 66 1327
61 67 96
61 68 2606
61 69 1375
61 70 144
61 71 2654
61 72 1423
61 73 192
61 74 2702
61 75 1471
61 76 240
61 77 2750
61 78 1519
61 79 288
61 80 2798
61 81 1567
61 82 336
61 83 3062
62 0 648
62 1 560
62 2 159
62 3 420
62 4 2272
62 5 320
62 6 250
62 7 1072
62 8 2460
62 9 1320
62 10 1507
62 11 1011
62 12 1507
62 13 970
62 14 2579
62 15 1411
62 16 1043
62 17 2421
62 18 242
62 19 2358
62 20 50
62 21 181
62 22 1689
62 23 1529
62 24 124
62 25 211
62 26 2380
62 27 1368
62 28 2574
62 29 528
62 30 1759
62 31 2990
62 32 480
62 33 1711
62 34 2942
62 35 432
62 36 1663
62 37 2894
62 38 384
62 39 1615
62 40 2846
62 41 336
62 42 1567
62 43 2798
62 44 288
62 45 1519
62 46 2750
62 47 240
62 48 1471
62 49 2702
62 50 192
62 51 1423
62 52 2654
62 53 144
62 54 1375
62 55 2606
62 56 96
62 57 1327
62 58 2558
62 59 48
62 60 1279
62 61 2510
62 62 0
62 63 1231
62 64 2462
62 65 48
62 66 1279
62 67 2510
62 68 96
62 69 1327
62 70 2558
62 71 144
62 72 1375
62 73 2606
62 74 192
62 75 1423
62 76 2654
62 77 240
62 78 1471
62 79 2702
62 80 288
62 81 1519
62 82 2750
62 83 648
63 0 1879
63 1 1535
63 2 1264
63 3 1291
63 4 1041
63 5 1295
63 6 1173
63 7 1215
63 8 1229
63 9 89
63 10 276
63 11 1180
63 12 276
63 13 645
63 14 1348
63 15 180
63 16 380
63 17 1190
63 18 1373
63 19 1127
63 20 1181
63 21 1338
63 22 458
63 23 298
63 24 1203
63 25 1212
63 26 1149
63 27 137
63 28 1343
63 29 1759
63 30 528
63 31 1759
63 32 1711
63 33 480
63 34 1711
63 35 1663
63 36 432
63 37 1663
63 38 1615
63 39 384
63 40 1615
63 41 1567
63 42 336
63 43 1567
63 44 1519
63 45 288
63 46 1519
63 47 1471
63 48 240
63 49 1471
63 50 1423
63 51 192
63 52 1423
63 53 1375
63 54 144
63 55 1375
63 56 1327
63 57 96
63 58 1327
63 59 1279
63 60 48
63 61 1279
63 62 1231
63 63 0
63 64 1231
63 65 1279
63 66 48
63 67 1279
63 68 1327
63 69 96
63 70 1327
63 71 1375
63 72 144
63 73 1375
63 74 1423
63 75 192
63 76 1423
63 77 1471
63 78 240
63 79 1471
63 80 1519
63 81 288
63 82 1519
63 83 1879
64 0 3110
64 1 2766
64 2 2495
64 3 2522
64 4 1054
64 5 2526
64 6 2404
64 7 2446
64 8 98
64 9 1142
64 10 1147
64 11 2411
64 12 1147
64 13 1876
64 14 555
64 15 1051
64 16 1611
64 17 137
64 18 2604
64 19 776
64 20 2412
64 21 2569
64 22 965
64 23 1221
64 24 2434
64 25 2443
64 26 850
64 27 1190
64 28 368
64 29 2990
64 30 1759
64 31 528
64 32 2942
64 33 1711
64 34 480
64 35 2894
64 36 1663
64 37 432
64 38 2846
64 39 1615
64 40 384
64 41 2798
64 42 1567
64 43 336
64 44 2750
64 45 1519
64 46 288
64 47 2702
64 48 1471
64 49 240
64 50 2654
64 51 1423
64 52 192
64 53 2606
64 54 1375
64 55 144
64 56 2558
64 57 1327
64 58 96
64 59 2510
64 60 1279
64 61 48
64 62 2462
64 63 1231
64 64 0
64 65 2510
64 66 1279
64 67 48
64 68 2558
64 69 1327
64 70 96
64 71 2606
64 72 1375
64 73 144
64 74 2654
64 75 1423
64 76 192
64 77 2702
64 78 1471
64 79 240
64 80 2750
64 81 1519
64 82 288
64 83 3110
65 0 696
65 1 608
65 2 111
65 3 468
65 4 2320
65 5 368
65 6 298
65 7 1120
65 8 2508
65 9 1368
65 10 1555
65 11 1059
65 12 1555
65 13 922
65 14 2627
65 15 1459
65 16 1091
65 17 2469
65 18 194
65 19 2406
65 20 98
65 21 229
65 22 1737
65 23 1481
65 24 76
65 25 163
65 26 2428
65 27 1320
65 28 2622
65 29 576
65 30 1807
65 31 3038
65 32 528
65 33 1759
65 34 2990
65 35 480
65 36 1711
65 37 2942
65 38 432
65 39 1663
65 40 2894
65 41 384
65 42 1615
65 43 2846
65 44 336
65 45 1567
65 46 2798
65 47 288
65 48 1519
65 49 2750
65 50 240
65 51 1471
65 52 2702
65 53 192
65 54 1423
65 55 2654
65 56 144
65 57 1375
65 58 2606
65 59 96
65 60 1327
65 61 2558
65 62 48
65 63 1279
65 64 2510
65 65 0
65 66 1231
65 67 2462
65 68 48
65 69 1279
65 70 2510
65 71 96
65 72 1327
65 73 2558
65 74 144
65 75 1375
65 76 2606
65 77 192
65 78 1423
65 79 2654
65 80 240
65 81 1471
65 82 2702
65 83 696
66 0 1927
66 1 1583
66 2 1216
66 3 1339
66 4 1089
66 5 1343
66 6 1221
66 7 1263
66 8 1277
66 9 137
66 10 324
66 11 1228
66 12 324
66 13 597
66 14 1396
66 15 228
66 16 428
66 17 1238
66 18 1325
66 19 1175
66 20 1229
66 21 1386
66 22 506
66 23 250
66 24 1155
66 25 1164
66 26 1197
66 27 89
66 28 1391
66 29 1807
66 30 576
66 31 1807
66 32 1759
66 33 528
66 34 1759
66 35 1711
66 36 480
66 37 1711
66 38 1663
66 39 432
66 40 1663
66 41 1615
66 42 384
66 43 1615
66 44 1567
66 45 336
66 46 1567
66 47 1519
66 48 288
66 49 1519
66 50 1471
66 51 240
66 52 1471
66 53 1423
66 54 192
66 55 1423
66 56 1375
66 57 144
66 58 1375
66 59 1327
66 60 96
66 61 1327
66 62 1279
66 63 48
66 64 1279
66 65 1231
66 66 0
66 67 1231
66 68 1279
66 69 48
66 70 1279
66 71 1327
66 72 96
66 73 1327
66 74 1375
66 75 144
66 76 1375
66 77 1423
66 78 192
66 79 1423
66 80 1471
66 81 240
66 82 1471
66 83 1927
67 0 3158
67 1 2814
67 2 2447
67 3 2570
67 4 1102
67 5 2574
67 6 2452
67 7 2494
67 8 146
67 9 1190
67 10 1195
67 11 2459
67 12 1195
67 13 1828
67 14 603
67 15 1099
67 16 1659
67 17 185
67 18 2556
67 19 824
67 20 2460
67 21 2617
67 22 1013
67 23 1173
67 24 2386
67 25 2395
67 26 898
67 27 1142
67 28 416
67 29 3038
67 30 1807
67 31 576
67 32 2990
67 33 1759
67 34 528
67 35 2942
67 36 1711
67 37 480
67 38 2894
67 39 1663
67 40 432
67 41 2846
67 42 1615
67 43 384
67 44 2798
67 45 1567
67 46 336
67 47 2750
67 48 1519
67 49 288
67 50 2702
67 51 1471
67 52 240
67 53 2654
67 54 1423
67 55 192
67 56 2606
67 57 1375
67 58 144
67 59 2558
67 60 1327
67 61 96
67 62 2510
67 63 1279
67 64 48
67 65 2462
67 66 1231
67 67 0
67 68 2510
67 69 1279
67 70 48
67 71 2558
67 72 1327
67 73 96
67 74 2606
67 75 1375
67 76 144
67 77 2654
67 78 1423
67 79 192
67 80 2702
67 81 1471
67 82 240
67 83 3158
68 0 744
68 1 656
68 2 63
68 3 516
68 4 2368
68 5 416
68 6 346
68 7 1168
68 8 2556
68 9 1416
68 10 1603
68 11 1107
68 12 1603
68 13 874
68 14 2675
68 15 1507
68 16 1139
68 17 2517
68 18 146
68 19 2454
68 20 146
68 21 277
68 22 1785
68 23 1433
68 24 124
68 25 115
68 26 2476
68 27 1368
68 28 2670
68 29 624
68 30 1855
68 31 3086
68 32 576
68 33 1807
68 34 3038
68 35 528
68 36 1759
68 37 2990
68 38 480
68 39 1711
68 40 2942
68 41 432
68 42 1663
68 43 2894
68 44 384
68 45 1615
68 46 2846
68 47 336
68 48 1567
68 49 2798
68 50 288
68 51 1519
68 52 2750
68 53 240
68 54 1471
68 55 2702
68 56 192
68 57 1423
68 58 2654
68 59 144
68 60 1375
68 61 2606
68 62 96
68 63 1327
68 64 2558
68 65 48
68 66 1279
68 67 2510
68 68 0
68 69 1231
68 70 2462
68 71 48
68 72 1279
68 73 2510
68 74 96
68 75 1327
68 76 2558
68 77 144
68 78 1375
68 79 2606
68 80 192
68 81 1423
68 82 2654
68 83 744
69 0 1975
69 1 1631
69 2 1168
69 3 1387
69 4 1137
69 5 1391
69 6 1269
69 7 1311
69 8 1325
69 9 185
69 10 372
69 11 1276
69 12 372
69 13 549
69 14 1444
69 15 276
69 16 476
69 17 1286
69 18 1277
69 19 1223
69 20 1277
69 21 1434
69 22 554
69 23 202
69 24 1203
69 25 1116
69 26 1245
69 27 137
69 28 1439
69 29 1855
69 30 624
69 31 1855
69 32 1807
69 33 576
69 34 1807
69 35 1759
69 36 528
69 37 1759
69 38 1711
69 39 480
69 40 1711
69 41 1663
69 42 432
69 43 1663
69 44 1615
69 45 384
69 46 1615
69 47 1567
69 48 336
69 49 1567
69 50 1519
69 51 288
69 52 1519
69 53 1471
69 54 240
69 55 1471
69 56 1423
69 57 192
69 58 1423
69 59 1375
69 60 144
69 61 1375
69 62 1327
69 63 96
69 64 1327
69 65 1279
69 66 48
69 67 1279
69 68 1231
69 69 0
69 70 1231
69 71 1279
69 72 48
69 73 1279
69 74 1327
69 75 96
69 76 1327
69 77 1375
69 78 144
69 79 1375
69 80 1423
69 81 192
69 82 1423
69 83 1975
70 0 3206
70 1 2862
70 2 2399
70 3 2618
70 4 1150
70 5 2622
70 6 2500
70 7 2542
70 8 194
70 9 1238
70 10 1243
70 11 2507
70 12 1243
70 13 1780
70 14 651
70 15 1147
70 16 1707
70 17 233
70 18 2508
70 19 872
70 20 2508
70 21 2665
70 22 1061
70 23 1125
70 24 2434
70 25 2347
70 26 946
70 27 1190
70 28 464
70 29 3086
70 30 1855
70 31 624
70 32 3038
70 33 1807
70 34 576
70 35 2990
70 36 1759
70 37 528
70 38 2942
70 39 1711
70 40 480
70 41 2894
70 42 1663
70 43 432
70 44 2846
70 45 1615
70 46 384
70 47 2798
70 48 1567
70 49 336
70 50 2750
70 51 1519
70 52 288
70 53 2702
70 54 1471
70 55 240
70 56 2654
70 57 1423
70 58 192
70 59 2606
70 60 1375
70 61 144
70 62 2558
70 63 1327
70 64 96
70 65 2510
70 66 1279
70 67 48
70 68 2462
70 69 1231
70 70 0
70 71 2510
70 72 1279
70 73 48
70 74 2558
70 75 1327
70 76 96
70 77 2606
70 78 1375
70 79 144
70 80 2654
70 81 1423
70 82 192
70 83 3206
71 0 792
71 1 704
71 2 111
71 3 564
71 4 2416
71 5 464
71 6 394
71 7 1216
71 8 2604
71 9 1464
71 10 1651
71 11 1155
71 12 1651
71 13 826
71 14 2723
71 15 1555
71 16 1187
71 17 2565
71 18 98
71 19 2502
71 20 194
71 21 325
71 22 1833
71 23 1385
71 24 172
71 25 163
71 26 2524
71 27 1416
71 28 2718
71 29 672
71 30 1903
71 31 3134
71 32 624
71 33 1855
71 34 3086
71 35 576
71 36 1807
71 37 3038
71 38 528
71 39 1759
71 40 2990
71 41 480
71 42 1711
71 43 2942
71 44 432
71 45 1663
71 46 2894
71 47 384
71 48 1615
71 49 2846
71 50 336
71 51 1567
71 52 2798
71 53 288
71 54 1519
71 55 2750
71 56 240
71 57 1471
71 58 2702
71 59 192
71 60 1423
71 61 2654
71 62 144
71 63 1375
71 64 2606
71 65 96
71 66 1327
71 67 2558
71 68 48
71 69 1279
71 70 2510
71 71 0
71 72 1231
71 73 2462
71 74 48
71 75 1279
71 76 2510
71 77 96
71 78 1327
71 79 2558
71 80 144
71 81 1375
71 82 2606
71 83 792
72 0 2023
72 1 1679
72 2 1216
72 3 1435
72 4 1185
72 5 1439
72 6 1317
72 7 1359
72 8 1373
72 9 233
72 10 420
72 11 1324
72 12 420
72 13 501
72 14 1492
72 15 324
72 16 524
72 17 1334
72 18 1229
72 19 1271
72 20 1325
72 21 1482
72 22 602
72 23 154
72 24 1251
72 25 1164
72 26 1293
72 27 185
72 28 1487
72 29 1903
72 30 672
72 31 1903
72 32 1855
72 33 624
72 34 1855
72 35 1807
72 36 576
72 37 1807
72 38 1759
72 39 528
72 40 1759
72 41 1711
72 42 480
72 43 1711
72 44 1663
72 45 432
72 46 1663
72 47 1615
72 48 384
72 49 1615
72 50 1567
72 51 336
72 52 1567
72 53 1519
72 54 288
72 55 1519
72 56 1471
72 57 240
72 58 1471
72 59 1423
72 60 192
72 61 1423
72 62 1375
72 63 144
72 64 1375
72 65 1327
72 66 96
72 67 1327
72 68 1279
72 69 48
72 70 1279
72 71 1231
72 72 0
72 73 1231
72 74 1279
72 75 48
72 76 1279
72 77 1327
72 78 96
72 79 1327
72 80 1375
72 81 144
72 82 1375
72 83 2023
73 0 3254
73 1 2910
73 2 2447
73 3 2666
73 4 1198
73 5 2670
73 6 2548
73 7 2590
73 8 242
73 9 1286
73 10 1291
73 11 2555
73 12 1291
73 13 1732
73 14 699
73 15 1195
73 16 1755
73 17 281
73 18 2460
73 19 920
73 20 2556
73 21 2713
73 22 1109
73 23 1077
73 24 2482
73 25 2395
73 26 994
73 27 1238
73 28 512
73 29 3134
73 30 1903
73 31 672
73 32 3086
73 33 1855
73 34 624
73 35 3038
73 36 1807
73 37 576
73 38 2990
73 39 1759
73 40 528
73 41 2942
73 42 1711
73 43 480
73 44 2894
73 45 1663
73 46 432
73 47 2846
73 48 1615
73 49 384
73 50 2798
73 51 1567
73 52 336
73 53 2750
73 54 1519
73 55 288
73 56 2702
73 57 1471
73 58 240
73 59 2654
73 60 1423
73 61 192
73 62 2606
73 63 1375
73 64 144
73 65 2558
73 66 1327
73 67 96
73 68 2510
73 69 1279
73 70 48
73 71 2462
73 72 1231
73 73 0
73 74 2510
73 75 1279
73 76 48
73 77 2558
73 78 1327
73 79 96
73 80 2606
73 81 1375
73 82 144
73 83 3254
74 0 840
74 1 752
74 2 159
74 3 612
74 4 2464
74 5 512
74 6 442
74 7 1264
74 8 2652
74 9 1512
74 10 1699
74 11 1203
74 12 1699
74 13 778
74 14 2771
74 15 1603
74 16 1235
74 17 2613
74 18 50
74 19 2550
74 20 242
74 21 373
74 22 1881
74 23 1433
74 24 220
74 25 211
74 26 2572
74 27 1464
74 28 2766
74 29 720
74 30 1951
74 31 3182
74 32 672
74 33 1903
74 34 3134
74 35 624
74 36 1855
74 37 3086
74 38 576
74 39 1807
74 40 3038
74 41 528
74 42 1759
74 43 2990
74 44 480
74 45 1711
74 46 2942
74 47 432
74 48 1663
74 49 2894
74 50 384
74 51 1615
74 52 2846
74 53 336
74 54 1567
74 55 2798
74 56 288
74 57 1519
74 58 2750
74 59 240
74 60 1471
74 61 2702
74 62 192
74 63 1423
74 64 2654
74 65 144
74 66 1375
74 67 2606
74 68 96
74 69 1327
74 70 2558
74 71 48
74 72 1279
74 73 2510
74 74 0
74 75 1231
74 76 2462
74 77 48
74 78 1279
74 79 2510
74 80 96
74 81 1327
74 82 2558
74 83 840
75 0 2071
75 1 1727
75 2 1264
75 3 1483
75 4 1233
75 5 1487
75 6 1365
75 7 1407
75 8 1421
75 9 281
75 10 468
75 11 1372
75 12 468
75 13 453
75 14 1540
75 15 372
75 16 572
75 17 1382
75 18 1181
75 19 1319
75 20 1373
75 21 1530
75 22 650
75 23 202
75 24 1299
75 25 1212
75 26 1341
75 27 233
75 28 1535
75 29 1951
75 30 720
75 31 1951
75 32 1903
75 33 672
75 34 1903
75 35 1855
75 36 624
75 37 1855
75 38 1807
75 39 576
75 40 1807
75 41 1759
75 42 528
75 43 1759
75 44 1711
75 45 480
75 46 1711
75 47 1663
75 48 432
75 49 1663
75 50 1615
75 51 384
75 52 1615
75 53 1567
75 54 336
75 55 1567
75 56 1519
75 57 288
75 58 1519
75 59 1471
75 60 240
75 61 1471
75 62 1423
75 63 192
75 64 1423
75 65 1375
75 66 144
75 67 1375
75 68 1327
75 69 96
75 70 1327
75 71 1279
75 72 48
75 73 1279
75 74 1231
75 75 0
75 76 1231
75 77 1279
75 78 48
75 79 1279
75 80 1327
75 81 96
75 82 1327
75 83 2071
76 0 3302
76 1 2958
76 2 2495
76 3 2714
76 4 1246
76 5 2718
76 6 2596
76 7 2638
76 8 290
76 9 1334
76 10 1339
76 11 2603
76 12 1339
76 13 1684
76 14 747
76 15 1243
76 16 1803
76 17 329
76 18 2412
76 19 968
76 20 2604
76 21 2761
76 22 1157
76 23 1125
76 24 2530
76 25 2443
76 26 1042
76 27 1286
76 28 560
76 29 3182
76 30 1951
76 31 720
76 32 3134
76 33 1903
76 34 672
76 35 3086
76 36 1855
76 37 624
76 38 3038
76 39 1807
76 40 576
76 41 2990
76 42 1759
76 43 528
76 44 2942
76 45 1711
76 46 480
76 47 2894
76 48 1663
76 49 432
76 50 2846
76 51 1615
76 52 384
76 53 2798
76 54 1567
76 55 336
76 56 2750
76 57 1519
76 58 288
76 59 2702
76 60 1471
76 61 240
76 62 2654
76 63 1423
76 64 192
76 65 2606
76 66 1375
76 67 144
76 68 2558
76 69 1327
76 70 96
76 71 2510
76 72 1279
76 73 48
76 74 2462
76 75 1231
76 76 0
76 77 2510
76 78 1279
76 79 48
76 80 2558
76 81 1327
76 82 96
76 83 3302
77 0 888
77 1 800
77 2 207
77 3 660
77 4 2512
77 5 560
77 6 490
77 7 1312
77 8 2700
77 9 1560
77 10 1747
77 11 1251
77 12 1747
77 13 826
77 14 2819
77 15 1651
77 16 1283
77 17 2661
77 18 98
77 19 2598
77 20 290
77 21 421
77 22 1929
77 23 1481
77 24 268
77 25 259
77 26 2620
77 27 1512
77 28 2814
77 29 768
77 30 1999
77 31 3230
77 32 720
77 33 1951
77 34 3182
77 35 672
77 36 1903
77 37 3134
77 38 624
77 39 1855
77 40 3086
77 41 576
77 42 1807
77 43 3038
77 44 528
77 45 1759
77 46 2990
77 47 480
77 48 1711
77 49 2942
77 50 432
77 51 1663
77 52 2894
77 53 384
77 54 1615
77 55 2846
77 56 336
77 57 1567
77 58 2798
77 59 288
77 60 1519
77 61 2750
77 62 240
77 63 1471
77 64 2702
77 65 192
77 66 1423
77 67 2654
77 68 144
77 69 1375
77 70 2606
77 71 96
77 72 1327
77 73 2558
77 74 48
77 75 1279
77 76 2510
77 77 0
77 78 1231
77 79 2462
77 80 48
77 81 1279
77 82 2510
77 83 888
78 0 2119
78 1 1775
78 2 1312
78 3 1531
78 4 1281
78 5 1535
78 6 1413
78 7 1455
78 8 1469
78 9 329
78 10 516
78 11 1420
78 12 516
78 13 501
78 14 1588
78 15 420
78 16 620
78 17 1430
78 18 1229
78 19 1367
78 20 1421
78 21 1578
78 22 698
78 23 250
78 24 1347
78 25 1260
78 26 1389
78 27 281
78 28 1583
78 29 1999
78 30 768
78 31 1999
78 32 1951
78 33 720
78 34 1951
78 35 1903
78 36 672
78 37 1903
78 38 1855
78 39 624
78 40 1855
78 41 1807
78 42 576
78 43 1807
78 44 1759
78 45 528
78 46 1759
78 47 1711
78 48 480
78 49 1711
78 50 1663
78 51 432
78 52 1663
78 53 1615
78 54 384
78 55 1615
78 56 1567
78 57 336
78 58 1567
78 59 1519
78 60 288
78 61 1519
78 62 1471
78 63 240
78 64 1471
78 65 1423
78 66 192
78 67 1423
78 68 1375
78 69 144
78 70 1375
78 71 1327
78 72 96
78 73 1327
78 74 1279
78 75 48
78 76 1279
78 77 1231
78 78 0
78 79 1231
78 80 1279
78 81 48
78 82 1279
78 83 2119
79 0 3350
79 1 3006
79 2 2543
79 3 2762
79 4 1294
79 5 2766
79 6 2644
79 7 2686
79 8 338
79 9 1382
79 10 1387
79 11 2651
79 12 1387
79 13 1732
79 14 795
79 15 1291
79 16 1851
79 17 377
79 18 2460
79 19 1016
79 20 2652
79 21 2809
79 22 1205
79 23 1173
79 24 2578
79 25 2491
79 26 1090
79 27 1334
79 28 608
79 29 3230
79 30 1999
79 31 768
79 32 3182
79 33 1951
79 34 720
79 35 3134
79 36 1903
79 37 672
79 38 3086
79 39 1855
79 40 624
79 41 3038
79 42 1807
79 43 576
79 44 2990
79 45 1759
79 46 528
79 47 2942
79 48 1711
79 49 480
79 50 2894
79 51 1663
79 52 432
79 53 2846
79 54 1615
79 55 384
79 56 2798
79 57 1567
79 58 336
79 59 2750
79 60 1519
79 61 288
79 62 2702
79 63 1471
79 64 240
79 65 2654
79 66 1423
79 67 192
79 68 2606
79 69 1375
79 70 144
79 71 2558
79 72 1327
79 73 96
79 74 2510
79 75 1279
79 76 48
79 77 2462
79 78 1231
79 79 0
79 80 2510
79 81 1279
79 82 48
79 83 3350
80 0 936
80 1 848
80 2 255
80 3 708
80 4 2560
80 5 608
80 6 538
80 7 1360
80 8 2748
80 9 1608
80 10 1795
80 11 1299
80 12 1795
80 13 874
80 14 2867
80 15 1699
80 16 1331
80 17 2709
80 18 146
80 19 2646
80 20 338
80 21 469
80 22 1977
80 23 1529
80 24 316
80 25 307
80 26 2668
80 27 1560
80 28 2862
80 29 816
80 30 2047
80 31 3278
80 32 768
80 33 1999
80 34 3230
80 35 720
80 36 1951
80 37 3182
80 38 672
80 39 1903
80 40 3134
80 41 624
80 42 1855
80 43 3086
80 44 576
80 45 1807
80 46 3038
80 47 528
80 48 1759
80 49 2990
80 50 480
80 51 1711
80 52 2942
80 53 432
80 54 1663
80 55 2894
80 56 384
80 57 1615
80 58 2846
80 59 336
80 60 1567
80 61 2798
80 62 288
80 63 1519
80 64 2750
80 65 240
80 66 1471
80 67 2702
80 68 192
80 69 1423
80 70 2654
80 71 144
80 72 1375
80 73 2606
80 74 96
80 75 1327
80 76 2558
80 77 48
80 78 1279
80 79 2510
80 80 0
80 81 1231
80 82 2462
80 83 936
81 0 2167
81 1 1823
81 2 1360
81 3 1579
81 4 1329
81 5 1583
81 6 1461
81 7 1503
81 8 1517
81 9 377
81 10 564
81 11 1468
81 12 564
81 13 549
81 14 1636
81 15 468
81 16 668
81 17 1478
81 18 1277
81 19 1415
81 20 1469
81 21 1626
81 22 746
81 23 298
81 24 1395
81 25 1308
81 26 1437
81 27 329
81 28 1631
81 29 2047
81 30 816
81 31 2047
81 32 1999
81 33 768
81 34 1999
81 35 1951
81 36 720
81 37 1951
81 38 1903
81 39 672
81 40 1903
81 41 1855
81 42 624
81 43 1855
81 44 1807
81 45 576
81 46 1807
81 47 1759
81 48 528
81 49 1759
81 50 1711
81 51 480
81 52 1711
81 53 1663
81 54 432
81 55 1663
81 56 1615
81 57 384
81 58 1615
81 59 1567
81 60 336
81 61 1567
81 62 1519
81 63 288
81 64 1519
81 65 1471
81 66 240
81 67 1471
81 68 1423
81 69 192
81 70 1423
81 71 1375
81 72 144
81 73 1375
81 74 1327
81 75 96
81 76 1327
81 77 1279
81 78 48
81 79 1279
81 80 1231
81 81 0
81 82 1231
81 83 2167
82 0 3398
82 1 3054
82 2 2591
82 3 2810
82 4 1342
82 5 2814
82 6 2692
82 7 2734
82 8 386
82 9 1430
82 10 1435
82 11 2699
82 12 1435
82 13 1780
82 14 843
82 15 1339
82 16 1899
82 17 425
82 18 2508
82 19 1064
82 20 2700
82 21 2857
82 22 1253
82 23 1221
82 24 2626
82 25 2539
82 26 1138
82 27 1382
82 28 656
82 29 3278
82 30 2047
82 31 816
82 32 3230
82 33 1999
82 34 768
82 35 3182
82 36 1951
82 37 720
82 38 3134
82 39 1903
82 40 672
82 41 3086
82 42 1855
82 43 624
82 44 3038
82 45 1807
82 46 576
82 47 2990
82 48 1759
82 49 528
82 50 2942
82 51 1711
82 52 480
82 53 2894
82 54 1663
82 55 432
82 56 2846
82 57 1615
82 58 384
82 59 2798
82 60 1567
82 61 336
82 62 2750
82 63 1519
82 64 288
82 65 2702
82 66 1471
82 67 240
82 68 2654
82 69 1423
82 70 192
82 71 2606
82 72 1375
82 73 144
82 74 2558
82 75 1327
82 76 96
82 77 2510
82 78 1279
82 79 48
82 80 2462
82 81 1231
82 82 0
82 83 3398
83 0 0
83 1 344
83 2 807
83 3 588
83 4 2056
83 5 584
83 6 706
83 7 664
83 8 3012
83 9 1968
83 10 1963
83 11 699
83 12 1963
83 13 1618
83 14 2555
83 15 2059
83 16 1499
83 17 2973
83 18 890
83 19 2334
83 20 698
83 21 541
83 22 2145
83 23 2177
83 24 772
83 25 859
83 26 2260
83 27 2016
83 28 2742
83 29 120
83 30 1351
83 31 2582
83 32 168
83 33 1399
83 34 2630
83 35 216
83 36 1447
83 37 2678
83 38 264
83 39 1495
83 40 2726
83 41 312
83 42 1543
83 43 2774
83 44 360
83 45 1591
83 46 2822
83 47 408
83 48 1639
83 49 2870
83 50 456
83 51 1687
83 52 2918
83 53 504
83 54 1735
83 55 2966
83 56 552
83 57 1783
83 58 3014
83 59 600
83 60 1831
83 61 3062
83 62 648
83 63 1879
83 64 3110
83 65 696
83 66 1927
83 67 3158
83 68 744
83 69 1975
83 70 3206
83 71 792
83 72 2023
83 73 3254
83 74 840
83 75 2071
83 76 3302
83 77 888
83 78 2119
83 79 3350
83 80 936
83 81 2167
83 82 3398
83 83 0
//Location coordinates LocationName
//Loc x y
0 0.0 0.0 "depot"
1 96.0 248.0 "product aisle 2 bloc 0 rank 16"
2 624.0 183.0 "product aisle 13 bloc 0 rank 5"
3 288.0 300.0 "product aisle 6 bloc 0 rank 23"
4 96.0 1960.0 "product aisle 2 bloc 1 rank 90"
5 336.0 248.0 "product aisle 7 bloc 0 rank 15"
6 432.0 274.0 "product aisle 9 bloc 0 rank 19"
7 0.0 664.0 "product aisle 0 bloc 0 rank 79"
8 480.0 2532.0 "product aisle 10 bloc 1 rank 177"
9 528.0 1440.0 "product aisle 11 bloc 1 rank 10"
10 432.0 1531.0 "product aisle 9 bloc 1 rank 24"
11 48.0 651.0 "product aisle 1 bloc 0 rank 77"
12 432.0 1531.0 "product aisle 9 bloc 1 rank 23"
13 720.0 898.0 "product aisle 15 bloc 0 rank 116"
14 192.0 2363.0 "product aisle 4 bloc 1 rank 152"
15 528.0 1531.0 "product aisle 11 bloc 1 rank 23"
16 432.0 1067.0 "product aisle 9 bloc 0 rank 141"
17 480.0 2493.0 "product aisle 10 bloc 1 rank 171"
18 720.0 170.0 "product aisle 15 bloc 0 rank 4"
19 192.0 2142.0 "product aisle 4 bloc 1 rank 118"
20 528.0 170.0 "product aisle 11 bloc 0 rank 4"
21 384.0 157.0 "product aisle 8 bloc 0 rank 1"
22 432.0 1713.0 "product aisle 9 bloc 1 rank 51"
23 672.0 1505.0 "product aisle 14 bloc 1 rank 20"
24 576.0 196.0 "product aisle 12 bloc 0 rank 8"
25 624.0 235.0 "product aisle 13 bloc 0 rank 13"
26 144.0 2116.0 "product aisle 3 bloc 1 rank 114"
27 576.0 1440.0 "product aisle 12 bloc 1 rank 10"
28 288.0 2454.0 "product aisle 6 bloc 1 rank 166"
29 24.0 120.0 "intersection aisle 0 bloc 0 rank 0"
30 24.0 1351.0 "intersection aisle 0 bloc 1 rank 1"
31 24.0 2582.0 "intersection aisle 0 bloc 2 rank 2"
32 72.0 120.0 "intersection aisle 1 bloc 0 rank 0"
33 72.0 1351.0 "intersection aisle 1 bloc 1 rank 1"
34 72.0 2582.0 "intersection aisle 1 bloc 2 rank 2"
35 120.0 120.0 "intersection aisle 2 bloc 0 rank 0"
36 120.0 1351.0 "intersection aisle 2 bloc 1 rank 1"
37 120.0 2582.0 "intersection aisle 2 bloc 2 rank 2"
38 168.0 120.0 "intersection aisle 3 bloc 0 rank 0"
39 168.0 1351.0 "intersection aisle 3 bloc 1 rank 1"
40 168.0 2582.0 "intersection aisle 3 bloc 2 rank 2"
41 216.0 120.0 "intersection aisle 4 bloc 0 rank 0"
42 216.0 1351.0 "intersection aisle 4 bloc 1 rank 1"
43 216.0 2582.0 "intersection aisle 4 bloc 2 rank 2"
44 264.0 120.0 "intersection aisle 5 bloc 0 rank 0"
45 264.0 1351.0 "intersection aisle 5 bloc 1 rank 1"
46 264.0 2582.0 "intersection aisle 5 bloc 2 rank 2"
47 312.0 120.0 "intersection aisle 6 bloc 0 rank 0"
48 312.0 1351.0 "intersection aisle 6 bloc 1 rank 1"
49 312.0 2582.0 "intersection aisle 6 bloc 2 rank 2"
50 360.0 120.0 "intersection aisle 7 bloc 0 rank 0"
51 360.0 1351.0 "intersection aisle 7 bloc 1 rank 1"
52 360.0 2582.0 "intersection aisle 7 bloc 2 rank 2"
53 408.0 120.0 "intersection aisle 8 bloc 0 rank 0"
54 408.0 1351.0 "intersection aisle 8 bloc 1 rank 1"
55 408.0 2582.0 "intersection aisle 8 bloc 2 rank 2"
56 456.0 120.0 "intersection aisle 9 bloc 0 rank 0"
57 456.0 1351.0 "intersection aisle 9 bloc 1 rank 1"
58 456.0 2582.0 "intersection aisle 9 bloc 2 rank 2"
59 504.0 120.0 "intersection aisle 10 bloc 0 rank 0"
60 504.0 1351.0 "intersection aisle 10 bloc 1 rank 1"
61 504.0 2582.0 "intersection aisle 10 bloc 2 rank 2"
62 552.0 120.0 "intersection aisle 11 bloc 0 rank 0"
63 552.0 1351.0 "intersection aisle 11 bloc 1 rank 1"
64 552.0 2582.0 "intersection aisle 11 bloc 2 rank 2"
65 600.0 120.0 "intersection aisle 12 bloc 0 rank 0"
66 600.0 1351.0 "intersection aisle 12 bloc 1 rank 1"
67 600.0 2582.0 "intersection aisle 12 bloc 2 rank 2"
68 648.0 120.0 "intersection aisle 13 bloc 0 rank 0"
69 648.0 1351.0 "intersection aisle 13 bloc 1 rank 1"
70 648.0 2582.0 "intersection aisle 13 bloc 2 rank 2"
71 696.0 120.0 "intersection aisle 14 bloc 0 rank 0"
72 696.0 1351.0 "intersection aisle 14 bloc 1 rank 1"
73 696.0 2582.0 "intersection aisle 14 bloc 2 rank 2"
74 744.0 120.0 "intersection aisle 15 bloc 0 rank 0"
75 744.0 1351.0 "intersection aisle 15 bloc 1 rank 1"
76 744.0 2582.0 "intersection aisle 15 bloc 2 rank 2"
77 792.0 120.0 "intersection aisle 16 bloc 0 rank 0"
78 792.0 1351.0 "intersection aisle 16 bloc 1 rank 1"
79 792.0 2582.0 "intersection aisle 16 bloc 2 rank 2"
80 840.0 120.0 "intersection aisle 17 bloc 0 rank 0"
81 840.0 1351.0 "intersection aisle 17 bloc 1 rank 1"
82 840.0 2582.0 "intersection aisle 17 bloc 2 rank 2"
83 0.0 0.0 "depot"
