//alpha
1
//NbLocations
85
//NbProducts
30
//NbPickers
2
//CapaPicker
8
//TimeToTravelOneDistanceUnit
3
//SetupTime
5400
//PickTime
300
//Products
//Idx Location Size
1 1 1
2 2 1
3 3 1
4 4 1
5 5 1
6 6 1
7 7 1
8 8 1
9 9 1
10 10 1
11 11 1
12 12 1
13 13 1
14 14 1
15 15 1
16 16 1
17 17 1
18 18 1
19 19 1
20 20 1
21 21 1
22 22 1
23 23 1
24 24 1
25 25 1
26 26 1
27 27 1
28 28 1
29 29 1
30 30 1
//Orders
//NbOrders
6
//Idx DueDate TardinessPenalty NbProdInOrder ProdIdx1 Qty1 ProdIdx2 Qty2 ...
1 54000 0 5 1 1 2 1 3 1 4 1 5 1
2 36000 0 6 6 1 7 1 8 1 9 1 10 1 11 1
3 72000 0 3 12 1 13 1 14 1
4 72000 0 6 15 1 16 1 17 1 18 1 19 1 20 1
5 90000 0 8 21 1 22 1 23 1 24 1 25 1 26 1 27 1 28 1
6 90000 0 2 29 1 30 1
//Graph (Products are vertices indexed from 1 to NbProducts)
//NbVerticesIntersections
54
//DepartingDepot
0
//ArrivalDepot
85
//Arcs
//Start End Distance
0 31 120
1 24 208
1 35 362
2 29 429
2 70 245
3 27 364
3 77 297
4 34 882
4 35 349
5 73 336
5 74 895
6 19 546
6 32 245
7 18 117
7 74 778
8 25 117
8 64 817
9 76 336
9 77 895
10 14 767
10 32 284
11 20 468
11 49 271
12 82 336
12 83 895
13 40 1129
13 41 102
14 10 767
14 33 180
15 59 635
15 60 596
16 20 169
16 30 169
17 52 180
17 53 1051
18 7 117
18 75 336
19 6 546
19 31 440
20 11 468
20 16 169
21 26 312
21 45 297
22 28 247
22 84 531
23 41 427
23 42 804
24 1 208
24 36 661
25 8 117
25 65 297
26 21 312
26 44 622
27 3 364
27 78 570
28 22 247
28 83 453
29 2 429
29 71 557
30 16 169
30 50 154
31 19 440
31 34 48
31 85 120
32 6 245
32 10 284
32 35 48
33 14 180
33 36 48
34 4 882
34 31 48
34 37 48
35 1 362
35 4 349
35 32 48
35 38 48
36 24 661
36 33 48
36 39 48
37 34 48
37 38 1231
37 40 48
38 35 48
38 37 1231
38 39 1231
38 41 48
39 36 48
39 38 1231
39 42 48
40 13 1129
40 37 48
40 43 48
41 13 102
41 23 427
41 38 48
41 44 48
42 23 804
42 39 48
42 45 48
43 40 48
43 44 1231
43 46 48
44 26 622
44 41 48
44 43 1231
44 47 48
45 21 297
45 42 48
45 48 48
46 43 48
46 47 1231
46 49 48
47 44 48
47 46 1231
47 48 1231
47 50 48
48 45 48
48 47 1231
48 51 48
49 11 271
49 46 48
49 52 48
50 30 154
50 47 48
50 51 1231
50 53 48
51 48 48
51 50 1231
51 54 48
52 17 180
52 49 48
52 55 48
53 17 1051
53 50 48
53 54 1231
53 56 48
54 51 48
54 53 1231
54 57 48
55 52 48
55 56 1231
55 58 48
56 53 48
56 55 1231
56 57 1231
56 59 48
57 54 48
57 56 1231
57 60 48
58 55 48
58 59 1231
58 61 48
59 15 635
59 56 48
59 58 1231
59 62 48
60 15 596
60 57 48
60 63 48
61 58 48
61 62 1231
61 64 48
62 59 48
62 61 1231
62 63 1231
62 65 48
63 60 48
63 62 1231
63 66 48
64 8 817
64 61 48
64 67 48
65 25 297
65 62 48
65 66 1231
65 68 48
66 63 48
66 65 1231
66 69 48
67 64 48
67 68 1231
67 70 48
68 65 48
68 67 1231
68 69 1231
68 71 48
69 66 48
69 68 1231
69 72 48
70 2 245
70 67 48
70 73 48
71 29 557
71 68 48
71 72 1231
71 74 48
72 69 48
72 71 1231
72 75 48
73 5 336
73 70 48
73 76 48
74 5 895
74 7 778
74 71 48
74 77 48
75 18 336
75 72 48
75 78 48
76 9 336
76 73 48
76 79 48
77 3 297
77 9 895
77 74 48
77 80 48
78 27 570
78 75 48
78 81 48
79 76 48
79 80 1231
79 82 48
80 77 48
80 79 1231
80 81 1231
80 83 48
81 78 48
81 80 1231
81 84 48
82 12 336
82 79 48
83 12 895
83 28 453
83 80 48
84 22 531
84 81 48
//LocStart LocEnd ShortestPath
0 0 0
0 1 1761
0 2 989
0 3 2368
0 4 1050
0 5 1128
0 6 1106
0 7 2801
0 8 1465
0 9 1176
0 10 1635
0 11 679
0 12 1272
0 13 1393
0 14 2402
0 15 2418
0 16 1316
0 17 636
0 18 2918
0 19 560
0 20 1147
0 21 2477
0 22 2867
0 23 1922
0 24 1969
0 25 1582
0 26 2165
0 27 2732
0 28 2620
0 29 1418
0 30 1485
0 31 120
0 32 1351
0 33 2582
0 34 168
0 35 1399
0 36 2630
0 37 216
0 38 1447
0 39 2678
0 40 264
0 41 1495
0 42 2726
0 43 312
0 44 1543
0 45 2774
0 46 360
0 47 1591
0 48 2822
0 49 408
0 50 1639
0 51 2870
0 52 456
0 53 1687
0 54 2918
0 55 504
0 56 1735
0 57 2966
0 58 552
0 59 1783
0 60 3014
0 61 600
0 62 1831
0 63 3062
0 64 648
0 65 1879
0 66 3110
0 67 696
0 68 1927
0 69 3158
0 70 744
0 71 1975
0 72 3206
0 73 792
0 74 2023
0 75 3254
0 76 840
0 77 2071
0 78 3302
0 79 888
0 80 2119
0 81 3350
0 82 936
0 83 2167
0 84 3398
0 85 0
1 0 1761
1 1 0
1 2 1924
1 3 1331
1 4 711
1 5 1881
1 6 655
1 7 1764
1 8 1256
1 9 1929
1 10 694
1 11 1562
1 12 2025
1 13 560
1 14 1097
1 15 1381
1 16 925
1 17 1701
1 18 1829
1 19 1201
1 20 1094
1 21 1310
1 22 1830
1 23 885
1 24 208
1 25 1139
1 26 1128
1 27 1695
1 28 1583
1 29 1495
1 30 756
1 31 1641
1 32 410
1 33 917
1 34 1593
1 35 362
1 36 869
1 37 1641
1 38 410
1 39 917
1 40 1689
1 41 458
1 42 965
1 43 1737
1 44 506
1 45 1013
1 46 1785
1 47 554
1 48 1061
1 49 1833
1 50 602
1 51 1109
1 52 1881
1 53 650
1 54 1157
1 55 1929
1 56 698
1 57 1205
1 58 1977
1 59 746
1 60 1253
1 61 2025
1 62 794
1 63 1301
1 64 2073
1 65 842
1 66 1349
1 67 2121
1 68 890
1 69 1397
1 70 2169
1 71 938
1 72 1445
1 73 2217
1 74 986
1 75 1493
1 76 2265
1 77 1034
1 78 1541
1 79 2313
1 80 1082
1 81 1589
1 82 2361
1 83 1130
1 84 1637
1 85 1761
2 0 989
2 1 1924
2 2 0
2 3 1379
2 4 1703
2 5 629
2 6 1855
2 7 1812
2 8 1158
2 9 677
2 10 1894
2 11 852
2 12 773
2 13 1568
2 14 2661
2 15 1813
2 16 1489
2 17 713
2 18 1929
2 19 1309
2 20 1320
2 21 2352
2 22 1878
2 23 1893
2 24 2132
2 25 1275
2 26 2040
2 27 1743
2 28 1631
2 29 429
2 30 1476
2 31 869
2 32 1610
2 33 2841
2 34 821
2 35 1562
2 36 2793
2 37 773
2 38 1514
2 39 2745
2 40 725
2 41 1466
2 42 2697
2 43 677
2 44 1418
2 45 2649
2 46 629
2 47 1370
2 48 2601
2 49 581
2 50 1322
2 51 2553
2 52 533
2 53 1274
2 54 2505
2 55 485
2 56 1226
2 57 2457
2 58 437
2 59 1178
2 60 2409
2 61 389
2 62 1130
2 63 2361
2 64 341
2 65 1082
2 66 2313
2 67 293
2 68 1034
2 69 2265
2 70 245
2 71 986
2 72 2217
2 73 293
2 74 1034
2 75 2265
2 76 341
2 77 1082
2 78 2313
2 79 389
2 80 1130
2 81 2361
2 82 437
2 83 1178
2 84 2409
2 85 989
3 0 2368
3 1 1331
3 2 1379
3 3 0
3 4 1318
3 5 1240
3 6 1262
3 7 1123
3 8 903
3 9 1192
3 10 1301
3 11 1689
3 12 1288
3 13 975
3 14 1834
3 15 1220
3 16 1052
3 17 1732
3 18 1240
3 19 1808
3 20 1221
3 21 1759
3 22 1093
3 23 1300
3 24 1539
3 25 786
3 26 1447
3 27 364
3 28 846
3 29 950
3 30 883
3 31 2248
3 32 1017
3 33 1654
3 34 2200
3 35 969
3 36 1606
3 37 2152
3 38 921
3 39 1558
3 40 2104
3 41 873
3 42 1510
3 43 2056
3 44 825
3 45 1462
3 46 2008
3 47 777
3 48 1414
3 49 1960
3 50 729
3 51 1366
3 52 1912
3 53 681
3 54 1318
3 55 1864
3 56 633
3 57 1270
3 58 1816
3 59 585
3 60 1222
3 61 1768
3 62 537
3 63 1174
3 64 1720
3 65 489
3 66 1126
3 67 1672
3 68 441
3 69 1078
3 70 1624
3 71 393
3 72 1030
3 73 1576
3 74 345
3 75 982
3 76 1528
3 77 297
3 78 934
3 79 1576
3 80 345
3 81 982
3 82 1624
3 83 393
3 84 1030
3 85 2368
4 0 1050
4 1 711
4 2 1703
4 3 1318
4 4 0
4 5 1842
4 6 642
4 7 1751
4 8 1243
4 9 1890
4 10 681
4 11 1393
4 12 1986
4 13 547
4 14 1448
4 15 1368
4 16 912
4 17 1350
4 18 1868
4 19 1188
4 20 1081
4 21 1427
4 22 1817
4 23 872
4 24 919
4 25 1126
4 26 1115
4 27 1682
4 28 1570
4 29 1482
4 30 743
4 31 930
4 32 397
4 33 1628
4 34 882
4 35 349
4 36 1580
4 37 930
4 38 397
4 39 1628
4 40 978
4 41 445
4 42 1676
4 43 1026
4 44 493
4 45 1724
4 46 1074
4 47 541
4 48 1772
4 49 1122
4 50 589
4 51 1820
4 52 1170
4 53 637
4 54 1868
4 55 1218
4 56 685
4 57 1916
4 58 1266
4 59 733
4 60 1964
4 61 1314
4 62 781
4 63 2012
4 64 1362
4 65 829
4 66 2060
4 67 1410
4 68 877
4 69 2108
4 70 1458
4 71 925
4 72 2156
4 73 1506
4 74 973
4 75 2204
4 76 1554
4 77 1021
4 78 2252
4 79 1602
4 80 1069
4 81 2300
4 82 1650
4 83 1117
4 84 2348
4 85 1050
5 0 1128
5 1 1881
5 2 629
5 3 1240
5 4 1842
5 5 0
5 6 1812
5 7 1673
5 8 1297
5 9 720
5 10 1851
5 11 991
5 12 816
5 13 1525
5 14 2618
5 15 1770
5 16 1602
5 17 852
5 18 1790
5 19 1448
5 20 1459
5 21 2309
5 22 1739
5 23 1850
5 24 2089
5 25 1336
5 26 1997
5 27 1604
5 28 1492
5 29 1058
5 30 1433
5 31 1008
5 32 1567
5 33 2798
5 34 960
5 35 1519
5 36 2750
5 37 912
5 38 1471
5 39 2702
5 40 864
5 41 1423
5 42 2654
5 43 816
5 44 1375
5 45 2606
5 46 768
5 47 1327
5 48 2558
5 49 720
5 50 1279
5 51 2510
5 52 672
5 53 1231
5 54 2462
5 55 624
5 56 1183
5 57 2414
5 58 576
5 59 1135
5 60 2366
5 61 528
5 62 1087
5 63 2318
5 64 480
5 65 1039
5 66 2270
5 67 432
5 68 991
5 69 2222
5 70 384
5 71 943
5 72 2174
5 73 336
5 74 895
5 75 2126
5 76 384
5 77 943
5 78 2174
5 79 432
5 80 991
5 81 2222
5 82 480
5 83 1039
5 84 2270
5 85 1128
6 0 1106
6 1 655
6 2 1855
6 3 1262
6 4 642
6 5 1812
6 6 0
6 7 1695
6 8 1187
6 9 1860
6 10 529
6 11 1493
6 12 1956
6 13 491
6 14 1296
6 15 1312
6 16 856
6 17 1502
6 18 1812
6 19 546
6 20 1025
6 21 1371
6 22 1761
6 23 816
6 24 863
6 25 1070
6 26 1059
6 27 1626
6 28 1514
6 29 1426
6 30 687
6 31 986
6 32 245
6 33 1476
6 34 1034
6 35 293
6 36 1524
6 37 1082
6 38 341
6 39 1572
6 40 1130
6 41 389
6 42 1620
6 43 1178
6 44 437
6 45 1668
6 46 1226
6 47 485
6 48 1716
6 49 1274
6 50 533
6 51 1764
6 52 1322
6 53 581
6 54 1812
6 55 1370
6 56 629
6 57 1860
6 58 1418
6 59 677
6 60 1908
6 61 1466
6 62 725
6 63 1956
6 64 1514
6 65 773
6 66 2004
6 67 1562
6 68 821
6 69 2052
6 70 1610
6 71 869
6 72 2100
6 73 1658
6 74 917
6 75 2148
6 76 1706
6 77 965
6 78 2196
6 79 1754
6 80 1013
6 81 2244
6 82 1802
6 83 1061
6 84 2292
6 85 1106
7 0 2801
7 1 1764
7 2 1812
7 3 1123
7 4 1751
7 5 1673
7 6 1695
7 7 0
7 8 1336
7 9 1721
7 10 1734
7 11 2122
7 12 1817
7 13 1408
7 14 1305
7 15 1289
7 16 1485
7 17 2165
7 18 117
7 19 2241
7 20 1654
7 21 1230
7 22 1128
7 23 1733
7 24 1738
7 25 1219
7 26 1542
7 27 1071
7 28 1375
7 29 1383
7 30 1316
7 31 2681
7 32 1450
7 33 1125
7 34 2633
7 35 1402
7 36 1077
7 37 2585
7 38 1354
7 39 1029
7 40 2537
7 41 1306
7 42 981
7 43 2489
7 44 1258
7 45 933
7 46 2441
7 47 1210
7 48 885
7 49 2393
7 50 1162
7 51 837
7 52 2345
7 53 1114
7 54 789
7 55 2297
7 56 1066
7 57 741
7 58 2249
7 59 1018
7 60 693
7 61 2201
7 62 970
7 63 645
7 64 2153
7 65 922
7 66 597
7 67 2105
7 68 874
7 69 549
7 70 2057
7 71 826
7 72 501
7 73 2009
7 74 778
7 75 453
7 76 2057
7 77 826
7 78 501
7 79 2105
7 80 874
7 81 549
7 82 2153
7 83 922
7 84 597
7 85 2801
8 0 1465
8 1 1256
8 2 1158
8 3 903
8 4 1243
8 5 1297
8 6 1187
8 7 1336
8 8 0
8 9 1345
8 10 1226
8 11 1328
8 12 1441
8 13 900
8 14 1993
8 15 1145
8 16 977
8 17 1189
8 18 1453
8 19 1733
8 20 1146
8 21 1684
8 22 1402
8 23 1225
8 24 1464
8 25 117
8 26 1372
8 27 1267
8 28 1155
8 29 1067
8 30 808
8 31 1345
8 32 942
8 33 2173
8 34 1297
8 35 894
8 36 2125
8 37 1249
8 38 846
8 39 2077
8 40 1201
8 41 798
8 42 2029
8 43 1153
8 44 750
8 45 1981
8 46 1105
8 47 702
8 48 1933
8 49 1057
8 50 654
8 51 1885
8 52 1009
8 53 606
8 54 1837
8 55 961
8 56 558
8 57 1789
8 58 913
8 59 510
8 60 1741
8 61 865
8 62 462
8 63 1693
8 64 817
8 65 414
8 66 1645
8 67 865
8 68 462
8 69 1693
8 70 913
8 71 510
8 72 1741
8 73 961
8 74 558
8 75 1789
8 76 1009
8 77 606
8 78 1837
8 79 1057
8 80 654
8 81 1885
8 82 1105
8 83 702
8 84 1933
8 85 1465
9 0 1176
9 1 1929
9 2 677
9 3 1192
9 4 1890
9 5 720
9 6 1860
9 7 1721
9 8 1345
9 9 0
9 10 1899
9 11 1039
9 12 768
9 13 1573
9 14 2666
9 15 1818
9 16 1650
9 17 900
9 18 1838
9 19 1496
9 20 1507
9 21 2357
9 22 1691
9 23 1898
9 24 2137
9 25 1384
9 26 2045
9 27 1556
9 28 1444
9 29 1106
9 30 1481
9 31 1056
9 32 1615
9 33 2846
9 34 1008
9 35 1567
9 36 2798
9 37 960
9 38 1519
9 39 2750
9 40 912
9 41 1471
9 42 2702
9 43 864
9 44 1423
9 45 2654
9 46 816
9 47 1375
9 48 2606
9 49 768
9 50 1327
9 51 2558
9 52 720
9 53 1279
9 54 2510
9 55 672
9 56 1231
9 57 2462
9 58 624
9 59 1183
9 60 2414
9 61 576
9 62 1135
9 63 2366
9 64 528
9 65 1087
9 66 2318
9 67 480
9 68 1039
9 69 2270
9 70 432
9 71 991
9 72 2222
9 73 384
9 74 943
9 75 2174
9 76 336
9 77 895
9 78 2126
9 79 384
9 80 943
9 81 2174
9 82 432
9 83 991
9 84 2222
9 85 1176
10 0 1635
10 1 694
10 2 1894
10 3 1301
10 4 681
10 5 1851
10 6 529
10 7 1734
10 8 1226
10 9 1899
10 10 0
10 11 1532
10 12 1995
10 13 530
10 14 767
10 15 1351
10 16 895
10 17 1671
10 18 1851
10 19 1075
10 20 1064
10 21 1410
10 22 1800
10 23 855
10 24 902
10 25 1109
10 26 1098
10 27 1665
10 28 1553
10 29 1465
10 30 726
10 31 1515
10 32 284
10 33 947
10 34 1563
10 35 332
10 36 995
10 37 1611
10 38 380
10 39 1043
10 40 1659
10 41 428
10 42 1091
10 43 1707
10 44 476
10 45 1139
10 46 1755
10 47 524
10 48 1187
10 49 1803
10 50 572
10 51 1235
10 52 1851
10 53 620
10 54 1283
10 55 1899
10 56 668
10 57 1331
10 58 1947
10 59 716
10 60 1379
10 61 1995
10 62 764
10 63 1427
10 64 2043
10 65 812
10 66 1475
10 67 2091
10 68 860
10 69 1523
10 70 2139
10 71 908
10 72 1571
10 73 2187
10 74 956
10 75 1619
10 76 2235
10 77 1004
10 78 1667
10 79 2283
10 80 1052
10 81 1715
10 82 2331
10 83 1100
10 84 1763
10 85 1635
11 0 679
11 1 1562
11 2 852
11 3 1689
11 4 1393
11 5 991
11 6 1493
11 7 2122
11 8 1328
11 9 1039
11 10 1532
11 11 0
11 12 1135
11 13 1206
11 14 2299
11 15 1739
11 16 637
11 17 499
11 18 2239
11 19 999
11 20 468
11 21 1990
11 22 2188
11 23 1531
11 24 1770
11 25 1445
11 26 1678
11 27 2053
11 28 1941
11 29 1281
11 30 806
11 31 559
11 32 1248
11 33 2479
11 34 511
11 35 1200
11 36 2431
11 37 463
11 38 1152
11 39 2383
11 40 415
11 41 1104
11 42 2335
11 43 367
11 44 1056
11 45 2287
11 46 319
11 47 1008
11 48 2239
11 49 271
11 50 960
11 51 2191
11 52 319
11 53 1008
11 54 2239
11 55 367
11 56 1056
11 57 2287
11 58 415
11 59 1104
11 60 2335
11 61 463
11 62 1152
11 63 2383
11 64 511
11 65 1200
11 66 2431
11 67 559
11 68 1248
11 69 2479
11 70 607
11 71 1296
11 72 2527
11 73 655
11 74 1344
11 75 2575
11 76 703
11 77 1392
11 78 2623
11 79 751
11 80 1440
11 81 2671
11 82 799
11 83 1488
11 84 2719
11 85 679
12 0 1272
12 1 2025
12 2 773
12 3 1288
12 4 1986
12 5 816
12 6 1956
12 7 1817
12 8 1441
12 9 768
12 10 1995
12 11 1135
12 12 0
12 13 1669
12 14 2762
12 15 1914
12 16 1746
12 17 996
12 18 1934
12 19 1592
12 20 1603
12 21 2453
12 22 1595
12 23 1994
12 24 2233
12 25 1480
12 26 2141
12 27 1652
12 28 1348
12 29 1202
12 30 1577
12 31 1152
12 32 1711
12 33 2942
12 34 1104
12 35 1663
12 36 2894
12 37 1056
12 38 1615
12 39 2846
12 40 1008
12 41 1567
12 42 2798
12 43 960
12 44 1519
12 45 2750
12 46 912
12 47 1471
12 48 2702
12 49 864
12 50 1423
12 51 2654
12 52 816
12 53 1375
12 54 2606
12 55 768
12 56 1327
12 57 2558
12 58 720
12 59 1279
12 60 2510
12 61 672
12 62 1231
12 63 2462
12 64 624
12 65 1183
12 66 2414
12 67 576
12 68 1135
12 69 2366
12 70 528
12 71 1087
12 72 2318
12 73 480
12 74 1039
12 75 2270
12 76 432
12 77 991
12 78 2222
12 79 384
12 80 943
12 81 2174
12 82 336
12 83 895
12 84 2126
12 85 1272
13 0 1393
13 1 560
13 2 1568
13 3 975
13 4 547
13 5 1525
13 6 491
13 7 1408
13 8 900
13 9 1573
13 10 530
13 11 1206
13 12 1669
13 13 0
13 14 1297
13 15 1025
13 16 569
13 17 1345
13 18 1525
13 19 1037
13 20 738
13 21 1084
13 22 1474
13 23 529
13 24 768
13 25 783
13 26 772
13 27 1339
13 28 1227
13 29 1139
13 30 400
13 31 1273
13 32 246
13 33 1477
13 34 1225
13 35 198
13 36 1429
13 37 1177
13 38 150
13 39 1381
13 40 1129
13 41 102
13 42 1333
13 43 1177
13 44 150
13 45 1381
13 46 1225
13 47 198
13 48 1429
13 49 1273
13 50 246
13 51 1477
13 52 1321
13 53 294
13 54 1525
13 55 1369
13 56 342
13 57 1573
13 58 1417
13 59 390
13 60 1621
13 61 1465
13 62 438
13 63 1669
13 64 1513
13 65 486
13 66 1717
13 67 1561
13 68 534
13 69 1765
13 70 1609
13 71 582
13 72 1813
13 73 1657
13 74 630
13 75 1861
13 76 1705
13 77 678
13 78 1909
13 79 1753
13 80 726
13 81 1957
13 82 1801
13 83 774
13 84 2005
13 85 1393
14 0 2402
14 1 1097
14 2 2661
14 3 1834
14 4 1448
14 5 2618
14 6 1296
14 7 1305
14 8 1993
14 9 2666
14 10 767
14 11 2299
14 12 2762
14 13 1297
14 14 0
14 15 1208
14 16 1662
14 17 2438
14 18 1188
14 19 1842
14 20 1831
14 21 669
14 22 1527
14 23 1128
14 24 889
14 25 1876
14 26 981
14 27 1470
14 28 1774
14 29 2232
14 30 1493
14 31 2282
14 32 1051
14 33 180
14 34 2330
14 35 1099
14 36 228
14 37 2378
14 38 1147
14 39 276
14 40 2426
14 41 1195
14 42 324
14 43 2474
14 44 1243
14 45 372
14 46 2522
14 47 1291
14 48 420
14 49 2570
14 50 1339
14 51 468
14 52 2618
14 53 1387
14 54 516
14 55 2666
14 56 1435
14 57 564
14 58 2714
14 59 1483
14 60 612
14 61 2762
14 62 1531
14 63 660
14 64 2810
14 65 1579
14 66 708
14 67 2858
14 68 1627
14 69 756
14 70 2906
14 71 1675
14 72 804
14 73 2954
14 74 1723
14 75 852
14 76 3002
14 77 1771
14 78 900
14 79 3050
14 80 1819
14 81 948
14 82 3098
14 83 1867
14 84 996
14 85 2402
15 0 2418
15 1 1381
15 2 1813
15 3 1220
15 4 1368
15 5 1770
15 6 1312
15 7 1289
15 8 1145
15 9 1818
15 10 1351
15 11 1739
15 12 1914
15 13 1025
15 14 1208
15 15 0
15 16 1102
15 17 1782
15 18 1172
15 19 1858
15 20 1271
15 21 1133
15 22 1511
15 23 1350
15 24 1589
15 25 1028
15 26 1445
15 27 1454
15 28 1472
15 29 1384
15 30 933
15 31 2298
15 32 1067
15 33 1028
15 34 2250
15 35 1019
15 36 980
15 37 2202
15 38 971
15 39 932
15 40 2154
15 41 923
15 42 884
15 43 2106
15 44 875
15 45 836
15 46 2058
15 47 827
15 48 788
15 49 2010
15 50 779
15 51 740
15 52 1962
15 53 731
15 54 692
15 55 1914
15 56 683
15 57 644
15 58 1866
15 59 635
15 60 596
15 61 1914
15 62 683
15 63 644
15 64 1962
15 65 731
15 66 692
15 67 2010
15 68 779
15 69 740
15 70 2058
15 71 827
15 72 788
15 73 2106
15 74 875
15 75 836
15 76 2154
15 77 923
15 78 884
15 79 2202
15 80 971
15 81 932
15 82 2250
15 83 1019
15 84 980
15 85 2418
16 0 1316
16 1 925
16 2 1489
16 3 1052
16 4 912
16 5 1602
16 6 856
16 7 1485
16 8 977
16 9 1650
16 10 895
16 11 637
16 12 1746
16 13 569
16 14 1662
16 15 1102
16 16 0
16 17 1136
16 18 1602
16 19 1402
16 20 169
16 21 1353
16 22 1551
16 23 894
16 24 1133
16 25 860
16 26 1041
16 27 1416
16 28 1304
16 29 1216
16 30 169
16 31 1196
16 32 611
16 33 1842
16 34 1148
16 35 563
16 36 1794
16 37 1100
16 38 515
16 39 1746
16 40 1052
16 41 467
16 42 1698
16 43 1004
16 44 419
16 45 1650
16 46 956
16 47 371
16 48 1602
16 49 908
16 50 323
16 51 1554
16 52 956
16 53 371
16 54 1602
16 55 1004
16 56 419
16 57 1650
16 58 1052
16 59 467
16 60 1698
16 61 1100
16 62 515
16 63 1746
16 64 1148
16 65 563
16 66 1794
16 67 1196
16 68 611
16 69 1842
16 70 1244
16 71 659
16 72 1890
16 73 1292
16 74 707
16 75 1938
16 76 1340
16 77 755
16 78 1986
16 79 1388
16 80 803
16 81 2034
16 82 1436
16 83 851
16 84 2082
16 85 1316
17 0 636
17 1 1701
17 2 713
17 3 1732
17 4 1350
17 5 852
17 6 1502
17 7 2165
17 8 1189
17 9 900
17 10 1671
17 11 499
17 12 996
17 13 1345
17 14 2438
17 15 1782
17 16 1136
17 17 0
17 18 2282
17 19 956
17 20 967
17 21 2129
17 22 2231
17 23 1670
17 24 1909
17 25 1306
17 26 1817
17 27 2096
17 28 1984
17 29 1142
17 30 1253
17 31 516
17 32 1387
17 33 2618
17 34 468
17 35 1339
17 36 2570
17 37 420
17 38 1291
17 39 2522
17 40 372
17 41 1243
17 42 2474
17 43 324
17 44 1195
17 45 2426
17 46 276
17 47 1147
17 48 2378
17 49 228
17 50 1099
17 51 2330
17 52 180
17 53 1051
17 54 2282
17 55 228
17 56 1099
17 57 2330
17 58 276
17 59 1147
17 60 2378
17 61 324
17 62 1195
17 63 2426
17 64 372
17 65 1243
17 66 2474
17 67 420
17 68 1291
17 69 2522
17 70 468
17 71 1339
17 72 2570
17 73 516
17 74 1387
17 75 2618
17 76 564
17 77 1435
17 78 2666
17 79 612
17 80 1483
17 81 2714
17 82 660
17 83 1531
17 84 2762
17 85 636
18 0 2918
18 1 1829
18 2 1929
18 3 1240
18 4 1868
18 5 1790
18 6 1812
18 7 117
18 8 1453
18 9 1838
18 10 1851
18 11 2239
18 12 1934
18 13 1525
18 14 1188
18 15 1172
18 16 1602
18 17 2282
18 18 0
18 19 2358
18 20 1771
18 21 1113
18 22 1011
18 23 1668
18 24 1621
18 25 1336
18 26 1425
18 27 954
18 28 1258
18 29 1500
18 30 1433
18 31 2798
18 32 1567
18 33 1008
18 34 2750
18 35 1519
18 36 960
18 37 2702
18 38 1471
18 39 912
18 40 2654
18 41 1423
18 42 864
18 43 2606
18 44 1375
18 45 816
18 46 2558
18 47 1327
18 48 768
18 49 2510
18 50 1279
18 51 720
18 52 2462
18 53 1231
18 54 672
18 55 2414
18 56 1183
18 57 624
18 58 2366
18 59 1135
18 60 576
18 61 2318
18 62 1087
18 63 528
18 64 2270
18 65 1039
18 66 480
18 67 2222
18 68 991
18 69 432
18 70 2174
18 71 943
18 72 384
18 73 2126
18 74 895
18 75 336
18 76 2174
18 77 943
18 78 384
18 79 2222
18 80 991
18 81 432
18 82 2270
18 83 1039
18 84 480
18 85 2918
19 0 560
19 1 1201
19 2 1309
19 3 1808
19 4 1188
19 5 1448
19 6 546
19 7 2241
19 8 1733
19 9 1496
19 10 1075
19 11 999
19 12 1592
19 13 1037
19 14 1842
19 15 1858
19 16 1402
19 17 956
19 18 2358
19 19 0
19 20 1467
19 21 1917
19 22 2307
19 23 1362
19 24 1409
19 25 1616
19 26 1605
19 27 2172
19 28 2060
19 29 1738
19 30 1233
19 31 440
19 32 791
19 33 2022
19 34 488
19 35 839
19 36 2070
19 37 536
19 38 887
19 39 2118
19 40 584
19 41 935
19 42 2166
19 43 632
19 44 983
19 45 2214
19 46 680
19 47 1031
19 48 2262
19 49 728
19 50 1079
19 51 2310
19 52 776
19 53 1127
19 54 2358
19 55 824
19 56 1175
19 57 2406
19 58 872
19 59 1223
19 60 2454
19 61 920
19 62 1271
19 63 2502
19 64 968
19 65 1319
19 66 2550
19 67 1016
19 68 1367
19 69 2598
19 70 1064
19 71 1415
19 72 2646
19 73 1112
19 74 1463
19 75 2694
19 76 1160
19 77 1511
19 78 2742
19 79 1208
19 80 1559
19 81 2790
19 82 1256
19 83 1607
19 84 2838
19 85 560
20 0 1147
20 1 1094
20 2 1320
20 3 1221
20 4 1081
20 5 1459
20 6 1025
20 7 1654
20 8 1146
20 9 1507
20 10 1064
20 11 468
20 12 1603
20 13 738
20 14 1831
20 15 1271
20 16 169
20 17 967
20 18 1771
20 19 1467
20 20 0
20 21 1522
20 22 1720
20 23 1063
20 24 1302
20 25 1029
20 26 1210
20 27 1585
20 28 1473
20 29 1385
20 30 338
20 31 1027
20 32 780
20 33 2011
20 34 979
20 35 732
20 36 1963
20 37 931
20 38 684
20 39 1915
20 40 883
20 41 636
20 42 1867
20 43 835
20 44 588
20 45 1819
20 46 787
20 47 540
20 48 1771
20 49 739
20 50 492
20 51 1723
20 52 787
20 53 540
20 54 1771
20 55 835
20 56 588
20 57 1819
20 58 883
20 59 636
20 60 1867
20 61 931
20 62 684
20 63 1915
20 64 979
20 65 732
20 66 1963
20 67 1027
20 68 780
20 69 2011
20 70 1075
20 71 828
20 72 2059
20 73 1123
20 74 876
20 75 2107
20 76 1171
20 77 924
20 78 2155
20 79 1219
20 80 972
20 81 2203
20 82 1267
20 83 1020
20 84 2251
20 85 1147
21 0 2477
21 1 1310
21 2 2352
21 3 1759
21 4 1427
21 5 2309
21 6 1371
21 7 1230
21 8 1684
21 9 2357
21 10 1410
21 11 1990
21 12 2453
21 13 1084
21 14 669
21 15 1133
21 16 1353
21 17 2129
21 18 1113
21 19 1917
21 20 1522
21 21 0
21 22 1452
21 23 1149
21 24 1102
21 25 1567
21 26 312
21 27 1395
21 28 1699
21 29 1923
21 30 1184
21 31 2357
21 32 1126
21 33 489
21 34 2309
21 35 1078
21 36 441
21 37 2261
21 38 1030
21 39 393
21 40 2213
21 41 982
21 42 345
21 43 2165
21 44 934
21 45 297
21 46 2213
21 47 982
21 48 345
21 49 2261
21 50 1030
21 51 393
21 52 2309
21 53 1078
21 54 441
21 55 2357
21 56 1126
21 57 489
21 58 2405
21 59 1174
21 60 537
21 61 2453
21 62 1222
21 63 585
21 64 2501
21 65 1270
21 66 633
21 67 2549
21 68 1318
21 69 681
21 70 2597
21 71 1366
21 72 729
21 73 2645
21 74 1414
21 75 777
21 76 2693
21 77 1462
21 78 825
21 79 2741
21 80 1510
21 81 873
21 82 2789
21 83 1558
21 84 921
21 85 2477
22 0 2867
22 1 1830
22 2 1878
22 3 1093
22 4 1817
22 5 1739
22 6 1761
22 7 1128
22 8 1402
22 9 1691
22 10 1800
22 11 2188
22 12 1595
22 13 1474
22 14 1527
22 15 1511
22 16 1551
22 17 2231
22 18 1011
22 19 2307
22 20 1720
22 21 1452
22 22 0
22 23 1799
22 24 1960
22 25 1285
22 26 1764
22 27 1197
22 28 247
22 29 1449
22 30 1382
22 31 2747
22 32 1516
22 33 1347
22 34 2699
22 35 1468
22 36 1299
22 37 2651
22 38 1420
22 39 1251
22 40 2603
22 41 1372
22 42 1203
22 43 2555
22 44 1324
22 45 1155
22 46 2507
22 47 1276
22 48 1107
22 49 2459
22 50 1228
22 51 1059
22 52 2411
22 53 1180
22 54 1011
22 55 2363
22 56 1132
22 57 963
22 58 2315
22 59 1084
22 60 915
22 61 2267
22 62 1036
22 63 867
22 64 2219
22 65 988
22 66 819
22 67 2171
22 68 940
22 69 771
22 70 2123
22 71 892
22 72 723
22 73 2075
22 74 844
22 75 675
22 76 2027
22 77 796
22 78 627
22 79 1979
22 80 748
22 81 579
22 82 1931
22 83 700
22 84 531
22 85 2867
23 0 1922
23 1 885
23 2 1893
23 3 1300
23 4 872
23 5 1850
23 6 816
23 7 1733
23 8 1225
23 9 1898
23 10 855
23 11 1531
23 12 1994
23 13 529
23 14 1128
23 15 1350
23 16 894
23 17 1670
23 18 1668
23 19 1362
23 20 1063
23 21 1149
23 22 1799
23 23 0
23 24 1093
23 25 1108
23 26 1097
23 27 1664
23 28 1552
23 29 1464
23 30 725
23 31 1802
23 32 571
23 33 948
23 34 1754
23 35 523
23 36 900
23 37 1706
23 38 475
23 39 852
23 40 1658
23 41 427
23 42 804
23 43 1706
23 44 475
23 45 852
23 46 1754
23 47 523
23 48 900
23 49 1802
23 50 571
23 51 948
23 52 1850
23 53 619
23 54 996
23 55 1898
23 56 667
23 57 1044
23 58 1946
23 59 715
23 60 1092
23 61 1994
23 62 763
23 63 1140
23 64 2042
23 65 811
23 66 1188
23 67 2090
23 68 859
23 69 1236
23 70 2138
23 71 907
23 72 1284
23 73 2186
23 74 955
23 75 1332
23 76 2234
23 77 1003
23 78 1380
23 79 2282
23 80 1051
23 81 1428
23 82 2330
23 83 1099
23 84 1476
23 85 1922
24 0 1969
24 1 208
24 2 2132
24 3 1539
24 4 919
24 5 2089
24 6 863
24 7 1738
24 8 1464
24 9 2137
24 10 902
24 11 1770
24 12 2233
24 13 768
24 14 889
24 15 1589
24 16 1133
24 17 1909
24 18 1621
24 19 1409
24 20 1302
24 21 1102
24 22 1960
24 23 1093
24 24 0
24 25 1347
24 26 1336
24 27 1903
24 28 1791
24 29 1703
24 30 964
24 31 1849
24 32 618
24 33 709
24 34 1801
24 35 570
24 36 661
24 37 1849
24 38 618
24 39 709
24 40 1897
24 41 666
24 42 757
24 43 1945
24 44 714
24 45 805
24 46 1993
24 47 762
24 48 853
24 49 2041
24 50 810
24 51 901
24 52 2089
24 53 858
24 54 949
24 55 2137
24 56 906
24 57 997
24 58 2185
24 59 954
24 60 1045
24 61 2233
24 62 1002
24 63 1093
24 64 2281
24 65 1050
24 66 1141
24 67 2329
24 68 1098
24 69 1189
24 70 2377
24 71 1146
24 72 1237
24 73 2425
24 74 1194
24 75 1285
24 76 2473
24 77 1242
24 78 1333
24 79 2521
24 80 1290
24 81 1381
24 82 2569
24 83 1338
24 84 1429
24 85 1969
25 0 1582
25 1 1139
25 2 1275
25 3 786
25 4 1126
25 5 1336
25 6 1070
25 7 1219
25 8 117
25 9 1384
25 10 1109
25 11 1445
25 12 1480
25 13 783
25 14 1876
25 15 1028
25 16 860
25 17 1306
25 18 1336
25 19 1616
25 20 1029
25 21 1567
25 22 1285
25 23 1108
25 24 1347
25 25 0
25 26 1255
25 27 1150
25 28 1038
25 29 950
25 30 691
25 31 1462
25 32 825
25 33 2056
25 34 1414
25 35 777
25 36 2008
25 37 1366
25 38 729
25 39 1960
25 40 1318
25 41 681
25 42 1912
25 43 1270
25 44 633
25 45 1864
25 46 1222
25 47 585
25 48 1816
25 49 1174
25 50 537
25 51 1768
25 52 1126
25 53 489
25 54 1720
25 55 1078
25 56 441
25 57 1672
25 58 1030
25 59 393
25 60 1624
25 61 982
25 62 345
25 63 1576
25 64 934
25 65 297
25 66 1528
25 67 982
25 68 345
25 69 1576
25 70 1030
25 71 393
25 72 1624
25 73 1078
25 74 441
25 75 1672
25 76 1126
25 77 489
25 78 1720
25 79 1174
25 80 537
25 81 1768
25 82 1222
25 83 585
25 84 1816
25 85 1582
26 0 2165
26 1 1128
26 2 2040
26 3 1447
26 4 1115
26 5 1997
26 6 1059
26 7 1542
26 8 1372
26 9 2045
26 10 1098
26 11 1678
26 12 2141
26 13 772
26 14 981
26 15 1445
26 16 1041
26 17 1817
26 18 1425
26 19 1605
26 20 1210
26 21 312
26 22 1764
26 23 1097
26 24 1336
26 25 1255
26 26 0
26 27 1707
26 28 1699
26 29 1611
26 30 872
26 31 2045
26 32 814
26 33 801
26 34 1997
26 35 766
26 36 753
26 37 1949
26 38 718
26 39 705
26 40 1901
26 41 670
26 42 657
26 43 1853
26 44 622
26 45 609
26 46 1901
26 47 670
26 48 657
26 49 1949
26 50 718
26 51 705
26 52 1997
26 53 766
26 54 753
26 55 2045
26 56 814
26 57 801
26 58 2093
26 59 862
26 60 849
26 61 2141
26 62 910
26 63 897
26 64 2189
26 65 958
26 66 945
26 67 2237
26 68 1006
26 69 993
26 70 2285
26 71 1054
26 72 1041
26 73 2333
26 74 1102
26 75 1089
26 76 2381
26 77 1150
26 78 1137
26 79 2429
26 80 1198
26 81 1185
26 82 2477
26 83 1246
26 84 1233
26 85 2165
27 0 2732
27 1 1695
27 2 1743
27 3 364
27 4 1682
27 5 1604
27 6 1626
27 7 1071
27 8 1267
27 9 1556
27 10 1665
27 11 2053
27 12 1652
27 13 1339
27 14 1470
27 15 1454
27 16 1416
27 17 2096
27 18 954
27 19 2172
27 20 1585
27 21 1395
27 22 1197
27 23 1664
27 24 1903
27 25 1150
27 26 1707
27 27 0
27 28 1210
27 29 1314
27 30 1247
27 31 2612
27 32 1381
27 33 1290
27 34 2564
27 35 1333
27 36 1242
27 37 2516
27 38 1285
27 39 1194
27 40 2468
27 41 1237
27 42 1146
27 43 2420
27 44 1189
27 45 1098
27 46 2372
27 47 1141
27 48 1050
27 49 2324
27 50 1093
27 51 1002
27 52 2276
27 53 1045
27 54 954
27 55 2228
27 56 997
27 57 906
27 58 2180
27 59 949
27 60 858
27 61 2132
27 62 901
27 63 810
27 64 2084
27 65 853
27 66 762
27 67 2036
27 68 805
27 69 714
27 70 1988
27 71 757
27 72 666
27 73 1940
27 74 709
27 75 618
27 76 1892
27 77 661
27 78 570
27 79 1940
27 80 709
27 81 618
27 82 1988
27 83 757
27 84 666
27 85 2732
28 0 2620
28 1 1583
28 2 1631
28 3 846
28 4 1570
28 5 1492
28 6 1514
28 7 1375
28 8 1155
28 9 1444
28 10 1553
28 11 1941
28 12 1348
28 13 1227
28 14 1774
28 15 1472
28 16 1304
28 17 1984
28 18 1258
28 19 2060
28 20 1473
28 21 1699
28 22 247
28 23 1552
28 24 1791
28 25 1038
28 26 1699
28 27 1210
28 28 0
28 29 1202
28 30 1135
28 31 2500
28 32 1269
28 33 1594
28 34 2452
28 35 1221
28 36 1546
28 37 2404
28 38 1173
28 39 1498
28 40 2356
28 41 1125
28 42 1450
28 43 2308
28 44 1077
28 45 1402
28 46 2260
28 47 1029
28 48 1354
28 49 2212
28 50 981
28 51 1306
28 52 2164
28 53 933
28 54 1258
28 55 2116
28 56 885
28 57 1210
28 58 2068
28 59 837
28 60 1162
28 61 2020
28 62 789
28 63 1114
28 64 1972
28 65 741
28 66 1066
28 67 1924
28 68 693
28 69 1018
28 70 1876
28 71 645
28 72 970
28 73 1828
28 74 597
28 75 922
28 76 1780
28 77 549
28 78 874
28 79 1732
28 80 501
28 81 826
28 82 1684
28 83 453
28 84 778
28 85 2620
29 0 1418
29 1 1495
29 2 429
29 3 950
29 4 1482
29 5 1058
29 6 1426
29 7 1383
29 8 1067
29 9 1106
29 10 1465
29 11 1281
29 12 1202
29 13 1139
29 14 2232
29 15 1384
29 16 1216
29 17 1142
29 18 1500
29 19 1738
29 20 1385
29 21 1923
29 22 1449
29 23 1464
29 24 1703
29 25 950
29 26 1611
29 27 1314
29 28 1202
29 29 0
29 30 1047
29 31 1298
29 32 1181
29 33 2412
29 34 1250
29 35 1133
29 36 2364
29 37 1202
29 38 1085
29 39 2316
29 40 1154
29 41 1037
29 42 2268
29 43 1106
29 44 989
29 45 2220
29 46 1058
29 47 941
29 48 2172
29 49 1010
29 50 893
29 51 2124
29 52 962
29 53 845
29 54 2076
29 55 914
29 56 797
29 57 2028
29 58 866
29 59 749
29 60 1980
29 61 818
29 62 701
29 63 1932
29 64 770
29 65 653
29 66 1884
29 67 722
29 68 605
29 69 1836
29 70 674
29 71 557
29 72 1788
29 73 722
29 74 605
29 75 1836
29 76 770
29 77 653
29 78 1884
29 79 818
29 80 701
29 81 1932
29 82 866
29 83 749
29 84 1980
29 85 1418
30 0 1485
30 1 756
30 2 1476
30 3 883
30 4 743
30 5 1433
30 6 687
30 7 1316
30 8 808
30 9 1481
30 10 726
30 11 806
30 12 1577
30 13 400
30 14 1493
30 15 933
30 16 169
30 17 1253
30 18 1433
30 19 1233
30 20 338
30 21 1184
30 22 1382
30 23 725
30 24 964
30 25 691
30 26 872
30 27 1247
30 28 1135
30 29 1047
30 30 0
30 31 1365
30 32 442
30 33 1673
30 34 1317
30 35 394
30 36 1625
30 37 1269
30 38 346
30 39 1577
30 40 1221
30 41 298
30 42 1529
30 43 1173
30 44 250
30 45 1481
30 46 1125
30 47 202
30 48 1433
30 49 1077
30 50 154
30 51 1385
30 52 1125
30 53 202
30 54 1433
30 55 1173
30 56 250
30 57 1481
30 58 1221
30 59 298
30 60 1529
30 61 1269
30 62 346
30 63 1577
30 64 1317
30 65 394
30 66 1625
30 67 1365
30 68 442
30 69 1673
30 70 1413
30 71 490
30 72 1721
30 73 1461
30 74 538
30 75 1769
30 76 1509
30 77 586
30 78 1817
30 79 1557
30 80 634
30 81 1865
30 82 1605
30 83 682
30 84 1913
30 85 1485
31 0 120
31 1 1641
31 2 869
31 3 2248
31 4 930
31 5 1008
31 6 986
31 7 2681
31 8 1345
31 9 1056
31 10 1515
31 11 559
31 12 1152
31 13 1273
31 14 2282
31 15 2298
31 16 1196
31 17 516
31 18 2798
31 19 440
31 20 1027
31 21 2357
31 22 2747
31 23 1802
31 24 1849
31 25 1462
31 26 2045
31 27 2612
31 28 2500
31 29 1298
31 30 1365
31 31 0
31 32 1231
31 33 2462
31 34 48
31 35 1279
31 36 2510
31 37 96
31 38 1327
31 39 2558
31 40 144
31 41 1375
31 42 2606
31 43 192
31 44 1423
31 45 2654
31 46 240
31 47 1471
31 48 2702
31 49 288
31 50 1519
31 51 2750
31 52 336
31 53 1567
31 54 2798
31 55 384
31 56 1615
31 57 2846
31 58 432
31 59 1663
31 60 2894
31 61 480
31 62 1711
31 63 2942
31 64 528
31 65 1759
31 66 2990
31 67 576
31 68 1807
31 69 3038
31 70 624
31 71 1855
31 72 3086
31 73 672
31 74 1903
31 75 3134
31 76 720
31 77 1951
31 78 3182
31 79 768
31 80 1999
31 81 3230
31 82 816
31 83 2047
31 84 3278
31 85 120
32 0 1351
32 1 410
32 2 1610
32 3 1017
32 4 397
32 5 1567
32 6 245
32 7 1450
32 8 942
32 9 1615
32 10 284
32 11 1248
32 12 1711
32 13 246
32 14 1051
32 15 1067
32 16 611
32 17 1387
32 18 1567
32 19 791
32 20 780
32 21 1126
32 22 1516
32 23 571
32 24 618
32 25 825
32 26 814
32 27 1381
32 28 1269
32 29 1181
32 30 442
32 31 1231
32 32 0
32 33 1231
32 34 1279
32 35 48
32 36 1279
32 37 1327
32 38 96
32 39 1327
32 40 1375
32 41 144
32 42 1375
32 43 1423
32 44 192
32 45 1423
32 46 1471
32 47 240
32 48 1471
32 49 1519
32 50 288
32 51 1519
32 52 1567
32 53 336
32 54 1567
32 55 1615
32 56 384
32 57 1615
32 58 1663
32 59 432
32 60 1663
32 61 1711
32 62 480
32 63 1711
32 64 1759
32 65 528
32 66 1759
32 67 1807
32 68 576
32 69 1807
32 70 1855
32 71 624
32 72 1855
32 73 1903
32 74 672
32 75 1903
32 76 1951
32 77 720
32 78 1951
32 79 1999
32 80 768
32 81 1999
32 82 2047
32 83 816
32 84 2047
32 85 1351
33 0 2582
33 1 917
33 2 2841
33 3 1654
33 4 1628
33 5 2798
33 6 1476
33 7 1125
33 8 2173
33 9 2846
33 10 947
33 11 2479
33 12 2942
33 13 1477
33 14 180
33 15 1028
33 16 1842
33 17 2618
33 18 1008
33 19 2022
33 20 2011
33 21 489
33 22 1347
33 23 948
33 24 709
33 25 2056
33 26 801
33 27 1290
33 28 1594
33 29 2412
33 30 1673
33 31 2462
33 32 1231
33 33 0
33 34 2510
33 35 1279
33 36 48
33 37 2558
33 38 1327
33 39 96
33 40 2606
33 41 1375
33 42 144
33 43 2654
33 44 1423
33 45 192
33 46 2702
33 47 1471
33 48 240
33 49 2750
33 50 1519
33 51 288
33 52 2798
33 53 1567
33 54 336
33 55 2846
33 56 1615
33 57 384
33 58 2894
33 59 1663
33 60 432
33 61 2942
33 62 1711
33 63 480
33 64 2990
33 65 1759
33 66 528
33 67 3038
33 68 1807
33 69 576
33 70 3086
33 71 1855
33 72 624
33 73 3134
33 74 1903
33 75 672
33 76 3182
33 77 1951
33 78 720
33 79 3230
33 80 1999
33 81 768
33 82 3278
33 83 2047
33 84 816
33 85 2582
34 0 168
34 1 1593
34 2 821
34 3 2200
34 4 882
34 5 960
34 6 1034
34 7 2633
34 8 1297
34 9 1008
34 10 1563
34 11 511
34 12 1104
34 13 1225
34 14 2330
34 15 2250
34 16 1148
34 17 468
34 18 2750
34 19 488
34 20 979
34 21 2309
34 22 2699
34 23 1754
34 24 1801
34 25 1414
34 26 1997
34 27 2564
34 28 2452
34 29 1250
34 30 1317
34 31 48
34 32 1279
34 33 2510
34 34 0
34 35 1231
34 36 2462
34 37 48
34 38 1279
34 39 2510
34 40 96
34 41 1327
34 42 2558
34 43 144
34 44 1375
34 45 2606
34 46 192
34 47 1423
34 48 2654
34 49 240
34 50 1471
34 51 2702
34 52 288
34 53 1519
34 54 2750
34 55 336
34 56 1567
34 57 2798
34 58 384
34 59 1615
34 60 2846
34 61 432
34 62 1663
34 63 2894
34 64 480
34 65 1711
34 66 2942
34 67 528
34 68 1759
34 69 2990
34 70 576
34 71 1807
34 72 3038
34 73 624
34 74 1855
34 75 3086
34 76 672
34 77 1903
34 78 3134
34 79 720
34 80 1951
34 81 3182
34 82 768
34 83 1999
34 84 3230
34 85 168
35 0 1399
35 1 362
35 2 1562
35 3 969
35 4 349
35 5 1519
35 6 293
35 7 1402
35 8 894
35 9 1567
35 10 332
35 11 1200
35 12 1663
35 13 198
35 14 1099
35 15 1019
35 16 563
35 17 1339
35 18 1519
35 19 839
35 20 732
35 21 1078
35 22 1468
35 23 523
35 24 570
35 25 777
35 26 766
35 27 1333
35 28 1221
35 29 1133
35 30 394
35 31 1279
35 32 48
35 33 1279
35 34 1231
35 35 0
35 36 1231
35 37 1279
35 38 48
35 39 1279
35 40 1327
35 41 96
35 42 1327
35 43 1375
35 44 144
35 45 1375
35 46 1423
35 47 192
35 48 1423
35 49 1471
35 50 240
35 51 1471
35 52 1519
35 53 288
35 54 1519
35 55 1567
35 56 336
35 57 1567
35 58 1615
35 59 384
35 60 1615
35 61 1663
35 62 432
35 63 1663
35 64 1711
35 65 480
35 66 1711
35 67 1759
35 68 528
35 69 1759
35 70 1807
35 71 576
35 72 1807
35 73 1855
35 74 624
35 75 1855
35 76 1903
35 77 672
35 78 1903
35 79 1951
35 80 720
35 81 1951
35 82 1999
35 83 768
35 84 1999
35 85 1399
36 0 2630
36 1 869
36 2 2793
36 3 1606
36 4 1580
36 5 2750
36 6 1524
36 7 1077
36 8 2125
36 9 2798
36 10 995
36 11 2431
36 12 2894
36 13 1429
36 14 228
36 15 980
36 16 1794
36 17 2570
36 18 960
36 19 2070
36 20 1963
36 21 441
36 22 1299
36 23 900
36 24 661
36 25 2008
36 26 753
36 27 1242
36 28 1546
36 29 2364
36 30 1625
36 31 2510
36 32 1279
36 33 48
36 34 2462
36 35 1231
36 36 0
36 37 2510
36 38 1279
36 39 48
36 40 2558
36 41 1327
36 42 96
36 43 2606
36 44 1375
36 45 144
36 46 2654
36 47 1423
36 48 192
36 49 2702
36 50 1471
36 51 240
36 52 2750
36 53 1519
36 54 288
36 55 2798
36 56 1567
36 57 336
36 58 2846
36 59 1615
36 60 384
36 61 2894
36 62 1663
36 63 432
36 64 2942
36 65 1711
36 66 480
36 67 2990
36 68 1759
36 69 528
36 70 3038
36 71 1807
36 72 576
36 73 3086
36 74 1855
36 75 624
36 76 3134
36 77 1903
36 78 672
36 79 3182
36 80 1951
36 81 720
36 82 3230
36 83 1999
36 84 768
36 85 2630
37 0 216
37 1 1641
37 2 773
37 3 2152
37 4 930
37 5 912
37 6 1082
37 7 2585
37 8 1249
37 9 960
37 10 1611
37 11 463
37 12 1056
37 13 1177
37 14 2378
37 15 2202
37 16 1100
37 17 420
37 18 2702
37 19 536
37 20 931
37 21 2261
37 22 2651
37 23 1706
37 24 1849
37 25 1366
37 26 1949
37 27 2516
37 28 2404
37 29 1202
37 30 1269
37 31 96
37 32 1327
37 33 2558
37 34 48
37 35 1279
37 36 2510
37 37 0
37 38 1231
37 39 2462
37 40 48
37 41 1279
37 42 2510
37 43 96
37 44 1327
37 45 2558
37 46 144
37 47 1375
37 48 2606
37 49 192
37 50 1423
37 51 2654
37 52 240
37 53 1471
37 54 2702
37 55 288
37 56 1519
37 57 2750
37 58 336
37 59 1567
37 60 2798
37 61 384
37 62 1615
37 63 2846
37 64 432
37 65 1663
37 66 2894
37 67 480
37 68 1711
37 69 2942
37 70 528
37 71 1759
37 72 2990
37 73 576
37 74 1807
37 75 3038
37 76 624
37 77 1855
37 78 3086
37 79 672
37 80 1903
37 81 3134
37 82 720
37 83 1951
37 84 3182
37 85 216
38 0 1447
38 1 410
38 2 1514
38 3 921
38 4 397
38 5 1471
38 6 341
38 7 1354
38 8 846
38 9 1519
38 10 380
38 11 1152
38 12 1615
38 13 150
38 14 1147
38 15 971
38 16 515
38 17 1291
38 18 1471
38 19 887
38 20 684
38 21 1030
38 22 1420
38 23 475
38 24 618
38 25 729
38 26 718
38 27 1285
38 28 1173
38 29 1085
38 30 346
38 31 1327
38 32 96
38 33 1327
38 34 1279
38 35 48
38 36 1279
38 37 1231
38 38 0
38 39 1231
38 40 1279
38 41 48
38 42 1279
38 43 1327
38 44 96
38 45 1327
38 46 1375
38 47 144
38 48 1375
38 49 1423
38 50 192
38 51 1423
38 52 1471
38 53 240
38 54 1471
38 55 1519
38 56 288
38 57 1519
38 58 1567
38 59 336
38 60 1567
38 61 1615
38 62 384
38 63 1615
38 64 1663
38 65 432
38 66 1663
38 67 1711
38 68 480
38 69 1711
38 70 1759
38 71 528
38 72 1759
38 73 1807
38 74 576
38 75 1807
38 76 1855
38 77 624
38 78 1855
38 79 1903
38 80 672
38 81 1903
38 82 1951
38 83 720
38 84 1951
38 85 1447
39 0 2678
39 1 917
39 2 2745
39 3 1558
39 4 1628
39 5 2702
39 6 1572
39 7 1029
39 8 2077
39 9 2750
39 10 1043
39 11 2383
39 12 2846
39 13 1381
39 14 276
39 15 932
39 16 1746
39 17 2522
39 18 912
39 19 2118
39 20 1915
39 21 393
39 22 1251
39 23 852
39 24 709
39 25 1960
39 26 705
39 27 1194
39 28 1498
39 29 2316
39 30 1577
39 31 2558
39 32 1327
39 33 96
39 34 2510
39 35 1279
39 36 48
39 37 2462
39 38 1231
39 39 0
39 40 2510
39 41 1279
39 42 48
39 43 2558
39 44 1327
39 45 96
39 46 2606
39 47 1375
39 48 144
39 49 2654
39 50 1423
39 51 192
39 52 2702
39 53 1471
39 54 240
39 55 2750
39 56 1519
39 57 288
39 58 2798
39 59 1567
39 60 336
39 61 2846
39 62 1615
39 63 384
39 64 2894
39 65 1663
39 66 432
39 67 2942
39 68 1711
39 69 480
39 70 2990
39 71 1759
39 72 528
39 73 3038
39 74 1807
39 75 576
39 76 3086
39 77 1855
39 78 624
39 79 3134
39 80 1903
39 81 672
39 82 3182
39 83 1951
39 84 720
39 85 2678
40 0 264
40 1 1689
40 2 725
40 3 2104
40 4 978
40 5 864
40 6 1130
40 7 2537
40 8 1201
40 9 912
40 10 1659
40 11 415
40 12 1008
40 13 1129
40 14 2426
40 15 2154
40 16 1052
40 17 372
40 18 2654
40 19 584
40 20 883
40 21 2213
40 22 2603
40 23 1658
40 24 1897
40 25 1318
40 26 1901
40 27 2468
40 28 2356
40 29 1154
40 30 1221
40 31 144
40 32 1375
40 33 2606
40 34 96
40 35 1327
40 36 2558
40 37 48
40 38 1279
40 39 2510
40 40 0
40 41 1231
40 42 2462
40 43 48
40 44 1279
40 45 2510
40 46 96
40 47 1327
40 48 2558
40 49 144
40 50 1375
40 51 2606
40 52 192
40 53 1423
40 54 2654
40 55 240
40 56 1471
40 57 2702
40 58 288
40 59 1519
40 60 2750
40 61 336
40 62 1567
40 63 2798
40 64 384
40 65 1615
40 66 2846
40 67 432
40 68 1663
40 69 2894
40 70 480
40 71 1711
40 72 2942
40 73 528
40 74 1759
40 75 2990
40 76 576
40 77 1807
40 78 3038
40 79 624
40 80 1855
40 81 3086
40 82 672
40 83 1903
40 84 3134
40 85 264
41 0 1495
41 1 458
41 2 1466
41 3 873
41 4 445
41 5 1423
41 6 389
41 7 1306
41 8 798
41 9 1471
41 10 428
41 11 1104
41 12 1567
41 13 102
41 14 1195
41 15 923
41 16 467
41 17 1243
41 18 1423
41 19 935
41 20 636
41 21 982
41 22 1372
41 23 427
41 24 666
41 25 681
41 26 670
41 27 1237
41 28 1125
41 29 1037
41 30 298
41 31 1375
41 32 144
41 33 1375
41 34 1327
41 35 96
41 36 1327
41 37 1279
41 38 48
41 39 1279
41 40 1231
41 41 0
41 42 1231
41 43 1279
41 44 48
41 45 1279
41 46 1327
41 47 96
41 48 1327
41 49 1375
41 50 144
41 51 1375
41 52 1423
41 53 192
41 54 1423
41 55 1471
41 56 240
41 57 1471
41 58 1519
41 59 288
41 60 1519
41 61 1567
41 62 336
41 63 1567
41 64 1615
41 65 384
41 66 1615
41 67 1663
41 68 432
41 69 1663
41 70 1711
41 71 480
41 72 1711
41 73 1759
41 74 528
41 75 1759
41 76 1807
41 77 576
41 78 1807
41 79 1855
41 80 624
41 81 1855
41 82 1903
41 83 672
41 84 1903
41 85 1495
42 0 2726
42 1 965
42 2 2697
42 3 1510
42 4 1676
42 5 2654
42 6 1620
42 7 981
42 8 2029
42 9 2702
42 10 1091
42 11 2335
42 12 2798
42 13 1333
42 14 324
42 15 884
42 16 1698
42 17 2474
42 18 864
42 19 2166
42 20 1867
42 21 345
42 22 1203
42 23 804
42 24 757
42 25 1912
42 26 657
42 27 1146
42 28 1450
42 29 2268
42 30 1529
42 31 2606
42 32 1375
42 33 144
42 34 2558
42 35 1327
42 36 96
42 37 2510
42 38 1279
42 39 48
42 40 2462
42 41 1231
42 42 0
42 43 2510
42 44 1279
42 45 48
42 46 2558
42 47 1327
42 48 96
42 49 2606
42 50 1375
42 51 144
42 52 2654
42 53 1423
42 54 192
42 55 2702
42 56 1471
42 57 240
42 58 2750
42 59 1519
42 60 288
42 61 2798
42 62 1567
42 63 336
42 64 2846
42 65 1615
42 66 384
42 67 2894
42 68 1663
42 69 432
42 70 2942
42 71 1711
42 72 480
42 73 2990
42 74 1759
42 75 528
42 76 3038
42 77 1807
42 78 576
42 79 3086
42 80 1855
42 81 624
42 82 3134
42 83 1903
42 84 672
42 85 2726
43 0 312
43 1 1737
43 2 677
43 3 2056
43 4 1026
43 5 816
43 6 1178
43 7 2489
43 8 1153
43 9 864
43 10 1707
43 11 367
43 12 960
43 13 1177
43 14 2474
43 15 2106
43 16 1004
43 17 324
43 18 2606
43 19 632
43 20 835
43 21 2165
43 22 2555
43 23 1706
43 24 1945
43 25 1270
43 26 1853
43 27 2420
43 28 2308
43 29 1106
43 30 1173
43 31 192
43 32 1423
43 33 2654
43 34 144
43 35 1375
43 36 2606
43 37 96
43 38 1327
43 39 2558
43 40 48
43 41 1279
43 42 2510
43 43 0
43 44 1231
43 45 2462
43 46 48
43 47 1279
43 48 2510
43 49 96
43 50 1327
43 51 2558
43 52 144
43 53 1375
43 54 2606
43 55 192
43 56 1423
43 57 2654
43 58 240
43 59 1471
43 60 2702
43 61 288
43 62 1519
43 63 2750
43 64 336
43 65 1567
43 66 2798
43 67 384
43 68 1615
43 69 2846
43 70 432
43 71 1663
43 72 2894
43 73 480
43 74 1711
43 75 2942
43 76 528
43 77 1759
43 78 2990
43 79 576
43 80 1807
43 81 3038
43 82 624
43 83 1855
43 84 3086
43 85 312
44 0 1543
44 1 506
44 2 1418
44 3 825
44 4 493
44 5 1375
44 6 437
44 7 1258
44 8 750
44 9 1423
44 10 476
44 11 1056
44 12 1519
44 13 150
44 14 1243
44 15 875
44 16 419
44 17 1195
44 18 1375
44 19 983
44 20 588
44 21 934
44 22 1324
44 23 475
44 24 714
44 25 633
44 26 622
44 27 1189
44 28 1077
44 29 989
44 30 250
44 31 1423
44 32 192
44 33 1423
44 34 1375
44 35 144
44 36 1375
44 37 1327
44 38 96
44 39 1327
44 40 1279
44 41 48
44 42 1279
44 43 1231
44 44 0
44 45 1231
44 46 1279
44 47 48
44 48 1279
44 49 1327
44 50 96
44 51 1327
44 52 1375
44 53 144
44 54 1375
44 55 1423
44 56 192
44 57 1423
44 58 1471
44 59 240
44 60 1471
44 61 1519
44 62 288
44 63 1519
44 64 1567
44 65 336
44 66 1567
44 67 1615
44 68 384
44 69 1615
44 70 1663
44 71 432
44 72 1663
44 73 1711
44 74 480
44 75 1711
44 76 1759
44 77 528
44 78 1759
44 79 1807
44 80 576
44 81 1807
44 82 1855
44 83 624
44 84 1855
44 85 1543
45 0 2774
45 1 1013
45 2 2649
45 3 1462
45 4 1724
45 5 2606
45 6 1668
45 7 933
45 8 1981
45 9 2654
45 10 1139
45 11 2287
45 12 2750
45 13 1381
45 14 372
45 15 836
45 16 1650
45 17 2426
45 18 816
45 19 2214
45 20 1819
45 21 297
45 22 1155
45 23 852
45 24 805
45 25 1864
45 26 609
45 27 1098
45 28 1402
45 29 2220
45 30 1481
45 31 2654
45 32 1423
45 33 192
45 34 2606
45 35 1375
45 36 144
45 37 2558
45 38 1327
45 39 96
45 40 2510
45 41 1279
45 42 48
45 43 2462
45 44 1231
45 45 0
45 46 2510
45 47 1279
45 48 48
45 49 2558
45 50 1327
45 51 96
45 52 2606
45 53 1375
45 54 144
45 55 2654
45 56 1423
45 57 192
45 58 2702
45 59 1471
45 60 240
45 61 2750
45 62 1519
45 63 288
45 64 2798
45 65 1567
45 66 336
45 67 2846
45 68 1615
45 69 384
45 70 2894
45 71 1663
45 72 432
45 73 2942
45 74 1711
45 75 480
45 76 2990
45 77 1759
45 78 528
45 79 3038
45 80 1807
45 81 576
45 82 3086
45 83 1855
45 84 624
45 85 2774
46 0 360
46 1 1785
46 2 629
46 3 2008
46 4 1074
46 5 768
46 6 1226
46 7 2441
46 8 1105
46 9 816
46 10 1755
46 11 319
46 12 912
46 13 1225
46 14 2522
46 15 2058
46 16 956
46 17 276
46 18 2558
46 19 680
46 20 787
46 21 2213
46 22 2507
46 23 1754
46 24 1993
46 25 1222
46 26 1901
46 27 2372
46 28 2260
46 29 1058
46 30 1125
46 31 240
46 32 1471
46 33 2702
46 34 192
46 35 1423
46 36 2654
46 37 144
46 38 1375
46 39 2606
46 40 96
46 41 1327
46 42 2558
46 43 48
46 44 1279
46 45 2510
46 46 0
46 47 1231
46 48 2462
46 49 48
46 50 1279
46 51 2510
46 52 96
46 53 1327
46 54 2558
46 55 144
46 56 1375
46 57 2606
46 58 192
46 59 1423
46 60 2654
46 61 240
46 62 1471
46 63 2702
46 64 288
46 65 1519
46 66 2750
46 67 336
46 68 1567
46 69 2798
46 70 384
46 71 1615
46 72 2846
46 73 432
46 74 1663
46 75 2894
46 76 480
46 77 1711
46 78 2942
46 79 528
46 80 1759
46 81 2990
46 82 576
46 83 1807
46 84 3038
46 85 360
47 0 1591
47 1 554
47 2 1370
47 3 777
47 4 541
47 5 1327
47 6 485
47 7 1210
47 8 702
47 9 1375
47 10 524
47 11 1008
47 12 1471
47 13 198
47 14 1291
47 15 827
47 16 371
47 17 1147
47 18 1327
47 19 1031
47 20 540
47 21 982
47 22 1276
47 23 523
47 24 762
47 25 585
47 26 670
47 27 1141
47 28 1029
47 29 941
47 30 202
47 31 1471
47 32 240
47 33 1471
47 34 1423
47 35 192
47 36 1423
47 37 1375
47 38 144
47 39 1375
47 40 1327
47 41 96
47 42 1327
47 43 1279
47 44 48
47 45 1279
47 46 1231
47 47 0
47 48 1231
47 49 1279
47 50 48
47 51 1279
47 52 1327
47 53 96
47 54 1327
47 55 1375
47 56 144
47 57 1375
47 58 1423
47 59 192
47 60 1423
47 61 1471
47 62 240
47 63 1471
47 64 1519
47 65 288
47 66 1519
47 67 1567
47 68 336
47 69 1567
47 70 1615
47 71 384
47 72 1615
47 73 1663
47 74 432
47 75 1663
47 76 1711
47 77 480
47 78 1711
47 79 1759
47 80 528
47 81 1759
47 82 1807
47 83 576
47 84 1807
47 85 1591
48 0 2822
48 1 1061
48 2 2601
48 3 1414
48 4 1772
48 5 2558
48 6 1716
48 7 885
48 8 1933
48 9 2606
48 10 1187
48 11 2239
48 12 2702
48 13 1429
48 14 420
48 15 788
48 16 1602
48 17 2378
48 18 768
48 19 2262
48 20 1771
48 21 345
48 22 1107
48 23 900
48 24 853
48 25 1816
48 26 657
48 27 1050
48 28 1354
48 29 2172
48 30 1433
48 31 2702
48 32 1471
48 33 240
48 34 2654
48 35 1423
48 36 192
48 37 2606
48 38 1375
48 39 144
48 40 2558
48 41 1327
48 42 96
48 43 2510
48 44 1279
48 45 48
48 46 2462
48 47 1231
48 48 0
48 49 2510
48 50 1279
48 51 48
48 52 2558
48 53 1327
48 54 96
48 55 2606
48 56 1375
48 57 144
48 58 2654
48 59 1423
48 60 192
48 61 2702
48 62 1471
48 63 240
48 64 2750
48 65 1519
48 66 288
48 67 2798
48 68 1567
48 69 336
48 70 2846
48 71 1615
48 72 384
48 73 2894
48 74 1663
48 75 432
48 76 2942
48 77 1711
48 78 480
48 79 2990
48 80 1759
48 81 528
48 82 3038
48 83 1807
48 84 576
48 85 2822
49 0 408
49 1 1833
49 2 581
49 3 1960
49 4 1122
49 5 720
49 6 1274
49 7 2393
49 8 1057
49 9 768
49 10 1803
49 11 271
49 12 864
49 13 1273
49 14 2570
49 15 2010
49 16 908
49 17 228
49 18 2510
49 19 728
49 20 739
49 21 2261
49 22 2459
49 23 1802
49 24 2041
49 25 1174
49 26 1949
49 27 2324
49 28 2212
49 29 1010
49 30 1077
49 31 288
49 32 1519
49 33 2750
49 34 240
49 35 1471
49 36 2702
49 37 192
49 38 1423
49 39 2654
49 40 144
49 41 1375
49 42 2606
49 43 96
49 44 1327
49 45 2558
49 46 48
49 47 1279
49 48 2510
49 49 0
49 50 1231
49 51 2462
49 52 48
49 53 1279
49 54 2510
49 55 96
49 56 1327
49 57 2558
49 58 144
49 59 1375
49 60 2606
49 61 192
49 62 1423
49 63 2654
49 64 240
49 65 1471
49 66 2702
49 67 288
49 68 1519
49 69 2750
49 70 336
49 71 1567
49 72 2798
49 73 384
49 74 1615
49 75 2846
49 76 432
49 77 1663
49 78 2894
49 79 480
49 80 1711
49 81 2942
49 82 528
49 83 1759
49 84 2990
49 85 408
50 0 1639
50 1 602
50 2 1322
50 3 729
50 4 589
50 5 1279
50 6 533
50 7 1162
50 8 654
50 9 1327
50 10 572
50 11 960
50 12 1423
50 13 246
50 14 1339
50 15 779
50 16 323
50 17 1099
50 18 1279
50 19 1079
50 20 492
50 21 1030
50 22 1228
50 23 571
50 24 810
50 25 537
50 26 718
50 27 1093
50 28 981
50 29 893
50 30 154
50 31 1519
50 32 288
50 33 1519
50 34 1471
50 35 240
50 36 1471
50 37 1423
50 38 192
50 39 1423
50 40 1375
50 41 144
50 42 1375
50 43 1327
50 44 96
50 45 1327
50 46 1279
50 47 48
50 48 1279
50 49 1231
50 50 0
50 51 1231
50 52 1279
50 53 48
50 54 1279
50 55 1327
50 56 96
50 57 1327
50 58 1375
50 59 144
50 60 1375
50 61 1423
50 62 192
50 63 1423
50 64 1471
50 65 240
50 66 1471
50 67 1519
50 68 288
50 69 1519
50 70 1567
50 71 336
50 72 1567
50 73 1615
50 74 384
50 75 1615
50 76 1663
50 77 432
50 78 1663
50 79 1711
50 80 480
50 81 1711
50 82 1759
50 83 528
50 84 1759
50 85 1639
51 0 2870
51 1 1109
51 2 2553
51 3 1366
51 4 1820
51 5 2510
51 6 1764
51 7 837
51 8 1885
51 9 2558
51 10 1235
51 11 2191
51 12 2654
51 13 1477
51 14 468
51 15 740
51 16 1554
51 17 2330
51 18 720
51 19 2310
51 20 1723
51 21 393
51 22 1059
51 23 948
51 24 901
51 25 1768
51 26 705
51 27 1002
51 28 1306
51 29 2124
51 30 1385
51 31 2750
51 32 1519
51 33 288
51 34 2702
51 35 1471
51 36 240
51 37 2654
51 38 1423
51 39 192
51 40 2606
51 41 1375
51 42 144
51 43 2558
51 44 1327
51 45 96
51 46 2510
51 47 1279
51 48 48
51 49 2462
51 50 1231
51 51 0
51 52 2510
51 53 1279
51 54 48
51 55 2558
51 56 1327
51 57 96
51 58 2606
51 59 1375
51 60 144
51 61 2654
51 62 1423
51 63 192
51 64 2702
51 65 1471
51 66 240
51 67 2750
51 68 1519
51 69 288
51 70 2798
51 71 1567
51 72 336
51 73 2846
51 74 1615
51 75 384
51 76 2894
51 77 1663
51 78 432
51 79 2942
51 80 1711
51 81 480
51 82 2990
51 83 1759
51 84 528
51 85 2870
52 0 456
52 1 1881
52 2 533
52 3 1912
52 4 1170
52 5 672
52 6 1322
52 7 2345
52 8 1009
52 9 720
52 10 1851
52 11 319
52 12 816
52 13 1321
52 14 2618
52 15 1962
52 16 956
52 17 180
52 18 2462
52 19 776
52 20 787
52 21 2309
52 22 2411
52 23 1850
52 24 2089
52 25 1126
52 26 1997
52 27 2276
52 28 2164
52 29 962
52 30 1125
52 31 336
52 32 1567
52 33 2798
52 34 288
52 35 1519
52 36 2750
52 37 240
52 38 1471
52 39 2702
52 40 192
52 41 1423
52 42 2654
52 43 144
52 44 1375
52 45 2606
52 46 96
52 47 1327
52 48 2558
52 49 48
52 50 1279
52 51 2510
52 52 0
52 53 1231
52 54 2462
52 55 48
52 56 1279
52 57 2510
52 58 96
52 59 1327
52 60 2558
52 61 144
52 62 1375
52 63 2606
52 64 192
52 65 1423
52 66 2654
52 67 240
52 68 1471
52 69 2702
52 70 288
52 71 1519
52 72 2750
52 73 336
52 74 1567
52 75 2798
52 76 384
52 77 1615
52 78 2846
52 79 432
52 80 1663
52 81 2894
52 82 480
52 83 1711
52 84 2942
52 85 456
53 0 1687
53 1 650
53 2 1274
53 3 681
53 4 637
53 5 1231
53 6 581
53 7 1114
53 8 606
53 9 1279
53 10 620
53 11 1008
53 12 1375
53 13 294
53 14 1387
53 15 731
53 16 371
53 17 1051
53 18 1231
53 19 1127
53 20 540
53 21 1078
53 22 1180
53 23 619
53 24 858
53 25 489
53 26 766
53 27 1045
53 28 933
53 29 845
53 30 202
53 31 1567
53 32 336
53 33 1567
53 34 1519
53 35 288
53 36 1519
53 37 1471
53 38 240
53 39 1471
53 40 1423
53 41 192
53 42 1423
53 43 1375
53 44 144
53 45 1375
53 46 1327
53 47 96
53 48 1327
53 49 1279
53 50 48
53 51 1279
53 52 1231
53 53 0
53 54 1231
53 55 1279
53 56 48
53 57 1279
53 58 1327
53 59 96
53 60 1327
53 61 1375
53 62 144
53 63 1375
53 64 1423
53 65 192
53 66 1423
53 67 1471
53 68 240
53 69 1471
53 70 1519
53 71 288
53 72 1519
53 73 1567
53 74 336
53 75 1567
53 76 1615
53 77 384
53 78 1615
53 79 1663
53 80 432
53 81 1663
53 82 1711
53 83 480
53 84 1711
53 85 1687
54 0 2918
54 1 1157
54 2 2505
54 3 1318
54 4 1868
54 5 2462
54 6 1812
54 7 789
54 8 1837
54 9 2510
54 10 1283
54 11 2239
54 12 2606
54 13 1525
54 14 516
54 15 692
54 16 1602
54 17 2282
54 18 672
54 19 2358
54 20 1771
54 21 441
54 22 1011
54 23 996
54 24 949
54 25 1720
54 26 753
54 27 954
54 28 1258
54 29 2076
54 30 1433
54 31 2798
54 32 1567
54 33 336
54 34 2750
54 35 1519
54 36 288
54 37 2702
54 38 1471
54 39 240
54 40 2654
54 41 1423
54 42 192
54 43 2606
54 44 1375
54 45 144
54 46 2558
54 47 1327
54 48 96
54 49 2510
54 50 1279
54 51 48
54 52 2462
54 53 1231
54 54 0
54 55 2510
54 56 1279
54 57 48
54 58 2558
54 59 1327
54 60 96
54 61 2606
54 62 1375
54 63 144
54 64 2654
54 65 1423
54 66 192
54 67 2702
54 68 1471
54 69 240
54 70 2750
54 71 1519
54 72 288
54 73 2798
54 74 1567
54 75 336
54 76 2846
54 77 1615
54 78 384
54 79 2894
54 80 1663
54 81 432
54 82 2942
54 83 1711
54 84 480
54 85 2918
55 0 504
55 1 1929
55 2 485
55 3 1864
55 4 1218
55 5 624
55 6 1370
55 7 2297
55 8 961
55 9 672
55 10 1899
55 11 367
55 12 768
55 13 1369
55 14 2666
55 15 1914
55 16 1004
55 17 228
55 18 2414
55 19 824
55 20 835
55 21 2357
55 22 2363
55 23 1898
55 24 2137
55 25 1078
55 26 2045
55 27 2228
55 28 2116
55 29 914
55 30 1173
55 31 384
55 32 1615
55 33 2846
55 34 336
55 35 1567
55 36 2798
55 37 288
55 38 1519
55 39 2750
55 40 240
55 41 1471
55 42 2702
55 43 192
55 44 1423
55 45 2654
55 46 144
55 47 1375
55 48 2606
55 49 96
55 50 1327
55 51 2558
55 52 48
55 53 1279
55 54 2510
55 55 0
55 56 1231
55 57 2462
55 58 48
55 59 1279
55 60 2510
55 61 96
55 62 1327
55 63 2558
55 64 144
55 65 1375
55 66 2606
55 67 192
55 68 1423
55 69 2654
55 70 240
55 71 1471
55 72 2702
55 73 288
55 74 1519
55 75 2750
55 76 336
55 77 1567
55 78 2798
55 79 384
55 80 1615
55 81 2846
55 82 432
55 83 1663
55 84 2894
55 85 504
56 0 1735
56 1 698
56 2 1226
56 3 633
56 4 685
56 5 1183
56 6 629
56 7 1066
56 8 558
56 9 1231
56 10 668
56 11 1056
56 12 1327
56 13 342
56 14 1435
56 15 683
56 16 419
56 17 1099
56 18 1183
56 19 1175
56 20 588
56 21 1126
56 22 1132
56 23 667
56 24 906
56 25 441
56 26 814
56 27 997
56 28 885
56 29 797
56 30 250
56 31 1615
56 32 384
56 33 1615
56 34 1567
56 35 336
56 36 1567
56 37 1519
56 38 288
56 39 1519
56 40 1471
56 41 240
56 42 1471
56 43 1423
56 44 192
56 45 1423
56 46 1375
56 47 144
56 48 1375
56 49 1327
56 50 96
56 51 1327
56 52 1279
56 53 48
56 54 1279
56 55 1231
56 56 0
56 57 1231
56 58 1279
56 59 48
56 60 1279
56 61 1327
56 62 96
56 63 1327
56 64 1375
56 65 144
56 66 1375
56 67 1423
56 68 192
56 69 1423
56 70 1471
56 71 240
56 72 1471
56 73 1519
56 74 288
56 75 1519
56 76 1567
56 77 336
56 78 1567
56 79 1615
56 80 384
56 81 1615
56 82 1663
56 83 432
56 84 1663
56 85 1735
57 0 2966
57 1 1205
57 2 2457
57 3 1270
57 4 1916
57 5 2414
57 6 1860
57 7 741
57 8 1789
57 9 2462
57 10 1331
57 11 2287
57 12 2558
57 13 1573
57 14 564
57 15 644
57 16 1650
57 17 2330
57 18 624
57 19 2406
57 20 1819
57 21 489
57 22 963
57 23 1044
57 24 997
57 25 1672
57 26 801
57 27 906
57 28 1210
57 29 2028
57 30 1481
57 31 2846
57 32 1615
57 33 384
57 34 2798
57 35 1567
57 36 336
57 37 2750
57 38 1519
57 39 288
57 40 2702
57 41 1471
57 42 240
57 43 2654
57 44 1423
57 45 192
57 46 2606
57 47 1375
57 48 144
57 49 2558
57 50 1327
57 51 96
57 52 2510
57 53 1279
57 54 48
57 55 2462
57 56 1231
57 57 0
57 58 2510
57 59 1279
57 60 48
57 61 2558
57 62 1327
57 63 96
57 64 2606
57 65 1375
57 66 144
57 67 2654
57 68 1423
57 69 192
57 70 2702
57 71 1471
57 72 240
57 73 2750
57 74 1519
57 75 288
57 76 2798
57 77 1567
57 78 336
57 79 2846
57 80 1615
57 81 384
57 82 2894
57 83 1663
57 84 432
57 85 2966
58 0 552
58 1 1977
58 2 437
58 3 1816
58 4 1266
58 5 576
58 6 1418
58 7 2249
58 8 913
58 9 624
58 10 1947
58 11 415
58 12 720
58 13 1417
58 14 2714
58 15 1866
58 16 1052
58 17 276
58 18 2366
58 19 872
58 20 883
58 21 2405
58 22 2315
58 23 1946
58 24 2185
58 25 1030
58 26 2093
58 27 2180
58 28 2068
58 29 866
58 30 1221
58 31 432
58 32 1663
58 33 2894
58 34 384
58 35 1615
58 36 2846
58 37 336
58 38 1567
58 39 2798
58 40 288
58 41 1519
58 42 2750
58 43 240
58 44 1471
58 45 2702
58 46 192
58 47 1423
58 48 2654
58 49 144
58 50 1375
58 51 2606
58 52 96
58 53 1327
58 54 2558
58 55 48
58 56 1279
58 57 2510
58 58 0
58 59 1231
58 60 2462
58 61 48
58 62 1279
58 63 2510
58 64 96
58 65 1327
58 66 2558
58 67 144
58 68 1375
58 69 2606
58 70 192
58 71 1423
58 72 2654
58 73 240
58 74 1471
58 75 2702
58 76 288
58 77 1519
58 78 2750
58 79 336
58 80 1567
58 81 2798
58 82 384
58 83 1615
58 84 2846
58 85 552
59 0 1783
59 1 746
59 2 1178
59 3 585
59 4 733
59 5 1135
59 6 677
59 7 1018
59 8 510
59 9 1183
59 10 716
59 11 1104
59 12 1279
59 13 390
59 14 1483
59 15 635
59 16 467
59 17 1147
59 18 1135
59 19 1223
59 20 636
59 21 1174
59 22 1084
59 23 715
59 24 954
59 25 393
59 26 862
59 27 949
59 28 837
59 29 749
59 30 298
59 31 1663
59 32 432
59 33 1663
59 34 1615
59 35 384
59 36 1615
59 37 1567
59 38 336
59 39 1567
59 40 1519
59 41 288
59 42 1519
59 43 1471
59 44 240
59 45 1471
59 46 1423
59 47 192
59 48 1423
59 49 1375
59 50 144
59 51 1375
59 52 1327
59 53 96
59 54 1327
59 55 1279
59 56 48
59 57 1279
59 58 1231
59 59 0
59 60 1231
59 61 1279
59 62 48
59 63 1279
59 64 1327
59 65 96
59 66 1327
59 67 1375
59 68 144
59 69 1375
59 70 1423
59 71 192
59 72 1423
59 73 1471
59 74 240
59 75 1471
59 76 1519
59 77 288
59 78 1519
59 79 1567
59 80 336
59 81 1567
59 82 1615
59 83 384
59 84 1615
59 85 1783
60 0 3014
60 1 1253
60 2 2409
60 3 1222
60 4 1964
60 5 2366
60 6 1908
60 7 693
60 8 1741
60 9 2414
60 10 1379
60 11 2335
60 12 2510
60 13 1621
60 14 612
60 15 596
60 16 1698
60 17 2378
60 18 576
60 19 2454
60 20 1867
60 21 537
60 22 915
60 23 1092
60 24 1045
60 25 1624
60 26 849
60 27 858
60 28 1162
60 29 1980
60 30 1529
60 31 2894
60 32 1663
60 33 432
60 34 2846
60 35 1615
60 36 384
60 37 2798
60 38 1567
60 39 336
60 40 2750
60 41 1519
60 42 288
60 43 2702
60 44 1471
60 45 240
60 46 2654
60 47 1423
60 48 192
60 49 2606
60 50 1375
60 51 144
60 52 2558
60 53 1327
60 54 96
60 55 2510
60 56 1279
60 57 48
60 58 2462
60 59 1231
60 60 0
60 61 2510
60 62 1279
60 63 48
60 64 2558
60 65 1327
60 66 96
60 67 2606
60 68 1375
60 69 144
60 70 2654
60 71 1423
60 72 192
60 73 2702
60 74 1471
60 75 240
60 76 2750
60 77 1519
60 78 288
60 79 2798
60 80 1567
60 81 336
60 82 2846
60 83 1615
60 84 384
60 85 3014
61 0 600
61 1 2025
61 2 389
61 3 1768
61 4 1314
61 5 528
61 6 1466
61 7 2201
61 8 865
61 9 576
61 10 1995
61 11 463
61 12 672
61 13 1465
61 14 2762
61 15 1914
61 16 1100
61 17 324
61 18 2318
61 19 920
61 20 931
61 21 2453
61 22 2267
61 23 1994
61 24 2233
61 25 982
61 26 2141
61 27 2132
61 28 2020
61 29 818
61 30 1269
61 31 480
61 32 1711
61 33 2942
61 34 432
61 35 1663
61 36 2894
61 37 384
61 38 1615
61 39 2846
61 40 336
61 41 1567
61 42 2798
61 43 288
61 44 1519
61 45 2750
61 46 240
61 47 1471
61 48 2702
61 49 192
61 50 1423
61 51 2654
61 52 144
61 53 1375
61 54 2606
61 55 96
61 56 1327
61 57 2558
61 58 48
61 59 1279
61 60 2510
61 61 0
61 62 1231
61 63 2462
61 64 48
61 65 1279
61 66 2510
61 67 96
61 68 1327
61 69 2558
61 70 144
61 71 1375
61 72 2606
61 73 192
61 74 1423
61 75 2654
61 76 240
61 77 1471
61 78 2702
61 79 288
61 80 1519
61 81 2750
61 82 336
61 83 1567
61 84 2798
61 85 600
62 0 1831
62 1 794
62 2 1130
62 3 537
62 4 781
62 5 1087
62 6 725
62 7 970
62 8 462
62 9 1135
62 10 764
62 11 1152
62 12 1231
62 13 438
62 14 1531
62 15 683
62 16 515
62 17 1195
62 18 1087
62 19 1271
62 20 684
62 21 1222
62 22 1036
62 23 763
62 24 1002
62 25 345
62 26 910
62 27 901
62 28 789
62 29 701
62 30 346
62 31 1711
62 32 480
62 33 1711
62 34 1663
62 35 432
62 36 1663
62 37 1615
62 38 384
62 39 1615
62 40 1567
62 41 336
62 42 1567
62 43 1519
62 44 288
62 45 1519
62 46 1471
62 47 240
62 48 1471
62 49 1423
62 50 192
62 51 1423
62 52 1375
62 53 144
62 54 1375
62 55 1327
62 56 96
62 57 1327
62 58 1279
62 59 48
62 60 1279
62 61 1231
62 62 0
62 63 1231
62 64 1279
62 65 48
62 66 1279
62 67 1327
62 68 96
62 69 1327
62 70 1375
62 71 144
62 72 1375
62 73 1423
62 74 192
62 75 1423
62 76 1471
62 77 240
62 78 1471
62 79 1519
62 80 288
62 81 1519
62 82 1567
62 83 336
62 84 1567
62 85 1831
63 0 3062
63 1 1301
63 2 2361
63 3 1174
63 4 2012
63 5 2318
63 6 1956
63 7 645
63 8 1693
63 9 2366
63 10 1427
63 11 2383
63 12 2462
63 13 1669
63 14 660
63 15 644
63 16 1746
63 17 2426
63 18 528
63 19 2502
63 20 1915
63 21 585
63 22 867
63 23 1140
63 24 1093
63 25 1576
63 26 897
63 27 810
63 28 1114
63 29 1932
63 30 1577
63 31 2942
63 32 1711
63 33 480
63 34 2894
63 35 1663
63 36 432
63 37 2846
63 38 1615
63 39 384
63 40 2798
63 41 1567
63 42 336
63 43 2750
63 44 1519
63 45 288
63 46 2702
63 47 1471
63 48 240
63 49 2654
63 50 1423
63 51 192
63 52 2606
63 53 1375
63 54 144
63 55 2558
63 56 1327
63 57 96
63 58 2510
63 59 1279
63 60 48
63 61 2462
63 62 1231
63 63 0
63 64 2510
63 65 1279
63 66 48
63 67 2558
63 68 1327
63 69 96
63 70 2606
63 71 1375
63 72 144
63 73 2654
63 74 1423
63 75 192
63 76 2702
63 77 1471
63 78 240
63 79 2750
63 80 1519
63 81 288
63 82 2798
63 83 1567
63 84 336
63 85 3062
64 0 648
64 1 2073
64 2 341
64 3 1720
64 4 1362
64 5 480
64 6 1514
64 7 2153
64 8 817
64 9 528
64 10 2043
64 11 511
64 12 624
64 13 1513
64 14 2810
64 15 1962
64 16 1148
64 17 372
64 18 2270
64 19 968
64 20 979
64 21 2501
64 22 2219
64 23 2042
64 24 2281
64 25 934
64 26 2189
64 27 2084
64 28 1972
64 29 770
64 30 1317
64 31 528
64 32 1759
64 33 2990
64 34 480
64 35 1711
64 36 2942
64 37 432
64 38 1663
64 39 2894
64 40 384
64 41 1615
64 42 2846
64 43 336
64 44 1567
64 45 2798
64 46 288
64 47 1519
64 48 2750
64 49 240
64 50 1471
64 51 2702
64 52 192
64 53 1423
64 54 2654
64 55 144
64 56 1375
64 57 2606
64 58 96
64 59 1327
64 60 2558
64 61 48
64 62 1279
64 63 2510
64 64 0
64 65 1231
64 66 2462
64 67 48
64 68 1279
64 69 2510
64 70 96
64 71 1327
64 72 2558
64 73 144
64 74 1375
64 75 2606
64 76 192
64 77 1423
64 78 2654
64 79 240
64 80 1471
64 81 2702
64 82 288
64 83 1519
64 84 2750
64 85 648
65 0 1879
65 1 842
65 2 1082
65 3 489
65 4 829
65 5 1039
65 6 773
65 7 922
65 8 414
65 9 1087
65 10 812
65 11 1200
65 12 1183
65 13 486
65 14 1579
65 15 731
65 16 563
65 17 1243
65 18 1039
65 19 1319
65 20 732
65 21 1270
65 22 988
65 23 811
65 24 1050
65 25 297
65 26 958
65 27 853
65 28 741
65 29 653
65 30 394
65 31 1759
65 32 528
65 33 1759
65 34 1711
65 35 480
65 36 1711
65 37 1663
65 38 432
65 39 1663
65 40 1615
65 41 384
65 42 1615
65 43 1567
65 44 336
65 45 1567
65 46 1519
65 47 288
65 48 1519
65 49 1471
65 50 240
65 51 1471
65 52 1423
65 53 192
65 54 1423
65 55 1375
65 56 144
65 57 1375
65 58 1327
65 59 96
65 60 1327
65 61 1279
65 62 48
65 63 1279
65 64 1231
65 65 0
65 66 1231
65 67 1279
65 68 48
65 69 1279
65 70 1327
65 71 96
65 72 1327
65 73 1375
65 74 144
65 75 1375
65 76 1423
65 77 192
65 78 1423
65 79 1471
65 80 240
65 81 1471
65 82 1519
65 83 288
65 84 1519
65 85 1879
66 0 3110
66 1 1349
66 2 2313
66 3 1126
66 4 2060
66 5 2270
66 6 2004
66 7 597
66 8 1645
66 9 2318
66 10 1475
66 11 2431
66 12 2414
66 13 1717
66 14 708
66 15 692
66 16 1794
66 17 2474
66 18 480
66 19 2550
66 20 1963
66 21 633
66 22 819
66 23 1188
66 24 1141
66 25 1528
66 26 945
66 27 762
66 28 1066
66 29 1884
66 30 1625
66 31 2990
66 32 1759
66 33 528
66 34 2942
66 35 1711
66 36 480
66 37 2894
66 38 1663
66 39 432
66 40 2846
66 41 1615
66 42 384
66 43 2798
66 44 1567
66 45 336
66 46 2750
66 47 1519
66 48 288
66 49 2702
66 50 1471
66 51 240
66 52 2654
66 53 1423
66 54 192
66 55 2606
66 56 1375
66 57 144
66 58 2558
66 59 1327
66 60 96
66 61 2510
66 62 1279
66 63 48
66 64 2462
66 65 1231
66 66 0
66 67 2510
66 68 1279
66 69 48
66 70 2558
66 71 1327
66 72 96
66 73 2606
66 74 1375
66 75 144
66 76 2654
66 77 1423
66 78 192
66 79 2702
66 80 1471
66 81 240
66 82 2750
66 83 1519
66 84 288
66 85 3110
67 0 696
67 1 2121
67 2 293
67 3 1672
67 4 1410
67 5 432
67 6 1562
67 7 2105
67 8 865
67 9 480
67 10 2091
67 11 559
67 12 576
67 13 1561
67 14 2858
67 15 2010
67 16 1196
67 17 420
67 18 2222
67 19 1016
67 20 1027
67 21 2549
67 22 2171
67 23 2090
67 24 2329
67 25 982
67 26 2237
67 27 2036
67 28 1924
67 29 722
67 30 1365
67 31 576
67 32 1807
67 33 3038
67 34 528
67 35 1759
67 36 2990
67 37 480
67 38 1711
67 39 2942
67 40 432
67 41 1663
67 42 2894
67 43 384
67 44 1615
67 45 2846
67 46 336
67 47 1567
67 48 2798
67 49 288
67 50 1519
67 51 2750
67 52 240
67 53 1471
67 54 2702
67 55 192
67 56 1423
67 57 2654
67 58 144
67 59 1375
67 60 2606
67 61 96
67 62 1327
67 63 2558
67 64 48
67 65 1279
67 66 2510
67 67 0
67 68 1231
67 69 2462
67 70 48
67 71 1279
67 72 2510
67 73 96
67 74 1327
67 75 2558
67 76 144
67 77 1375
67 78 2606
67 79 192
67 80 1423
67 81 2654
67 82 240
67 83 1471
67 84 2702
67 85 696
68 0 1927
68 1 890
68 2 1034
68 3 441
68 4 877
68 5 991
68 6 821
68 7 874
68 8 462
68 9 1039
68 10 860
68 11 1248
68 12 1135
68 13 534
68 14 1627
68 15 779
68 16 611
68 17 1291
68 18 991
68 19 1367
68 20 780
68 21 1318
68 22 940
68 23 859
68 24 1098
68 25 345
68 26 1006
68 27 805
68 28 693
68 29 605
68 30 442
68 31 1807
68 32 576
68 33 1807
68 34 1759
68 35 528
68 36 1759
68 37 1711
68 38 480
68 39 1711
68 40 1663
68 41 432
68 42 1663
68 43 1615
68 44 384
68 45 1615
68 46 1567
68 47 336
68 48 1567
68 49 1519
68 50 288
68 51 1519
68 52 1471
68 53 240
68 54 1471
68 55 1423
68 56 192
68 57 1423
68 58 1375
68 59 144
68 60 1375
68 61 1327
68 62 96
68 63 1327
68 64 1279
68 65 48
68 66 1279
68 67 1231
68 68 0
68 69 1231
68 70 1279
68 71 48
68 72 1279
68 73 1327
68 74 96
68 75 1327
68 76 1375
68 77 144
68 78 1375
68 79 1423
68 80 192
68 81 1423
68 82 1471
68 83 240
68 84 1471
68 85 1927
69 0 3158
69 1 1397
69 2 2265
69 3 1078
69 4 2108
69 5 2222
69 6 2052
69 7 549
69 8 1693
69 9 2270
69 10 1523
69 11 2479
69 12 2366
69 13 1765
69 14 756
69 15 740
69 16 1842
69 17 2522
69 18 432
69 19 2598
69 20 2011
69 21 681
69 22 771
69 23 1236
69 24 1189
69 25 1576
69 26 993
69 27 714
69 28 1018
69 29 1836
69 30 1673
69 31 3038
69 32 1807
69 33 576
69 34 2990
69 35 1759
69 36 528
69 37 2942
69 38 1711
69 39 480
69 40 2894
69 41 1663
69 42 432
69 43 2846
69 44 1615
69 45 384
69 46 2798
69 47 1567
69 48 336
69 49 2750
69 50 1519
69 51 288
69 52 2702
69 53 1471
69 54 240
69 55 2654
69 56 1423
69 57 192
69 58 2606
69 59 1375
69 60 144
69 61 2558
69 62 1327
69 63 96
69 64 2510
69 65 1279
69 66 48
69 67 2462
69 68 1231
69 69 0
69 70 2510
69 71 1279
69 72 48
69 73 2558
69 74 1327
69 75 96
69 76 2606
69 77 1375
69 78 144
69 79 2654
69 80 1423
69 81 192
69 82 2702
69 83 1471
69 84 240
69 85 3158
70 0 744
70 1 2169
70 2 245
70 3 1624
70 4 1458
70 5 384
70 6 1610
70 7 2057
70 8 913
70 9 432
70 10 2139
70 11 607
70 12 528
70 13 1609
70 14 2906
70 15 2058
70 16 1244
70 17 468
70 18 2174
70 19 1064
70 20 1075
70 21 2597
70 22 2123
70 23 2138
70 24 2377
70 25 1030
70 26 2285
70 27 1988
70 28 1876
70 29 674
70 30 1413
70 31 624
70 32 1855
70 33 3086
70 34 576
70 35 1807
70 36 3038
70 37 528
70 38 1759
70 39 2990
70 40 480
70 41 1711
70 42 2942
70 43 432
70 44 1663
70 45 2894
70 46 384
70 47 1615
70 48 2846
70 49 336
70 50 1567
70 51 2798
70 52 288
70 53 1519
70 54 2750
70 55 240
70 56 1471
70 57 2702
70 58 192
70 59 1423
70 60 2654
70 61 144
70 62 1375
70 63 2606
70 64 96
70 65 1327
70 66 2558
70 67 48
70 68 1279
70 69 2510
70 70 0
70 71 1231
70 72 2462
70 73 48
70 74 1279
70 75 2510
70 76 96
70 77 1327
70 78 2558
70 79 144
70 80 1375
70 81 2606
70 82 192
70 83 1423
70 84 2654
70 85 744
71 0 1975
71 1 938
71 2 986
71 3 393
71 4 925
71 5 943
71 6 869
71 7 826
71 8 510
71 9 991
71 10 908
71 11 1296
71 12 1087
71 13 582
71 14 1675
71 15 827
71 16 659
71 17 1339
71 18 943
71 19 1415
71 20 828
71 21 1366
71 22 892
71 23 907
71 24 1146
71 25 393
71 26 1054
71 27 757
71 28 645
71 29 557
71 30 490
71 31 1855
71 32 624
71 33 1855
71 34 1807
71 35 576
71 36 1807
71 37 1759
71 38 528
71 39 1759
71 40 1711
71 41 480
71 42 1711
71 43 1663
71 44 432
71 45 1663
71 46 1615
71 47 384
71 48 1615
71 49 1567
71 50 336
71 51 1567
71 52 1519
71 53 288
71 54 1519
71 55 1471
71 56 240
71 57 1471
71 58 1423
71 59 192
71 60 1423
71 61 1375
71 62 144
71 63 1375
71 64 1327
71 65 96
71 66 1327
71 67 1279
71 68 48
71 69 1279
71 70 1231
71 71 0
71 72 1231
71 73 1279
71 74 48
71 75 1279
71 76 1327
71 77 96
71 78 1327
71 79 1375
71 80 144
71 81 1375
71 82 1423
71 83 192
71 84 1423
71 85 1975
72 0 3206
72 1 1445
72 2 2217
72 3 1030
72 4 2156
72 5 2174
72 6 2100
72 7 501
72 8 1741
72 9 2222
72 10 1571
72 11 2527
72 12 2318
72 13 1813
72 14 804
72 15 788
72 16 1890
72 17 2570
72 18 384
72 19 2646
72 20 2059
72 21 729
72 22 723
72 23 1284
72 24 1237
72 25 1624
72 26 1041
72 27 666
72 28 970
72 29 1788
72 30 1721
72 31 3086
72 32 1855
72 33 624
72 34 3038
72 35 1807
72 36 576
72 37 2990
72 38 1759
72 39 528
72 40 2942
72 41 1711
72 42 480
72 43 2894
72 44 1663
72 45 432
72 46 2846
72 47 1615
72 48 384
72 49 2798
72 50 1567
72 51 336
72 52 2750
72 53 1519
72 54 288
72 55 2702
72 56 1471
72 57 240
72 58 2654
72 59 1423
72 60 192
72 61 2606
72 62 1375
72 63 144
72 64 2558
72 65 1327
72 66 96
72 67 2510
72 68 1279
72 69 48
72 70 2462
72 71 1231
72 72 0
72 73 2510
72 74 1279
72 75 48
72 76 2558
72 77 1327
72 78 96
72 79 2606
72 80 1375
72 81 144
72 82 2654
72 83 1423
72 84 192
72 85 3206
73 0 792
73 1 2217
73 2 293
73 3 1576
73 4 1506
73 5 336
73 6 1658
73 7 2009
73 8 961
73 9 384
73 10 2187
73 11 655
73 12 480
73 13 1657
73 14 2954
73 15 2106
73 16 1292
73 17 516
73 18 2126
73 19 1112
73 20 1123
73 21 2645
73 22 2075
73 23 2186
73 24 2425
73 25 1078
73 26 2333
73 27 1940
73 28 1828
73 29 722
73 30 1461
73 31 672
73 32 1903
73 33 3134
73 34 624
73 35 1855
73 36 3086
73 37 576
73 38 1807
73 39 3038
73 40 528
73 41 1759
73 42 2990
73 43 480
73 44 1711
73 45 2942
73 46 432
73 47 1663
73 48 2894
73 49 384
73 50 1615
73 51 2846
73 52 336
73 53 1567
73 54 2798
73 55 288
73 56 1519
73 57 2750
73 58 240
73 59 1471
73 60 2702
73 61 192
73 62 1423
73 63 2654
73 64 144
73 65 1375
73 66 2606
73 67 96
73 68 1327
73 69 2558
73 70 48
73 71 1279
73 72 2510
73 73 0
73 74 1231
73 75 2462
73 76 48
73 77 1279
73 78 2510
73 79 96
73 80 1327
73 81 2558
73 82 144
73 83 1375
73 84 2606
73 85 792
74 0 2023
74 1 986
74 2 1034
74 3 345
74 4 973
74 5 895
74 6 917
74 7 778
74 8 558
74 9 943
74 10 956
74 11 1344
74 12 1039
74 13 630
74 14 1723
74 15 875
74 16 707
74 17 1387
74 18 895
74 19 1463
74 20 876
74 21 1414
74 22 844
74 23 955
74 24 1194
74 25 441
74 26 1102
74 27 709
74 28 597
74 29 605
74 30 538
74 31 1903
74 32 672
74 33 1903
74 34 1855
74 35 624
74 36 1855
74 37 1807
74 38 576
74 39 1807
74 40 1759
74 41 528
74 42 1759
74 43 1711
74 44 480
74 45 1711
74 46 1663
74 47 432
74 48 1663
74 49 1615
74 50 384
74 51 1615
74 52 1567
74 53 336
74 54 1567
74 55 1519
74 56 288
74 57 1519
74 58 1471
74 59 240
74 60 1471
74 61 1423
74 62 192
74 63 1423
74 64 1375
74 65 144
74 66 1375
74 67 1327
74 68 96
74 69 1327
74 70 1279
74 71 48
74 72 1279
74 73 1231
74 74 0
74 75 1231
74 76 1279
74 77 48
74 78 1279
74 79 1327
74 80 96
74 81 1327
74 82 1375
74 83 144
74 84 1375
74 85 2023
75 0 3254
75 1 1493
75 2 2265
75 3 982
75 4 2204
75 5 2126
75 6 2148
75 7 453
75 8 1789
75 9 2174
75 10 1619
75 11 2575
75 12 2270
75 13 1861
75 14 852
75 15 836
75 16 1938
75 17 2618
75 18 336
75 19 2694
75 20 2107
75 21 777
75 22 675
75 23 1332
75 24 1285
75 25 1672
75 26 1089
75 27 618
75 28 922
75 29 1836
75 30 1769
75 31 3134
75 32 1903
75 33 672
75 34 3086
75 35 1855
75 36 624
75 37 3038
75 38 1807
75 39 576
75 40 2990
75 41 1759
75 42 528
75 43 2942
75 44 1711
75 45 480
75 46 2894
75 47 1663
75 48 432
75 49 2846
75 50 1615
75 51 384
75 52 2798
75 53 1567
75 54 336
75 55 2750
75 56 1519
75 57 288
75 58 2702
75 59 1471
75 60 240
75 61 2654
75 62 1423
75 63 192
75 64 2606
75 65 1375
75 66 144
75 67 2558
75 68 1327
75 69 96
75 70 2510
75 71 1279
75 72 48
75 73 2462
75 74 1231
75 75 0
75 76 2510
75 77 1279
75 78 48
75 79 2558
75 80 1327
75 81 96
75 82 2606
75 83 1375
75 84 144
75 85 3254
76 0 840
76 1 2265
76 2 341
76 3 1528
76 4 1554
76 5 384
76 6 1706
76 7 2057
76 8 1009
76 9 336
76 10 2235
76 11 703
76 12 432
76 13 1705
76 14 3002
76 15 2154
76 16 1340
76 17 564
76 18 2174
76 19 1160
76 20 1171
76 21 2693
76 22 2027
76 23 2234
76 24 2473
76 25 1126
76 26 2381
76 27 1892
76 28 1780
76 29 770
76 30 1509
76 31 720
76 32 1951
76 33 3182
76 34 672
76 35 1903
76 36 3134
76 37 624
76 38 1855
76 39 3086
76 40 576
76 41 1807
76 42 3038
76 43 528
76 44 1759
76 45 2990
76 46 480
76 47 1711
76 48 2942
76 49 432
76 50 1663
76 51 2894
76 52 384
76 53 1615
76 54 2846
76 55 336
76 56 1567
76 57 2798
76 58 288
76 59 1519
76 60 2750
76 61 240
76 62 1471
76 63 2702
76 64 192
76 65 1423
76 66 2654
76 67 144
76 68 1375
76 69 2606
76 70 96
76 71 1327
76 72 2558
76 73 48
76 74 1279
76 75 2510
76 76 0
76 77 1231
76 78 2462
76 79 48
76 80 1279
76 81 2510
76 82 96
76 83 1327
76 84 2558
76 85 840
77 0 2071
77 1 1034
77 2 1082
77 3 297
77 4 1021
77 5 943
77 6 965
77 7 826
77 8 606
77 9 895
77 10 1004
77 11 1392
77 12 991
77 13 678
77 14 1771
77 15 923
77 16 755
77 17 1435
77 18 943
77 19 1511
77 20 924
77 21 1462
77 22 796
77 23 1003
77 24 1242
77 25 489
77 26 1150
77 27 661
77 28 549
77 29 653
77 30 586
77 31 1951
77 32 720
77 33 1951
77 34 1903
77 35 672
77 36 1903
77 37 1855
77 38 624
77 39 1855
77 40 1807
77 41 576
77 42 1807
77 43 1759
77 44 528
77 45 1759
77 46 1711
77 47 480
77 48 1711
77 49 1663
77 50 432
77 51 1663
77 52 1615
77 53 384
77 54 1615
77 55 1567
77 56 336
77 57 1567
77 58 1519
77 59 288
77 60 1519
77 61 1471
77 62 240
77 63 1471
77 64 1423
77 65 192
77 66 1423
77 67 1375
77 68 144
77 69 1375
77 70 1327
77 71 96
77 72 1327
77 73 1279
77 74 48
77 75 1279
77 76 1231
77 77 0
77 78 1231
77 79 1279
77 80 48
77 81 1279
77 82 1327
77 83 96
77 84 1327
77 85 2071
78 0 3302
78 1 1541
78 2 2313
78 3 934
78 4 2252
78 5 2174
78 6 2196
78 7 501
78 8 1837
78 9 2126
78 10 1667
78 11 2623
78 12 2222
78 13 1909
78 14 900
78 15 884
78 16 1986
78 17 2666
78 18 384
78 19 2742
78 20 2155
78 21 825
78 22 627
78 23 1380
78 24 1333
78 25 1720
78 26 1137
78 27 570
78 28 874
78 29 1884
78 30 1817
78 31 3182
78 32 1951
78 33 720
78 34 3134
78 35 1903
78 36 672
78 37 3086
78 38 1855
78 39 624
78 40 3038
78 41 1807
78 42 576
78 43 2990
78 44 1759
78 45 528
78 46 2942
78 47 1711
78 48 480
78 49 2894
78 50 1663
78 51 432
78 52 2846
78 53 1615
78 54 384
78 55 2798
78 56 1567
78 57 336
78 58 2750
78 59 1519
78 60 288
78 61 2702
78 62 1471
78 63 240
78 64 2654
78 65 1423
78 66 192
78 67 2606
78 68 1375
78 69 144
78 70 2558
78 71 1327
78 72 96
78 73 2510
78 74 1279
78 75 48
78 76 2462
78 77 1231
78 78 0
78 79 2510
78 80 1279
78 81 48
78 82 2558
78 83 1327
78 84 96
78 85 3302
79 0 888
79 1 2313
79 2 389
79 3 1576
79 4 1602
79 5 432
79 6 1754
79 7 2105
79 8 1057
79 9 384
79 10 2283
79 11 751
79 12 384
79 13 1753
79 14 3050
79 15 2202
79 16 1388
79 17 612
79 18 2222
79 19 1208
79 20 1219
79 21 2741
79 22 1979
79 23 2282
79 24 2521
79 25 1174
79 26 2429
79 27 1940
79 28 1732
79 29 818
79 30 1557
79 31 768
79 32 1999
79 33 3230
79 34 720
79 35 1951
79 36 3182
79 37 672
79 38 1903
79 39 3134
79 40 624
79 41 1855
79 42 3086
79 43 576
79 44 1807
79 45 3038
79 46 528
79 47 1759
79 48 2990
79 49 480
79 50 1711
79 51 2942
79 52 432
79 53 1663
79 54 2894
79 55 384
79 56 1615
79 57 2846
79 58 336
79 59 1567
79 60 2798
79 61 288
79 62 1519
79 63 2750
79 64 240
79 65 1471
79 66 2702
79 67 192
79 68 1423
79 69 2654
79 70 144
79 71 1375
79 72 2606
79 73 96
79 74 1327
79 75 2558
79 76 48
79 77 1279
79 78 2510
79 79 0
79 80 1231
79 81 2462
79 82 48
79 83 1279
79 84 2510
79 85 888
80 0 2119
80 1 1082
80 2 1130
80 3 345
80 4 1069
80 5 991
80 6 1013
80 7 874
80 8 654
80 9 943
80 10 1052
80 11 1440
80 12 943
80 13 726
80 14 1819
80 15 971
80 16 803
80 17 1483
80 18 991
80 19 1559
80 20 972
80 21 1510
80 22 748
80 23 1051
80 24 1290
80 25 537
80 26 1198
80 27 709
80 28 501
80 29 701
80 30 634
80 31 1999
80 32 768
80 33 1999
80 34 1951
80 35 720
80 36 1951
80 37 1903
80 38 672
80 39 1903
80 40 1855
80 41 624
80 42 1855
80 43 1807
80 44 576
80 45 1807
80 46 1759
80 47 528
80 48 1759
80 49 1711
80 50 480
80 51 1711
80 52 1663
80 53 432
80 54 1663
80 55 1615
80 56 384
80 57 1615
80 58 1567
80 59 336
80 60 1567
80 61 1519
80 62 288
80 63 1519
80 64 1471
80 65 240
80 66 1471
80 67 1423
80 68 192
80 69 1423
80 70 1375
80 71 144
80 72 1375
80 73 1327
80 74 96
80 75 1327
80 76 1279
80 77 48
80 78 1279
80 79 1231
80 80 0
80 81 1231
80 82 1279
80 83 48
80 84 1279
80 85 2119
81 0 3350
81 1 1589
81 2 2361
81 3 982
81 4 2300
81 5 2222
81 6 2244
81 7 549
81 8 1885
81 9 2174
81 10 1715
81 11 2671
81 12 2174
81 13 1957
81 14 948
81 15 932
81 16 2034
81 17 2714
81 18 432
81 19 2790
81 20 2203
81 21 873
81 22 579
81 23 1428
81 24 1381
81 25 1768
81 26 1185
81 27 618
81 28 826
81 29 1932
81 30 1865
81 31 3230
81 32 1999
81 33 768
81 34 3182
81 35 1951
81 36 720
81 37 3134
81 38 1903
81 39 672
81 40 3086
81 41 1855
81 42 624
81 43 3038
81 44 1807
81 45 576
81 46 2990
81 47 1759
81 48 528
81 49 2942
81 50 1711
81 51 480
81 52 2894
81 53 1663
81 54 432
81 55 2846
81 56 1615
81 57 384
81 58 2798
81 59 1567
81 60 336
81 61 2750
81 62 1519
81 63 288
81 64 2702
81 65 1471
81 66 240
81 67 2654
81 68 1423
81 69 192
81 70 2606
81 71 1375
81 72 144
81 73 2558
81 74 1327
81 75 96
81 76 2510
81 77 1279
81 78 48
81 79 2462
81 80 1231
81 81 0
81 82 2510
81 83 1279
81 84 48
81 85 3350
82 0 936
82 1 2361
82 2 437
82 3 1624
82 4 1650
82 5 480
82 6 1802
82 7 2153
82 8 1105
82 9 432
82 10 2331
82 11 799
82 12 336
82 13 1801
82 14 3098
82 15 2250
82 16 1436
82 17 660
82 18 2270
82 19 1256
82 20 1267
82 21 2789
82 22 1931
82 23 2330
82 24 2569
82 25 1222
82 26 2477
82 27 1988
82 28 1684
82 29 866
82 30 1605
82 31 816
82 32 2047
82 33 3278
82 34 768
82 35 1999
82 36 3230
82 37 720
82 38 1951
82 39 3182
82 40 672
82 41 1903
82 42 3134
82 43 624
82 44 1855
82 45 3086
82 46 576
82 47 1807
82 48 3038
82 49 528
82 50 1759
82 51 2990
82 52 480
82 53 1711
82 54 2942
82 55 432
82 56 1663
82 57 2894
82 58 384
82 59 1615
82 60 2846
82 61 336
82 62 1567
82 63 2798
82 64 288
82 65 1519
82 66 2750
82 67 240
82 68 1471
82 69 2702
82 70 192
82 71 1423
82 72 2654
82 73 144
82 74 1375
82 75 2606
82 76 96
82 77 1327
82 78 2558
82 79 48
82 80 1279
82 81 2510
82 82 0
82 83 1231
82 84 2462
82 85 936
83 0 2167
83 1 1130
83 2 1178
83 3 393
83 4 1117
83 5 1039
83 6 1061
83 7 922
83 8 702
83 9 991
83 10 1100
83 11 1488
83 12 895
83 13 774
83 14 1867
83 15 1019
83 16 851
83 17 1531
83 18 1039
83 19 1607
83 20 1020
83 21 1558
83 22 700
83 23 1099
83 24 1338
83 25 585
83 26 1246
83 27 757
83 28 453
83 29 749
83 30 682
83 31 2047
83 32 816
83 33 2047
83 34 1999
83 35 768
83 36 1999
83 37 1951
83 38 720
83 39 1951
83 40 1903
83 41 672
83 42 1903
83 43 1855
83 44 624
83 45 1855
83 46 1807
83 47 576
83 48 1807
83 49 1759
83 50 528
83 51 1759
83 52 1711
83 53 480
83 54 1711
83 55 1663
83 56 432
83 57 1663
83 58 1615
83 59 384
83 60 1615
83 61 1567
83 62 336
83 63 1567
83 64 1519
83 65 288
83 66 1519
83 67 1471
83 68 240
83 69 1471
83 70 1423
83 71 192
83 72 1423
83 73 1375
83 74 144
83 75 1375
83 76 1327
83 77 96
83 78 1327
83 79 1279
83 80 48
83 81 1279
83 82 1231
83 83 0
83 84 1231
83 85 2167
84 0 3398
84 1 1637
84 2 2409
84 3 1030
84 4 2348
84 5 2270
84 6 2292
84 7 597
84 8 1933
84 9 2222
84 10 1763
84 11 2719
84 12 2126
84 13 2005
84 14 996
84 15 980
84 16 2082
84 17 2762
84 18 480
84 19 2838
84 20 2251
84 21 921
84 22 531
84 23 1476
84 24 1429
84 25 1816
84 26 1233
84 27 666
84 28 778
84 29 1980
84 30 1913
84 31 3278
84 32 2047
84 33 816
84 34 3230
84 35 1999
84 36 768
84 37 3182
84 38 1951
84 39 720
84 40 3134
84 41 1903
84 42 672
84 43 3086
84 44 1855
84 45 624
84 46 3038
84 47 1807
84 48 576
84 49 2990
84 50 1759
84 51 528
84 52 2942
84 53 1711
84 54 480
84 55 2894
84 56 1663
84 57 432
84 58 2846
84 59 1615
84 60 384
84 61 2798
84 62 1567
84 63 336
84 64 2750
84 65 1519
84 66 288
84 67 2702
84 68 1471
84 69 240
84 70 2654
84 71 1423
84 72 192
84 73 2606
84 74 1375
84 75 144
84 76 2558
84 77 1327
84 78 96
84 79 2510
84 80 1279
84 81 48
84 82 2462
84 83 1231
84 84 0
84 85 3398
85 0 0
85 1 1761
85 2 989
85 3 2368
85 4 1050
85 5 1128
85 6 1106
85 7 2801
85 8 1465
85 9 1176
85 10 1635
85 11 679
85 12 1272
85 13 1393
85 14 2402
85 15 2418
85 16 1316
85 17 636
85 18 2918
85 19 560
85 20 1147
85 21 2477
85 22 2867
85 23 1922
85 24 1969
85 25 1582
85 26 2165
85 27 2732
85 28 2620
85 29 1418
85 30 1485
85 31 120
85 32 1351
85 33 2582
85 34 168
85 35 1399
85 36 2630
85 37 216
85 38 1447
85 39 2678
85 40 264
85 41 1495
85 42 2726
85 43 312
85 44 1543
85 45 2774
85 46 360
85 47 1591
85 48 2822
85 49 408
85 50 1639
85 51 2870
85 52 456
85 53 1687
85 54 2918
85 55 504
85 56 1735
85 57 2966
85 58 552
85 59 1783
85 60 3014
85 61 600
85 62 1831
85 63 3062
85 64 648
85 65 1879
85 66 3110
85 67 696
85 68 1927
85 69 3158
85 70 744
85 71 1975
85 72 3206
85 73 792
85 74 2023
85 75 3254
85 76 840
85 77 2071
85 78 3302
85 79 888
85 80 2119
85 81 3350
85 82 936
85 83 2167
85 84 3398
85 85 0
//Location coordinates LocationName
//Loc x y
0 0.0 0.0 "depot"
1 48.0 1713.0 "product aisle 1 bloc 1 rank 52"
2 624.0 365.0 "product aisle 13 bloc 0 rank 33"
3 720.0 1648.0 "product aisle 15 bloc 1 rank 42"
4 48.0 1002.0 "product aisle 1 bloc 0 rank 132"
5 672.0 456.0 "product aisle 14 bloc 0 rank 48"
6 0.0 1106.0 "product aisle 0 bloc 0 rank 147"
7 672.0 2129.0 "product aisle 14 bloc 1 rank 115"
8 528.0 937.0 "product aisle 11 bloc 0 rank 121"
9 720.0 456.0 "product aisle 15 bloc 0 rank 47"
10 0.0 1635.0 "product aisle 0 bloc 1 rank 39"
11 288.0 391.0 "product aisle 6 bloc 0 rank 37"
12 816.0 456.0 "product aisle 17 bloc 0 rank 47"
13 144.0 1249.0 "product aisle 3 bloc 0 rank 170"
14 0.0 2402.0 "product aisle 0 bloc 1 rank 158"
15 432.0 1986.0 "product aisle 9 bloc 1 rank 94"
16 288.0 1028.0 "product aisle 6 bloc 0 rank 136"
17 336.0 300.0 "product aisle 7 bloc 0 rank 23"
18 672.0 2246.0 "product aisle 14 bloc 1 rank 133"
19 0.0 560.0 "product aisle 0 bloc 0 rank 64"
20 288.0 859.0 "product aisle 6 bloc 0 rank 109"
21 192.0 2285.0 "product aisle 4 bloc 1 rank 139"
22 816.0 2051.0 "product aisle 17 bloc 1 rank 103"
23 144.0 1778.0 "product aisle 3 bloc 1 rank 61"
24 48.0 1921.0 "product aisle 1 bloc 1 rank 83"
25 528.0 1054.0 "product aisle 11 bloc 0 rank 139"
26 192.0 1973.0 "product aisle 4 bloc 1 rank 92"
27 720.0 2012.0 "product aisle 15 bloc 1 rank 98"
28 816.0 1804.0 "product aisle 17 bloc 1 rank 66"
29 624.0 794.0 "product aisle 13 bloc 0 rank 100"
30 288.0 1197.0 "product aisle 6 bloc 0 rank 162"
31 24.0 120.0 "intersection aisle 0 bloc 0 rank 0"
32 24.0 1351.0 "intersection aisle 0 bloc 1 rank 1"
33 24.0 2582.0 "intersection aisle 0 bloc 2 rank 2"
34 72.0 120.0 "intersection aisle 1 bloc 0 rank 0"
35 72.0 1351.0 "intersection aisle 1 bloc 1 rank 1"
36 72.0 2582.0 "intersection aisle 1 bloc 2 rank 2"
37 120.0 120.0 "intersection aisle 2 bloc 0 rank 0"
38 120.0 1351.0 "intersection aisle 2 bloc 1 rank 1"
39 120.0 2582.0 "intersection aisle 2 bloc 2 rank 2"
40 168.0 120.0 "intersection aisle 3 bloc 0 rank 0"
41 168.0 1351.0 "intersection aisle 3 bloc 1 rank 1"
42 168.0 2582.0 "intersection aisle 3 bloc 2 rank 2"
43 216.0 120.0 "intersection aisle 4 bloc 0 rank 0"
44 216.0 1351.0 "intersection aisle 4 bloc 1 rank 1"
45 216.0 2582.0 "intersection aisle 4 bloc 2 rank 2"
46 264.0 120.0 "intersection aisle 5 bloc 0 rank 0"
47 264.0 1351.0 "intersection aisle 5 bloc 1 rank 1"
48 264.0 2582.0 "intersection aisle 5 bloc 2 rank 2"
49 312.0 120.0 "intersection aisle 6 bloc 0 rank 0"
50 312.0 1351.0 "intersection aisle 6 bloc 1 rank 1"
51 312.0 2582.0 "intersection aisle 6 bloc 2 rank 2"
52 360.0 120.0 "intersection aisle 7 bloc 0 rank 0"
53 360.0 1351.0 "intersection aisle 7 bloc 1 rank 1"
54 360.0 2582.0 "intersection aisle 7 bloc 2 rank 2"
55 408.0 120.0 "intersection aisle 8 bloc 0 rank 0"
56 408.0 1351.0 "intersection aisle 8 bloc 1 rank 1"
57 408.0 2582.0 "intersection aisle 8 bloc 2 rank 2"
58 456.0 120.0 "intersection aisle 9 bloc 0 rank 0"
59 456.0 1351.0 "intersection aisle 9 bloc 1 rank 1"
60 456.0 2582.0 "intersection aisle 9 bloc 2 rank 2"
61 504.0 120.0 "intersection aisle 10 bloc 0 rank 0"
62 504.0 1351.0 "intersection aisle 10 bloc 1 rank 1"
63 504.0 2582.0 "intersection aisle 10 bloc 2 rank 2"
64 552.0 120.0 "intersection aisle 11 bloc 0 rank 0"
65 552.0 1351.0 "intersection aisle 11 bloc 1 rank 1"
66 552.0 2582.0 "intersection aisle 11 bloc 2 rank 2"
67 600.0 120.0 "intersection aisle 12 bloc 0 rank 0"
68 600.0 1351.0 "intersection aisle 12 bloc 1 rank 1"
69 600.0 2582.0 "intersection aisle 12 bloc 2 rank 2"
70 648.0 120.0 "intersection aisle 13 bloc 0 rank 0"
71 648.0 1351.0 "intersection aisle 13 bloc 1 rank 1"
72 648.0 2582.0 "intersection aisle 13 bloc 2 rank 2"
73 696.0 120.0 "intersection aisle 14 bloc 0 rank 0"
74 696.0 1351.0 "intersection aisle 14 bloc 1 rank 1"
75 696.0 2582.0 "intersection aisle 14 bloc 2 rank 2"
76 744.0 120.0 "intersection aisle 15 bloc 0 rank 0"
77 744.0 1351.0 "intersection aisle 15 bloc 1 rank 1"
78 744.0 2582.0 "intersection aisle 15 bloc 2 rank 2"
79 792.0 120.0 "intersection aisle 16 bloc 0 rank 0"
80 792.0 1351.0 "intersection aisle 16 bloc 1 rank 1"
81 792.0 2582.0 "intersection aisle 16 bloc 2 rank 2"
82 840.0 120.0 "intersection aisle 17 bloc 0 rank 0"
83 840.0 1351.0 "intersection aisle 17 bloc 1 rank 1"
84 840.0 2582.0 "intersection aisle 17 bloc 2 rank 2"
85 0.0 0.0 "depot"
