//alpha
1
//NbLocations
72
//NbProducts
35
//NbPickers
2
//CapaPicker
12
//TimeToTravelOneDistanceUnit
3
//SetupTime
5400
//PickTime
300
//Products
//Idx Location Size
1 1 1
2 2 1
3 3 1
4 4 1
5 5 1
6 6 1
7 7 1
8 8 1
9 9 1
10 10 1
11 11 1
12 12 1
13 13 1
14 14 1
15 15 1
16 16 1
17 17 1
18 18 1
19 19 1
20 20 1
21 21 1
22 22 1
23 23 1
24 24 1
25 25 1
26 26 1
27 27 1
28 28 1
29 29 1
30 30 1
31 31 1
32 32 1
33 33 1
34 34 1
35 35 1
//Orders
//NbOrders
18
//Idx DueDate TardinessPenalty NbProdInOrder ProdIdx1 Qty1 ProdIdx2 Qty2 ...
1 36000 0 1 1 1
2 126000 0 1 2 1
3 144000 0 1 3 1
4 72000 0 3 4 1 5 1 6 1
5 36000 0 1 7 1
6 72000 0 6 8 1 9 1 10 1 11 1 12 1 13 1
7 144000 0 3 14 1 15 1 16 1
8 108000 0 1 17 1
9 90000 0 1 18 1
10 126000 0 2 19 1 20 1
11 72000 0 3 21 1 22 1 23 1
12 54000 0 1 24 1
13 144000 0 1 25 1
14 54000 0 1 26 1
15 90000 0 2 27 1 28 1
16 108000 0 3 29 1 30 1 31 1
17 144000 0 2 32 1 33 1
18 126000 0 2 34 1 35 1
//Graph (Products are vertices indexed from 1 to NbProducts)
//NbVerticesIntersections
36
//DepartingDepot
0
//ArrivalDepot
72
//Arcs
//Start End Distance
0 36 120
1 6 351
1 35 13
2 8 195
2 37 76
3 26 104
3 34 312
4 9 208
4 17 364
5 35 247
5 61 141
6 1 351
6 62 89
7 66 466
7 67 375
8 2 195
8 12 117
9 4 208
9 37 206
10 28 26
10 65 245
11 55 76
11 56 765
12 8 117
12 38 453
13 24 169
13 43 76
14 69 115
14 70 726
15 20 13
15 22 117
16 18 234
16 67 193
17 4 364
17 36 63
18 16 234
18 68 414
19 28 208
19 64 362
20 15 13
20 29 26
21 31 39
21 43 414
22 15 117
22 46 219
23 58 609
23 59 232
24 13 169
24 44 596
25 63 557
25 64 284
26 3 104
26 60 388
27 49 635
27 50 206
28 10 26
28 19 208
29 20 26
29 47 466
30 40 700
30 41 141
31 21 39
31 42 388
32 33 52
32 52 141
33 32 52
33 51 648
34 3 312
34 61 37
35 1 13
35 5 247
36 17 63
36 39 48
36 72 120
37 2 76
37 9 206
37 40 48
38 12 453
38 41 48
39 36 48
39 40 841
39 42 48
40 30 700
40 37 48
40 39 841
40 43 48
41 30 141
41 38 48
41 44 48
42 31 388
42 39 48
42 45 48
43 13 76
43 21 414
43 40 48
43 46 48
44 24 596
44 41 48
44 47 48
45 42 48
45 46 841
45 48 48
46 22 219
46 43 48
46 45 841
46 49 48
47 29 466
47 44 48
47 50 48
48 45 48
48 49 841
48 51 48
49 27 635
49 46 48
49 48 841
49 52 48
50 27 206
50 47 48
50 53 48
51 33 648
51 48 48
51 54 48
52 32 141
52 49 48
52 53 841
52 55 48
53 50 48
53 52 841
53 56 48
54 51 48
54 55 841
54 57 48
55 11 76
55 52 48
55 54 841
55 58 48
56 11 765
56 53 48
56 59 48
57 54 48
57 58 841
57 60 48
58 23 609
58 55 48
58 57 841
58 61 48
59 23 232
59 56 48
59 62 48
60 26 388
60 57 48
60 63 48
61 5 141
61 34 37
61 58 48
61 64 48
62 6 89
62 59 48
62 65 48
63 25 557
63 60 48
63 66 48
64 19 362
64 25 284
64 61 48
64 67 48
65 10 245
65 62 48
65 68 48
66 7 466
66 63 48
66 69 48
67 7 375
67 16 193
67 64 48
67 70 48
68 18 414
68 65 48
68 71 48
69 14 115
69 66 48
70 14 726
70 67 48
70 71 841
71 68 48
71 70 841
//LocStart LocEnd ShortestPath
0 0 0
0 1 1746
0 2 1037
0 3 996
0 4 547
0 5 1486
0 6 2097
0 7 1066
0 8 1232
0 9 755
0 10 1989
0 11 1325
0 12 1349
0 13 1133
0 14 763
0 15 1441
0 16 1634
0 17 183
0 18 1868
0 19 1755
0 20 1454
0 21 643
0 22 1324
0 23 1906
0 24 1302
0 25 1109
0 26 892
0 27 1788
0 28 1963
0 29 1480
0 30 1709
0 31 604
0 32 1060
0 33 1008
0 34 1308
0 35 1733
0 36 120
0 37 961
0 38 1802
0 39 168
0 40 1009
0 41 1850
0 42 216
0 43 1057
0 44 1898
0 45 264
0 46 1105
0 47 1946
0 48 312
0 49 1153
0 50 1994
0 51 360
0 52 1201
0 53 2042
0 54 408
0 55 1249
0 56 2090
0 57 456
0 58 1297
0 59 2138
0 60 504
0 61 1345
0 62 2186
0 63 552
0 64 1393
0 65 2234
0 66 600
0 67 1441
0 68 2282
0 69 648
0 70 1489
0 71 2330
0 72 0
1 0 1746
1 1 0
1 2 861
1 3 750
1 4 1199
1 5 260
1 6 351
1 7 872
1 8 1056
1 9 991
1 10 733
1 11 573
1 12 1173
1 13 765
1 14 1271
1 15 977
1 16 690
1 17 1563
1 18 924
1 19 811
1 20 990
1 21 1103
1 22 860
1 23 720
1 24 934
1 25 733
1 26 854
1 27 838
1 28 759
1 29 1016
1 30 917
1 31 1142
1 32 686
1 33 738
1 34 438
1 35 13
1 36 1626
1 37 785
1 38 824
1 39 1578
1 40 737
1 41 776
1 42 1530
1 43 689
1 44 728
1 45 1482
1 46 641
1 47 680
1 48 1434
1 49 593
1 50 632
1 51 1386
1 52 545
1 53 584
1 54 1338
1 55 497
1 56 536
1 57 1290
1 58 449
1 59 488
1 60 1242
1 61 401
1 62 440
1 63 1290
1 64 449
1 65 488
1 66 1338
1 67 497
1 68 536
1 69 1386
1 70 545
1 71 584
1 72 1746
2 0 1037
2 1 861
2 2 0
2 3 809
2 4 490
2 5 601
2 6 1212
2 7 931
2 8 195
2 9 282
2 10 1104
2 11 440
2 12 312
2 13 248
2 14 1330
2 15 556
2 16 749
2 17 854
2 18 983
2 19 870
2 20 569
2 21 586
2 22 439
2 23 1021
2 24 417
2 25 792
2 26 913
2 27 903
2 28 1078
2 29 595
2 30 824
2 31 625
2 32 457
2 33 509
2 34 497
2 35 848
2 36 917
2 37 76
2 38 765
2 39 965
2 40 124
2 41 813
2 42 1013
2 43 172
2 44 861
2 45 1061
2 46 220
2 47 909
2 48 1109
2 49 268
2 50 957
2 51 1157
2 52 316
2 53 1005
2 54 1205
2 55 364
2 56 1053
2 57 1253
2 58 412
2 59 1101
2 60 1301
2 61 460
2 62 1149
2 63 1349
2 64 508
2 65 1197
2 66 1397
2 67 556
2 68 1245
2 69 1445
2 70 604
2 71 1293
2 72 1037
3 0 996
3 1 750
3 2 809
3 3 0
3 4 1147
3 5 490
3 6 1101
3 7 820
3 8 1004
3 9 939
3 10 993
3 11 521
3 12 1121
3 13 713
3 14 751
3 15 925
3 16 638
3 17 939
3 18 872
3 19 759
3 20 938
3 21 1051
3 22 808
3 23 1006
3 24 882
3 25 681
3 26 104
3 27 1176
3 28 967
3 29 964
3 30 1385
3 31 1090
3 32 634
3 33 686
3 34 312
3 35 737
3 36 876
3 37 733
3 38 1574
3 39 828
3 40 685
3 41 1526
3 42 780
3 43 637
3 44 1478
3 45 732
3 46 589
3 47 1430
3 48 684
3 49 541
3 50 1382
3 51 636
3 52 493
3 53 1334
3 54 588
3 55 445
3 56 1286
3 57 540
3 58 397
3 59 1238
3 60 492
3 61 349
3 62 1190
3 63 540
3 64 397
3 65 1238
3 66 588
3 67 445
3 68 1286
3 69 636
3 70 493
3 71 1334
3 72 996
4 0 547
4 1 1199
4 2 490
4 3 1147
4 4 0
4 5 939
4 6 1550
4 7 1269
4 8 685
4 9 208
4 10 1442
4 11 778
4 12 802
4 13 586
4 14 1070
4 15 894
4 16 1087
4 17 364
4 18 1321
4 19 1208
4 20 907
4 21 924
4 22 777
4 23 1359
4 24 755
4 25 1130
4 26 1199
4 27 1241
4 28 1416
4 29 933
4 30 1162
4 31 911
4 32 795
4 33 847
4 34 835
4 35 1186
4 36 427
4 37 414
4 38 1255
4 39 475
4 40 462
4 41 1303
4 42 523
4 43 510
4 44 1351
4 45 571
4 46 558
4 47 1399
4 48 619
4 49 606
4 50 1447
4 51 667
4 52 654
4 53 1495
4 54 715
4 55 702
4 56 1543
4 57 763
4 58 750
4 59 1591
4 60 811
4 61 798
4 62 1639
4 63 859
4 64 846
4 65 1687
4 66 907
4 67 894
4 68 1735
4 69 955
4 70 942
4 71 1783
4 72 547
5 0 1486
5 1 260
5 2 601
5 3 490
5 4 939
5 5 0
5 6 611
5 7 612
5 8 796
5 9 731
5 10 785
5 11 313
5 12 913
5 13 505
5 14 1011
5 15 717
5 16 430
5 17 1303
5 18 664
5 19 551
5 20 730
5 21 843
5 22 600
5 23 798
5 24 674
5 25 473
5 26 594
5 27 968
5 28 759
5 29 756
5 30 1177
5 31 882
5 32 426
5 33 478
5 34 178
5 35 247
5 36 1366
5 37 525
5 38 1084
5 39 1318
5 40 477
5 41 1036
5 42 1270
5 43 429
5 44 988
5 45 1222
5 46 381
5 47 940
5 48 1174
5 49 333
5 50 892
5 51 1126
5 52 285
5 53 844
5 54 1078
5 55 237
5 56 796
5 57 1030
5 58 189
5 59 748
5 60 982
5 61 141
5 62 700
5 63 1030
5 64 189
5 65 748
5 66 1078
5 67 237
5 68 796
5 69 1126
5 70 285
5 71 844
5 72 1486
6 0 2097
6 1 351
6 2 1212
6 3 1101
6 4 1550
6 5 611
6 6 0
6 7 1223
6 8 1043
6 9 1342
6 10 382
6 11 924
6 12 926
6 13 1116
6 14 1622
6 15 834
6 16 833
6 17 1914
6 18 599
6 19 616
6 20 821
6 21 1454
6 22 951
6 23 369
6 24 973
6 25 1084
6 26 1205
6 27 487
6 28 408
6 29 795
6 30 566
6 31 1493
6 32 1037
6 33 1089
6 34 789
6 35 364
6 36 1977
6 37 1136
6 38 473
6 39 1929
6 40 1088
6 41 425
6 42 1881
6 43 1040
6 44 377
6 45 1833
6 46 992
6 47 329
6 48 1785
6 49 944
6 50 281
6 51 1737
6 52 896
6 53 233
6 54 1689
6 55 848
6 56 185
6 57 1641
6 58 800
6 59 137
6 60 1593
6 61 752
6 62 89
6 63 1641
6 64 800
6 65 137
6 66 1689
6 67 848
6 68 185
6 69 1737
6 70 896
6 71 233
6 72 2097
7 0 1066
7 1 872
7 2 931
7 3 820
7 4 1269
7 5 612
7 6 1223
7 7 0
7 8 1126
7 9 1061
7 10 1019
7 11 643
7 12 1243
7 13 835
7 14 629
7 15 1047
7 16 568
7 17 1009
7 18 802
7 19 785
7 20 1060
7 21 1173
7 22 930
7 23 1128
7 24 1004
7 25 707
7 26 924
7 27 1298
7 28 993
7 29 1086
7 30 1507
7 31 1212
7 32 756
7 33 808
7 34 508
7 35 859
7 36 946
7 37 855
7 38 1696
7 39 898
7 40 807
7 41 1648
7 42 850
7 43 759
7 44 1600
7 45 802
7 46 711
7 47 1552
7 48 754
7 49 663
7 50 1504
7 51 706
7 52 615
7 53 1456
7 54 658
7 55 567
7 56 1408
7 57 610
7 58 519
7 59 1360
7 60 562
7 61 471
7 62 1312
7 63 514
7 64 423
7 65 1264
7 66 466
7 67 375
7 68 1216
7 69 514
7 70 423
7 71 1264
7 72 1066
8 0 1232
8 1 1056
8 2 195
8 3 1004
8 4 685
8 5 796
8 6 1043
8 7 1126
8 8 0
8 9 477
8 10 1247
8 11 635
8 12 117
8 13 443
8 14 1525
8 15 751
8 16 944
8 17 1049
8 18 1178
8 19 1065
8 20 764
8 21 781
8 22 634
8 23 1138
8 24 612
8 25 987
8 26 1108
8 27 968
8 28 1273
8 29 790
8 30 759
8 31 820
8 32 652
8 33 704
8 34 692
8 35 1043
8 36 1112
8 37 271
8 38 570
8 39 1160
8 40 319
8 41 618
8 42 1208
8 43 367
8 44 666
8 45 1256
8 46 415
8 47 714
8 48 1304
8 49 463
8 50 762
8 51 1352
8 52 511
8 53 810
8 54 1400
8 55 559
8 56 858
8 57 1448
8 58 607
8 59 906
8 60 1496
8 61 655
8 62 954
8 63 1544
8 64 703
8 65 1002
8 66 1592
8 67 751
8 68 1050
8 69 1640
8 70 799
8 71 1098
8 72 1232
9 0 755
9 1 991
9 2 282
9 3 939
9 4 208
9 5 731
9 6 1342
9 7 1061
9 8 477
9 9 0
9 10 1234
9 11 570
9 12 594
9 13 378
9 14 1278
9 15 686
9 16 879
9 17 572
9 18 1113
9 19 1000
9 20 699
9 21 716
9 22 569
9 23 1151
9 24 547
9 25 922
9 26 1043
9 27 1033
9 28 1208
9 29 725
9 30 954
9 31 755
9 32 587
9 33 639
9 34 627
9 35 978
9 36 635
9 37 206
9 38 1047
9 39 683
9 40 254
9 41 1095
9 42 731
9 43 302
9 44 1143
9 45 779
9 46 350
9 47 1191
9 48 827
9 49 398
9 50 1239
9 51 875
9 52 446
9 53 1287
9 54 923
9 55 494
9 56 1335
9 57 971
9 58 542
9 59 1383
9 60 1019
9 61 590
9 62 1431
9 63 1067
9 64 638
9 65 1479
9 66 1115
9 67 686
9 68 1527
9 69 1163
9 70 734
9 71 1575
9 72 755
10 0 1989
10 1 733
10 2 1104
10 3 993
10 4 1442
10 5 785
10 6 382
10 7 1019
10 8 1247
10 9 1234
10 10 0
10 11 816
10 12 1130
10 13 1008
10 14 1418
10 15 1038
10 16 837
10 17 1806
10 18 707
10 19 234
10 20 1025
10 21 1346
10 22 1103
10 23 573
10 24 1177
10 25 880
10 26 1097
10 27 691
10 28 26
10 29 999
10 30 770
10 31 1385
10 32 929
10 33 981
10 34 681
10 35 746
10 36 1869
10 37 1028
10 38 677
10 39 1821
10 40 980
10 41 629
10 42 1773
10 43 932
10 44 581
10 45 1725
10 46 884
10 47 533
10 48 1677
10 49 836
10 50 485
10 51 1629
10 52 788
10 53 437
10 54 1581
10 55 740
10 56 389
10 57 1533
10 58 692
10 59 341
10 60 1485
10 61 644
10 62 293
10 63 1437
10 64 596
10 65 245
10 66 1485
10 67 644
10 68 293
10 69 1533
10 70 692
10 71 341
10 72 1989
11 0 1325
11 1 573
11 2 440
11 3 521
11 4 778
11 5 313
11 6 924
11 7 643
11 8 635
11 9 570
11 10 816
11 11 0
11 12 752
11 13 344
11 14 1042
11 15 556
11 16 461
11 17 1142
11 18 695
11 19 582
11 20 569
11 21 682
11 22 439
11 23 733
11 24 513
11 25 504
11 26 625
11 27 807
11 28 790
11 29 595
11 30 1016
11 31 721
11 32 265
11 33 317
11 34 209
11 35 560
11 36 1205
11 37 364
11 38 1053
11 39 1157
11 40 316
11 41 1005
11 42 1109
11 43 268
11 44 957
11 45 1061
11 46 220
11 47 909
11 48 1013
11 49 172
11 50 861
11 51 965
11 52 124
11 53 813
11 54 917
11 55 76
11 56 765
11 57 965
11 58 124
11 59 813
11 60 1013
11 61 172
11 62 861
11 63 1061
11 64 220
11 65 909
11 66 1109
11 67 268
11 68 957
11 69 1157
11 70 316
11 71 1005
11 72 1325
12 0 1349
12 1 1173
12 2 312
12 3 1121
12 4 802
12 5 913
12 6 926
12 7 1243
12 8 117
12 9 594
12 10 1130
12 11 752
12 12 0
12 13 560
12 14 1642
12 15 868
12 16 1061
12 17 1166
12 18 1295
12 19 1182
12 20 881
12 21 898
12 22 751
12 23 1021
12 24 729
12 25 1104
12 26 1225
12 27 851
12 28 1156
12 29 907
12 30 642
12 31 937
12 32 769
12 33 821
12 34 809
12 35 1160
12 36 1229
12 37 388
12 38 453
12 39 1277
12 40 436
12 41 501
12 42 1325
12 43 484
12 44 549
12 45 1373
12 46 532
12 47 597
12 48 1421
12 49 580
12 50 645
12 51 1469
12 52 628
12 53 693
12 54 1517
12 55 676
12 56 741
12 57 1565
12 58 724
12 59 789
12 60 1613
12 61 772
12 62 837
12 63 1661
12 64 820
12 65 885
12 66 1709
12 67 868
12 68 933
12 69 1757
12 70 916
12 71 981
12 72 1349
13 0 1133
13 1 765
13 2 248
13 3 713
13 4 586
13 5 505
13 6 1116
13 7 835
13 8 443
13 9 378
13 10 1008
13 11 344
13 12 560
13 13 0
13 14 1234
13 15 460
13 16 653
13 17 950
13 18 887
13 19 774
13 20 473
13 21 490
13 22 343
13 23 925
13 24 169
13 25 696
13 26 817
13 27 807
13 28 982
13 29 499
13 30 824
13 31 529
13 32 361
13 33 413
13 34 401
13 35 752
13 36 1013
13 37 172
13 38 861
13 39 965
13 40 124
13 41 813
13 42 917
13 43 76
13 44 765
13 45 965
13 46 124
13 47 813
13 48 1013
13 49 172
13 50 861
13 51 1061
13 52 220
13 53 909
13 54 1109
13 55 268
13 56 957
13 57 1157
13 58 316
13 59 1005
13 60 1205
13 61 364
13 62 1053
13 63 1253
13 64 412
13 65 1101
13 66 1301
13 67 460
13 68 1149
13 69 1349
13 70 508
13 71 1197
13 72 1133
14 0 763
14 1 1271
14 2 1330
14 3 751
14 4 1070
14 5 1011
14 6 1622
14 7 629
14 8 1525
14 9 1278
14 10 1418
14 11 1042
14 12 1642
14 13 1234
14 14 0
14 15 1446
14 16 967
14 17 706
14 18 1201
14 19 1184
14 20 1459
14 21 974
14 22 1329
14 23 1527
14 24 1403
14 25 768
14 26 647
14 27 1697
14 28 1392
14 29 1485
14 30 1906
14 31 935
14 32 1103
14 33 1051
14 34 907
14 35 1258
14 36 643
14 37 1254
14 38 2095
14 39 595
14 40 1206
14 41 2047
14 42 547
14 43 1158
14 44 1999
14 45 499
14 46 1110
14 47 1951
14 48 451
14 49 1062
14 50 1903
14 51 403
14 52 1014
14 53 1855
14 54 355
14 55 966
14 56 1807
14 57 307
14 58 918
14 59 1759
14 60 259
14 61 870
14 62 1711
14 63 211
14 64 822
14 65 1663
14 66 163
14 67 774
14 68 1615
14 69 115
14 70 726
14 71 1567
14 72 763
15 0 1441
15 1 977
15 2 556
15 3 925
15 4 894
15 5 717
15 6 834
15 7 1047
15 8 751
15 9 686
15 10 1038
15 11 556
15 12 868
15 13 460
15 14 1446
15 15 0
15 16 865
15 17 1258
15 18 1099
15 19 986
15 20 13
15 21 798
15 22 117
15 23 929
15 24 629
15 25 908
15 26 1029
15 27 759
15 28 1064
15 29 39
15 30 742
15 31 837
15 32 573
15 33 625
15 34 613
15 35 964
15 36 1321
15 37 480
15 38 649
15 39 1273
15 40 432
15 41 601
15 42 1225
15 43 384
15 44 553
15 45 1177
15 46 336
15 47 505
15 48 1225
15 49 384
15 50 553
15 51 1273
15 52 432
15 53 601
15 54 1321
15 55 480
15 56 649
15 57 1369
15 58 528
15 59 697
15 60 1417
15 61 576
15 62 745
15 63 1465
15 64 624
15 65 793
15 66 1513
15 67 672
15 68 841
15 69 1561
15 70 720
15 71 889
15 72 1441
16 0 1634
16 1 690
16 2 749
16 3 638
16 4 1087
16 5 430
16 6 833
16 7 568
16 8 944
16 9 879
16 10 837
16 11 461
16 12 1061
16 13 653
16 14 967
16 15 865
16 16 0
16 17 1451
16 18 234
16 19 603
16 20 878
16 21 991
16 22 748
16 23 946
16 24 822
16 25 525
16 26 742
16 27 1116
16 28 811
16 29 904
16 30 1221
16 31 1030
16 32 574
16 33 626
16 34 326
16 35 677
16 36 1514
16 37 673
16 38 1128
16 39 1466
16 40 625
16 41 1080
16 42 1418
16 43 577
16 44 1032
16 45 1370
16 46 529
16 47 984
16 48 1322
16 49 481
16 50 936
16 51 1274
16 52 433
16 53 888
16 54 1226
16 55 385
16 56 840
16 57 1178
16 58 337
16 59 792
16 60 1130
16 61 289
16 62 744
16 63 1082
16 64 241
16 65 696
16 66 1034
16 67 193
16 68 648
16 69 1082
16 70 241
16 71 696
16 72 1634
17 0 183
17 1 1563
17 2 854
17 3 939
17 4 364
17 5 1303
17 6 1914
17 7 1009
17 8 1049
17 9 572
17 10 1806
17 11 1142
17 12 1166
17 13 950
17 14 706
17 15 1258
17 16 1451
17 17 0
17 18 1685
17 19 1572
17 20 1271
17 21 586
17 22 1141
17 23 1723
17 24 1119
17 25 1052
17 26 835
17 27 1605
17 28 1780
17 29 1297
17 30 1526
17 31 547
17 32 1003
17 33 951
17 34 1199
17 35 1550
17 36 63
17 37 778
17 38 1619
17 39 111
17 40 826
17 41 1667
17 42 159
17 43 874
17 44 1715
17 45 207
17 46 922
17 47 1763
17 48 255
17 49 970
17 50 1811
17 51 303
17 52 1018
17 53 1859
17 54 351
17 55 1066
17 56 1907
17 57 399
17 58 1114
17 59 1955
17 60 447
17 61 1162
17 62 2003
17 63 495
17 64 1210
17 65 2051
17 66 543
17 67 1258
17 68 2099
17 69 591
17 70 1306
17 71 2147
17 72 183
18 0 1868
18 1 924
18 2 983
18 3 872
18 4 1321
18 5 664
18 6 599
18 7 802
18 8 1178
18 9 1113
18 10 707
18 11 695
18 12 1295
18 13 887
18 14 1201
18 15 1099
18 16 234
18 17 1685
18 18 0
18 19 837
18 20 1112
18 21 1225
18 22 982
18 23 790
18 24 1056
18 25 759
18 26 976
18 27 908
18 28 733
18 29 1138
18 30 987
18 31 1264
18 32 808
18 33 860
18 34 560
18 35 911
18 36 1748
18 37 907
18 38 894
18 39 1700
18 40 859
18 41 846
18 42 1652
18 43 811
18 44 798
18 45 1604
18 46 763
18 47 750
18 48 1556
18 49 715
18 50 702
18 51 1508
18 52 667
18 53 654
18 54 1460
18 55 619
18 56 606
18 57 1412
18 58 571
18 59 558
18 60 1364
18 61 523
18 62 510
18 63 1316
18 64 475
18 65 462
18 66 1268
18 67 427
18 68 414
18 69 1316
18 70 475
18 71 462
18 72 1868
19 0 1755
19 1 811
19 2 870
19 3 759
19 4 1208
19 5 551
19 6 616
19 7 785
19 8 1065
19 9 1000
19 10 234
19 11 582
19 12 1182
19 13 774
19 14 1184
19 15 986
19 16 603
19 17 1572
19 18 837
19 19 0
19 20 999
19 21 1112
19 22 869
19 23 807
19 24 943
19 25 646
19 26 863
19 27 925
19 28 208
19 29 1025
19 30 1004
19 31 1151
19 32 695
19 33 747
19 34 447
19 35 798
19 36 1635
19 37 794
19 38 911
19 39 1587
19 40 746
19 41 863
19 42 1539
19 43 698
19 44 815
19 45 1491
19 46 650
19 47 767
19 48 1443
19 49 602
19 50 719
19 51 1395
19 52 554
19 53 671
19 54 1347
19 55 506
19 56 623
19 57 1299
19 58 458
19 59 575
19 60 1251
19 61 410
19 62 527
19 63 1203
19 64 362
19 65 479
19 66 1251
19 67 410
19 68 527
19 69 1299
19 70 458
19 71 575
19 72 1755
20 0 1454
20 1 990
20 2 569
20 3 938
20 4 907
20 5 730
20 6 821
20 7 1060
20 8 764
20 9 699
20 10 1025
20 11 569
20 12 881
20 13 473
20 14 1459
20 15 13
20 16 878
20 17 1271
20 18 1112
20 19 999
20 20 0
20 21 811
20 22 130
20 23 916
20 24 642
20 25 921
20 26 1042
20 27 746
20 28 1051
20 29 26
20 30 729
20 31 850
20 32 586
20 33 638
20 34 626
20 35 977
20 36 1334
20 37 493
20 38 636
20 39 1286
20 40 445
20 41 588
20 42 1238
20 43 397
20 44 540
20 45 1190
20 46 349
20 47 492
20 48 1238
20 49 397
20 50 540
20 51 1286
20 52 445
20 53 588
20 54 1334
20 55 493
20 56 636
20 57 1382
20 58 541
20 59 684
20 60 1430
20 61 589
20 62 732
20 63 1478
20 64 637
20 65 780
20 66 1526
20 67 685
20 68 828
20 69 1574
20 70 733
20 71 876
20 72 1454
21 0 643
21 1 1103
21 2 586
21 3 1051
21 4 924
21 5 843
21 6 1454
21 7 1173
21 8 781
21 9 716
21 10 1346
21 11 682
21 12 898
21 13 490
21 14 974
21 15 798
21 16 991
21 17 586
21 18 1225
21 19 1112
21 20 811
21 21 0
21 22 681
21 23 1263
21 24 659
21 25 1034
21 26 1103
21 27 1145
21 28 1320
21 29 837
21 30 1162
21 31 39
21 32 699
21 33 751
21 34 739
21 35 1090
21 36 523
21 37 510
21 38 1351
21 39 475
21 40 462
21 41 1303
21 42 427
21 43 414
21 44 1255
21 45 475
21 46 462
21 47 1303
21 48 523
21 49 510
21 50 1351
21 51 571
21 52 558
21 53 1399
21 54 619
21 55 606
21 56 1447
21 57 667
21 58 654
21 59 1495
21 60 715
21 61 702
21 62 1543
21 63 763
21 64 750
21 65 1591
21 66 811
21 67 798
21 68 1639
21 69 859
21 70 846
21 71 1687
21 72 643
22 0 1324
22 1 860
22 2 439
22 3 808
22 4 777
22 5 600
22 6 951
22 7 930
22 8 634
22 9 569
22 10 1103
22 11 439
22 12 751
22 13 343
22 14 1329
22 15 117
22 16 748
22 17 1141
22 18 982
22 19 869
22 20 130
22 21 681
22 22 0
22 23 1020
22 24 512
22 25 791
22 26 912
22 27 876
22 28 1077
22 29 156
22 30 859
22 31 720
22 32 456
22 33 508
22 34 496
22 35 847
22 36 1204
22 37 363
22 38 766
22 39 1156
22 40 315
22 41 718
22 42 1108
22 43 267
22 44 670
22 45 1060
22 46 219
22 47 622
22 48 1108
22 49 267
22 50 670
22 51 1156
22 52 315
22 53 718
22 54 1204
22 55 363
22 56 766
22 57 1252
22 58 411
22 59 814
22 60 1300
22 61 459
22 62 862
22 63 1348
22 64 507
22 65 910
22 66 1396
22 67 555
22 68 958
22 69 1444
22 70 603
22 71 1006
22 72 1324
23 0 1906
23 1 720
23 2 1021
23 3 1006
23 4 1359
23 5 798
23 6 369
23 7 1128
23 8 1138
23 9 1151
23 10 573
23 11 733
23 12 1021
23 13 925
23 14 1527
23 15 929
23 16 946
23 17 1723
23 18 790
23 19 807
23 20 916
23 21 1263
23 22 1020
23 23 0
23 24 1068
23 25 989
23 26 1110
23 27 582
23 28 599
23 29 890
23 30 661
23 31 1302
23 32 846
23 33 898
23 34 694
23 35 733
23 36 1786
23 37 945
23 38 568
23 39 1738
23 40 897
23 41 520
23 42 1690
23 43 849
23 44 472
23 45 1642
23 46 801
23 47 424
23 48 1594
23 49 753
23 50 376
23 51 1546
23 52 705
23 53 328
23 54 1498
23 55 657
23 56 280
23 57 1450
23 58 609
23 59 232
23 60 1498
23 61 657
23 62 280
23 63 1546
23 64 705
23 65 328
23 66 1594
23 67 753
23 68 376
23 69 1642
23 70 801
23 71 424
23 72 1906
24 0 1302
24 1 934
24 2 417
24 3 882
24 4 755
24 5 674
24 6 973
24 7 1004
24 8 612
24 9 547
24 10 1177
24 11 513
24 12 729
24 13 169
24 14 1403
24 15 629
24 16 822
24 17 1119
24 18 1056
24 19 943
24 20 642
24 21 659
24 22 512
24 23 1068
24 24 0
24 25 865
24 26 986
24 27 898
24 28 1151
24 29 668
24 30 785
24 31 698
24 32 530
24 33 582
24 34 570
24 35 921
24 36 1182
24 37 341
24 38 692
24 39 1134
24 40 293
24 41 644
24 42 1086
24 43 245
24 44 596
24 45 1134
24 46 293
24 47 644
24 48 1182
24 49 341
24 50 692
24 51 1230
24 52 389
24 53 740
24 54 1278
24 55 437
24 56 788
24 57 1326
24 58 485
24 59 836
24 60 1374
24 61 533
24 62 884
24 63 1422
24 64 581
24 65 932
24 66 1470
24 67 629
24 68 980
24 69 1518
24 70 677
24 71 1028
24 72 1302
25 0 1109
25 1 733
25 2 792
25 3 681
25 4 1130
25 5 473
25 6 1084
25 7 707
25 8 987
25 9 922
25 10 880
25 11 504
25 12 1104
25 13 696
25 14 768
25 15 908
25 16 525
25 17 1052
25 18 759
25 19 646
25 20 921
25 21 1034
25 22 791
25 23 989
25 24 865
25 25 0
25 26 785
25 27 1159
25 28 854
25 29 947
25 30 1368
25 31 1073
25 32 617
25 33 669
25 34 369
25 35 720
25 36 989
25 37 716
25 38 1557
25 39 941
25 40 668
25 41 1509
25 42 893
25 43 620
25 44 1461
25 45 845
25 46 572
25 47 1413
25 48 797
25 49 524
25 50 1365
25 51 749
25 52 476
25 53 1317
25 54 701
25 55 428
25 56 1269
25 57 653
25 58 380
25 59 1221
25 60 605
25 61 332
25 62 1173
25 63 557
25 64 284
25 65 1125
25 66 605
25 67 332
25 68 1173
25 69 653
25 70 380
25 71 1221
25 72 1109
26 0 892
26 1 854
26 2 913
26 3 104
26 4 1199
26 5 594
26 6 1205
26 7 924
26 8 1108
26 9 1043
26 10 1097
26 11 625
26 12 1225
26 13 817
26 14 647
26 15 1029
26 16 742
26 17 835
26 18 976
26 19 863
26 20 1042
26 21 1103
26 22 912
26 23 1110
26 24 986
26 25 785
26 26 0
26 27 1280
26 28 1071
26 29 1068
26 30 1489
26 31 1064
26 32 738
26 33 790
26 34 416
26 35 841
26 36 772
26 37 837
26 38 1678
26 39 724
26 40 789
26 41 1630
26 42 676
26 43 741
26 44 1582
26 45 628
26 46 693
26 47 1534
26 48 580
26 49 645
26 50 1486
26 51 532
26 52 597
26 53 1438
26 54 484
26 55 549
26 56 1390
26 57 436
26 58 501
26 59 1342
26 60 388
26 61 453
26 62 1294
26 63 436
26 64 501
26 65 1342
26 66 484
26 67 549
26 68 1390
26 69 532
26 70 597
26 71 1438
26 72 892
27 0 1788
27 1 838
27 2 903
27 3 1176
27 4 1241
27 5 968
27 6 487
27 7 1298
27 8 968
27 9 1033
27 10 691
27 11 807
27 12 851
27 13 807
27 14 1697
27 15 759
27 16 1116
27 17 1605
27 18 908
27 19 925
27 20 746
27 21 1145
27 22 876
27 23 582
27 24 898
27 25 1159
27 26 1280
27 27 0
27 28 717
27 29 720
27 30 491
27 31 1184
27 32 824
27 33 876
27 34 864
27 35 851
27 36 1668
27 37 827
27 38 398
27 39 1620
27 40 779
27 41 350
27 42 1572
27 43 731
27 44 302
27 45 1524
27 46 683
27 47 254
27 48 1476
27 49 635
27 50 206
27 51 1524
27 52 683
27 53 254
27 54 1572
27 55 731
27 56 302
27 57 1620
27 58 779
27 59 350
27 60 1668
27 61 827
27 62 398
27 63 1716
27 64 875
27 65 446
27 66 1764
27 67 923
27 68 494
27 69 1812
27 70 971
27 71 542
27 72 1788
28 0 1963
28 1 759
28 2 1078
28 3 967
28 4 1416
28 5 759
28 6 408
28 7 993
28 8 1273
28 9 1208
28 10 26
28 11 790
28 12 1156
28 13 982
28 14 1392
28 15 1064
28 16 811
28 17 1780
28 18 733
28 19 208
28 20 1051
28 21 1320
28 22 1077
28 23 599
28 24 1151
28 25 854
28 26 1071
28 27 717
28 28 0
28 29 1025
28 30 796
28 31 1359
28 32 903
28 33 955
28 34 655
28 35 772
28 36 1843
28 37 1002
28 38 703
28 39 1795
28 40 954
28 41 655
28 42 1747
28 43 906
28 44 607
28 45 1699
28 46 858
28 47 559
28 48 1651
28 49 810
28 50 511
28 51 1603
28 52 762
28 53 463
28 54 1555
28 55 714
28 56 415
28 57 1507
28 58 666
28 59 367
28 60 1459
28 61 618
28 62 319
28 63 1411
28 64 570
28 65 271
28 66 1459
28 67 618
28 68 319
28 69 1507
28 70 666
28 71 367
28 72 1963
29 0 1480
29 1 1016
29 2 595
29 3 964
29 4 933
29 5 756
29 6 795
29 7 1086
29 8 790
29 9 725
29 10 999
29 11 595
29 12 907
29 13 499
29 14 1485
29 15 39
29 16 904
29 17 1297
29 18 1138
29 19 1025
29 20 26
29 21 837
29 22 156
29 23 890
29 24 668
29 25 947
29 26 1068
29 27 720
29 28 1025
29 29 0
29 30 703
29 31 876
29 32 612
29 33 664
29 34 652
29 35 1003
29 36 1360
29 37 519
29 38 610
29 39 1312
29 40 471
29 41 562
29 42 1264
29 43 423
29 44 514
29 45 1216
29 46 375
29 47 466
29 48 1264
29 49 423
29 50 514
29 51 1312
29 52 471
29 53 562
29 54 1360
29 55 519
29 56 610
29 57 1408
29 58 567
29 59 658
29 60 1456
29 61 615
29 62 706
29 63 1504
29 64 663
29 65 754
29 66 1552
29 67 711
29 68 802
29 69 1600
29 70 759
29 71 850
29 72 1480
30 0 1709
30 1 917
30 2 824
30 3 1385
30 4 1162
30 5 1177
30 6 566
30 7 1507
30 8 759
30 9 954
30 10 770
30 11 1016
30 12 642
30 13 824
30 14 1906
30 15 742
30 16 1221
30 17 1526
30 18 987
30 19 1004
30 20 729
30 21 1162
30 22 859
30 23 661
30 24 785
30 25 1368
30 26 1489
30 27 491
30 28 796
30 29 703
30 30 0
30 31 1201
30 32 1033
30 33 1085
30 34 1073
30 35 930
30 36 1589
30 37 748
30 38 189
30 39 1541
30 40 700
30 41 141
30 42 1589
30 43 748
30 44 189
30 45 1637
30 46 796
30 47 237
30 48 1685
30 49 844
30 50 285
30 51 1733
30 52 892
30 53 333
30 54 1781
30 55 940
30 56 381
30 57 1829
30 58 988
30 59 429
30 60 1877
30 61 1036
30 62 477
30 63 1925
30 64 1084
30 65 525
30 66 1973
30 67 1132
30 68 573
30 69 2021
30 70 1180
30 71 621
30 72 1709
31 0 604
31 1 1142
31 2 625
31 3 1090
31 4 911
31 5 882
31 6 1493
31 7 1212
31 8 820
31 9 755
31 10 1385
31 11 721
31 12 937
31 13 529
31 14 935
31 15 837
31 16 1030
31 17 547
31 18 1264
31 19 1151
31 20 850
31 21 39
31 22 720
31 23 1302
31 24 698
31 25 1073
31 26 1064
31 27 1184
31 28 1359
31 29 876
31 30 1201
31 31 0
31 32 738
31 33 790
31 34 778
31 35 1129
31 36 484
31 37 549
31 38 1390
31 39 436
31 40 501
31 41 1342
31 42 388
31 43 453
31 44 1294
31 45 436
31 46 501
31 47 1342
31 48 484
31 49 549
31 50 1390
31 51 532
31 52 597
31 53 1438
31 54 580
31 55 645
31 56 1486
31 57 628
31 58 693
31 59 1534
31 60 676
31 61 741
31 62 1582
31 63 724
31 64 789
31 65 1630
31 66 772
31 67 837
31 68 1678
31 69 820
31 70 885
31 71 1726
31 72 604
32 0 1060
32 1 686
32 2 457
32 3 634
32 4 795
32 5 426
32 6 1037
32 7 756
32 8 652
32 9 587
32 10 929
32 11 265
32 12 769
32 13 361
32 14 1103
32 15 573
32 16 574
32 17 1003
32 18 808
32 19 695
32 20 586
32 21 699
32 22 456
32 23 846
32 24 530
32 25 617
32 26 738
32 27 824
32 28 903
32 29 612
32 30 1033
32 31 738
32 32 0
32 33 52
32 34 322
32 35 673
32 36 940
32 37 381
32 38 1222
32 39 892
32 40 333
32 41 1174
32 42 844
32 43 285
32 44 1126
32 45 796
32 46 237
32 47 1078
32 48 748
32 49 189
32 50 1030
32 51 700
32 52 141
32 53 982
32 54 748
32 55 189
32 56 1030
32 57 796
32 58 237
32 59 1078
32 60 844
32 61 285
32 62 1126
32 63 892
32 64 333
32 65 1174
32 66 940
32 67 381
32 68 1222
32 69 988
32 70 429
32 71 1270
32 72 1060
33 0 1008
33 1 738
33 2 509
33 3 686
33 4 847
33 5 478
33 6 1089
33 7 808
33 8 704
33 9 639
33 10 981
33 11 317
33 12 821
33 13 413
33 14 1051
33 15 625
33 16 626
33 17 951
33 18 860
33 19 747
33 20 638
33 21 751
33 22 508
33 23 898
33 24 582
33 25 669
33 26 790
33 27 876
33 28 955
33 29 664
33 30 1085
33 31 790
33 32 52
33 33 0
33 34 374
33 35 725
33 36 888
33 37 433
33 38 1274
33 39 840
33 40 385
33 41 1226
33 42 792
33 43 337
33 44 1178
33 45 744
33 46 289
33 47 1130
33 48 696
33 49 241
33 50 1082
33 51 648
33 52 193
33 53 1034
33 54 696
33 55 241
33 56 1082
33 57 744
33 58 289
33 59 1130
33 60 792
33 61 337
33 62 1178
33 63 840
33 64 385
33 65 1226
33 66 888
33 67 433
33 68 1274
33 69 936
33 70 481
33 71 1322
33 72 1008
34 0 1308
34 1 438
34 2 497
34 3 312
34 4 835
34 5 178
34 6 789
34 7 508
34 8 692
34 9 627
34 10 681
34 11 209
34 12 809
34 13 401
34 14 907
34 15 613
34 16 326
34 17 1199
34 18 560
34 19 447
34 20 626
34 21 739
34 22 496
34 23 694
34 24 570
34 25 369
34 26 416
34 27 864
34 28 655
34 29 652
34 30 1073
34 31 778
34 32 322
34 33 374
34 34 0
34 35 425
34 36 1188
34 37 421
34 38 1262
34 39 1140
34 40 373
34 41 1214
34 42 1092
34 43 325
34 44 1166
34 45 1044
34 46 277
34 47 1118
34 48 996
34 49 229
34 50 1070
34 51 948
34 52 181
34 53 1022
34 54 900
34 55 133
34 56 974
34 57 852
34 58 85
34 59 926
34 60 804
34 61 37
34 62 878
34 63 852
34 64 85
34 65 926
34 66 900
34 67 133
34 68 974
34 69 948
34 70 181
34 71 1022
34 72 1308
35 0 1733
35 1 13
35 2 848
35 3 737
35 4 1186
35 5 247
35 6 364
35 7 859
35 8 1043
35 9 978
35 10 746
35 11 560
35 12 1160
35 13 752
35 14 1258
35 15 964
35 16 677
35 17 1550
35 18 911
35 19 798
35 20 977
35 21 1090
35 22 847
35 23 733
35 24 921
35 25 720
35 26 841
35 27 851
35 28 772
35 29 1003
35 30 930
35 31 1129
35 32 673
35 33 725
35 34 425
35 35 0
35 36 1613
35 37 772
35 38 837
35 39 1565
35 40 724
35 41 789
35 42 1517
35 43 676
35 44 741
35 45 1469
35 46 628
35 47 693
35 48 1421
35 49 580
35 50 645
35 51 1373
35 52 532
35 53 597
35 54 1325
35 55 484
35 56 549
35 57 1277
35 58 436
35 59 501
35 60 1229
35 61 388
35 62 453
35 63 1277
35 64 436
35 65 501
35 66 1325
35 67 484
35 68 549
35 69 1373
35 70 532
35 71 597
35 72 1733
36 0 120
36 1 1626
36 2 917
36 3 876
36 4 427
36 5 1366
36 6 1977
36 7 946
36 8 1112
36 9 635
36 10 1869
36 11 1205
36 12 1229
36 13 1013
36 14 643
36 15 1321
36 16 1514
36 17 63
36 18 1748
36 19 1635
36 20 1334
36 21 523
36 22 1204
36 23 1786
36 24 1182
36 25 989
36 26 772
36 27 1668
36 28 1843
36 29 1360
36 30 1589
36 31 484
36 32 940
36 33 888
36 34 1188
36 35 1613
36 36 0
36 37 841
36 38 1682
36 39 48
36 40 889
36 41 1730
36 42 96
36 43 937
36 44 1778
36 45 144
36 46 985
36 47 1826
36 48 192
36 49 1033
36 50 1874
36 51 240
36 52 1081
36 53 1922
36 54 288
36 55 1129
36 56 1970
36 57 336
36 58 1177
36 59 2018
36 60 384
36 61 1225
36 62 2066
36 63 432
36 64 1273
36 65 2114
36 66 480
36 67 1321
36 68 2162
36 69 528
36 70 1369
36 71 2210
36 72 120
37 0 961
37 1 785
37 2 76
37 3 733
37 4 414
37 5 525
37 6 1136
37 7 855
37 8 271
37 9 206
37 10 1028
37 11 364
37 12 388
37 13 172
37 14 1254
37 15 480
37 16 673
37 17 778
37 18 907
37 19 794
37 20 493
37 21 510
37 22 363
37 23 945
37 24 341
37 25 716
37 26 837
37 27 827
37 28 1002
37 29 519
37 30 748
37 31 549
37 32 381
37 33 433
37 34 421
37 35 772
37 36 841
37 37 0
37 38 841
37 39 889
37 40 48
37 41 889
37 42 937
37 43 96
37 44 937
37 45 985
37 46 144
37 47 985
37 48 1033
37 49 192
37 50 1033
37 51 1081
37 52 240
37 53 1081
37 54 1129
37 55 288
37 56 1129
37 57 1177
37 58 336
37 59 1177
37 60 1225
37 61 384
37 62 1225
37 63 1273
37 64 432
37 65 1273
37 66 1321
37 67 480
37 68 1321
37 69 1369
37 70 528
37 71 1369
37 72 961
38 0 1802
38 1 824
38 2 765
38 3 1574
38 4 1255
38 5 1084
38 6 473
38 7 1696
38 8 570
38 9 1047
38 10 677
38 11 1053
38 12 453
38 13 861
38 14 2095
38 15 649
38 16 1128
38 17 1619
38 18 894
38 19 911
38 20 636
38 21 1351
38 22 766
38 23 568
38 24 692
38 25 1557
38 26 1678
38 27 398
38 28 703
38 29 610
38 30 189
38 31 1390
38 32 1222
38 33 1274
38 34 1262
38 35 837
38 36 1682
38 37 841
38 38 0
38 39 1730
38 40 889
38 41 48
38 42 1778
38 43 937
38 44 96
38 45 1826
38 46 985
38 47 144
38 48 1874
38 49 1033
38 50 192
38 51 1922
38 52 1081
38 53 240
38 54 1970
38 55 1129
38 56 288
38 57 2018
38 58 1177
38 59 336
38 60 2066
38 61 1225
38 62 384
38 63 2114
38 64 1273
38 65 432
38 66 2162
38 67 1321
38 68 480
38 69 2210
38 70 1369
38 71 528
38 72 1802
39 0 168
39 1 1578
39 2 965
39 3 828
39 4 475
39 5 1318
39 6 1929
39 7 898
39 8 1160
39 9 683
39 10 1821
39 11 1157
39 12 1277
39 13 965
39 14 595
39 15 1273
39 16 1466
39 17 111
39 18 1700
39 19 1587
39 20 1286
39 21 475
39 22 1156
39 23 1738
39 24 1134
39 25 941
39 26 724
39 27 1620
39 28 1795
39 29 1312
39 30 1541
39 31 436
39 32 892
39 33 840
39 34 1140
39 35 1565
39 36 48
39 37 889
39 38 1730
39 39 0
39 40 841
39 41 1682
39 42 48
39 43 889
39 44 1730
39 45 96
39 46 937
39 47 1778
39 48 144
39 49 985
39 50 1826
39 51 192
39 52 1033
39 53 1874
39 54 240
39 55 1081
39 56 1922
39 57 288
39 58 1129
39 59 1970
39 60 336
39 61 1177
39 62 2018
39 63 384
39 64 1225
39 65 2066
39 66 432
39 67 1273
39 68 2114
39 69 480
39 70 1321
39 71 2162
39 72 168
40 0 1009
40 1 737
40 2 124
40 3 685
40 4 462
40 5 477
40 6 1088
40 7 807
40 8 319
40 9 254
40 10 980
40 11 316
40 12 436
40 13 124
40 14 1206
40 15 432
40 16 625
40 17 826
40 18 859
40 19 746
40 20 445
40 21 462
40 22 315
40 23 897
40 24 293
40 25 668
40 26 789
40 27 779
40 28 954
40 29 471
40 30 700
40 31 501
40 32 333
40 33 385
40 34 373
40 35 724
40 36 889
40 37 48
40 38 889
40 39 841
40 40 0
40 41 841
40 42 889
40 43 48
40 44 889
40 45 937
40 46 96
40 47 937
40 48 985
40 49 144
40 50 985
40 51 1033
40 52 192
40 53 1033
40 54 1081
40 55 240
40 56 1081
40 57 1129
40 58 288
40 59 1129
40 60 1177
40 61 336
40 62 1177
40 63 1225
40 64 384
40 65 1225
40 66 1273
40 67 432
40 68 1273
40 69 1321
40 70 480
40 71 1321
40 72 1009
41 0 1850
41 1 776
41 2 813
41 3 1526
41 4 1303
41 5 1036
41 6 425
41 7 1648
41 8 618
41 9 1095
41 10 629
41 11 1005
41 12 501
41 13 813
41 14 2047
41 15 601
41 16 1080
41 17 1667
41 18 846
41 19 863
41 20 588
41 21 1303
41 22 718
41 23 520
41 24 644
41 25 1509
41 26 1630
41 27 350
41 28 655
41 29 562
41 30 141
41 31 1342
41 32 1174
41 33 1226
41 34 1214
41 35 789
41 36 1730
41 37 889
41 38 48
41 39 1682
41 40 841
41 41 0
41 42 1730
41 43 889
41 44 48
41 45 1778
41 46 937
41 47 96
41 48 1826
41 49 985
41 50 144
41 51 1874
41 52 1033
41 53 192
41 54 1922
41 55 1081
41 56 240
41 57 1970
41 58 1129
41 59 288
41 60 2018
41 61 1177
41 62 336
41 63 2066
41 64 1225
41 65 384
41 66 2114
41 67 1273
41 68 432
41 69 2162
41 70 1321
41 71 480
41 72 1850
42 0 216
42 1 1530
42 2 1013
42 3 780
42 4 523
42 5 1270
42 6 1881
42 7 850
42 8 1208
42 9 731
42 10 1773
42 11 1109
42 12 1325
42 13 917
42 14 547
42 15 1225
42 16 1418
42 17 159
42 18 1652
42 19 1539
42 20 1238
42 21 427
42 22 1108
42 23 1690
42 24 1086
42 25 893
42 26 676
42 27 1572
42 28 1747
42 29 1264
42 30 1589
42 31 388
42 32 844
42 33 792
42 34 1092
42 35 1517
42 36 96
42 37 937
42 38 1778
42 39 48
42 40 889
42 41 1730
42 42 0
42 43 841
42 44 1682
42 45 48
42 46 889
42 47 1730
42 48 96
42 49 937
42 50 1778
42 51 144
42 52 985
42 53 1826
42 54 192
42 55 1033
42 56 1874
42 57 240
42 58 1081
42 59 1922
42 60 288
42 61 1129
42 62 1970
42 63 336
42 64 1177
42 65 2018
42 66 384
42 67 1225
42 68 2066
42 69 432
42 70 1273
42 71 2114
42 72 216
43 0 1057
43 1 689
43 2 172
43 3 637
43 4 510
43 5 429
43 6 1040
43 7 759
43 8 367
43 9 302
43 10 932
43 11 268
43 12 484
43 13 76
43 14 1158
43 15 384
43 16 577
43 17 874
43 18 811
43 19 698
43 20 397
43 21 414
43 22 267
43 23 849
43 24 245
43 25 620
43 26 741
43 27 731
43 28 906
43 29 423
43 30 748
43 31 453
43 32 285
43 33 337
43 34 325
43 35 676
43 36 937
43 37 96
43 38 937
43 39 889
43 40 48
43 41 889
43 42 841
43 43 0
43 44 841
43 45 889
43 46 48
43 47 889
43 48 937
43 49 96
43 50 937
43 51 985
43 52 144
43 53 985
43 54 1033
43 55 192
43 56 1033
43 57 1081
43 58 240
43 59 1081
43 60 1129
43 61 288
43 62 1129
43 63 1177
43 64 336
43 65 1177
43 66 1225
43 67 384
43 68 1225
43 69 1273
43 70 432
43 71 1273
43 72 1057
44 0 1898
44 1 728
44 2 861
44 3 1478
44 4 1351
44 5 988
44 6 377
44 7 1600
44 8 666
44 9 1143
44 10 581
44 11 957
44 12 549
44 13 765
44 14 1999
44 15 553
44 16 1032
44 17 1715
44 18 798
44 19 815
44 20 540
44 21 1255
44 22 670
44 23 472
44 24 596
44 25 1461
44 26 1582
44 27 302
44 28 607
44 29 514
44 30 189
44 31 1294
44 32 1126
44 33 1178
44 34 1166
44 35 741
44 36 1778
44 37 937
44 38 96
44 39 1730
44 40 889
44 41 48
44 42 1682
44 43 841
44 44 0
44 45 1730
44 46 889
44 47 48
44 48 1778
44 49 937
44 50 96
44 51 1826
44 52 985
44 53 144
44 54 1874
44 55 1033
44 56 192
44 57 1922
44 58 1081
44 59 240
44 60 1970
44 61 1129
44 62 288
44 63 2018
44 64 1177
44 65 336
44 66 2066
44 67 1225
44 68 384
44 69 2114
44 70 1273
44 71 432
44 72 1898
45 0 264
45 1 1482
45 2 1061
45 3 732
45 4 571
45 5 1222
45 6 1833
45 7 802
45 8 1256
45 9 779
45 10 1725
45 11 1061
45 12 1373
45 13 965
45 14 499
45 15 1177
45 16 1370
45 17 207
45 18 1604
45 19 1491
45 20 1190
45 21 475
45 22 1060
45 23 1642
45 24 1134
45 25 845
45 26 628
45 27 1524
45 28 1699
45 29 1216
45 30 1637
45 31 436
45 32 796
45 33 744
45 34 1044
45 35 1469
45 36 144
45 37 985
45 38 1826
45 39 96
45 40 937
45 41 1778
45 42 48
45 43 889
45 44 1730
45 45 0
45 46 841
45 47 1682
45 48 48
45 49 889
45 50 1730
45 51 96
45 52 937
45 53 1778
45 54 144
45 55 985
45 56 1826
45 57 192
45 58 1033
45 59 1874
45 60 240
45 61 1081
45 62 1922
45 63 288
45 64 1129
45 65 1970
45 66 336
45 67 1177
45 68 2018
45 69 384
45 70 1225
45 71 2066
45 72 264
46 0 1105
46 1 641
46 2 220
46 3 589
46 4 558
46 5 381
46 6 992
46 7 711
46 8 415
46 9 350
46 10 884
46 11 220
46 12 532
46 13 124
46 14 1110
46 15 336
46 16 529
46 17 922
46 18 763
46 19 650
46 20 349
46 21 462
46 22 219
46 23 801
46 24 293
46 25 572
46 26 693
46 27 683
46 28 858
46 29 375
46 30 796
46 31 501
46 32 237
46 33 289
46 34 277
46 35 628
46 36 985
46 37 144
46 38 985
46 39 937
46 40 96
46 41 937
46 42 889
46 43 48
46 44 889
46 45 841
46 46 0
46 47 841
46 48 889
46 49 48
46 50 889
46 51 937
46 52 96
46 53 937
46 54 985
46 55 144
46 56 985
46 57 1033
46 58 192
46 59 1033
46 60 1081
46 61 240
46 62 1081
46 63 1129
46 64 288
46 65 1129
46 66 1177
46 67 336
46 68 1177
46 69 1225
46 70 384
46 71 1225
46 72 1105
47 0 1946
47 1 680
47 2 909
47 3 1430
47 4 1399
47 5 940
47 6 329
47 7 1552
47 8 714
47 9 1191
47 10 533
47 11 909
47 12 597
47 13 813
47 14 1951
47 15 505
47 16 984
47 17 1763
47 18 750
47 19 767
47 20 492
47 21 1303
47 22 622
47 23 424
47 24 644
47 25 1413
47 26 1534
47 27 254
47 28 559
47 29 466
47 30 237
47 31 1342
47 32 1078
47 33 1130
47 34 1118
47 35 693
47 36 1826
47 37 985
47 38 144
47 39 1778
47 40 937
47 41 96
47 42 1730
47 43 889
47 44 48
47 45 1682
47 46 841
47 47 0
47 48 1730
47 49 889
47 50 48
47 51 1778
47 52 937
47 53 96
47 54 1826
47 55 985
47 56 144
47 57 1874
47 58 1033
47 59 192
47 60 1922
47 61 1081
47 62 240
47 63 1970
47 64 1129
47 65 288
47 66 2018
47 67 1177
47 68 336
47 69 2066
47 70 1225
47 71 384
47 72 1946
48 0 312
48 1 1434
48 2 1109
48 3 684
48 4 619
48 5 1174
48 6 1785
48 7 754
48 8 1304
48 9 827
48 10 1677
48 11 1013
48 12 1421
48 13 1013
48 14 451
48 15 1225
48 16 1322
48 17 255
48 18 1556
48 19 1443
48 20 1238
48 21 523
48 22 1108
48 23 1594
48 24 1182
48 25 797
48 26 580
48 27 1476
48 28 1651
48 29 1264
48 30 1685
48 31 484
48 32 748
48 33 696
48 34 996
48 35 1421
48 36 192
48 37 1033
48 38 1874
48 39 144
48 40 985
48 41 1826
48 42 96
48 43 937
48 44 1778
48 45 48
48 46 889
48 47 1730
48 48 0
48 49 841
48 50 1682
48 51 48
48 52 889
48 53 1730
48 54 96
48 55 937
48 56 1778
48 57 144
48 58 985
48 59 1826
48 60 192
48 61 1033
48 62 1874
48 63 240
48 64 1081
48 65 1922
48 66 288
48 67 1129
48 68 1970
48 69 336
48 70 1177
48 71 2018
48 72 312
49 0 1153
49 1 593
49 2 268
49 3 541
49 4 606
49 5 333
49 6 944
49 7 663
49 8 463
49 9 398
49 10 836
49 11 172
49 12 580
49 13 172
49 14 1062
49 15 384
49 16 481
49 17 970
49 18 715
49 19 602
49 20 397
49 21 510
49 22 267
49 23 753
49 24 341
49 25 524
49 26 645
49 27 635
49 28 810
49 29 423
49 30 844
49 31 549
49 32 189
49 33 241
49 34 229
49 35 580
49 36 1033
49 37 192
49 38 1033
49 39 985
49 40 144
49 41 985
49 42 937
49 43 96
49 44 937
49 45 889
49 46 48
49 47 889
49 48 841
49 49 0
49 50 841
49 51 889
49 52 48
49 53 889
49 54 937
49 55 96
49 56 937
49 57 985
49 58 144
49 59 985
49 60 1033
49 61 192
49 62 1033
49 63 1081
49 64 240
49 65 1081
49 66 1129
49 67 288
49 68 1129
49 69 1177
49 70 336
49 71 1177
49 72 1153
50 0 1994
50 1 632
50 2 957
50 3 1382
50 4 1447
50 5 892
50 6 281
50 7 1504
50 8 762
50 9 1239
50 10 485
50 11 861
50 12 645
50 13 861
50 14 1903
50 15 553
50 16 936
50 17 1811
50 18 702
50 19 719
50 20 540
50 21 1351
50 22 670
50 23 376
50 24 692
50 25 1365
50 26 1486
50 27 206
50 28 511
50 29 514
50 30 285
50 31 1390
50 32 1030
50 33 1082
50 34 1070
50 35 645
50 36 1874
50 37 1033
50 38 192
50 39 1826
50 40 985
50 41 144
50 42 1778
50 43 937
50 44 96
50 45 1730
50 46 889
50 47 48
50 48 1682
50 49 841
50 50 0
50 51 1730
50 52 889
50 53 48
50 54 1778
50 55 937
50 56 96
50 57 1826
50 58 985
50 59 144
50 60 1874
50 61 1033
50 62 192
50 63 1922
50 64 1081
50 65 240
50 66 1970
50 67 1129
50 68 288
50 69 2018
50 70 1177
50 71 336
50 72 1994
51 0 360
51 1 1386
51 2 1157
51 3 636
51 4 667
51 5 1126
51 6 1737
51 7 706
51 8 1352
51 9 875
51 10 1629
51 11 965
51 12 1469
51 13 1061
51 14 403
51 15 1273
51 16 1274
51 17 303
51 18 1508
51 19 1395
51 20 1286
51 21 571
51 22 1156
51 23 1546
51 24 1230
51 25 749
51 26 532
51 27 1524
51 28 1603
51 29 1312
51 30 1733
51 31 532
51 32 700
51 33 648
51 34 948
51 35 1373
51 36 240
51 37 1081
51 38 1922
51 39 192
51 40 1033
51 41 1874
51 42 144
51 43 985
51 44 1826
51 45 96
51 46 937
51 47 1778
51 48 48
51 49 889
51 50 1730
51 51 0
51 52 841
51 53 1682
51 54 48
51 55 889
51 56 1730
51 57 96
51 58 937
51 59 1778
51 60 144
51 61 985
51 62 1826
51 63 192
51 64 1033
51 65 1874
51 66 240
51 67 1081
51 68 1922
51 69 288
51 70 1129
51 71 1970
51 72 360
52 0 1201
52 1 545
52 2 316
52 3 493
52 4 654
52 5 285
52 6 896
52 7 615
52 8 511
52 9 446
52 10 788
52 11 124
52 12 628
52 13 220
52 14 1014
52 15 432
52 16 433
52 17 1018
52 18 667
52 19 554
52 20 445
52 21 558
52 22 315
52 23 705
52 24 389
52 25 476
52 26 597
52 27 683
52 28 762
52 29 471
52 30 892
52 31 597
52 32 141
52 33 193
52 34 181
52 35 532
52 36 1081
52 37 240
52 38 1081
52 39 1033
52 40 192
52 41 1033
52 42 985
52 43 144
52 44 985
52 45 937
52 46 96
52 47 937
52 48 889
52 49 48
52 50 889
52 51 841
52 52 0
52 53 841
52 54 889
52 55 48
52 56 889
52 57 937
52 58 96
52 59 937
52 60 985
52 61 144
52 62 985
52 63 1033
52 64 192
52 65 1033
52 66 1081
52 67 240
52 68 1081
52 69 1129
52 70 288
52 71 1129
52 72 1201
53 0 2042
53 1 584
53 2 1005
53 3 1334
53 4 1495
53 5 844
53 6 233
53 7 1456
53 8 810
53 9 1287
53 10 437
53 11 813
53 12 693
53 13 909
53 14 1855
53 15 601
53 16 888
53 17 1859
53 18 654
53 19 671
53 20 588
53 21 1399
53 22 718
53 23 328
53 24 740
53 25 1317
53 26 1438
53 27 254
53 28 463
53 29 562
53 30 333
53 31 1438
53 32 982
53 33 1034
53 34 1022
53 35 597
53 36 1922
53 37 1081
53 38 240
53 39 1874
53 40 1033
53 41 192
53 42 1826
53 43 985
53 44 144
53 45 1778
53 46 937
53 47 96
53 48 1730
53 49 889
53 50 48
53 51 1682
53 52 841
53 53 0
53 54 1730
53 55 889
53 56 48
53 57 1778
53 58 937
53 59 96
53 60 1826
53 61 985
53 62 144
53 63 1874
53 64 1033
53 65 192
53 66 1922
53 67 1081
53 68 240
53 69 1970
53 70 1129
53 71 288
53 72 2042
54 0 408
54 1 1338
54 2 1205
54 3 588
54 4 715
54 5 1078
54 6 1689
54 7 658
54 8 1400
54 9 923
54 10 1581
54 11 917
54 12 1517
54 13 1109
54 14 355
54 15 1321
54 16 1226
54 17 351
54 18 1460
54 19 1347
54 20 1334
54 21 619
54 22 1204
54 23 1498
54 24 1278
54 25 701
54 26 484
54 27 1572
54 28 1555
54 29 1360
54 30 1781
54 31 580
54 32 748
54 33 696
54 34 900
54 35 1325
54 36 288
54 37 1129
54 38 1970
54 39 240
54 40 1081
54 41 1922
54 42 192
54 43 1033
54 44 1874
54 45 144
54 46 985
54 47 1826
54 48 96
54 49 937
54 50 1778
54 51 48
54 52 889
54 53 1730
54 54 0
54 55 841
54 56 1682
54 57 48
54 58 889
54 59 1730
54 60 96
54 61 937
54 62 1778
54 63 144
54 64 985
54 65 1826
54 66 192
54 67 1033
54 68 1874
54 69 240
54 70 1081
54 71 1922
54 72 408
55 0 1249
55 1 497
55 2 364
55 3 445
55 4 702
55 5 237
55 6 848
55 7 567
55 8 559
55 9 494
55 10 740
55 11 76
55 12 676
55 13 268
55 14 966
55 15 480
55 16 385
55 17 1066
55 18 619
55 19 506
55 20 493
55 21 606
55 22 363
55 23 657
55 24 437
55 25 428
55 26 549
55 27 731
55 28 714
55 29 519
55 30 940
55 31 645
55 32 189
55 33 241
55 34 133
55 35 484
55 36 1129
55 37 288
55 38 1129
55 39 1081
55 40 240
55 41 1081
55 42 1033
55 43 192
55 44 1033
55 45 985
55 46 144
55 47 985
55 48 937
55 49 96
55 50 937
55 51 889
55 52 48
55 53 889
55 54 841
55 55 0
55 56 841
55 57 889
55 58 48
55 59 889
55 60 937
55 61 96
55 62 937
55 63 985
55 64 144
55 65 985
55 66 1033
55 67 192
55 68 1033
55 69 1081
55 70 240
55 71 1081
55 72 1249
56 0 2090
56 1 536
56 2 1053
56 3 1286
56 4 1543
56 5 796
56 6 185
56 7 1408
56 8 858
56 9 1335
56 10 389
56 11 765
56 12 741
56 13 957
56 14 1807
56 15 649
56 16 840
56 17 1907
56 18 606
56 19 623
56 20 636
56 21 1447
56 22 766
56 23 280
56 24 788
56 25 1269
56 26 1390
56 27 302
56 28 415
56 29 610
56 30 381
56 31 1486
56 32 1030
56 33 1082
56 34 974
56 35 549
56 36 1970
56 37 1129
56 38 288
56 39 1922
56 40 1081
56 41 240
56 42 1874
56 43 1033
56 44 192
56 45 1826
56 46 985
56 47 144
56 48 1778
56 49 937
56 50 96
56 51 1730
56 52 889
56 53 48
56 54 1682
56 55 841
56 56 0
56 57 1730
56 58 889
56 59 48
56 60 1778
56 61 937
56 62 96
56 63 1826
56 64 985
56 65 144
56 66 1874
56 67 1033
56 68 192
56 69 1922
56 70 1081
56 71 240
56 72 2090
57 0 456
57 1 1290
57 2 1253
57 3 540
57 4 763
57 5 1030
57 6 1641
57 7 610
57 8 1448
57 9 971
57 10 1533
57 11 965
57 12 1565
57 13 1157
57 14 307
57 15 1369
57 16 1178
57 17 399
57 18 1412
57 19 1299
57 20 1382
57 21 667
57 22 1252
57 23 1450
57 24 1326
57 25 653
57 26 436
57 27 1620
57 28 1507
57 29 1408
57 30 1829
57 31 628
57 32 796
57 33 744
57 34 852
57 35 1277
57 36 336
57 37 1177
57 38 2018
57 39 288
57 40 1129
57 41 1970
57 42 240
57 43 1081
57 44 1922
57 45 192
57 46 1033
57 47 1874
57 48 144
57 49 985
57 50 1826
57 51 96
57 52 937
57 53 1778
57 54 48
57 55 889
57 56 1730
57 57 0
57 58 841
57 59 1682
57 60 48
57 61 889
57 62 1730
57 63 96
57 64 937
57 65 1778
57 66 144
57 67 985
57 68 1826
57 69 192
57 70 1033
57 71 1874
57 72 456
58 0 1297
58 1 449
58 2 412
58 3 397
58 4 750
58 5 189
58 6 800
58 7 519
58 8 607
58 9 542
58 10 692
58 11 124
58 12 724
58 13 316
58 14 918
58 15 528
58 16 337
58 17 1114
58 18 571
58 19 458
58 20 541
58 21 654
58 22 411
58 23 609
58 24 485
58 25 380
58 26 501
58 27 779
58 28 666
58 29 567
58 30 988
58 31 693
58 32 237
58 33 289
58 34 85
58 35 436
58 36 1177
58 37 336
58 38 1177
58 39 1129
58 40 288
58 41 1129
58 42 1081
58 43 240
58 44 1081
58 45 1033
58 46 192
58 47 1033
58 48 985
58 49 144
58 50 985
58 51 937
58 52 96
58 53 937
58 54 889
58 55 48
58 56 889
58 57 841
58 58 0
58 59 841
58 60 889
58 61 48
58 62 889
58 63 937
58 64 96
58 65 937
58 66 985
58 67 144
58 68 985
58 69 1033
58 70 192
58 71 1033
58 72 1297
59 0 2138
59 1 488
59 2 1101
59 3 1238
59 4 1591
59 5 748
59 6 137
59 7 1360
59 8 906
59 9 1383
59 10 341
59 11 813
59 12 789
59 13 1005
59 14 1759
59 15 697
59 16 792
59 17 1955
59 18 558
59 19 575
59 20 684
59 21 1495
59 22 814
59 23 232
59 24 836
59 25 1221
59 26 1342
59 27 350
59 28 367
59 29 658
59 30 429
59 31 1534
59 32 1078
59 33 1130
59 34 926
59 35 501
59 36 2018
59 37 1177
59 38 336
59 39 1970
59 40 1129
59 41 288
59 42 1922
59 43 1081
59 44 240
59 45 1874
59 46 1033
59 47 192
59 48 1826
59 49 985
59 50 144
59 51 1778
59 52 937
59 53 96
59 54 1730
59 55 889
59 56 48
59 57 1682
59 58 841
59 59 0
59 60 1730
59 61 889
59 62 48
59 63 1778
59 64 937
59 65 96
59 66 1826
59 67 985
59 68 144
59 69 1874
59 70 1033
59 71 192
59 72 2138
60 0 504
60 1 1242
60 2 1301
60 3 492
60 4 811
60 5 982
60 6 1593
60 7 562
60 8 1496
60 9 1019
60 10 1485
60 11 1013
60 12 1613
60 13 1205
60 14 259
60 15 1417
60 16 1130
60 17 447
60 18 1364
60 19 1251
60 20 1430
60 21 715
60 22 1300
60 23 1498
60 24 1374
60 25 605
60 26 388
60 27 1668
60 28 1459
60 29 1456
60 30 1877
60 31 676
60 32 844
60 33 792
60 34 804
60 35 1229
60 36 384
60 37 1225
60 38 2066
60 39 336
60 40 1177
60 41 2018
60 42 288
60 43 1129
60 44 1970
60 45 240
60 46 1081
60 47 1922
60 48 192
60 49 1033
60 50 1874
60 51 144
60 52 985
60 53 1826
60 54 96
60 55 937
60 56 1778
60 57 48
60 58 889
60 59 1730
60 60 0
60 61 841
60 62 1682
60 63 48
60 64 889
60 65 1730
60 66 96
60 67 937
60 68 1778
60 69 144
60 70 985
60 71 1826
60 72 504
61 0 1345
61 1 401
61 2 460
61 3 349
61 4 798
61 5 141
61 6 752
61 7 471
61 8 655
61 9 590
61 10 644
61 11 172
61 12 772
61 13 364
61 14 870
61 15 576
61 16 289
61 17 1162
61 18 523
61 19 410
61 20 589
61 21 702
61 22 459
61 23 657
61 24 533
61 25 332
61 26 453
61 27 827
61 28 618
61 29 615
61 30 1036
61 31 741
61 32 285
61 33 337
61 34 37
61 35 388
61 36 1225
61 37 384
61 38 1225
61 39 1177
61 40 336
61 41 1177
61 42 1129
61 43 288
61 44 1129
61 45 1081
61 46 240
61 47 1081
61 48 1033
61 49 192
61 50 1033
61 51 985
61 52 144
61 53 985
61 54 937
61 55 96
61 56 937
61 57 889
61 58 48
61 59 889
61 60 841
61 61 0
61 62 841
61 63 889
61 64 48
61 65 889
61 66 937
61 67 96
61 68 937
61 69 985
61 70 144
61 71 985
61 72 1345
62 0 2186
62 1 440
62 2 1149
62 3 1190
62 4 1639
62 5 700
62 6 89
62 7 1312
62 8 954
62 9 1431
62 10 293
62 11 861
62 12 837
62 13 1053
62 14 1711
62 15 745
62 16 744
62 17 2003
62 18 510
62 19 527
62 20 732
62 21 1543
62 22 862
62 23 280
62 24 884
62 25 1173
62 26 1294
62 27 398
62 28 319
62 29 706
62 30 477
62 31 1582
62 32 1126
62 33 1178
62 34 878
62 35 453
62 36 2066
62 37 1225
62 38 384
62 39 2018
62 40 1177
62 41 336
62 42 1970
62 43 1129
62 44 288
62 45 1922
62 46 1081
62 47 240
62 48 1874
62 49 1033
62 50 192
62 51 1826
62 52 985
62 53 144
62 54 1778
62 55 937
62 56 96
62 57 1730
62 58 889
62 59 48
62 60 1682
62 61 841
62 62 0
62 63 1730
62 64 889
62 65 48
62 66 1778
62 67 937
62 68 96
62 69 1826
62 70 985
62 71 144
62 72 2186
63 0 552
63 1 1290
63 2 1349
63 3 540
63 4 859
63 5 1030
63 6 1641
63 7 514
63 8 1544
63 9 1067
63 10 1437
63 11 1061
63 12 1661
63 13 1253
63 14 211
63 15 1465
63 16 1082
63 17 495
63 18 1316
63 19 1203
63 20 1478
63 21 763
63 22 1348
63 23 1546
63 24 1422
63 25 557
63 26 436
63 27 1716
63 28 1411
63 29 1504
63 30 1925
63 31 724
63 32 892
63 33 840
63 34 852
63 35 1277
63 36 432
63 37 1273
63 38 2114
63 39 384
63 40 1225
63 41 2066
63 42 336
63 43 1177
63 44 2018
63 45 288
63 46 1129
63 47 1970
63 48 240
63 49 1081
63 50 1922
63 51 192
63 52 1033
63 53 1874
63 54 144
63 55 985
63 56 1826
63 57 96
63 58 937
63 59 1778
63 60 48
63 61 889
63 62 1730
63 63 0
63 64 841
63 65 1682
63 66 48
63 67 889
63 68 1730
63 69 96
63 70 937
63 71 1778
63 72 552
64 0 1393
64 1 449
64 2 508
64 3 397
64 4 846
64 5 189
64 6 800
64 7 423
64 8 703
64 9 638
64 10 596
64 11 220
64 12 820
64 13 412
64 14 822
64 15 624
64 16 241
64 17 1210
64 18 475
64 19 362
64 20 637
64 21 750
64 22 507
64 23 705
64 24 581
64 25 284
64 26 501
64 27 875
64 28 570
64 29 663
64 30 1084
64 31 789
64 32 333
64 33 385
64 34 85
64 35 436
64 36 1273
64 37 432
64 38 1273
64 39 1225
64 40 384
64 41 1225
64 42 1177
64 43 336
64 44 1177
64 45 1129
64 46 288
64 47 1129
64 48 1081
64 49 240
64 50 1081
64 51 1033
64 52 192
64 53 1033
64 54 985
64 55 144
64 56 985
64 57 937
64 58 96
64 59 937
64 60 889
64 61 48
64 62 889
64 63 841
64 64 0
64 65 841
64 66 889
64 67 48
64 68 889
64 69 937
64 70 96
64 71 937
64 72 1393
65 0 2234
65 1 488
65 2 1197
65 3 1238
65 4 1687
65 5 748
65 6 137
65 7 1264
65 8 1002
65 9 1479
65 10 245
65 11 909
65 12 885
65 13 1101
65 14 1663
65 15 793
65 16 696
65 17 2051
65 18 462
65 19 479
65 20 780
65 21 1591
65 22 910
65 23 328
65 24 932
65 25 1125
65 26 1342
65 27 446
65 28 271
65 29 754
65 30 525
65 31 1630
65 32 1174
65 33 1226
65 34 926
65 35 501
65 36 2114
65 37 1273
65 38 432
65 39 2066
65 40 1225
65 41 384
65 42 2018
65 43 1177
65 44 336
65 45 1970
65 46 1129
65 47 288
65 48 1922
65 49 1081
65 50 240
65 51 1874
65 52 1033
65 53 192
65 54 1826
65 55 985
65 56 144
65 57 1778
65 58 937
65 59 96
65 60 1730
65 61 889
65 62 48
65 63 1682
65 64 841
65 65 0
65 66 1730
65 67 889
65 68 48
65 69 1778
65 70 937
65 71 96
65 72 2234
66 0 600
66 1 1338
66 2 1397
66 3 588
66 4 907
66 5 1078
66 6 1689
66 7 466
66 8 1592
66 9 1115
66 10 1485
66 11 1109
66 12 1709
66 13 1301
66 14 163
66 15 1513
66 16 1034
66 17 543
66 18 1268
66 19 1251
66 20 1526
66 21 811
66 22 1396
66 23 1594
66 24 1470
66 25 605
66 26 484
66 27 1764
66 28 1459
66 29 1552
66 30 1973
66 31 772
66 32 940
66 33 888
66 34 900
66 35 1325
66 36 480
66 37 1321
66 38 2162
66 39 432
66 40 1273
66 41 2114
66 42 384
66 43 1225
66 44 2066
66 45 336
66 46 1177
66 47 2018
66 48 288
66 49 1129
66 50 1970
66 51 240
66 52 1081
66 53 1922
66 54 192
66 55 1033
66 56 1874
66 57 144
66 58 985
66 59 1826
66 60 96
66 61 937
66 62 1778
66 63 48
66 64 889
66 65 1730
66 66 0
66 67 841
66 68 1682
66 69 48
66 70 889
66 71 1730
66 72 600
67 0 1441
67 1 497
67 2 556
67 3 445
67 4 894
67 5 237
67 6 848
67 7 375
67 8 751
67 9 686
67 10 644
67 11 268
67 12 868
67 13 460
67 14 774
67 15 672
67 16 193
67 17 1258
67 18 427
67 19 410
67 20 685
67 21 798
67 22 555
67 23 753
67 24 629
67 25 332
67 26 549
67 27 923
67 28 618
67 29 711
67 30 1132
67 31 837
67 32 381
67 33 433
67 34 133
67 35 484
67 36 1321
67 37 480
67 38 1321
67 39 1273
67 40 432
67 41 1273
67 42 1225
67 43 384
67 44 1225
67 45 1177
67 46 336
67 47 1177
67 48 1129
67 49 288
67 50 1129
67 51 1081
67 52 240
67 53 1081
67 54 1033
67 55 192
67 56 1033
67 57 985
67 58 144
67 59 985
67 60 937
67 61 96
67 62 937
67 63 889
67 64 48
67 65 889
67 66 841
67 67 0
67 68 841
67 69 889
67 70 48
67 71 889
67 72 1441
68 0 2282
68 1 536
68 2 1245
68 3 1286
68 4 1735
68 5 796
68 6 185
68 7 1216
68 8 1050
68 9 1527
68 10 293
68 11 957
68 12 933
68 13 1149
68 14 1615
68 15 841
68 16 648
68 17 2099
68 18 414
68 19 527
68 20 828
68 21 1639
68 22 958
68 23 376
68 24 980
68 25 1173
68 26 1390
68 27 494
68 28 319
68 29 802
68 30 573
68 31 1678
68 32 1222
68 33 1274
68 34 974
68 35 549
68 36 2162
68 37 1321
68 38 480
68 39 2114
68 40 1273
68 41 432
68 42 2066
68 43 1225
68 44 384
68 45 2018
68 46 1177
68 47 336
68 48 1970
68 49 1129
68 50 288
68 51 1922
68 52 1081
68 53 240
68 54 1874
68 55 1033
68 56 192
68 57 1826
68 58 985
68 59 144
68 60 1778
68 61 937
68 62 96
68 63 1730
68 64 889
68 65 48
68 66 1682
68 67 841
68 68 0
68 69 1730
68 70 889
68 71 48
68 72 2282
69 0 648
69 1 1386
69 2 1445
69 3 636
69 4 955
69 5 1126
69 6 1737
69 7 514
69 8 1640
69 9 1163
69 10 1533
69 11 1157
69 12 1757
69 13 1349
69 14 115
69 15 1561
69 16 1082
69 17 591
69 18 1316
69 19 1299
69 20 1574
69 21 859
69 22 1444
69 23 1642
69 24 1518
69 25 653
69 26 532
69 27 1812
69 28 1507
69 29 1600
69 30 2021
69 31 820
69 32 988
69 33 936
69 34 948
69 35 1373
69 36 528
69 37 1369
69 38 2210
69 39 480
69 40 1321
69 41 2162
69 42 432
69 43 1273
69 44 2114
69 45 384
69 46 1225
69 47 2066
69 48 336
69 49 1177
69 50 2018
69 51 288
69 52 1129
69 53 1970
69 54 240
69 55 1081
69 56 1922
69 57 192
69 58 1033
69 59 1874
69 60 144
69 61 985
69 62 1826
69 63 96
69 64 937
69 65 1778
69 66 48
69 67 889
69 68 1730
69 69 0
69 70 841
69 71 1682
69 72 648
70 0 1489
70 1 545
70 2 604
70 3 493
70 4 942
70 5 285
70 6 896
70 7 423
70 8 799
70 9 734
70 10 692
70 11 316
70 12 916
70 13 508
70 14 726
70 15 720
70 16 241
70 17 1306
70 18 475
70 19 458
70 20 733
70 21 846
70 22 603
70 23 801
70 24 677
70 25 380
70 26 597
70 27 971
70 28 666
70 29 759
70 30 1180
70 31 885
70 32 429
70 33 481
70 34 181
70 35 532
70 36 1369
70 37 528
70 38 1369
70 39 1321
70 40 480
70 41 1321
70 42 1273
70 43 432
70 44 1273
70 45 1225
70 46 384
70 47 1225
70 48 1177
70 49 336
70 50 1177
70 51 1129
70 52 288
70 53 1129
70 54 1081
70 55 240
70 56 1081
70 57 1033
70 58 192
70 59 1033
70 60 985
70 61 144
70 62 985
70 63 937
70 64 96
70 65 937
70 66 889
70 67 48
70 68 889
70 69 841
70 70 0
70 71 841
70 72 1489
71 0 2330
71 1 584
71 2 1293
71 3 1334
71 4 1783
71 5 844
71 6 233
71 7 1264
71 8 1098
71 9 1575
71 10 341
71 11 1005
71 12 981
71 13 1197
71 14 1567
71 15 889
71 16 696
71 17 2147
71 18 462
71 19 575
71 20 876
71 21 1687
71 22 1006
71 23 424
71 24 1028
71 25 1221
71 26 1438
71 27 542
71 28 367
71 29 850
71 30 621
71 31 1726
71 32 1270
71 33 1322
71 34 1022
71 35 597
71 36 2210
71 37 1369
71 38 528
71 39 2162
71 40 1321
71 41 480
71 42 2114
71 43 1273
71 44 432
71 45 2066
71 46 1225
71 47 384
71 48 2018
71 49 1177
71 50 336
71 51 1970
71 52 1129
71 53 288
71 54 1922
71 55 1081
71 56 240
71 57 1874
71 58 1033
71 59 192
71 60 1826
71 61 985
71 62 144
71 63 1778
71 64 937
71 65 96
71 66 1730
71 67 889
71 68 48
71 69 1682
71 70 841
71 71 0
71 72 2330
72 0 0
72 1 1746
72 2 1037
72 3 996
72 4 547
72 5 1486
72 6 2097
72 7 1066
72 8 1232
72 9 755
72 10 1989
72 11 1325
72 12 1349
72 13 1133
72 14 763
72 15 1441
72 16 1634
72 17 183
72 18 1868
72 19 1755
72 20 1454
72 21 643
72 22 1324
72 23 1906
72 24 1302
72 25 1109
72 26 892
72 27 1788
72 28 1963
72 29 1480
72 30 1709
72 31 604
72 32 1060
72 33 1008
72 34 1308
72 35 1733
72 36 120
72 37 961
72 38 1802
72 39 168
72 40 1009
72 41 1850
72 42 216
72 43 1057
72 44 1898
72 45 264
72 46 1105
72 47 1946
72 48 312
72 49 1153
72 50 1994
72 51 360
72 52 1201
72 53 2042
72 54 408
72 55 1249
72 56 2090
72 57 456
72 58 1297
72 59 2138
72 60 504
72 61 1345
72 62 2186
72 63 552
72 64 1393
72 65 2234
72 66 600
72 67 1441
72 68 2282
72 69 648
72 70 1489
72 71 2330
72 72 0
//Location coordinates LocationName
//Loc x y
0 0.0 0.0 "depot"
1 384.0 1362.0 "product aisle 8 bloc 1 rank 58"
2 0.0 1037.0 "product aisle 0 bloc 1 rank 7"
3 384.0 612.0 "product aisle 8 bloc 0 rank 72"
4 0.0 547.0 "product aisle 0 bloc 0 rank 62"
5 384.0 1102.0 "product aisle 8 bloc 1 rank 18"
6 384.0 1713.0 "product aisle 8 bloc 1 rank 111"
7 480.0 586.0 "product aisle 10 bloc 0 rank 67"
8 0.0 1232.0 "product aisle 0 bloc 1 rank 38"
9 0.0 755.0 "product aisle 0 bloc 0 rank 93"
10 432.0 1557.0 "product aisle 9 bloc 1 rank 88"
11 288.0 1037.0 "product aisle 6 bloc 1 rank 8"
12 0.0 1349.0 "product aisle 0 bloc 1 rank 56"
13 96.0 1037.0 "product aisle 2 bloc 1 rank 7"
14 528.0 235.0 "product aisle 11 bloc 0 rank 13"
15 144.0 1297.0 "product aisle 3 bloc 1 rank 47"
16 480.0 1154.0 "product aisle 10 bloc 1 rank 26"
17 0.0 183.0 "product aisle 0 bloc 0 rank 6"
18 480.0 1388.0 "product aisle 10 bloc 1 rank 61"
19 432.0 1323.0 "product aisle 9 bloc 1 rank 52"
20 144.0 1310.0 "product aisle 3 bloc 1 rank 50"
21 96.0 547.0 "product aisle 2 bloc 0 rank 61"
22 144.0 1180.0 "product aisle 3 bloc 1 rank 29"
23 336.0 1570.0 "product aisle 7 bloc 1 rank 89"
24 96.0 1206.0 "product aisle 2 bloc 1 rank 33"
25 432.0 677.0 "product aisle 9 bloc 0 rank 82"
26 384.0 508.0 "product aisle 8 bloc 0 rank 55"
27 192.0 1596.0 "product aisle 4 bloc 1 rank 94"
28 432.0 1531.0 "product aisle 9 bloc 1 rank 83"
29 144.0 1336.0 "product aisle 3 bloc 1 rank 54"
30 48.0 1661.0 "product aisle 1 bloc 1 rank 103"
31 96.0 508.0 "product aisle 2 bloc 0 rank 56"
32 240.0 820.0 "product aisle 5 bloc 0 rank 103"
33 240.0 768.0 "product aisle 5 bloc 0 rank 96"
34 384.0 924.0 "product aisle 8 bloc 0 rank 120"
35 384.0 1349.0 "product aisle 8 bloc 1 rank 56"
36 24.0 120.0 "intersection aisle 0 bloc 0 rank 0"
37 24.0 961.0 "intersection aisle 0 bloc 1 rank 1"
38 24.0 1802.0 "intersection aisle 0 bloc 2 rank 2"
39 72.0 120.0 "intersection aisle 1 bloc 0 rank 0"
40 72.0 961.0 "intersection aisle 1 bloc 1 rank 1"
41 72.0 1802.0 "intersection aisle 1 bloc 2 rank 2"
42 120.0 120.0 "intersection aisle 2 bloc 0 rank 0"
43 120.0 961.0 "intersection aisle 2 bloc 1 rank 1"
44 120.0 1802.0 "intersection aisle 2 bloc 2 rank 2"
45 168.0 120.0 "intersection aisle 3 bloc 0 rank 0"
46 168.0 961.0 "intersection aisle 3 bloc 1 rank 1"
47 168.0 1802.0 "intersection aisle 3 bloc 2 rank 2"
48 216.0 120.0 "intersection aisle 4 bloc 0 rank 0"
49 216.0 961.0 "intersection aisle 4 bloc 1 rank 1"
50 216.0 1802.0 "intersection aisle 4 bloc 2 rank 2"
51 264.0 120.0 "intersection aisle 5 bloc 0 rank 0"
52 264.0 961.0 "intersection aisle 5 bloc 1 rank 1"
53 264.0 1802.0 "intersection aisle 5 bloc 2 rank 2"
54 312.0 120.0 "intersection aisle 6 bloc 0 rank 0"
55 312.0 961.0 "intersection aisle 6 bloc 1 rank 1"
56 312.0 1802.0 "intersection aisle 6 bloc 2 rank 2"
57 360.0 120.0 "intersection aisle 7 bloc 0 rank 0"
58 360.0 961.0 "intersection aisle 7 bloc 1 rank 1"
59 360.0 1802.0 "intersection aisle 7 bloc 2 rank 2"
60 408.0 120.0 "intersection aisle 8 bloc 0 rank 0"
61 408.0 961.0 "intersection aisle 8 bloc 1 rank 1"
62 408.0 1802.0 "intersection aisle 8 bloc 2 rank 2"
63 456.0 120.0 "intersection aisle 9 bloc 0 rank 0"
64 456.0 961.0 "intersection aisle 9 bloc 1 rank 1"
65 456.0 1802.0 "intersection aisle 9 bloc 2 rank 2"
66 504.0 120.0 "intersection aisle 10 bloc 0 rank 0"
67 504.0 961.0 "intersection aisle 10 bloc 1 rank 1"
68 504.0 1802.0 "intersection aisle 10 bloc 2 rank 2"
69 552.0 120.0 "intersection aisle 11 bloc 0 rank 0"
70 552.0 961.0 "intersection aisle 11 bloc 1 rank 1"
71 552.0 1802.0 "intersection aisle 11 bloc 2 rank 2"
72 0.0 0.0 "depot"
