//alpha
1
//NbLocations
89
//NbProducts
34
//NbPickers
2
//CapaPicker
8
//TimeToTravelOneDistanceUnit
3
//SetupTime
5400
//PickTime
300
//Products
//Idx Location Size
1 1 1
2 2 1
3 3 1
4 4 1
5 5 1
6 6 1
7 7 1
8 8 1
9 9 1
10 10 1
11 11 1
12 12 1
13 13 1
14 14 1
15 15 1
16 16 1
17 17 1
18 18 1
19 19 1
20 20 1
21 21 1
22 22 1
23 23 1
24 24 1
25 25 1
26 26 1
27 27 1
28 28 1
29 29 1
30 30 1
31 31 1
32 32 1
33 33 1
34 34 1
//Orders
//NbOrders
18
//Idx DueDate TardinessPenalty NbProdInOrder ProdIdx1 Qty1 ProdIdx2 Qty2 ...
1 36000 0 3 1 1 2 1 3 1
2 144000 0 1 4 1
3 126000 0 2 5 1 6 1
4 144000 0 1 7 1
5 144000 0 1 8 1
6 144000 0 1 9 1
7 126000 0 1 10 1
8 144000 0 1 11 1
9 90000 0 2 12 1 13 1
10 54000 0 2 14 1 15 1
11 126000 0 2 16 1 17 1
12 36000 0 8 18 1 19 1 20 1 21 1 22 1 23 1 24 1 25 1
13 54000 0 3 26 1 27 1 28 1
14 108000 0 1 29 1
15 72000 0 1 30 1
16 126000 0 1 31 1
17 54000 0 1 32 1
18 36000 0 2 33 1 34 1
//Graph (Products are vertices indexed from 1 to NbProducts)
//NbVerticesIntersections
54
//DepartingDepot
0
//ArrivalDepot
89
//Arcs
//Start End Distance
0 35 120
1 53 635
1 54 596
2 26 182
2 84 739
3 39 583
3 40 648
4 42 37
4 43 1194
5 29 364
5 45 180
6 63 180
6 64 1051
7 25 611
7 83 219
8 22 520
8 55 89
9 18 130
9 75 1012
10 14 546
10 52 375
11 25 286
11 84 115
12 41 934
12 42 297
13 27 559
13 38 271
14 10 546
14 23 65
15 35 76
15 36 1155
16 75 76
16 76 1155
17 87 778
17 88 453
18 9 130
18 74 89
19 26 260
19 85 50
20 33 988
20 69 193
21 36 1181
21 37 50
22 8 520
22 54 622
23 14 65
23 51 245
24 57 310
24 58 921
25 7 611
25 11 286
26 2 182
26 19 260
27 13 559
27 39 401
28 86 297
28 87 934
29 5 364
29 46 687
30 81 427
30 82 804
31 62 882
31 63 349
32 56 167
32 57 1064
33 20 988
33 68 50
34 69 934
34 70 297
35 15 76
35 38 48
35 89 120
36 15 1155
36 21 1181
36 39 48
37 21 50
37 40 48
38 13 271
38 35 48
38 41 48
39 3 583
39 27 401
39 36 48
39 42 48
40 3 648
40 37 48
40 43 48
41 12 934
41 38 48
41 44 48
42 4 37
42 12 297
42 39 48
42 45 48
43 4 1194
43 40 48
43 46 48
44 41 48
44 45 1231
44 47 48
45 5 180
45 42 48
45 44 1231
45 48 48
46 29 687
46 43 48
46 49 48
47 44 48
47 48 1231
47 50 48
48 45 48
48 47 1231
48 49 1231
48 51 48
49 46 48
49 48 1231
49 52 48
50 47 48
50 51 1231
50 53 48
51 23 245
51 48 48
51 50 1231
51 54 48
52 10 375
52 49 48
52 55 48
53 1 635
53 50 48
53 56 48
54 1 596
54 22 622
54 51 48
54 57 48
55 8 89
55 52 48
55 58 48
56 32 167
56 53 48
56 59 48
57 24 310
57 32 1064
57 54 48
57 60 48
58 24 921
58 55 48
58 61 48
59 56 48
59 60 1231
59 62 48
60 57 48
60 59 1231
60 61 1231
60 63 48
61 58 48
61 60 1231
61 64 48
62 31 882
62 59 48
62 65 48
63 6 180
63 31 349
63 60 48
63 66 48
64 6 1051
64 61 48
64 67 48
65 62 48
65 66 1231
65 68 48
66 63 48
66 65 1231
66 67 1231
66 69 48
67 64 48
67 66 1231
67 70 48
68 33 50
68 65 48
68 71 48
69 20 193
69 34 934
69 66 48
69 72 48
70 34 297
70 67 48
70 73 48
71 68 48
71 72 1231
71 74 48
72 69 48
72 71 1231
72 73 1231
72 75 48
73 70 48
73 72 1231
73 76 48
74 18 89
74 71 48
74 77 48
75 9 1012
75 16 76
75 72 48
75 78 48
76 16 1155
76 73 48
76 79 48
77 74 48
77 78 1231
77 80 48
78 75 48
78 77 1231
78 79 1231
78 81 48
79 76 48
79 78 1231
79 82 48
80 77 48
80 81 1231
80 83 48
81 30 427
81 78 48
81 80 1231
81 84 48
82 30 804
82 79 48
82 85 48
83 7 219
83 80 48
83 86 48
84 2 739
84 11 115
84 81 48
84 87 48
85 19 50
85 82 48
85 88 48
86 28 297
86 83 48
87 17 778
87 28 934
87 84 48
88 17 453
88 85 48
//LocStart LocEnd ShortestPath
0 0 0
0 1 1043
0 2 2858
0 3 1982
0 4 1484
0 5 1675
0 6 1963
0 7 1107
0 8 2781
0 9 963
0 10 2447
0 11 2004
0 12 1150
0 13 439
0 14 1901
0 15 196
0 16 2051
0 17 2945
0 18 833
0 19 3300
0 20 1686
0 21 2532
0 22 2261
0 23 1836
0 24 1997
0 25 1718
0 26 3040
0 27 998
0 28 1233
0 29 2039
0 30 2498
0 31 1434
0 32 623
0 33 698
0 34 2813
0 35 120
0 36 1351
0 37 2582
0 38 168
0 39 1399
0 40 2630
0 41 216
0 42 1447
0 43 2678
0 44 264
0 45 1495
0 46 2726
0 47 312
0 48 1543
0 49 2774
0 50 360
0 51 1591
0 52 2822
0 53 408
0 54 1639
0 55 2870
0 56 456
0 57 1687
0 58 2918
0 59 504
0 60 1735
0 61 2966
0 62 552
0 63 1783
0 64 3014
0 65 600
0 66 1831
0 67 3062
0 68 648
0 69 1879
0 70 3110
0 71 696
0 72 1927
0 73 3158
0 74 744
0 75 1975
0 76 3206
0 77 792
0 78 2023
0 79 3254
0 80 840
0 81 2071
0 82 3302
0 83 888
0 84 2119
0 85 3350
0 86 936
0 87 2167
0 88 3398
0 89 0
1 0 1043
1 1 0
1 2 1815
1 3 1419
1 4 825
1 5 920
1 6 920
1 7 1334
1 8 1738
1 9 1190
1 10 1500
1 11 1191
1 12 1085
1 13 1146
1 14 954
1 15 999
1 16 1008
1 17 1902
1 18 1060
1 19 2257
1 20 1029
1 21 2065
1 22 1218
1 23 889
1 24 954
1 25 1477
1 26 1997
1 27 1237
1 28 1460
1 29 1284
1 30 1455
1 31 1089
1 32 850
1 33 925
1 34 1770
1 35 923
1 36 884
1 37 2115
1 38 875
1 39 836
1 40 2067
1 41 827
1 42 788
1 43 2019
1 44 779
1 45 740
1 46 1971
1 47 731
1 48 692
1 49 1923
1 50 683
1 51 644
1 52 1875
1 53 635
1 54 596
1 55 1827
1 56 683
1 57 644
1 58 1875
1 59 731
1 60 692
1 61 1923
1 62 779
1 63 740
1 64 1971
1 65 827
1 66 788
1 67 2019
1 68 875
1 69 836
1 70 2067
1 71 923
1 72 884
1 73 2115
1 74 971
1 75 932
1 76 2163
1 77 1019
1 78 980
1 79 2211
1 80 1067
1 81 1028
1 82 2259
1 83 1115
1 84 1076
1 85 2307
1 86 1163
1 87 1124
1 88 2355
1 89 1043
2 0 2858
2 1 1815
2 2 0
2 3 1860
2 4 1448
2 5 1543
2 6 1255
2 7 1751
2 8 1061
2 9 1895
2 10 1395
2 11 854
2 12 1708
2 13 2419
2 14 1577
2 15 2662
2 16 959
2 17 993
2 18 2025
2 19 442
2 20 1172
2 21 1310
2 22 1581
2 23 1512
2 24 1481
2 25 1140
2 26 182
2 27 1860
2 28 1721
2 29 1803
2 30 1214
2 31 1424
2 32 2235
2 33 2160
2 34 1029
2 35 2738
2 36 1507
2 37 1260
2 38 2690
2 39 1459
2 40 1212
2 41 2642
2 42 1411
2 43 1164
2 44 2594
2 45 1363
2 46 1116
2 47 2546
2 48 1315
2 49 1068
2 50 2498
2 51 1267
2 52 1020
2 53 2450
2 54 1219
2 55 972
2 56 2402
2 57 1171
2 58 924
2 59 2354
2 60 1123
2 61 876
2 62 2306
2 63 1075
2 64 828
2 65 2258
2 66 1027
2 67 780
2 68 2210
2 69 979
2 70 732
2 71 2162
2 72 931
2 73 684
2 74 2114
2 75 883
2 76 636
2 77 2066
2 78 835
2 79 588
2 80 2018
2 81 787
2 82 540
2 83 1970
2 84 739
2 85 492
2 86 2018
2 87 787
2 88 540
2 89 2858
3 0 1982
3 1 1419
3 2 1860
3 3 0
3 4 668
3 5 859
3 6 1147
3 7 2315
3 8 977
3 9 2171
3 10 1215
3 11 1418
3 12 928
3 13 1543
3 14 1085
3 15 1786
3 16 1235
3 17 1869
3 18 2301
3 19 1418
3 20 1256
3 21 746
3 22 1445
3 23 1020
3 24 1181
3 25 1704
3 26 1678
3 27 984
3 28 2285
3 29 1223
3 30 1682
3 31 1316
3 32 1935
3 33 2244
3 34 1425
3 35 1862
3 36 631
3 37 696
3 38 1814
3 39 583
3 40 648
3 41 1862
3 42 631
3 43 696
3 44 1910
3 45 679
3 46 744
3 47 1958
3 48 727
3 49 792
3 50 2006
3 51 775
3 52 840
3 53 2054
3 54 823
3 55 888
3 56 2102
3 57 871
3 58 936
3 59 2150
3 60 919
3 61 984
3 62 2198
3 63 967
3 64 1032
3 65 2246
3 66 1015
3 67 1080
3 68 2294
3 69 1063
3 70 1128
3 71 2342
3 72 1111
3 73 1176
3 74 2390
3 75 1159
3 76 1224
3 77 2438
3 78 1207
3 79 1272
3 80 2486
3 81 1255
3 82 1320
3 83 2534
3 84 1303
3 85 1368
3 86 2582
3 87 1351
3 88 1416
3 89 1982
4 0 1484
4 1 825
4 2 1448
4 3 668
4 4 0
4 5 265
4 6 553
4 7 1721
4 8 1371
4 9 1577
4 10 1037
4 11 824
4 12 334
4 13 1045
4 14 491
4 15 1288
4 16 641
4 17 1535
4 18 1707
4 19 1890
4 20 662
4 21 1314
4 22 851
4 23 426
4 24 587
4 25 1110
4 26 1630
4 27 486
4 28 1691
4 29 629
4 30 1088
4 31 722
4 32 1341
4 33 1650
4 34 1403
4 35 1364
4 36 133
4 37 1290
4 38 1316
4 39 85
4 40 1242
4 41 1268
4 42 37
4 43 1194
4 44 1316
4 45 85
4 46 1242
4 47 1364
4 48 133
4 49 1290
4 50 1412
4 51 181
4 52 1338
4 53 1460
4 54 229
4 55 1386
4 56 1508
4 57 277
4 58 1434
4 59 1556
4 60 325
4 61 1482
4 62 1604
4 63 373
4 64 1530
4 65 1652
4 66 421
4 67 1578
4 68 1700
4 69 469
4 70 1626
4 71 1748
4 72 517
4 73 1674
4 74 1796
4 75 565
4 76 1722
4 77 1844
4 78 613
4 79 1770
4 80 1892
4 81 661
4 82 1818
4 83 1940
4 84 709
4 85 1866
4 86 1988
4 87 757
4 88 1914
4 89 1484
5 0 1675
5 1 920
5 2 1543
5 3 859
5 4 265
5 5 0
5 6 648
5 7 1816
5 8 1284
5 9 1672
5 10 1132
5 11 919
5 12 525
5 13 1236
5 14 586
5 15 1479
5 16 736
5 17 1630
5 18 1802
5 19 1725
5 20 757
5 21 1245
5 22 946
5 23 521
5 24 682
5 25 1205
5 26 1725
5 27 677
5 28 1786
5 29 364
5 30 1183
5 31 817
5 32 1436
5 33 1745
5 34 1498
5 35 1555
5 36 324
5 37 1195
5 38 1507
5 39 276
5 40 1147
5 41 1459
5 42 228
5 43 1099
5 44 1411
5 45 180
5 46 1051
5 47 1459
5 48 228
5 49 1099
5 50 1507
5 51 276
5 52 1147
5 53 1555
5 54 324
5 55 1195
5 56 1603
5 57 372
5 58 1243
5 59 1651
5 60 420
5 61 1291
5 62 1699
5 63 468
5 64 1339
5 65 1747
5 66 516
5 67 1387
5 68 1795
5 69 564
5 70 1435
5 71 1843
5 72 612
5 73 1483
5 74 1891
5 75 660
5 76 1531
5 77 1939
5 78 708
5 79 1579
5 80 1987
5 81 756
5 82 1627
5 83 2035
5 84 804
5 85 1675
5 86 2083
5 87 852
5 88 1723
5 89 1675
6 0 1963
6 1 920
6 2 1255
6 3 1147
6 4 553
6 5 648
6 6 0
6 7 1528
6 8 1284
6 9 1384
6 10 1228
6 11 631
6 12 813
6 13 1524
6 14 682
6 15 1767
6 16 448
6 17 1342
6 18 1514
6 19 1437
6 20 469
6 21 1533
6 22 946
6 23 617
6 24 586
6 25 917
6 26 1437
6 27 965
6 28 1498
6 29 1012
6 30 895
6 31 529
6 32 1340
6 33 1457
6 34 1210
6 35 1843
6 36 612
6 37 1483
6 38 1795
6 39 564
6 40 1435
6 41 1747
6 42 516
6 43 1387
6 44 1699
6 45 468
6 46 1339
6 47 1651
6 48 420
6 49 1291
6 50 1603
6 51 372
6 52 1243
6 53 1555
6 54 324
6 55 1195
6 56 1507
6 57 276
6 58 1147
6 59 1459
6 60 228
6 61 1099
6 62 1411
6 63 180
6 64 1051
6 65 1459
6 66 228
6 67 1099
6 68 1507
6 69 276
6 70 1147
6 71 1555
6 72 324
6 73 1195
6 74 1603
6 75 372
6 76 1243
6 77 1651
6 78 420
6 79 1291
6 80 1699
6 81 468
6 82 1339
6 83 1747
6 84 516
6 85 1387
6 86 1795
6 87 564
6 88 1435
6 89 1963
7 0 1107
7 1 1334
7 2 1751
7 3 2315
7 4 1721
7 5 1816
7 6 1528
7 7 0
7 8 2634
7 9 582
7 10 2396
7 11 897
7 12 1825
7 13 1210
7 14 1850
7 15 1063
7 16 1232
7 17 1838
7 18 452
7 19 2193
7 20 1445
7 21 2961
7 22 2114
7 23 1785
7 24 1754
7 25 611
7 26 1933
7 27 1769
7 28 564
7 29 2180
7 30 1487
7 31 1437
7 32 818
7 33 509
7 34 2186
7 35 987
7 36 1780
7 37 3011
7 38 939
7 39 1732
7 40 2963
7 41 891
7 42 1684
7 43 2915
7 44 843
7 45 1636
7 46 2867
7 47 795
7 48 1588
7 49 2819
7 50 747
7 51 1540
7 52 2771
7 53 699
7 54 1492
7 55 2723
7 56 651
7 57 1444
7 58 2675
7 59 603
7 60 1396
7 61 2627
7 62 555
7 63 1348
7 64 2579
7 65 507
7 66 1300
7 67 2531
7 68 459
7 69 1252
7 70 2483
7 71 411
7 72 1204
7 73 2435
7 74 363
7 75 1156
7 76 2387
7 77 315
7 78 1108
7 79 2339
7 80 267
7 81 1060
7 82 2291
7 83 219
7 84 1012
7 85 2243
7 86 267
7 87 1060
7 88 2291
7 89 1107
8 0 2781
8 1 1738
8 2 1061
8 3 977
8 4 1371
8 5 1284
8 6 1284
8 7 2634
8 8 0
8 9 2490
8 10 512
8 11 1737
8 12 1631
8 13 2342
8 14 1058
8 15 2585
8 16 1554
8 17 1070
8 18 2620
8 19 619
8 20 1575
8 21 427
8 22 520
8 23 1123
8 24 1058
8 25 2023
8 26 879
8 27 1783
8 28 2604
8 29 920
8 30 1325
8 31 1635
8 32 2254
8 33 2563
8 34 626
8 35 2661
8 36 1430
8 37 377
8 38 2613
8 39 1382
8 40 329
8 41 2565
8 42 1334
8 43 281
8 44 2517
8 45 1286
8 46 233
8 47 2469
8 48 1238
8 49 185
8 50 2421
8 51 1190
8 52 137
8 53 2373
8 54 1142
8 55 89
8 56 2421
8 57 1190
8 58 137
8 59 2469
8 60 1238
8 61 185
8 62 2517
8 63 1286
8 64 233
8 65 2565
8 66 1334
8 67 281
8 68 2613
8 69 1382
8 70 329
8 71 2661
8 72 1430
8 73 377
8 74 2709
8 75 1478
8 76 425
8 77 2757
8 78 1526
8 79 473
8 80 2805
8 81 1574
8 82 521
8 83 2853
8 84 1622
8 85 569
8 86 2901
8 87 1670
8 88 617
8 89 2781
9 0 963
9 1 1190
9 2 1895
9 3 2171
9 4 1577
9 5 1672
9 6 1384
9 7 582
9 8 2490
9 9 0
9 10 2252
9 11 1271
9 12 1681
9 13 1066
9 14 1706
9 15 919
9 16 1088
9 17 1982
9 18 130
9 19 2337
9 20 1301
9 21 2817
9 22 1970
9 23 1641
9 24 1610
9 25 1193
9 26 2077
9 27 1625
9 28 708
9 29 2036
9 30 1535
9 31 1293
9 32 674
9 33 365
9 34 2042
9 35 843
9 36 1636
9 37 2867
9 38 795
9 39 1588
9 40 2819
9 41 747
9 42 1540
9 43 2771
9 44 699
9 45 1492
9 46 2723
9 47 651
9 48 1444
9 49 2675
9 50 603
9 51 1396
9 52 2627
9 53 555
9 54 1348
9 55 2579
9 56 507
9 57 1300
9 58 2531
9 59 459
9 60 1252
9 61 2483
9 62 411
9 63 1204
9 64 2435
9 65 363
9 66 1156
9 67 2387
9 68 315
9 69 1108
9 70 2339
9 71 267
9 72 1060
9 73 2291
9 74 219
9 75 1012
9 76 2243
9 77 267
9 78 1060
9 79 2291
9 80 315
9 81 1108
9 82 2339
9 83 363
9 84 1156
9 85 2387
9 86 411
9 87 1204
9 88 2435
9 89 963
10 0 2447
10 1 1500
10 2 1395
10 3 1215
10 4 1037
10 5 1132
10 6 1228
10 7 2396
10 8 512
10 9 2252
10 10 0
10 11 1499
10 12 1297
10 13 2008
10 14 546
10 15 2251
10 16 1316
10 17 1404
10 18 2382
10 19 953
10 20 1337
10 21 665
10 22 1032
10 23 611
10 24 1262
10 25 1785
10 26 1213
10 27 1449
10 28 2366
10 29 1158
10 30 1659
10 31 1397
10 32 2016
10 33 2325
10 34 960
10 35 2327
10 36 1096
10 37 615
10 38 2279
10 39 1048
10 40 567
10 41 2231
10 42 1000
10 43 519
10 44 2183
10 45 952
10 46 471
10 47 2135
10 48 904
10 49 423
10 50 2087
10 51 856
10 52 375
10 53 2135
10 54 904
10 55 423
10 56 2183
10 57 952
10 58 471
10 59 2231
10 60 1000
10 61 519
10 62 2279
10 63 1048
10 64 567
10 65 2327
10 66 1096
10 67 615
10 68 2375
10 69 1144
10 70 663
10 71 2423
10 72 1192
10 73 711
10 74 2471
10 75 1240
10 76 759
10 77 2519
10 78 1288
10 79 807
10 80 2567
10 81 1336
10 82 855
10 83 2615
10 84 1384
10 85 903
10 86 2663
10 87 1432
10 88 951
10 89 2447
11 0 2004
11 1 1191
11 2 854
11 3 1418
11 4 824
11 5 919
11 6 631
11 7 897
11 8 1737
11 9 1271
11 10 1499
11 11 0
11 12 1084
11 13 1795
11 14 953
11 15 1960
11 16 335
11 17 941
11 18 1349
11 19 1296
11 20 548
11 21 2064
11 22 1217
11 23 888
11 24 857
11 25 286
11 26 1036
11 27 1236
11 28 1097
11 29 1283
11 30 590
11 31 800
11 32 1611
11 33 1406
11 34 1289
11 35 1884
11 36 883
11 37 2114
11 38 1836
11 39 835
11 40 2066
11 41 1788
11 42 787
11 43 2018
11 44 1740
11 45 739
11 46 1970
11 47 1692
11 48 691
11 49 1922
11 50 1644
11 51 643
11 52 1874
11 53 1596
11 54 595
11 55 1826
11 56 1548
11 57 547
11 58 1778
11 59 1500
11 60 499
11 61 1730
11 62 1452
11 63 451
11 64 1682
11 65 1404
11 66 403
11 67 1634
11 68 1356
11 69 355
11 70 1586
11 71 1308
11 72 307
11 73 1538
11 74 1260
11 75 259
11 76 1490
11 77 1212
11 78 211
11 79 1442
11 80 1164
11 81 163
11 82 1394
11 83 1116
11 84 115
11 85 1346
11 86 1164
11 87 163
11 88 1394
11 89 2004
12 0 1150
12 1 1085
12 2 1708
12 3 928
12 4 334
12 5 525
12 6 813
12 7 1825
12 8 1631
12 9 1681
12 10 1297
12 11 1084
12 12 0
12 13 1253
12 14 751
12 15 1106
12 16 901
12 17 1795
12 18 1551
12 19 2150
12 20 922
12 21 1574
12 22 1111
12 23 686
12 24 847
12 25 1370
12 26 1890
12 27 746
12 28 1951
12 29 889
12 30 1348
12 31 982
12 32 1341
12 33 1416
12 34 1663
12 35 1030
12 36 393
12 37 1624
12 38 982
12 39 345
12 40 1576
12 41 934
12 42 297
12 43 1528
12 44 982
12 45 345
12 46 1576
12 47 1030
12 48 393
12 49 1624
12 50 1078
12 51 441
12 52 1672
12 53 1126
12 54 489
12 55 1720
12 56 1174
12 57 537
12 58 1768
12 59 1222
12 60 585
12 61 1816
12 62 1270
12 63 633
12 64 1864
12 65 1318
12 66 681
12 67 1912
12 68 1366
12 69 729
12 70 1960
12 71 1414
12 72 777
12 73 2008
12 74 1462
12 75 825
12 76 2056
12 77 1510
12 78 873
12 79 2104
12 80 1558
12 81 921
12 82 2152
12 83 1606
12 84 969
12 85 2200
12 86 1654
12 87 1017
12 88 2248
12 89 1150
13 0 439
13 1 1146
13 2 2419
13 3 1543
13 4 1045
13 5 1236
13 6 1524
13 7 1210
13 8 2342
13 9 1066
13 10 2008
13 11 1795
13 12 1253
13 13 0
13 14 1462
13 15 395
13 16 1612
13 17 2506
13 18 936
13 19 2861
13 20 1633
13 21 2189
13 22 1822
13 23 1397
13 24 1558
13 25 1821
13 26 2601
13 27 559
13 28 1336
13 29 1600
13 30 2059
13 31 1537
13 32 726
13 33 801
13 34 2374
13 35 319
13 36 1008
13 37 2239
13 38 271
13 39 960
13 40 2191
13 41 319
13 42 1008
13 43 2239
13 44 367
13 45 1056
13 46 2287
13 47 415
13 48 1104
13 49 2335
13 50 463
13 51 1152
13 52 2383
13 53 511
13 54 1200
13 55 2431
13 56 559
13 57 1248
13 58 2479
13 59 607
13 60 1296
13 61 2527
13 62 655
13 63 1344
13 64 2575
13 65 703
13 66 1392
13 67 2623
13 68 751
13 69 1440
13 70 2671
13 71 799
13 72 1488
13 73 2719
13 74 847
13 75 1536
13 76 2767
13 77 895
13 78 1584
13 79 2815
13 80 943
13 81 1632
13 82 2863
13 83 991
13 84 1680
13 85 2911
13 86 1039
13 87 1728
13 88 2959
13 89 439
14 0 1901
14 1 954
14 2 1577
14 3 1085
14 4 491
14 5 586
14 6 682
14 7 1850
14 8 1058
14 9 1706
14 10 546
14 11 953
14 12 751
14 13 1462
14 14 0
14 15 1705
14 16 770
14 17 1664
14 18 1836
14 19 1499
14 20 791
14 21 1211
14 22 980
14 23 65
14 24 716
14 25 1239
14 26 1759
14 27 903
14 28 1820
14 29 950
14 30 1217
14 31 851
14 32 1470
14 33 1779
14 34 1506
14 35 1781
14 36 550
14 37 1161
14 38 1733
14 39 502
14 40 1113
14 41 1685
14 42 454
14 43 1065
14 44 1637
14 45 406
14 46 1017
14 47 1589
14 48 358
14 49 969
14 50 1541
14 51 310
14 52 921
14 53 1589
14 54 358
14 55 969
14 56 1637
14 57 406
14 58 1017
14 59 1685
14 60 454
14 61 1065
14 62 1733
14 63 502
14 64 1113
14 65 1781
14 66 550
14 67 1161
14 68 1829
14 69 598
14 70 1209
14 71 1877
14 72 646
14 73 1257
14 74 1925
14 75 694
14 76 1305
14 77 1973
14 78 742
14 79 1353
14 80 2021
14 81 790
14 82 1401
14 83 2069
14 84 838
14 85 1449
14 86 2117
14 87 886
14 88 1497
14 89 1901
15 0 196
15 1 999
15 2 2662
15 3 1786
15 4 1288
15 5 1479
15 6 1767
15 7 1063
15 8 2585
15 9 919
15 10 2251
15 11 1960
15 12 1106
15 13 395
15 14 1705
15 15 0
15 16 1855
15 17 2749
15 18 789
15 19 3104
15 20 1642
15 21 2336
15 22 2065
15 23 1640
15 24 1801
15 25 1674
15 26 2844
15 27 954
15 28 1189
15 29 1843
15 30 2302
15 31 1390
15 32 579
15 33 654
15 34 2617
15 35 76
15 36 1155
15 37 2386
15 38 124
15 39 1203
15 40 2434
15 41 172
15 42 1251
15 43 2482
15 44 220
15 45 1299
15 46 2530
15 47 268
15 48 1347
15 49 2578
15 50 316
15 51 1395
15 52 2626
15 53 364
15 54 1443
15 55 2674
15 56 412
15 57 1491
15 58 2722
15 59 460
15 60 1539
15 61 2770
15 62 508
15 63 1587
15 64 2818
15 65 556
15 66 1635
15 67 2866
15 68 604
15 69 1683
15 70 2914
15 71 652
15 72 1731
15 73 2962
15 74 700
15 75 1779
15 76 3010
15 77 748
15 78 1827
15 79 3058
15 80 796
15 81 1875
15 82 3106
15 83 844
15 84 1923
15 85 3154
15 86 892
15 87 1971
15 88 3202
15 89 196
16 0 2051
16 1 1008
16 2 959
16 3 1235
16 4 641
16 5 736
16 6 448
16 7 1232
16 8 1554
16 9 1088
16 10 1316
16 11 335
16 12 901
16 13 1612
16 14 770
16 15 1855
16 16 0
16 17 1046
16 18 1218
16 19 1349
16 20 365
16 21 1829
16 22 1034
16 23 705
16 24 674
16 25 621
16 26 1141
16 27 1053
16 28 1202
16 29 1100
16 30 599
16 31 617
16 32 1428
16 33 1353
16 34 1106
16 35 1931
16 36 700
16 37 1779
16 38 1883
16 39 652
16 40 1731
16 41 1835
16 42 604
16 43 1683
16 44 1787
16 45 556
16 46 1635
16 47 1739
16 48 508
16 49 1587
16 50 1691
16 51 460
16 52 1539
16 53 1643
16 54 412
16 55 1491
16 56 1595
16 57 364
16 58 1443
16 59 1547
16 60 316
16 61 1395
16 62 1499
16 63 268
16 64 1347
16 65 1451
16 66 220
16 67 1299
16 68 1403
16 69 172
16 70 1251
16 71 1355
16 72 124
16 73 1203
16 74 1307
16 75 76
16 76 1155
16 77 1355
16 78 124
16 79 1203
16 80 1403
16 81 172
16 82 1251
16 83 1451
16 84 220
16 85 1299
16 86 1499
16 87 268
16 88 1347
16 89 2051
17 0 2945
17 1 1902
17 2 993
17 3 1869
17 4 1535
17 5 1630
17 6 1342
17 7 1838
17 8 1070
17 9 1982
17 10 1404
17 11 941
17 12 1795
17 13 2506
17 14 1664
17 15 2749
17 16 1046
17 17 0
17 18 2112
17 19 551
17 20 1259
17 21 1319
17 22 1590
17 23 1599
17 24 1568
17 25 1227
17 26 811
17 27 1947
17 28 1712
17 29 1812
17 30 1301
17 31 1511
17 32 2322
17 33 2247
17 34 1038
17 35 2825
17 36 1594
17 37 1269
17 38 2777
17 39 1546
17 40 1221
17 41 2729
17 42 1498
17 43 1173
17 44 2681
17 45 1450
17 46 1125
17 47 2633
17 48 1402
17 49 1077
17 50 2585
17 51 1354
17 52 1029
17 53 2537
17 54 1306
17 55 981
17 56 2489
17 57 1258
17 58 933
17 59 2441
17 60 1210
17 61 885
17 62 2393
17 63 1162
17 64 837
17 65 2345
17 66 1114
17 67 789
17 68 2297
17 69 1066
17 70 741
17 71 2249
17 72 1018
17 73 693
17 74 2201
17 75 970
17 76 645
17 77 2153
17 78 922
17 79 597
17 80 2105
17 81 874
17 82 549
17 83 2057
17 84 826
17 85 501
17 86 2009
17 87 778
17 88 453
17 89 2945
18 0 833
18 1 1060
18 2 2025
18 3 2301
18 4 1707
18 5 1802
18 6 1514
18 7 452
18 8 2620
18 9 130
18 10 2382
18 11 1349
18 12 1551
18 13 936
18 14 1836
18 15 789
18 16 1218
18 17 2112
18 18 0
18 19 2467
18 20 1223
18 21 2947
18 22 2100
18 23 1771
18 24 1740
18 25 1063
18 26 2207
18 27 1495
18 28 578
18 29 2166
18 30 1665
18 31 1163
18 32 544
18 33 235
18 34 2172
18 35 713
18 36 1766
18 37 2997
18 38 665
18 39 1718
18 40 2949
18 41 617
18 42 1670
18 43 2901
18 44 569
18 45 1622
18 46 2853
18 47 521
18 48 1574
18 49 2805
18 50 473
18 51 1526
18 52 2757
18 53 425
18 54 1478
18 55 2709
18 56 377
18 57 1430
18 58 2661
18 59 329
18 60 1382
18 61 2613
18 62 281
18 63 1334
18 64 2565
18 65 233
18 66 1286
18 67 2517
18 68 185
18 69 1238
18 70 2469
18 71 137
18 72 1190
18 73 2421
18 74 89
18 75 1142
18 76 2373
18 77 137
18 78 1190
18 79 2421
18 80 185
18 81 1238
18 82 2469
18 83 233
18 84 1286
18 85 2517
18 86 281
18 87 1334
18 88 2565
18 89 833
19 0 3300
19 1 2257
19 2 442
19 3 1418
19 4 1890
19 5 1725
19 6 1437
19 7 2193
19 8 619
19 9 2337
19 10 953
19 11 1296
19 12 2150
19 13 2861
19 14 1499
19 15 3104
19 16 1349
19 17 551
19 18 2467
19 19 0
19 20 1614
19 21 868
19 22 1139
19 23 1564
19 24 1403
19 25 1582
19 26 260
19 27 2302
19 28 2163
19 29 1361
19 30 902
19 31 1866
19 32 2677
19 33 2602
19 34 587
19 35 3180
19 36 1949
19 37 818
19 38 3132
19 39 1901
19 40 770
19 41 3084
19 42 1853
19 43 722
19 44 3036
19 45 1805
19 46 674
19 47 2988
19 48 1757
19 49 626
19 50 2940
19 51 1709
19 52 578
19 53 2892
19 54 1661
19 55 530
19 56 2844
19 57 1613
19 58 482
19 59 2796
19 60 1565
19 61 434
19 62 2748
19 63 1517
19 64 386
19 65 2700
19 66 1469
19 67 338
19 68 2652
19 69 1421
19 70 290
19 71 2604
19 72 1373
19 73 242
19 74 2556
19 75 1325
19 76 194
19 77 2508
19 78 1277
19 79 146
19 80 2460
19 81 1229
19 82 98
19 83 2412
19 84 1181
19 85 50
19 86 2460
19 87 1229
19 88 98
19 89 3300
20 0 1686
20 1 1029
20 2 1172
20 3 1256
20 4 662
20 5 757
20 6 469
20 7 1445
20 8 1575
20 9 1301
20 10 1337
20 11 548
20 12 922
20 13 1633
20 14 791
20 15 1642
20 16 365
20 17 1259
20 18 1223
20 19 1614
20 20 0
20 21 1902
20 22 1055
20 23 726
20 24 695
20 25 834
20 26 1354
20 27 1074
20 28 1415
20 29 1121
20 30 812
20 31 638
20 32 1397
20 33 988
20 34 1127
20 35 1566
20 36 721
20 37 1952
20 38 1518
20 39 673
20 40 1904
20 41 1470
20 42 625
20 43 1856
20 44 1422
20 45 577
20 46 1808
20 47 1374
20 48 529
20 49 1760
20 50 1326
20 51 481
20 52 1712
20 53 1278
20 54 433
20 55 1664
20 56 1230
20 57 385
20 58 1616
20 59 1182
20 60 337
20 61 1568
20 62 1134
20 63 289
20 64 1520
20 65 1086
20 66 241
20 67 1472
20 68 1038
20 69 193
20 70 1424
20 71 1086
20 72 241
20 73 1472
20 74 1134
20 75 289
20 76 1520
20 77 1182
20 78 337
20 79 1568
20 80 1230
20 81 385
20 82 1616
20 83 1278
20 84 433
20 85 1664
20 86 1326
20 87 481
20 88 1712
20 89 1686
21 0 2532
21 1 2065
21 2 1310
21 3 746
21 4 1314
21 5 1245
21 6 1533
21 7 2961
21 8 427
21 9 2817
21 10 665
21 11 2064
21 12 1574
21 13 2189
21 14 1211
21 15 2336
21 16 1829
21 17 1319
21 18 2947
21 19 868
21 20 1902
21 21 0
21 22 947
21 23 1276
21 24 1307
21 25 2350
21 26 1128
21 27 1630
21 28 2931
21 29 881
21 30 1574
21 31 1962
21 32 2581
21 33 2890
21 34 875
21 35 2412
21 36 1181
21 37 50
21 38 2460
21 39 1229
21 40 98
21 41 2508
21 42 1277
21 43 146
21 44 2556
21 45 1325
21 46 194
21 47 2604
21 48 1373
21 49 242
21 50 2652
21 51 1421
21 52 290
21 53 2700
21 54 1469
21 55 338
21 56 2748
21 57 1517
21 58 386
21 59 2796
21 60 1565
21 61 434
21 62 2844
21 63 1613
21 64 482
21 65 2892
21 66 1661
21 67 530
21 68 2940
21 69 1709
21 70 578
21 71 2988
21 72 1757
21 73 626
21 74 3036
21 75 1805
21 76 674
21 77 3084
21 78 1853
21 79 722
21 80 3132
21 81 1901
21 82 770
21 83 3180
21 84 1949
21 85 818
21 86 3228
21 87 1997
21 88 866
21 89 2532
22 0 2261
22 1 1218
22 2 1581
22 3 1445
22 4 851
22 5 946
22 6 946
22 7 2114
22 8 520
22 9 1970
22 10 1032
22 11 1217
22 12 1111
22 13 1822
22 14 980
22 15 2065
22 16 1034
22 17 1590
22 18 2100
22 19 1139
22 20 1055
22 21 947
22 22 0
22 23 915
22 24 980
22 25 1503
22 26 1399
22 27 1263
22 28 2084
22 29 1310
22 30 1481
22 31 1115
22 32 1734
22 33 2043
22 34 1146
22 35 2141
22 36 910
22 37 897
22 38 2093
22 39 862
22 40 849
22 41 2045
22 42 814
22 43 801
22 44 1997
22 45 766
22 46 753
22 47 1949
22 48 718
22 49 705
22 50 1901
22 51 670
22 52 657
22 53 1853
22 54 622
22 55 609
22 56 1901
22 57 670
22 58 657
22 59 1949
22 60 718
22 61 705
22 62 1997
22 63 766
22 64 753
22 65 2045
22 66 814
22 67 801
22 68 2093
22 69 862
22 70 849
22 71 2141
22 72 910
22 73 897
22 74 2189
22 75 958
22 76 945
22 77 2237
22 78 1006
22 79 993
22 80 2285
22 81 1054
22 82 1041
22 83 2333
22 84 1102
22 85 1089
22 86 2381
22 87 1150
22 88 1137
22 89 2261
23 0 1836
23 1 889
23 2 1512
23 3 1020
23 4 426
23 5 521
23 6 617
23 7 1785
23 8 1123
23 9 1641
23 10 611
23 11 888
23 12 686
23 13 1397
23 14 65
23 15 1640
23 16 705
23 17 1599
23 18 1771
23 19 1564
23 20 726
23 21 1276
23 22 915
23 23 0
23 24 651
23 25 1174
23 26 1694
23 27 838
23 28 1755
23 29 885
23 30 1152
23 31 786
23 32 1405
23 33 1714
23 34 1467
23 35 1716
23 36 485
23 37 1226
23 38 1668
23 39 437
23 40 1178
23 41 1620
23 42 389
23 43 1130
23 44 1572
23 45 341
23 46 1082
23 47 1524
23 48 293
23 49 1034
23 50 1476
23 51 245
23 52 986
23 53 1524
23 54 293
23 55 1034
23 56 1572
23 57 341
23 58 1082
23 59 1620
23 60 389
23 61 1130
23 62 1668
23 63 437
23 64 1178
23 65 1716
23 66 485
23 67 1226
23 68 1764
23 69 533
23 70 1274
23 71 1812
23 72 581
23 73 1322
23 74 1860
23 75 629
23 76 1370
23 77 1908
23 78 677
23 79 1418
23 80 1956
23 81 725
23 82 1466
23 83 2004
23 84 773
23 85 1514
23 86 2052
23 87 821
23 88 1562
23 89 1836
24 0 1997
24 1 954
24 2 1481
24 3 1181
24 4 587
24 5 682
24 6 586
24 7 1754
24 8 1058
24 9 1610
24 10 1262
24 11 857
24 12 847
24 13 1558
24 14 716
24 15 1801
24 16 674
24 17 1568
24 18 1740
24 19 1403
24 20 695
24 21 1307
24 22 980
24 23 651
24 24 0
24 25 1143
24 26 1663
24 27 999
24 28 1724
24 29 1046
24 30 1121
24 31 755
24 32 1374
24 33 1683
24 34 1410
24 35 1877
24 36 646
24 37 1257
24 38 1829
24 39 598
24 40 1209
24 41 1781
24 42 550
24 43 1161
24 44 1733
24 45 502
24 46 1113
24 47 1685
24 48 454
24 49 1065
24 50 1637
24 51 406
24 52 1017
24 53 1589
24 54 358
24 55 969
24 56 1541
24 57 310
24 58 921
24 59 1589
24 60 358
24 61 969
24 62 1637
24 63 406
24 64 1017
24 65 1685
24 66 454
24 67 1065
24 68 1733
24 69 502
24 70 1113
24 71 1781
24 72 550
24 73 1161
24 74 1829
24 75 598
24 76 1209
24 77 1877
24 78 646
24 79 1257
24 80 1925
24 81 694
24 82 1305
24 83 1973
24 84 742
24 85 1353
24 86 2021
24 87 790
24 88 1401
24 89 1997
25 0 1718
25 1 1477
25 2 1140
25 3 1704
25 4 1110
25 5 1205
25 6 917
25 7 611
25 8 2023
25 9 1193
25 10 1785
25 11 286
25 12 1370
25 13 1821
25 14 1239
25 15 1674
25 16 621
25 17 1227
25 18 1063
25 19 1582
25 20 834
25 21 2350
25 22 1503
25 23 1174
25 24 1143
25 25 0
25 26 1322
25 27 1522
25 28 1175
25 29 1569
25 30 876
25 31 1086
25 32 1429
25 33 1120
25 34 1575
25 35 1598
25 36 1169
25 37 2400
25 38 1550
25 39 1121
25 40 2352
25 41 1502
25 42 1073
25 43 2304
25 44 1454
25 45 1025
25 46 2256
25 47 1406
25 48 977
25 49 2208
25 50 1358
25 51 929
25 52 2160
25 53 1310
25 54 881
25 55 2112
25 56 1262
25 57 833
25 58 2064
25 59 1214
25 60 785
25 61 2016
25 62 1166
25 63 737
25 64 1968
25 65 1118
25 66 689
25 67 1920
25 68 1070
25 69 641
25 70 1872
25 71 1022
25 72 593
25 73 1824
25 74 974
25 75 545
25 76 1776
25 77 926
25 78 497
25 79 1728
25 80 878
25 81 449
25 82 1680
25 83 830
25 84 401
25 85 1632
25 86 878
25 87 449
25 88 1680
25 89 1718
26 0 3040
26 1 1997
26 2 182
26 3 1678
26 4 1630
26 5 1725
26 6 1437
26 7 1933
26 8 879
26 9 2077
26 10 1213
26 11 1036
26 12 1890
26 13 2601
26 14 1759
26 15 2844
26 16 1141
26 17 811
26 18 2207
26 19 260
26 20 1354
26 21 1128
26 22 1399
26 23 1694
26 24 1663
26 25 1322
26 26 0
26 27 2042
26 28 1903
26 29 1621
26 30 1162
26 31 1606
26 32 2417
26 33 2342
26 34 847
26 35 2920
26 36 1689
26 37 1078
26 38 2872
26 39 1641
26 40 1030
26 41 2824
26 42 1593
26 43 982
26 44 2776
26 45 1545
26 46 934
26 47 2728
26 48 1497
26 49 886
26 50 2680
26 51 1449
26 52 838
26 53 2632
26 54 1401
26 55 790
26 56 2584
26 57 1353
26 58 742
26 59 2536
26 60 1305
26 61 694
26 62 2488
26 63 1257
26 64 646
26 65 2440
26 66 1209
26 67 598
26 68 2392
26 69 1161
26 70 550
26 71 2344
26 72 1113
26 73 502
26 74 2296
26 75 1065
26 76 454
26 77 2248
26 78 1017
26 79 406
26 80 2200
26 81 969
26 82 358
26 83 2152
26 84 921
26 85 310
26 86 2200
26 87 969
26 88 358
26 89 3040
27 0 998
27 1 1237
27 2 1860
27 3 984
27 4 486
27 5 677
27 6 965
27 7 1769
27 8 1783
27 9 1625
27 10 1449
27 11 1236
27 12 746
27 13 559
27 14 903
27 15 954
27 16 1053
27 17 1947
27 18 1495
27 19 2302
27 20 1074
27 21 1630
27 22 1263
27 23 838
27 24 999
27 25 1522
27 26 2042
27 27 0
27 28 1895
27 29 1041
27 30 1500
27 31 1134
27 32 1285
27 33 1360
27 34 1815
27 35 878
27 36 449
27 37 1680
27 38 830
27 39 401
27 40 1632
27 41 878
27 42 449
27 43 1680
27 44 926
27 45 497
27 46 1728
27 47 974
27 48 545
27 49 1776
27 50 1022
27 51 593
27 52 1824
27 53 1070
27 54 641
27 55 1872
27 56 1118
27 57 689
27 58 1920
27 59 1166
27 60 737
27 61 1968
27 62 1214
27 63 785
27 64 2016
27 65 1262
27 66 833
27 67 2064
27 68 1310
27 69 881
27 70 2112
27 71 1358
27 72 929
27 73 2160
27 74 1406
27 75 977
27 76 2208
27 77 1454
27 78 1025
27 79 2256
27 80 1502
27 81 1073
27 82 2304
27 83 1550
27 84 1121
27 85 2352
27 86 1598
27 87 1169
27 88 2400
27 89 998
28 0 1233
28 1 1460
28 2 1721
28 3 2285
28 4 1691
28 5 1786
28 6 1498
28 7 564
28 8 2604
28 9 708
28 10 2366
28 11 1097
28 12 1951
28 13 1336
28 14 1820
28 15 1189
28 16 1202
28 17 1712
28 18 578
28 19 2163
28 20 1415
28 21 2931
28 22 2084
28 23 1755
28 24 1724
28 25 1175
28 26 1903
28 27 1895
28 28 0
28 29 2150
28 30 1457
28 31 1563
28 32 944
28 33 635
28 34 2156
28 35 1113
28 36 1750
28 37 2981
28 38 1065
28 39 1702
28 40 2933
28 41 1017
28 42 1654
28 43 2885
28 44 969
28 45 1606
28 46 2837
28 47 921
28 48 1558
28 49 2789
28 50 873
28 51 1510
28 52 2741
28 53 825
28 54 1462
28 55 2693
28 56 777
28 57 1414
28 58 2645
28 59 729
28 60 1366
28 61 2597
28 62 681
28 63 1318
28 64 2549
28 65 633
28 66 1270
28 67 2501
28 68 585
28 69 1222
28 70 2453
28 71 537
28 72 1174
28 73 2405
28 74 489
28 75 1126
28 76 2357
28 77 441
28 78 1078
28 79 2309
28 80 393
28 81 1030
28 82 2261
28 83 345
28 84 982
28 85 2213
28 86 297
28 87 934
28 88 2165
28 89 1233
29 0 2039
29 1 1284
29 2 1803
29 3 1223
29 4 629
29 5 364
29 6 1012
29 7 2180
29 8 920
29 9 2036
29 10 1158
29 11 1283
29 12 889
29 13 1600
29 14 950
29 15 1843
29 16 1100
29 17 1812
29 18 2166
29 19 1361
29 20 1121
29 21 881
29 22 1310
29 23 885
29 24 1046
29 25 1569
29 26 1621
29 27 1041
29 28 2150
29 29 0
29 30 1547
29 31 1181
29 32 1800
29 33 2109
29 34 1368
29 35 1919
29 36 688
29 37 831
29 38 1871
29 39 640
29 40 783
29 41 1823
29 42 592
29 43 735
29 44 1775
29 45 544
29 46 687
29 47 1823
29 48 592
29 49 735
29 50 1871
29 51 640
29 52 783
29 53 1919
29 54 688
29 55 831
29 56 1967
29 57 736
29 58 879
29 59 2015
29 60 784
29 61 927
29 62 2063
29 63 832
29 64 975
29 65 2111
29 66 880
29 67 1023
29 68 2159
29 69 928
29 70 1071
29 71 2207
29 72 976
29 73 1119
29 74 2255
29 75 1024
29 76 1167
29 77 2303
29 78 1072
29 79 1215
29 80 2351
29 81 1120
29 82 1263
29 83 2399
29 84 1168
29 85 1311
29 86 2447
29 87 1216
29 88 1359
29 89 2039
30 0 2498
30 1 1455
30 2 1214
30 3 1682
30 4 1088
30 5 1183
30 6 895
30 7 1487
30 8 1325
30 9 1535
30 10 1659
30 11 590
30 12 1348
30 13 2059
30 14 1217
30 15 2302
30 16 599
30 17 1301
30 18 1665
30 19 902
30 20 812
30 21 1574
30 22 1481
30 23 1152
30 24 1121
30 25 876
30 26 1162
30 27 1500
30 28 1457
30 29 1547
30 30 0
30 31 1064
30 32 1875
30 33 1800
30 34 1293
30 35 2378
30 36 1147
30 37 1524
30 38 2330
30 39 1099
30 40 1476
30 41 2282
30 42 1051
30 43 1428
30 44 2234
30 45 1003
30 46 1380
30 47 2186
30 48 955
30 49 1332
30 50 2138
30 51 907
30 52 1284
30 53 2090
30 54 859
30 55 1236
30 56 2042
30 57 811
30 58 1188
30 59 1994
30 60 763
30 61 1140
30 62 1946
30 63 715
30 64 1092
30 65 1898
30 66 667
30 67 1044
30 68 1850
30 69 619
30 70 996
30 71 1802
30 72 571
30 73 948
30 74 1754
30 75 523
30 76 900
30 77 1706
30 78 475
30 79 852
30 80 1658
30 81 427
30 82 804
30 83 1706
30 84 475
30 85 852
30 86 1754
30 87 523
30 88 900
30 89 2498
31 0 1434
31 1 1089
31 2 1424
31 3 1316
31 4 722
31 5 817
31 6 529
31 7 1437
31 8 1635
31 9 1293
31 10 1397
31 11 800
31 12 982
31 13 1537
31 14 851
31 15 1390
31 16 617
31 17 1511
31 18 1163
31 19 1866
31 20 638
31 21 1962
31 22 1115
31 23 786
31 24 755
31 25 1086
31 26 1606
31 27 1134
31 28 1563
31 29 1181
31 30 1064
31 31 0
31 32 1145
31 33 1028
31 34 1379
31 35 1314
31 36 781
31 37 2012
31 38 1266
31 39 733
31 40 1964
31 41 1218
31 42 685
31 43 1916
31 44 1170
31 45 637
31 46 1868
31 47 1122
31 48 589
31 49 1820
31 50 1074
31 51 541
31 52 1772
31 53 1026
31 54 493
31 55 1724
31 56 978
31 57 445
31 58 1676
31 59 930
31 60 397
31 61 1628
31 62 882
31 63 349
31 64 1580
31 65 930
31 66 397
31 67 1628
31 68 978
31 69 445
31 70 1676
31 71 1026
31 72 493
31 73 1724
31 74 1074
31 75 541
31 76 1772
31 77 1122
31 78 589
31 79 1820
31 80 1170
31 81 637
31 82 1868
31 83 1218
31 84 685
31 85 1916
31 86 1266
31 87 733
31 88 1964
31 89 1434
32 0 623
32 1 850
32 2 2235
32 3 1935
32 4 1341
32 5 1436
32 6 1340
32 7 818
32 8 2254
32 9 674
32 10 2016
32 11 1611
32 12 1341
32 13 726
32 14 1470
32 15 579
32 16 1428
32 17 2322
32 18 544
32 19 2677
32 20 1397
32 21 2581
32 22 1734
32 23 1405
32 24 1374
32 25 1429
32 26 2417
32 27 1285
32 28 944
32 29 1800
32 30 1875
32 31 1145
32 32 0
32 33 409
32 34 2190
32 35 503
32 36 1400
32 37 2631
32 38 455
32 39 1352
32 40 2583
32 41 407
32 42 1304
32 43 2535
32 44 359
32 45 1256
32 46 2487
32 47 311
32 48 1208
32 49 2439
32 50 263
32 51 1160
32 52 2391
32 53 215
32 54 1112
32 55 2343
32 56 167
32 57 1064
32 58 2295
32 59 215
32 60 1112
32 61 2343
32 62 263
32 63 1160
32 64 2391
32 65 311
32 66 1208
32 67 2439
32 68 359
32 69 1256
32 70 2487
32 71 407
32 72 1304
32 73 2535
32 74 455
32 75 1352
32 76 2583
32 77 503
32 78 1400
32 79 2631
32 80 551
32 81 1448
32 82 2679
32 83 599
32 84 1496
32 85 2727
32 86 647
32 87 1544
32 88 2775
32 89 623
33 0 698
33 1 925
33 2 2160
33 3 2244
33 4 1650
33 5 1745
33 6 1457
33 7 509
33 8 2563
33 9 365
33 10 2325
33 11 1406
33 12 1416
33 13 801
33 14 1779
33 15 654
33 16 1353
33 17 2247
33 18 235
33 19 2602
33 20 988
33 21 2890
33 22 2043
33 23 1714
33 24 1683
33 25 1120
33 26 2342
33 27 1360
33 28 635
33 29 2109
33 30 1800
33 31 1028
33 32 409
33 33 0
33 34 2115
33 35 578
33 36 1709
33 37 2940
33 38 530
33 39 1661
33 40 2892
33 41 482
33 42 1613
33 43 2844
33 44 434
33 45 1565
33 46 2796
33 47 386
33 48 1517
33 49 2748
33 50 338
33 51 1469
33 52 2700
33 53 290
33 54 1421
33 55 2652
33 56 242
33 57 1373
33 58 2604
33 59 194
33 60 1325
33 61 2556
33 62 146
33 63 1277
33 64 2508
33 65 98
33 66 1229
33 67 2460
33 68 50
33 69 1181
33 70 2412
33 71 98
33 72 1229
33 73 2460
33 74 146
33 75 1277
33 76 2508
33 77 194
33 78 1325
33 79 2556
33 80 242
33 81 1373
33 82 2604
33 83 290
33 84 1421
33 85 2652
33 86 338
33 87 1469
33 88 2700
33 89 698
34 0 2813
34 1 1770
34 2 1029
34 3 1425
34 4 1403
34 5 1498
34 6 1210
34 7 2186
34 8 626
34 9 2042
34 10 960
34 11 1289
34 12 1663
34 13 2374
34 14 1506
34 15 2617
34 16 1106
34 17 1038
34 18 2172
34 19 587
34 20 1127
34 21 875
34 22 1146
34 23 1467
34 24 1410
34 25 1575
34 26 847
34 27 1815
34 28 2156
34 29 1368
34 30 1293
34 31 1379
34 32 2190
34 33 2115
34 34 0
34 35 2693
34 36 1462
34 37 825
34 38 2645
34 39 1414
34 40 777
34 41 2597
34 42 1366
34 43 729
34 44 2549
34 45 1318
34 46 681
34 47 2501
34 48 1270
34 49 633
34 50 2453
34 51 1222
34 52 585
34 53 2405
34 54 1174
34 55 537
34 56 2357
34 57 1126
34 58 489
34 59 2309
34 60 1078
34 61 441
34 62 2261
34 63 1030
34 64 393
34 65 2213
34 66 982
34 67 345
34 68 2165
34 69 934
34 70 297
34 71 2213
34 72 982
34 73 345
34 74 2261
34 75 1030
34 76 393
34 77 2309
34 78 1078
34 79 441
34 80 2357
34 81 1126
34 82 489
34 83 2405
34 84 1174
34 85 537
34 86 2453
34 87 1222
34 88 585
34 89 2813
35 0 120
35 1 923
35 2 2738
35 3 1862
35 4 1364
35 5 1555
35 6 1843
35 7 987
35 8 2661
35 9 843
35 10 2327
35 11 1884
35 12 1030
35 13 319
35 14 1781
35 15 76
35 16 1931
35 17 2825
35 18 713
35 19 3180
35 20 1566
35 21 2412
35 22 2141
35 23 1716
35 24 1877
35 25 1598
35 26 2920
35 27 878
35 28 1113
35 29 1919
35 30 2378
35 31 1314
35 32 503
35 33 578
35 34 2693
35 35 0
35 36 1231
35 37 2462
35 38 48
35 39 1279
35 40 2510
35 41 96
35 42 1327
35 43 2558
35 44 144
35 45 1375
35 46 2606
35 47 192
35 48 1423
35 49 2654
35 50 240
35 51 1471
35 52 2702
35 53 288
35 54 1519
35 55 2750
35 56 336
35 57 1567
35 58 2798
35 59 384
35 60 1615
35 61 2846
35 62 432
35 63 1663
35 64 2894
35 65 480
35 66 1711
35 67 2942
35 68 528
35 69 1759
35 70 2990
35 71 576
35 72 1807
35 73 3038
35 74 624
35 75 1855
35 76 3086
35 77 672
35 78 1903
35 79 3134
35 80 720
35 81 1951
35 82 3182
35 83 768
35 84 1999
35 85 3230
35 86 816
35 87 2047
35 88 3278
35 89 120
36 0 1351
36 1 884
36 2 1507
36 3 631
36 4 133
36 5 324
36 6 612
36 7 1780
36 8 1430
36 9 1636
36 10 1096
36 11 883
36 12 393
36 13 1008
36 14 550
36 15 1155
36 16 700
36 17 1594
36 18 1766
36 19 1949
36 20 721
36 21 1181
36 22 910
36 23 485
36 24 646
36 25 1169
36 26 1689
36 27 449
36 28 1750
36 29 688
36 30 1147
36 31 781
36 32 1400
36 33 1709
36 34 1462
36 35 1231
36 36 0
36 37 1231
36 38 1279
36 39 48
36 40 1279
36 41 1327
36 42 96
36 43 1327
36 44 1375
36 45 144
36 46 1375
36 47 1423
36 48 192
36 49 1423
36 50 1471
36 51 240
36 52 1471
36 53 1519
36 54 288
36 55 1519
36 56 1567
36 57 336
36 58 1567
36 59 1615
36 60 384
36 61 1615
36 62 1663
36 63 432
36 64 1663
36 65 1711
36 66 480
36 67 1711
36 68 1759
36 69 528
36 70 1759
36 71 1807
36 72 576
36 73 1807
36 74 1855
36 75 624
36 76 1855
36 77 1903
36 78 672
36 79 1903
36 80 1951
36 81 720
36 82 1951
36 83 1999
36 84 768
36 85 1999
36 86 2047
36 87 816
36 88 2047
36 89 1351
37 0 2582
37 1 2115
37 2 1260
37 3 696
37 4 1290
37 5 1195
37 6 1483
37 7 3011
37 8 377
37 9 2867
37 10 615
37 11 2114
37 12 1624
37 13 2239
37 14 1161
37 15 2386
37 16 1779
37 17 1269
37 18 2997
37 19 818
37 20 1952
37 21 50
37 22 897
37 23 1226
37 24 1257
37 25 2400
37 26 1078
37 27 1680
37 28 2981
37 29 831
37 30 1524
37 31 2012
37 32 2631
37 33 2940
37 34 825
37 35 2462
37 36 1231
37 37 0
37 38 2510
37 39 1279
37 40 48
37 41 2558
37 42 1327
37 43 96
37 44 2606
37 45 1375
37 46 144
37 47 2654
37 48 1423
37 49 192
37 50 2702
37 51 1471
37 52 240
37 53 2750
37 54 1519
37 55 288
37 56 2798
37 57 1567
37 58 336
37 59 2846
37 60 1615
37 61 384
37 62 2894
37 63 1663
37 64 432
37 65 2942
37 66 1711
37 67 480
37 68 2990
37 69 1759
37 70 528
37 71 3038
37 72 1807
37 73 576
37 74 3086
37 75 1855
37 76 624
37 77 3134
37 78 1903
37 79 672
37 80 3182
37 81 1951
37 82 720
37 83 3230
37 84 1999
37 85 768
37 86 3278
37 87 2047
37 88 816
37 89 2582
38 0 168
38 1 875
38 2 2690
38 3 1814
38 4 1316
38 5 1507
38 6 1795
38 7 939
38 8 2613
38 9 795
38 10 2279
38 11 1836
38 12 982
38 13 271
38 14 1733
38 15 124
38 16 1883
38 17 2777
38 18 665
38 19 3132
38 20 1518
38 21 2460
38 22 2093
38 23 1668
38 24 1829
38 25 1550
38 26 2872
38 27 830
38 28 1065
38 29 1871
38 30 2330
38 31 1266
38 32 455
38 33 530
38 34 2645
38 35 48
38 36 1279
38 37 2510
38 38 0
38 39 1231
38 40 2462
38 41 48
38 42 1279
38 43 2510
38 44 96
38 45 1327
38 46 2558
38 47 144
38 48 1375
38 49 2606
38 50 192
38 51 1423
38 52 2654
38 53 240
38 54 1471
38 55 2702
38 56 288
38 57 1519
38 58 2750
38 59 336
38 60 1567
38 61 2798
38 62 384
38 63 1615
38 64 2846
38 65 432
38 66 1663
38 67 2894
38 68 480
38 69 1711
38 70 2942
38 71 528
38 72 1759
38 73 2990
38 74 576
38 75 1807
38 76 3038
38 77 624
38 78 1855
38 79 3086
38 80 672
38 81 1903
38 82 3134
38 83 720
38 84 1951
38 85 3182
38 86 768
38 87 1999
38 88 3230
38 89 168
39 0 1399
39 1 836
39 2 1459
39 3 583
39 4 85
39 5 276
39 6 564
39 7 1732
39 8 1382
39 9 1588
39 10 1048
39 11 835
39 12 345
39 13 960
39 14 502
39 15 1203
39 16 652
39 17 1546
39 18 1718
39 19 1901
39 20 673
39 21 1229
39 22 862
39 23 437
39 24 598
39 25 1121
39 26 1641
39 27 401
39 28 1702
39 29 640
39 30 1099
39 31 733
39 32 1352
39 33 1661
39 34 1414
39 35 1279
39 36 48
39 37 1279
39 38 1231
39 39 0
39 40 1231
39 41 1279
39 42 48
39 43 1279
39 44 1327
39 45 96
39 46 1327
39 47 1375
39 48 144
39 49 1375
39 50 1423
39 51 192
39 52 1423
39 53 1471
39 54 240
39 55 1471
39 56 1519
39 57 288
39 58 1519
39 59 1567
39 60 336
39 61 1567
39 62 1615
39 63 384
39 64 1615
39 65 1663
39 66 432
39 67 1663
39 68 1711
39 69 480
39 70 1711
39 71 1759
39 72 528
39 73 1759
39 74 1807
39 75 576
39 76 1807
39 77 1855
39 78 624
39 79 1855
39 80 1903
39 81 672
39 82 1903
39 83 1951
39 84 720
39 85 1951
39 86 1999
39 87 768
39 88 1999
39 89 1399
40 0 2630
40 1 2067
40 2 1212
40 3 648
40 4 1242
40 5 1147
40 6 1435
40 7 2963
40 8 329
40 9 2819
40 10 567
40 11 2066
40 12 1576
40 13 2191
40 14 1113
40 15 2434
40 16 1731
40 17 1221
40 18 2949
40 19 770
40 20 1904
40 21 98
40 22 849
40 23 1178
40 24 1209
40 25 2352
40 26 1030
40 27 1632
40 28 2933
40 29 783
40 30 1476
40 31 1964
40 32 2583
40 33 2892
40 34 777
40 35 2510
40 36 1279
40 37 48
40 38 2462
40 39 1231
40 40 0
40 41 2510
40 42 1279
40 43 48
40 44 2558
40 45 1327
40 46 96
40 47 2606
40 48 1375
40 49 144
40 50 2654
40 51 1423
40 52 192
40 53 2702
40 54 1471
40 55 240
40 56 2750
40 57 1519
40 58 288
40 59 2798
40 60 1567
40 61 336
40 62 2846
40 63 1615
40 64 384
40 65 2894
40 66 1663
40 67 432
40 68 2942
40 69 1711
40 70 480
40 71 2990
40 72 1759
40 73 528
40 74 3038
40 75 1807
40 76 576
40 77 3086
40 78 1855
40 79 624
40 80 3134
40 81 1903
40 82 672
40 83 3182
40 84 1951
40 85 720
40 86 3230
40 87 1999
40 88 768
40 89 2630
41 0 216
41 1 827
41 2 2642
41 3 1862
41 4 1268
41 5 1459
41 6 1747
41 7 891
41 8 2565
41 9 747
41 10 2231
41 11 1788
41 12 934
41 13 319
41 14 1685
41 15 172
41 16 1835
41 17 2729
41 18 617
41 19 3084
41 20 1470
41 21 2508
41 22 2045
41 23 1620
41 24 1781
41 25 1502
41 26 2824
41 27 878
41 28 1017
41 29 1823
41 30 2282
41 31 1218
41 32 407
41 33 482
41 34 2597
41 35 96
41 36 1327
41 37 2558
41 38 48
41 39 1279
41 40 2510
41 41 0
41 42 1231
41 43 2462
41 44 48
41 45 1279
41 46 2510
41 47 96
41 48 1327
41 49 2558
41 50 144
41 51 1375
41 52 2606
41 53 192
41 54 1423
41 55 2654
41 56 240
41 57 1471
41 58 2702
41 59 288
41 60 1519
41 61 2750
41 62 336
41 63 1567
41 64 2798
41 65 384
41 66 1615
41 67 2846
41 68 432
41 69 1663
41 70 2894
41 71 480
41 72 1711
41 73 2942
41 74 528
41 75 1759
41 76 2990
41 77 576
41 78 1807
41 79 3038
41 80 624
41 81 1855
41 82 3086
41 83 672
41 84 1903
41 85 3134
41 86 720
41 87 1951
41 88 3182
41 89 216
42 0 1447
42 1 788
42 2 1411
42 3 631
42 4 37
42 5 228
42 6 516
42 7 1684
42 8 1334
42 9 1540
42 10 1000
42 11 787
42 12 297
42 13 1008
42 14 454
42 15 1251
42 16 604
42 17 1498
42 18 1670
42 19 1853
42 20 625
42 21 1277
42 22 814
42 23 389
42 24 550
42 25 1073
42 26 1593
42 27 449
42 28 1654
42 29 592
42 30 1051
42 31 685
42 32 1304
42 33 1613
42 34 1366
42 35 1327
42 36 96
42 37 1327
42 38 1279
42 39 48
42 40 1279
42 41 1231
42 42 0
42 43 1231
42 44 1279
42 45 48
42 46 1279
42 47 1327
42 48 96
42 49 1327
42 50 1375
42 51 144
42 52 1375
42 53 1423
42 54 192
42 55 1423
42 56 1471
42 57 240
42 58 1471
42 59 1519
42 60 288
42 61 1519
42 62 1567
42 63 336
42 64 1567
42 65 1615
42 66 384
42 67 1615
42 68 1663
42 69 432
42 70 1663
42 71 1711
42 72 480
42 73 1711
42 74 1759
42 75 528
42 76 1759
42 77 1807
42 78 576
42 79 1807
42 80 1855
42 81 624
42 82 1855
42 83 1903
42 84 672
42 85 1903
42 86 1951
42 87 720
42 88 1951
42 89 1447
43 0 2678
43 1 2019
43 2 1164
43 3 696
43 4 1194
43 5 1099
43 6 1387
43 7 2915
43 8 281
43 9 2771
43 10 519
43 11 2018
43 12 1528
43 13 2239
43 14 1065
43 15 2482
43 16 1683
43 17 1173
43 18 2901
43 19 722
43 20 1856
43 21 146
43 22 801
43 23 1130
43 24 1161
43 25 2304
43 26 982
43 27 1680
43 28 2885
43 29 735
43 30 1428
43 31 1916
43 32 2535
43 33 2844
43 34 729
43 35 2558
43 36 1327
43 37 96
43 38 2510
43 39 1279
43 40 48
43 41 2462
43 42 1231
43 43 0
43 44 2510
43 45 1279
43 46 48
43 47 2558
43 48 1327
43 49 96
43 50 2606
43 51 1375
43 52 144
43 53 2654
43 54 1423
43 55 192
43 56 2702
43 57 1471
43 58 240
43 59 2750
43 60 1519
43 61 288
43 62 2798
43 63 1567
43 64 336
43 65 2846
43 66 1615
43 67 384
43 68 2894
43 69 1663
43 70 432
43 71 2942
43 72 1711
43 73 480
43 74 2990
43 75 1759
43 76 528
43 77 3038
43 78 1807
43 79 576
43 80 3086
43 81 1855
43 82 624
43 83 3134
43 84 1903
43 85 672
43 86 3182
43 87 1951
43 88 720
43 89 2678
44 0 264
44 1 779
44 2 2594
44 3 1910
44 4 1316
44 5 1411
44 6 1699
44 7 843
44 8 2517
44 9 699
44 10 2183
44 11 1740
44 12 982
44 13 367
44 14 1637
44 15 220
44 16 1787
44 17 2681
44 18 569
44 19 3036
44 20 1422
44 21 2556
44 22 1997
44 23 1572
44 24 1733
44 25 1454
44 26 2776
44 27 926
44 28 969
44 29 1775
44 30 2234
44 31 1170
44 32 359
44 33 434
44 34 2549
44 35 144
44 36 1375
44 37 2606
44 38 96
44 39 1327
44 40 2558
44 41 48
44 42 1279
44 43 2510
44 44 0
44 45 1231
44 46 2462
44 47 48
44 48 1279
44 49 2510
44 50 96
44 51 1327
44 52 2558
44 53 144
44 54 1375
44 55 2606
44 56 192
44 57 1423
44 58 2654
44 59 240
44 60 1471
44 61 2702
44 62 288
44 63 1519
44 64 2750
44 65 336
44 66 1567
44 67 2798
44 68 384
44 69 1615
44 70 2846
44 71 432
44 72 1663
44 73 2894
44 74 480
44 75 1711
44 76 2942
44 77 528
44 78 1759
44 79 2990
44 80 576
44 81 1807
44 82 3038
44 83 624
44 84 1855
44 85 3086
44 86 672
44 87 1903
44 88 3134
44 89 264
45 0 1495
45 1 740
45 2 1363
45 3 679
45 4 85
45 5 180
45 6 468
45 7 1636
45 8 1286
45 9 1492
45 10 952
45 11 739
45 12 345
45 13 1056
45 14 406
45 15 1299
45 16 556
45 17 1450
45 18 1622
45 19 1805
45 20 577
45 21 1325
45 22 766
45 23 341
45 24 502
45 25 1025
45 26 1545
45 27 497
45 28 1606
45 29 544
45 30 1003
45 31 637
45 32 1256
45 33 1565
45 34 1318
45 35 1375
45 36 144
45 37 1375
45 38 1327
45 39 96
45 40 1327
45 41 1279
45 42 48
45 43 1279
45 44 1231
45 45 0
45 46 1231
45 47 1279
45 48 48
45 49 1279
45 50 1327
45 51 96
45 52 1327
45 53 1375
45 54 144
45 55 1375
45 56 1423
45 57 192
45 58 1423
45 59 1471
45 60 240
45 61 1471
45 62 1519
45 63 288
45 64 1519
45 65 1567
45 66 336
45 67 1567
45 68 1615
45 69 384
45 70 1615
45 71 1663
45 72 432
45 73 1663
45 74 1711
45 75 480
45 76 1711
45 77 1759
45 78 528
45 79 1759
45 80 1807
45 81 576
45 82 1807
45 83 1855
45 84 624
45 85 1855
45 86 1903
45 87 672
45 88 1903
45 89 1495
46 0 2726
46 1 1971
46 2 1116
46 3 744
46 4 1242
46 5 1051
46 6 1339
46 7 2867
46 8 233
46 9 2723
46 10 471
46 11 1970
46 12 1576
46 13 2287
46 14 1017
46 15 2530
46 16 1635
46 17 1125
46 18 2853
46 19 674
46 20 1808
46 21 194
46 22 753
46 23 1082
46 24 1113
46 25 2256
46 26 934
46 27 1728
46 28 2837
46 29 687
46 30 1380
46 31 1868
46 32 2487
46 33 2796
46 34 681
46 35 2606
46 36 1375
46 37 144
46 38 2558
46 39 1327
46 40 96
46 41 2510
46 42 1279
46 43 48
46 44 2462
46 45 1231
46 46 0
46 47 2510
46 48 1279
46 49 48
46 50 2558
46 51 1327
46 52 96
46 53 2606
46 54 1375
46 55 144
46 56 2654
46 57 1423
46 58 192
46 59 2702
46 60 1471
46 61 240
46 62 2750
46 63 1519
46 64 288
46 65 2798
46 66 1567
46 67 336
46 68 2846
46 69 1615
46 70 384
46 71 2894
46 72 1663
46 73 432
46 74 2942
46 75 1711
46 76 480
46 77 2990
46 78 1759
46 79 528
46 80 3038
46 81 1807
46 82 576
46 83 3086
46 84 1855
46 85 624
46 86 3134
46 87 1903
46 88 672
46 89 2726
47 0 312
47 1 731
47 2 2546
47 3 1958
47 4 1364
47 5 1459
47 6 1651
47 7 795
47 8 2469
47 9 651
47 10 2135
47 11 1692
47 12 1030
47 13 415
47 14 1589
47 15 268
47 16 1739
47 17 2633
47 18 521
47 19 2988
47 20 1374
47 21 2604
47 22 1949
47 23 1524
47 24 1685
47 25 1406
47 26 2728
47 27 974
47 28 921
47 29 1823
47 30 2186
47 31 1122
47 32 311
47 33 386
47 34 2501
47 35 192
47 36 1423
47 37 2654
47 38 144
47 39 1375
47 40 2606
47 41 96
47 42 1327
47 43 2558
47 44 48
47 45 1279
47 46 2510
47 47 0
47 48 1231
47 49 2462
47 50 48
47 51 1279
47 52 2510
47 53 96
47 54 1327
47 55 2558
47 56 144
47 57 1375
47 58 2606
47 59 192
47 60 1423
47 61 2654
47 62 240
47 63 1471
47 64 2702
47 65 288
47 66 1519
47 67 2750
47 68 336
47 69 1567
47 70 2798
47 71 384
47 72 1615
47 73 2846
47 74 432
47 75 1663
47 76 2894
47 77 480
47 78 1711
47 79 2942
47 80 528
47 81 1759
47 82 2990
47 83 576
47 84 1807
47 85 3038
47 86 624
47 87 1855
47 88 3086
47 89 312
48 0 1543
48 1 692
48 2 1315
48 3 727
48 4 133
48 5 228
48 6 420
48 7 1588
48 8 1238
48 9 1444
48 10 904
48 11 691
48 12 393
48 13 1104
48 14 358
48 15 1347
48 16 508
48 17 1402
48 18 1574
48 19 1757
48 20 529
48 21 1373
48 22 718
48 23 293
48 24 454
48 25 977
48 26 1497
48 27 545
48 28 1558
48 29 592
48 30 955
48 31 589
48 32 1208
48 33 1517
48 34 1270
48 35 1423
48 36 192
48 37 1423
48 38 1375
48 39 144
48 40 1375
48 41 1327
48 42 96
48 43 1327
48 44 1279
48 45 48
48 46 1279
48 47 1231
48 48 0
48 49 1231
48 50 1279
48 51 48
48 52 1279
48 53 1327
48 54 96
48 55 1327
48 56 1375
48 57 144
48 58 1375
48 59 1423
48 60 192
48 61 1423
48 62 1471
48 63 240
48 64 1471
48 65 1519
48 66 288
48 67 1519
48 68 1567
48 69 336
48 70 1567
48 71 1615
48 72 384
48 73 1615
48 74 1663
48 75 432
48 76 1663
48 77 1711
48 78 480
48 79 1711
48 80 1759
48 81 528
48 82 1759
48 83 1807
48 84 576
48 85 1807
48 86 1855
48 87 624
48 88 1855
48 89 1543
49 0 2774
49 1 1923
49 2 1068
49 3 792
49 4 1290
49 5 1099
49 6 1291
49 7 2819
49 8 185
49 9 2675
49 10 423
49 11 1922
49 12 1624
49 13 2335
49 14 969
49 15 2578
49 16 1587
49 17 1077
49 18 2805
49 19 626
49 20 1760
49 21 242
49 22 705
49 23 1034
49 24 1065
49 25 2208
49 26 886
49 27 1776
49 28 2789
49 29 735
49 30 1332
49 31 1820
49 32 2439
49 33 2748
49 34 633
49 35 2654
49 36 1423
49 37 192
49 38 2606
49 39 1375
49 40 144
49 41 2558
49 42 1327
49 43 96
49 44 2510
49 45 1279
49 46 48
49 47 2462
49 48 1231
49 49 0
49 50 2510
49 51 1279
49 52 48
49 53 2558
49 54 1327
49 55 96
49 56 2606
49 57 1375
49 58 144
49 59 2654
49 60 1423
49 61 192
49 62 2702
49 63 1471
49 64 240
49 65 2750
49 66 1519
49 67 288
49 68 2798
49 69 1567
49 70 336
49 71 2846
49 72 1615
49 73 384
49 74 2894
49 75 1663
49 76 432
49 77 2942
49 78 1711
49 79 480
49 80 2990
49 81 1759
49 82 528
49 83 3038
49 84 1807
49 85 576
49 86 3086
49 87 1855
49 88 624
49 89 2774
50 0 360
50 1 683
50 2 2498
50 3 2006
50 4 1412
50 5 1507
50 6 1603
50 7 747
50 8 2421
50 9 603
50 10 2087
50 11 1644
50 12 1078
50 13 463
50 14 1541
50 15 316
50 16 1691
50 17 2585
50 18 473
50 19 2940
50 20 1326
50 21 2652
50 22 1901
50 23 1476
50 24 1637
50 25 1358
50 26 2680
50 27 1022
50 28 873
50 29 1871
50 30 2138
50 31 1074
50 32 263
50 33 338
50 34 2453
50 35 240
50 36 1471
50 37 2702
50 38 192
50 39 1423
50 40 2654
50 41 144
50 42 1375
50 43 2606
50 44 96
50 45 1327
50 46 2558
50 47 48
50 48 1279
50 49 2510
50 50 0
50 51 1231
50 52 2462
50 53 48
50 54 1279
50 55 2510
50 56 96
50 57 1327
50 58 2558
50 59 144
50 60 1375
50 61 2606
50 62 192
50 63 1423
50 64 2654
50 65 240
50 66 1471
50 67 2702
50 68 288
50 69 1519
50 70 2750
50 71 336
50 72 1567
50 73 2798
50 74 384
50 75 1615
50 76 2846
50 77 432
50 78 1663
50 79 2894
50 80 480
50 81 1711
50 82 2942
50 83 528
50 84 1759
50 85 2990
50 86 576
50 87 1807
50 88 3038
50 89 360
51 0 1591
51 1 644
51 2 1267
51 3 775
51 4 181
51 5 276
51 6 372
51 7 1540
51 8 1190
51 9 1396
51 10 856
51 11 643
51 12 441
51 13 1152
51 14 310
51 15 1395
51 16 460
51 17 1354
51 18 1526
51 19 1709
51 20 481
51 21 1421
51 22 670
51 23 245
51 24 406
51 25 929
51 26 1449
51 27 593
51 28 1510
51 29 640
51 30 907
51 31 541
51 32 1160
51 33 1469
51 34 1222
51 35 1471
51 36 240
51 37 1471
51 38 1423
51 39 192
51 40 1423
51 41 1375
51 42 144
51 43 1375
51 44 1327
51 45 96
51 46 1327
51 47 1279
51 48 48
51 49 1279
51 50 1231
51 51 0
51 52 1231
51 53 1279
51 54 48
51 55 1279
51 56 1327
51 57 96
51 58 1327
51 59 1375
51 60 144
51 61 1375
51 62 1423
51 63 192
51 64 1423
51 65 1471
51 66 240
51 67 1471
51 68 1519
51 69 288
51 70 1519
51 71 1567
51 72 336
51 73 1567
51 74 1615
51 75 384
51 76 1615
51 77 1663
51 78 432
51 79 1663
51 80 1711
51 81 480
51 82 1711
51 83 1759
51 84 528
51 85 1759
51 86 1807
51 87 576
51 88 1807
51 89 1591
52 0 2822
52 1 1875
52 2 1020
52 3 840
52 4 1338
52 5 1147
52 6 1243
52 7 2771
52 8 137
52 9 2627
52 10 375
52 11 1874
52 12 1672
52 13 2383
52 14 921
52 15 2626
52 16 1539
52 17 1029
52 18 2757
52 19 578
52 20 1712
52 21 290
52 22 657
52 23 986
52 24 1017
52 25 2160
52 26 838
52 27 1824
52 28 2741
52 29 783
52 30 1284
52 31 1772
52 32 2391
52 33 2700
52 34 585
52 35 2702
52 36 1471
52 37 240
52 38 2654
52 39 1423
52 40 192
52 41 2606
52 42 1375
52 43 144
52 44 2558
52 45 1327
52 46 96
52 47 2510
52 48 1279
52 49 48
52 50 2462
52 51 1231
52 52 0
52 53 2510
52 54 1279
52 55 48
52 56 2558
52 57 1327
52 58 96
52 59 2606
52 60 1375
52 61 144
52 62 2654
52 63 1423
52 64 192
52 65 2702
52 66 1471
52 67 240
52 68 2750
52 69 1519
52 70 288
52 71 2798
52 72 1567
52 73 336
52 74 2846
52 75 1615
52 76 384
52 77 2894
52 78 1663
52 79 432
52 80 2942
52 81 1711
52 82 480
52 83 2990
52 84 1759
52 85 528
52 86 3038
52 87 1807
52 88 576
52 89 2822
53 0 408
53 1 635
53 2 2450
53 3 2054
53 4 1460
53 5 1555
53 6 1555
53 7 699
53 8 2373
53 9 555
53 10 2135
53 11 1596
53 12 1126
53 13 511
53 14 1589
53 15 364
53 16 1643
53 17 2537
53 18 425
53 19 2892
53 20 1278
53 21 2700
53 22 1853
53 23 1524
53 24 1589
53 25 1310
53 26 2632
53 27 1070
53 28 825
53 29 1919
53 30 2090
53 31 1026
53 32 215
53 33 290
53 34 2405
53 35 288
53 36 1519
53 37 2750
53 38 240
53 39 1471
53 40 2702
53 41 192
53 42 1423
53 43 2654
53 44 144
53 45 1375
53 46 2606
53 47 96
53 48 1327
53 49 2558
53 50 48
53 51 1279
53 52 2510
53 53 0
53 54 1231
53 55 2462
53 56 48
53 57 1279
53 58 2510
53 59 96
53 60 1327
53 61 2558
53 62 144
53 63 1375
53 64 2606
53 65 192
53 66 1423
53 67 2654
53 68 240
53 69 1471
53 70 2702
53 71 288
53 72 1519
53 73 2750
53 74 336
53 75 1567
53 76 2798
53 77 384
53 78 1615
53 79 2846
53 80 432
53 81 1663
53 82 2894
53 83 480
53 84 1711
53 85 2942
53 86 528
53 87 1759
53 88 2990
53 89 408
54 0 1639
54 1 596
54 2 1219
54 3 823
54 4 229
54 5 324
54 6 324
54 7 1492
54 8 1142
54 9 1348
54 10 904
54 11 595
54 12 489
54 13 1200
54 14 358
54 15 1443
54 16 412
54 17 1306
54 18 1478
54 19 1661
54 20 433
54 21 1469
54 22 622
54 23 293
54 24 358
54 25 881
54 26 1401
54 27 641
54 28 1462
54 29 688
54 30 859
54 31 493
54 32 1112
54 33 1421
54 34 1174
54 35 1519
54 36 288
54 37 1519
54 38 1471
54 39 240
54 40 1471
54 41 1423
54 42 192
54 43 1423
54 44 1375
54 45 144
54 46 1375
54 47 1327
54 48 96
54 49 1327
54 50 1279
54 51 48
54 52 1279
54 53 1231
54 54 0
54 55 1231
54 56 1279
54 57 48
54 58 1279
54 59 1327
54 60 96
54 61 1327
54 62 1375
54 63 144
54 64 1375
54 65 1423
54 66 192
54 67 1423
54 68 1471
54 69 240
54 70 1471
54 71 1519
54 72 288
54 73 1519
54 74 1567
54 75 336
54 76 1567
54 77 1615
54 78 384
54 79 1615
54 80 1663
54 81 432
54 82 1663
54 83 1711
54 84 480
54 85 1711
54 86 1759
54 87 528
54 88 1759
54 89 1639
55 0 2870
55 1 1827
55 2 972
55 3 888
55 4 1386
55 5 1195
55 6 1195
55 7 2723
55 8 89
55 9 2579
55 10 423
55 11 1826
55 12 1720
55 13 2431
55 14 969
55 15 2674
55 16 1491
55 17 981
55 18 2709
55 19 530
55 20 1664
55 21 338
55 22 609
55 23 1034
55 24 969
55 25 2112
55 26 790
55 27 1872
55 28 2693
55 29 831
55 30 1236
55 31 1724
55 32 2343
55 33 2652
55 34 537
55 35 2750
55 36 1519
55 37 288
55 38 2702
55 39 1471
55 40 240
55 41 2654
55 42 1423
55 43 192
55 44 2606
55 45 1375
55 46 144
55 47 2558
55 48 1327
55 49 96
55 50 2510
55 51 1279
55 52 48
55 53 2462
55 54 1231
55 55 0
55 56 2510
55 57 1279
55 58 48
55 59 2558
55 60 1327
55 61 96
55 62 2606
55 63 1375
55 64 144
55 65 2654
55 66 1423
55 67 192
55 68 2702
55 69 1471
55 70 240
55 71 2750
55 72 1519
55 73 288
55 74 2798
55 75 1567
55 76 336
55 77 2846
55 78 1615
55 79 384
55 80 2894
55 81 1663
55 82 432
55 83 2942
55 84 1711
55 85 480
55 86 2990
55 87 1759
55 88 528
55 89 2870
56 0 456
56 1 683
56 2 2402
56 3 2102
56 4 1508
56 5 1603
56 6 1507
56 7 651
56 8 2421
56 9 507
56 10 2183
56 11 1548
56 12 1174
56 13 559
56 14 1637
56 15 412
56 16 1595
56 17 2489
56 18 377
56 19 2844
56 20 1230
56 21 2748
56 22 1901
56 23 1572
56 24 1541
56 25 1262
56 26 2584
56 27 1118
56 28 777
56 29 1967
56 30 2042
56 31 978
56 32 167
56 33 242
56 34 2357
56 35 336
56 36 1567
56 37 2798
56 38 288
56 39 1519
56 40 2750
56 41 240
56 42 1471
56 43 2702
56 44 192
56 45 1423
56 46 2654
56 47 144
56 48 1375
56 49 2606
56 50 96
56 51 1327
56 52 2558
56 53 48
56 54 1279
56 55 2510
56 56 0
56 57 1231
56 58 2462
56 59 48
56 60 1279
56 61 2510
56 62 96
56 63 1327
56 64 2558
56 65 144
56 66 1375
56 67 2606
56 68 192
56 69 1423
56 70 2654
56 71 240
56 72 1471
56 73 2702
56 74 288
56 75 1519
56 76 2750
56 77 336
56 78 1567
56 79 2798
56 80 384
56 81 1615
56 82 2846
56 83 432
56 84 1663
56 85 2894
56 86 480
56 87 1711
56 88 2942
56 89 456
57 0 1687
57 1 644
57 2 1171
57 3 871
57 4 277
57 5 372
57 6 276
57 7 1444
57 8 1190
57 9 1300
57 10 952
57 11 547
57 12 537
57 13 1248
57 14 406
57 15 1491
57 16 364
57 17 1258
57 18 1430
57 19 1613
57 20 385
57 21 1517
57 22 670
57 23 341
57 24 310
57 25 833
57 26 1353
57 27 689
57 28 1414
57 29 736
57 30 811
57 31 445
57 32 1064
57 33 1373
57 34 1126
57 35 1567
57 36 336
57 37 1567
57 38 1519
57 39 288
57 40 1519
57 41 1471
57 42 240
57 43 1471
57 44 1423
57 45 192
57 46 1423
57 47 1375
57 48 144
57 49 1375
57 50 1327
57 51 96
57 52 1327
57 53 1279
57 54 48
57 55 1279
57 56 1231
57 57 0
57 58 1231
57 59 1279
57 60 48
57 61 1279
57 62 1327
57 63 96
57 64 1327
57 65 1375
57 66 144
57 67 1375
57 68 1423
57 69 192
57 70 1423
57 71 1471
57 72 240
57 73 1471
57 74 1519
57 75 288
57 76 1519
57 77 1567
57 78 336
57 79 1567
57 80 1615
57 81 384
57 82 1615
57 83 1663
57 84 432
57 85 1663
57 86 1711
57 87 480
57 88 1711
57 89 1687
58 0 2918
58 1 1875
58 2 924
58 3 936
58 4 1434
58 5 1243
58 6 1147
58 7 2675
58 8 137
58 9 2531
58 10 471
58 11 1778
58 12 1768
58 13 2479
58 14 1017
58 15 2722
58 16 1443
58 17 933
58 18 2661
58 19 482
58 20 1616
58 21 386
58 22 657
58 23 1082
58 24 921
58 25 2064
58 26 742
58 27 1920
58 28 2645
58 29 879
58 30 1188
58 31 1676
58 32 2295
58 33 2604
58 34 489
58 35 2798
58 36 1567
58 37 336
58 38 2750
58 39 1519
58 40 288
58 41 2702
58 42 1471
58 43 240
58 44 2654
58 45 1423
58 46 192
58 47 2606
58 48 1375
58 49 144
58 50 2558
58 51 1327
58 52 96
58 53 2510
58 54 1279
58 55 48
58 56 2462
58 57 1231
58 58 0
58 59 2510
58 60 1279
58 61 48
58 62 2558
58 63 1327
58 64 96
58 65 2606
58 66 1375
58 67 144
58 68 2654
58 69 1423
58 70 192
58 71 2702
58 72 1471
58 73 240
58 74 2750
58 75 1519
58 76 288
58 77 2798
58 78 1567
58 79 336
58 80 2846
58 81 1615
58 82 384
58 83 2894
58 84 1663
58 85 432
58 86 2942
58 87 1711
58 88 480
58 89 2918
59 0 504
59 1 731
59 2 2354
59 3 2150
59 4 1556
59 5 1651
59 6 1459
59 7 603
59 8 2469
59 9 459
59 10 2231
59 11 1500
59 12 1222
59 13 607
59 14 1685
59 15 460
59 16 1547
59 17 2441
59 18 329
59 19 2796
59 20 1182
59 21 2796
59 22 1949
59 23 1620
59 24 1589
59 25 1214
59 26 2536
59 27 1166
59 28 729
59 29 2015
59 30 1994
59 31 930
59 32 215
59 33 194
59 34 2309
59 35 384
59 36 1615
59 37 2846
59 38 336
59 39 1567
59 40 2798
59 41 288
59 42 1519
59 43 2750
59 44 240
59 45 1471
59 46 2702
59 47 192
59 48 1423
59 49 2654
59 50 144
59 51 1375
59 52 2606
59 53 96
59 54 1327
59 55 2558
59 56 48
59 57 1279
59 58 2510
59 59 0
59 60 1231
59 61 2462
59 62 48
59 63 1279
59 64 2510
59 65 96
59 66 1327
59 67 2558
59 68 144
59 69 1375
59 70 2606
59 71 192
59 72 1423
59 73 2654
59 74 240
59 75 1471
59 76 2702
59 77 288
59 78 1519
59 79 2750
59 80 336
59 81 1567
59 82 2798
59 83 384
59 84 1615
59 85 2846
59 86 432
59 87 1663
59 88 2894
59 89 504
60 0 1735
60 1 692
60 2 1123
60 3 919
60 4 325
60 5 420
60 6 228
60 7 1396
60 8 1238
60 9 1252
60 10 1000
60 11 499
60 12 585
60 13 1296
60 14 454
60 15 1539
60 16 316
60 17 1210
60 18 1382
60 19 1565
60 20 337
60 21 1565
60 22 718
60 23 389
60 24 358
60 25 785
60 26 1305
60 27 737
60 28 1366
60 29 784
60 30 763
60 31 397
60 32 1112
60 33 1325
60 34 1078
60 35 1615
60 36 384
60 37 1615
60 38 1567
60 39 336
60 40 1567
60 41 1519
60 42 288
60 43 1519
60 44 1471
60 45 240
60 46 1471
60 47 1423
60 48 192
60 49 1423
60 50 1375
60 51 144
60 52 1375
60 53 1327
60 54 96
60 55 1327
60 56 1279
60 57 48
60 58 1279
60 59 1231
60 60 0
60 61 1231
60 62 1279
60 63 48
60 64 1279
60 65 1327
60 66 96
60 67 1327
60 68 1375
60 69 144
60 70 1375
60 71 1423
60 72 192
60 73 1423
60 74 1471
60 75 240
60 76 1471
60 77 1519
60 78 288
60 79 1519
60 80 1567
60 81 336
60 82 1567
60 83 1615
60 84 384
60 85 1615
60 86 1663
60 87 432
60 88 1663
60 89 1735
61 0 2966
61 1 1923
61 2 876
61 3 984
61 4 1482
61 5 1291
61 6 1099
61 7 2627
61 8 185
61 9 2483
61 10 519
61 11 1730
61 12 1816
61 13 2527
61 14 1065
61 15 2770
61 16 1395
61 17 885
61 18 2613
61 19 434
61 20 1568
61 21 434
61 22 705
61 23 1130
61 24 969
61 25 2016
61 26 694
61 27 1968
61 28 2597
61 29 927
61 30 1140
61 31 1628
61 32 2343
61 33 2556
61 34 441
61 35 2846
61 36 1615
61 37 384
61 38 2798
61 39 1567
61 40 336
61 41 2750
61 42 1519
61 43 288
61 44 2702
61 45 1471
61 46 240
61 47 2654
61 48 1423
61 49 192
61 50 2606
61 51 1375
61 52 144
61 53 2558
61 54 1327
61 55 96
61 56 2510
61 57 1279
61 58 48
61 59 2462
61 60 1231
61 61 0
61 62 2510
61 63 1279
61 64 48
61 65 2558
61 66 1327
61 67 96
61 68 2606
61 69 1375
61 70 144
61 71 2654
61 72 1423
61 73 192
61 74 2702
61 75 1471
61 76 240
61 77 2750
61 78 1519
61 79 288
61 80 2798
61 81 1567
61 82 336
61 83 2846
61 84 1615
61 85 384
61 86 2894
61 87 1663
61 88 432
61 89 2966
62 0 552
62 1 779
62 2 2306
62 3 2198
62 4 1604
62 5 1699
62 6 1411
62 7 555
62 8 2517
62 9 411
62 10 2279
62 11 1452
62 12 1270
62 13 655
62 14 1733
62 15 508
62 16 1499
62 17 2393
62 18 281
62 19 2748
62 20 1134
62 21 2844
62 22 1997
62 23 1668
62 24 1637
62 25 1166
62 26 2488
62 27 1214
62 28 681
62 29 2063
62 30 1946
62 31 882
62 32 263
62 33 146
62 34 2261
62 35 432
62 36 1663
62 37 2894
62 38 384
62 39 1615
62 40 2846
62 41 336
62 42 1567
62 43 2798
62 44 288
62 45 1519
62 46 2750
62 47 240
62 48 1471
62 49 2702
62 50 192
62 51 1423
62 52 2654
62 53 144
62 54 1375
62 55 2606
62 56 96
62 57 1327
62 58 2558
62 59 48
62 60 1279
62 61 2510
62 62 0
62 63 1231
62 64 2462
62 65 48
62 66 1279
62 67 2510
62 68 96
62 69 1327
62 70 2558
62 71 144
62 72 1375
62 73 2606
62 74 192
62 75 1423
62 76 2654
62 77 240
62 78 1471
62 79 2702
62 80 288
62 81 1519
62 82 2750
62 83 336
62 84 1567
62 85 2798
62 86 384
62 87 1615
62 88 2846
62 89 552
63 0 1783
63 1 740
63 2 1075
63 3 967
63 4 373
63 5 468
63 6 180
63 7 1348
63 8 1286
63 9 1204
63 10 1048
63 11 451
63 12 633
63 13 1344
63 14 502
63 15 1587
63 16 268
63 17 1162
63 18 1334
63 19 1517
63 20 289
63 21 1613
63 22 766
63 23 437
63 24 406
63 25 737
63 26 1257
63 27 785
63 28 1318
63 29 832
63 30 715
63 31 349
63 32 1160
63 33 1277
63 34 1030
63 35 1663
63 36 432
63 37 1663
63 38 1615
63 39 384
63 40 1615
63 41 1567
63 42 336
63 43 1567
63 44 1519
63 45 288
63 46 1519
63 47 1471
63 48 240
63 49 1471
63 50 1423
63 51 192
63 52 1423
63 53 1375
63 54 144
63 55 1375
63 56 1327
63 57 96
63 58 1327
63 59 1279
63 60 48
63 61 1279
63 62 1231
63 63 0
63 64 1231
63 65 1279
63 66 48
63 67 1279
63 68 1327
63 69 96
63 70 1327
63 71 1375
63 72 144
63 73 1375
63 74 1423
63 75 192
63 76 1423
63 77 1471
63 78 240
63 79 1471
63 80 1519
63 81 288
63 82 1519
63 83 1567
63 84 336
63 85 1567
63 86 1615
63 87 384
63 88 1615
63 89 1783
64 0 3014
64 1 1971
64 2 828
64 3 1032
64 4 1530
64 5 1339
64 6 1051
64 7 2579
64 8 233
64 9 2435
64 10 567
64 11 1682
64 12 1864
64 13 2575
64 14 1113
64 15 2818
64 16 1347
64 17 837
64 18 2565
64 19 386
64 20 1520
64 21 482
64 22 753
64 23 1178
64 24 1017
64 25 1968
64 26 646
64 27 2016
64 28 2549
64 29 975
64 30 1092
64 31 1580
64 32 2391
64 33 2508
64 34 393
64 35 2894
64 36 1663
64 37 432
64 38 2846
64 39 1615
64 40 384
64 41 2798
64 42 1567
64 43 336
64 44 2750
64 45 1519
64 46 288
64 47 2702
64 48 1471
64 49 240
64 50 2654
64 51 1423
64 52 192
64 53 2606
64 54 1375
64 55 144
64 56 2558
64 57 1327
64 58 96
64 59 2510
64 60 1279
64 61 48
64 62 2462
64 63 1231
64 64 0
64 65 2510
64 66 1279
64 67 48
64 68 2558
64 69 1327
64 70 96
64 71 2606
64 72 1375
64 73 144
64 74 2654
64 75 1423
64 76 192
64 77 2702
64 78 1471
64 79 240
64 80 2750
64 81 1519
64 82 288
64 83 2798
64 84 1567
64 85 336
64 86 2846
64 87 1615
64 88 384
64 89 3014
65 0 600
65 1 827
65 2 2258
65 3 2246
65 4 1652
65 5 1747
65 6 1459
65 7 507
65 8 2565
65 9 363
65 10 2327
65 11 1404
65 12 1318
65 13 703
65 14 1781
65 15 556
65 16 1451
65 17 2345
65 18 233
65 19 2700
65 20 1086
65 21 2892
65 22 2045
65 23 1716
65 24 1685
65 25 1118
65 26 2440
65 27 1262
65 28 633
65 29 2111
65 30 1898
65 31 930
65 32 311
65 33 98
65 34 2213
65 35 480
65 36 1711
65 37 2942
65 38 432
65 39 1663
65 40 2894
65 41 384
65 42 1615
65 43 2846
65 44 336
65 45 1567
65 46 2798
65 47 288
65 48 1519
65 49 2750
65 50 240
65 51 1471
65 52 2702
65 53 192
65 54 1423
65 55 2654
65 56 144
65 57 1375
65 58 2606
65 59 96
65 60 1327
65 61 2558
65 62 48
65 63 1279
65 64 2510
65 65 0
65 66 1231
65 67 2462
65 68 48
65 69 1279
65 70 2510
65 71 96
65 72 1327
65 73 2558
65 74 144
65 75 1375
65 76 2606
65 77 192
65 78 1423
65 79 2654
65 80 240
65 81 1471
65 82 2702
65 83 288
65 84 1519
65 85 2750
65 86 336
65 87 1567
65 88 2798
65 89 600
66 0 1831
66 1 788
66 2 1027
66 3 1015
66 4 421
66 5 516
66 6 228
66 7 1300
66 8 1334
66 9 1156
66 10 1096
66 11 403
66 12 681
66 13 1392
66 14 550
66 15 1635
66 16 220
66 17 1114
66 18 1286
66 19 1469
66 20 241
66 21 1661
66 22 814
66 23 485
66 24 454
66 25 689
66 26 1209
66 27 833
66 28 1270
66 29 880
66 30 667
66 31 397
66 32 1208
66 33 1229
66 34 982
66 35 1711
66 36 480
66 37 1711
66 38 1663
66 39 432
66 40 1663
66 41 1615
66 42 384
66 43 1615
66 44 1567
66 45 336
66 46 1567
66 47 1519
66 48 288
66 49 1519
66 50 1471
66 51 240
66 52 1471
66 53 1423
66 54 192
66 55 1423
66 56 1375
66 57 144
66 58 1375
66 59 1327
66 60 96
66 61 1327
66 62 1279
66 63 48
66 64 1279
66 65 1231
66 66 0
66 67 1231
66 68 1279
66 69 48
66 70 1279
66 71 1327
66 72 96
66 73 1327
66 74 1375
66 75 144
66 76 1375
66 77 1423
66 78 192
66 79 1423
66 80 1471
66 81 240
66 82 1471
66 83 1519
66 84 288
66 85 1519
66 86 1567
66 87 336
66 88 1567
66 89 1831
67 0 3062
67 1 2019
67 2 780
67 3 1080
67 4 1578
67 5 1387
67 6 1099
67 7 2531
67 8 281
67 9 2387
67 10 615
67 11 1634
67 12 1912
67 13 2623
67 14 1161
67 15 2866
67 16 1299
67 17 789
67 18 2517
67 19 338
67 20 1472
67 21 530
67 22 801
67 23 1226
67 24 1065
67 25 1920
67 26 598
67 27 2064
67 28 2501
67 29 1023
67 30 1044
67 31 1628
67 32 2439
67 33 2460
67 34 345
67 35 2942
67 36 1711
67 37 480
67 38 2894
67 39 1663
67 40 432
67 41 2846
67 42 1615
67 43 384
67 44 2798
67 45 1567
67 46 336
67 47 2750
67 48 1519
67 49 288
67 50 2702
67 51 1471
67 52 240
67 53 2654
67 54 1423
67 55 192
67 56 2606
67 57 1375
67 58 144
67 59 2558
67 60 1327
67 61 96
67 62 2510
67 63 1279
67 64 48
67 65 2462
67 66 1231
67 67 0
67 68 2510
67 69 1279
67 70 48
67 71 2558
67 72 1327
67 73 96
67 74 2606
67 75 1375
67 76 144
67 77 2654
67 78 1423
67 79 192
67 80 2702
67 81 1471
67 82 240
67 83 2750
67 84 1519
67 85 288
67 86 2798
67 87 1567
67 88 336
67 89 3062
68 0 648
68 1 875
68 2 2210
68 3 2294
68 4 1700
68 5 1795
68 6 1507
68 7 459
68 8 2613
68 9 315
68 10 2375
68 11 1356
68 12 1366
68 13 751
68 14 1829
68 15 604
68 16 1403
68 17 2297
68 18 185
68 19 2652
68 20 1038
68 21 2940
68 22 2093
68 23 1764
68 24 1733
68 25 1070
68 26 2392
68 27 1310
68 28 585
68 29 2159
68 30 1850
68 31 978
68 32 359
68 33 50
68 34 2165
68 35 528
68 36 1759
68 37 2990
68 38 480
68 39 1711
68 40 2942
68 41 432
68 42 1663
68 43 2894
68 44 384
68 45 1615
68 46 2846
68 47 336
68 48 1567
68 49 2798
68 50 288
68 51 1519
68 52 2750
68 53 240
68 54 1471
68 55 2702
68 56 192
68 57 1423
68 58 2654
68 59 144
68 60 1375
68 61 2606
68 62 96
68 63 1327
68 64 2558
68 65 48
68 66 1279
68 67 2510
68 68 0
68 69 1231
68 70 2462
68 71 48
68 72 1279
68 73 2510
68 74 96
68 75 1327
68 76 2558
68 77 144
68 78 1375
68 79 2606
68 80 192
68 81 1423
68 82 2654
68 83 240
68 84 1471
68 85 2702
68 86 288
68 87 1519
68 88 2750
68 89 648
69 0 1879
69 1 836
69 2 979
69 3 1063
69 4 469
69 5 564
69 6 276
69 7 1252
69 8 1382
69 9 1108
69 10 1144
69 11 355
69 12 729
69 13 1440
69 14 598
69 15 1683
69 16 172
69 17 1066
69 18 1238
69 19 1421
69 20 193
69 21 1709
69 22 862
69 23 533
69 24 502
69 25 641
69 26 1161
69 27 881
69 28 1222
69 29 928
69 30 619
69 31 445
69 32 1256
69 33 1181
69 34 934
69 35 1759
69 36 528
69 37 1759
69 38 1711
69 39 480
69 40 1711
69 41 1663
69 42 432
69 43 1663
69 44 1615
69 45 384
69 46 1615
69 47 1567
69 48 336
69 49 1567
69 50 1519
69 51 288
69 52 1519
69 53 1471
69 54 240
69 55 1471
69 56 1423
69 57 192
69 58 1423
69 59 1375
69 60 144
69 61 1375
69 62 1327
69 63 96
69 64 1327
69 65 1279
69 66 48
69 67 1279
69 68 1231
69 69 0
69 70 1231
69 71 1279
69 72 48
69 73 1279
69 74 1327
69 75 96
69 76 1327
69 77 1375
69 78 144
69 79 1375
69 80 1423
69 81 192
69 82 1423
69 83 1471
69 84 240
69 85 1471
69 86 1519
69 87 288
69 88 1519
69 89 1879
70 0 3110
70 1 2067
70 2 732
70 3 1128
70 4 1626
70 5 1435
70 6 1147
70 7 2483
70 8 329
70 9 2339
70 10 663
70 11 1586
70 12 1960
70 13 2671
70 14 1209
70 15 2914
70 16 1251
70 17 741
70 18 2469
70 19 290
70 20 1424
70 21 578
70 22 849
70 23 1274
70 24 1113
70 25 1872
70 26 550
70 27 2112
70 28 2453
70 29 1071
70 30 996
70 31 1676
70 32 2487
70 33 2412
70 34 297
70 35 2990
70 36 1759
70 37 528
70 38 2942
70 39 1711
70 40 480
70 41 2894
70 42 1663
70 43 432
70 44 2846
70 45 1615
70 46 384
70 47 2798
70 48 1567
70 49 336
70 50 2750
70 51 1519
70 52 288
70 53 2702
70 54 1471
70 55 240
70 56 2654
70 57 1423
70 58 192
70 59 2606
70 60 1375
70 61 144
70 62 2558
70 63 1327
70 64 96
70 65 2510
70 66 1279
70 67 48
70 68 2462
70 69 1231
70 70 0
70 71 2510
70 72 1279
70 73 48
70 74 2558
70 75 1327
70 76 96
70 77 2606
70 78 1375
70 79 144
70 80 2654
70 81 1423
70 82 192
70 83 2702
70 84 1471
70 85 240
70 86 2750
70 87 1519
70 88 288
70 89 3110
71 0 696
71 1 923
71 2 2162
71 3 2342
71 4 1748
71 5 1843
71 6 1555
71 7 411
71 8 2661
71 9 267
71 10 2423
71 11 1308
71 12 1414
71 13 799
71 14 1877
71 15 652
71 16 1355
71 17 2249
71 18 137
71 19 2604
71 20 1086
71 21 2988
71 22 2141
71 23 1812
71 24 1781
71 25 1022
71 26 2344
71 27 1358
71 28 537
71 29 2207
71 30 1802
71 31 1026
71 32 407
71 33 98
71 34 2213
71 35 576
71 36 1807
71 37 3038
71 38 528
71 39 1759
71 40 2990
71 41 480
71 42 1711
71 43 2942
71 44 432
71 45 1663
71 46 2894
71 47 384
71 48 1615
71 49 2846
71 50 336
71 51 1567
71 52 2798
71 53 288
71 54 1519
71 55 2750
71 56 240
71 57 1471
71 58 2702
71 59 192
71 60 1423
71 61 2654
71 62 144
71 63 1375
71 64 2606
71 65 96
71 66 1327
71 67 2558
71 68 48
71 69 1279
71 70 2510
71 71 0
71 72 1231
71 73 2462
71 74 48
71 75 1279
71 76 2510
71 77 96
71 78 1327
71 79 2558
71 80 144
71 81 1375
71 82 2606
71 83 192
71 84 1423
71 85 2654
71 86 240
71 87 1471
71 88 2702
71 89 696
72 0 1927
72 1 884
72 2 931
72 3 1111
72 4 517
72 5 612
72 6 324
72 7 1204
72 8 1430
72 9 1060
72 10 1192
72 11 307
72 12 777
72 13 1488
72 14 646
72 15 1731
72 16 124
72 17 1018
72 18 1190
72 19 1373
72 20 241
72 21 1757
72 22 910
72 23 581
72 24 550
72 25 593
72 26 1113
72 27 929
72 28 1174
72 29 976
72 30 571
72 31 493
72 32 1304
72 33 1229
72 34 982
72 35 1807
72 36 576
72 37 1807
72 38 1759
72 39 528
72 40 1759
72 41 1711
72 42 480
72 43 1711
72 44 1663
72 45 432
72 46 1663
72 47 1615
72 48 384
72 49 1615
72 50 1567
72 51 336
72 52 1567
72 53 1519
72 54 288
72 55 1519
72 56 1471
72 57 240
72 58 1471
72 59 1423
72 60 192
72 61 1423
72 62 1375
72 63 144
72 64 1375
72 65 1327
72 66 96
72 67 1327
72 68 1279
72 69 48
72 70 1279
72 71 1231
72 72 0
72 73 1231
72 74 1279
72 75 48
72 76 1279
72 77 1327
72 78 96
72 79 1327
72 80 1375
72 81 144
72 82 1375
72 83 1423
72 84 192
72 85 1423
72 86 1471
72 87 240
72 88 1471
72 89 1927
73 0 3158
73 1 2115
73 2 684
73 3 1176
73 4 1674
73 5 1483
73 6 1195
73 7 2435
73 8 377
73 9 2291
73 10 711
73 11 1538
73 12 2008
73 13 2719
73 14 1257
73 15 2962
73 16 1203
73 17 693
73 18 2421
73 19 242
73 20 1472
73 21 626
73 22 897
73 23 1322
73 24 1161
73 25 1824
73 26 502
73 27 2160
73 28 2405
73 29 1119
73 30 948
73 31 1724
73 32 2535
73 33 2460
73 34 345
73 35 3038
73 36 1807
73 37 576
73 38 2990
73 39 1759
73 40 528
73 41 2942
73 42 1711
73 43 480
73 44 2894
73 45 1663
73 46 432
73 47 2846
73 48 1615
73 49 384
73 50 2798
73 51 1567
73 52 336
73 53 2750
73 54 1519
73 55 288
73 56 2702
73 57 1471
73 58 240
73 59 2654
73 60 1423
73 61 192
73 62 2606
73 63 1375
73 64 144
73 65 2558
73 66 1327
73 67 96
73 68 2510
73 69 1279
73 70 48
73 71 2462
73 72 1231
73 73 0
73 74 2510
73 75 1279
73 76 48
73 77 2558
73 78 1327
73 79 96
73 80 2606
73 81 1375
73 82 144
73 83 2654
73 84 1423
73 85 192
73 86 2702
73 87 1471
73 88 240
73 89 3158
74 0 744
74 1 971
74 2 2114
74 3 2390
74 4 1796
74 5 1891
74 6 1603
74 7 363
74 8 2709
74 9 219
74 10 2471
74 11 1260
74 12 1462
74 13 847
74 14 1925
74 15 700
74 16 1307
74 17 2201
74 18 89
74 19 2556
74 20 1134
74 21 3036
74 22 2189
74 23 1860
74 24 1829
74 25 974
74 26 2296
74 27 1406
74 28 489
74 29 2255
74 30 1754
74 31 1074
74 32 455
74 33 146
74 34 2261
74 35 624
74 36 1855
74 37 3086
74 38 576
74 39 1807
74 40 3038
74 41 528
74 42 1759
74 43 2990
74 44 480
74 45 1711
74 46 2942
74 47 432
74 48 1663
74 49 2894
74 50 384
74 51 1615
74 52 2846
74 53 336
74 54 1567
74 55 2798
74 56 288
74 57 1519
74 58 2750
74 59 240
74 60 1471
74 61 2702
74 62 192
74 63 1423
74 64 2654
74 65 144
74 66 1375
74 67 2606
74 68 96
74 69 1327
74 70 2558
74 71 48
74 72 1279
74 73 2510
74 74 0
74 75 1231
74 76 2462
74 77 48
74 78 1279
74 79 2510
74 80 96
74 81 1327
74 82 2558
74 83 144
74 84 1375
74 85 2606
74 86 192
74 87 1423
74 88 2654
74 89 744
75 0 1975
75 1 932
75 2 883
75 3 1159
75 4 565
75 5 660
75 6 372
75 7 1156
75 8 1478
75 9 1012
75 10 1240
75 11 259
75 12 825
75 13 1536
75 14 694
75 15 1779
75 16 76
75 17 970
75 18 1142
75 19 1325
75 20 289
75 21 1805
75 22 958
75 23 629
75 24 598
75 25 545
75 26 1065
75 27 977
75 28 1126
75 29 1024
75 30 523
75 31 541
75 32 1352
75 33 1277
75 34 1030
75 35 1855
75 36 624
75 37 1855
75 38 1807
75 39 576
75 40 1807
75 41 1759
75 42 528
75 43 1759
75 44 1711
75 45 480
75 46 1711
75 47 1663
75 48 432
75 49 1663
75 50 1615
75 51 384
75 52 1615
75 53 1567
75 54 336
75 55 1567
75 56 1519
75 57 288
75 58 1519
75 59 1471
75 60 240
75 61 1471
75 62 1423
75 63 192
75 64 1423
75 65 1375
75 66 144
75 67 1375
75 68 1327
75 69 96
75 70 1327
75 71 1279
75 72 48
75 73 1279
75 74 1231
75 75 0
75 76 1231
75 77 1279
75 78 48
75 79 1279
75 80 1327
75 81 96
75 82 1327
75 83 1375
75 84 144
75 85 1375
75 86 1423
75 87 192
75 88 1423
75 89 1975
76 0 3206
76 1 2163
76 2 636
76 3 1224
76 4 1722
76 5 1531
76 6 1243
76 7 2387
76 8 425
76 9 2243
76 10 759
76 11 1490
76 12 2056
76 13 2767
76 14 1305
76 15 3010
76 16 1155
76 17 645
76 18 2373
76 19 194
76 20 1520
76 21 674
76 22 945
76 23 1370
76 24 1209
76 25 1776
76 26 454
76 27 2208
76 28 2357
76 29 1167
76 30 900
76 31 1772
76 32 2583
76 33 2508
76 34 393
76 35 3086
76 36 1855
76 37 624
76 38 3038
76 39 1807
76 40 576
76 41 2990
76 42 1759
76 43 528
76 44 2942
76 45 1711
76 46 480
76 47 2894
76 48 1663
76 49 432
76 50 2846
76 51 1615
76 52 384
76 53 2798
76 54 1567
76 55 336
76 56 2750
76 57 1519
76 58 288
76 59 2702
76 60 1471
76 61 240
76 62 2654
76 63 1423
76 64 192
76 65 2606
76 66 1375
76 67 144
76 68 2558
76 69 1327
76 70 96
76 71 2510
76 72 1279
76 73 48
76 74 2462
76 75 1231
76 76 0
76 77 2510
76 78 1279
76 79 48
76 80 2558
76 81 1327
76 82 96
76 83 2606
76 84 1375
76 85 144
76 86 2654
76 87 1423
76 88 192
76 89 3206
77 0 792
77 1 1019
77 2 2066
77 3 2438
77 4 1844
77 5 1939
77 6 1651
77 7 315
77 8 2757
77 9 267
77 10 2519
77 11 1212
77 12 1510
77 13 895
77 14 1973
77 15 748
77 16 1355
77 17 2153
77 18 137
77 19 2508
77 20 1182
77 21 3084
77 22 2237
77 23 1908
77 24 1877
77 25 926
77 26 2248
77 27 1454
77 28 441
77 29 2303
77 30 1706
77 31 1122
77 32 503
77 33 194
77 34 2309
77 35 672
77 36 1903
77 37 3134
77 38 624
77 39 1855
77 40 3086
77 41 576
77 42 1807
77 43 3038
77 44 528
77 45 1759
77 46 2990
77 47 480
77 48 1711
77 49 2942
77 50 432
77 51 1663
77 52 2894
77 53 384
77 54 1615
77 55 2846
77 56 336
77 57 1567
77 58 2798
77 59 288
77 60 1519
77 61 2750
77 62 240
77 63 1471
77 64 2702
77 65 192
77 66 1423
77 67 2654
77 68 144
77 69 1375
77 70 2606
77 71 96
77 72 1327
77 73 2558
77 74 48
77 75 1279
77 76 2510
77 77 0
77 78 1231
77 79 2462
77 80 48
77 81 1279
77 82 2510
77 83 96
77 84 1327
77 85 2558
77 86 144
77 87 1375
77 88 2606
77 89 792
78 0 2023
78 1 980
78 2 835
78 3 1207
78 4 613
78 5 708
78 6 420
78 7 1108
78 8 1526
78 9 1060
78 10 1288
78 11 211
78 12 873
78 13 1584
78 14 742
78 15 1827
78 16 124
78 17 922
78 18 1190
78 19 1277
78 20 337
78 21 1853
78 22 1006
78 23 677
78 24 646
78 25 497
78 26 1017
78 27 1025
78 28 1078
78 29 1072
78 30 475
78 31 589
78 32 1400
78 33 1325
78 34 1078
78 35 1903
78 36 672
78 37 1903
78 38 1855
78 39 624
78 40 1855
78 41 1807
78 42 576
78 43 1807
78 44 1759
78 45 528
78 46 1759
78 47 1711
78 48 480
78 49 1711
78 50 1663
78 51 432
78 52 1663
78 53 1615
78 54 384
78 55 1615
78 56 1567
78 57 336
78 58 1567
78 59 1519
78 60 288
78 61 1519
78 62 1471
78 63 240
78 64 1471
78 65 1423
78 66 192
78 67 1423
78 68 1375
78 69 144
78 70 1375
78 71 1327
78 72 96
78 73 1327
78 74 1279
78 75 48
78 76 1279
78 77 1231
78 78 0
78 79 1231
78 80 1279
78 81 48
78 82 1279
78 83 1327
78 84 96
78 85 1327
78 86 1375
78 87 144
78 88 1375
78 89 2023
79 0 3254
79 1 2211
79 2 588
79 3 1272
79 4 1770
79 5 1579
79 6 1291
79 7 2339
79 8 473
79 9 2291
79 10 807
79 11 1442
79 12 2104
79 13 2815
79 14 1353
79 15 3058
79 16 1203
79 17 597
79 18 2421
79 19 146
79 20 1568
79 21 722
79 22 993
79 23 1418
79 24 1257
79 25 1728
79 26 406
79 27 2256
79 28 2309
79 29 1215
79 30 852
79 31 1820
79 32 2631
79 33 2556
79 34 441
79 35 3134
79 36 1903
79 37 672
79 38 3086
79 39 1855
79 40 624
79 41 3038
79 42 1807
79 43 576
79 44 2990
79 45 1759
79 46 528
79 47 2942
79 48 1711
79 49 480
79 50 2894
79 51 1663
79 52 432
79 53 2846
79 54 1615
79 55 384
79 56 2798
79 57 1567
79 58 336
79 59 2750
79 60 1519
79 61 288
79 62 2702
79 63 1471
79 64 240
79 65 2654
79 66 1423
79 67 192
79 68 2606
79 69 1375
79 70 144
79 71 2558
79 72 1327
79 73 96
79 74 2510
79 75 1279
79 76 48
79 77 2462
79 78 1231
79 79 0
79 80 2510
79 81 1279
79 82 48
79 83 2558
79 84 1327
79 85 96
79 86 2606
79 87 1375
79 88 144
79 89 3254
80 0 840
80 1 1067
80 2 2018
80 3 2486
80 4 1892
80 5 1987
80 6 1699
80 7 267
80 8 2805
80 9 315
80 10 2567
80 11 1164
80 12 1558
80 13 943
80 14 2021
80 15 796
80 16 1403
80 17 2105
80 18 185
80 19 2460
80 20 1230
80 21 3132
80 22 2285
80 23 1956
80 24 1925
80 25 878
80 26 2200
80 27 1502
80 28 393
80 29 2351
80 30 1658
80 31 1170
80 32 551
80 33 242
80 34 2357
80 35 720
80 36 1951
80 37 3182
80 38 672
80 39 1903
80 40 3134
80 41 624
80 42 1855
80 43 3086
80 44 576
80 45 1807
80 46 3038
80 47 528
80 48 1759
80 49 2990
80 50 480
80 51 1711
80 52 2942
80 53 432
80 54 1663
80 55 2894
80 56 384
80 57 1615
80 58 2846
80 59 336
80 60 1567
80 61 2798
80 62 288
80 63 1519
80 64 2750
80 65 240
80 66 1471
80 67 2702
80 68 192
80 69 1423
80 70 2654
80 71 144
80 72 1375
80 73 2606
80 74 96
80 75 1327
80 76 2558
80 77 48
80 78 1279
80 79 2510
80 80 0
80 81 1231
80 82 2462
80 83 48
80 84 1279
80 85 2510
80 86 96
80 87 1327
80 88 2558
80 89 840
81 0 2071
81 1 1028
81 2 787
81 3 1255
81 4 661
81 5 756
81 6 468
81 7 1060
81 8 1574
81 9 1108
81 10 1336
81 11 163
81 12 921
81 13 1632
81 14 790
81 15 1875
81 16 172
81 17 874
81 18 1238
81 19 1229
81 20 385
81 21 1901
81 22 1054
81 23 725
81 24 694
81 25 449
81 26 969
81 27 1073
81 28 1030
81 29 1120
81 30 427
81 31 637
81 32 1448
81 33 1373
81 34 1126
81 35 1951
81 36 720
81 37 1951
81 38 1903
81 39 672
81 40 1903
81 41 1855
81 42 624
81 43 1855
81 44 1807
81 45 576
81 46 1807
81 47 1759
81 48 528
81 49 1759
81 50 1711
81 51 480
81 52 1711
81 53 1663
81 54 432
81 55 1663
81 56 1615
81 57 384
81 58 1615
81 59 1567
81 60 336
81 61 1567
81 62 1519
81 63 288
81 64 1519
81 65 1471
81 66 240
81 67 1471
81 68 1423
81 69 192
81 70 1423
81 71 1375
81 72 144
81 73 1375
81 74 1327
81 75 96
81 76 1327
81 77 1279
81 78 48
81 79 1279
81 80 1231
81 81 0
81 82 1231
81 83 1279
81 84 48
81 85 1279
81 86 1327
81 87 96
81 88 1327
81 89 2071
82 0 3302
82 1 2259
82 2 540
82 3 1320
82 4 1818
82 5 1627
82 6 1339
82 7 2291
82 8 521
82 9 2339
82 10 855
82 11 1394
82 12 2152
82 13 2863
82 14 1401
82 15 3106
82 16 1251
82 17 549
82 18 2469
82 19 98
82 20 1616
82 21 770
82 22 1041
82 23 1466
82 24 1305
82 25 1680
82 26 358
82 27 2304
82 28 2261
82 29 1263
82 30 804
82 31 1868
82 32 2679
82 33 2604
82 34 489
82 35 3182
82 36 1951
82 37 720
82 38 3134
82 39 1903
82 40 672
82 41 3086
82 42 1855
82 43 624
82 44 3038
82 45 1807
82 46 576
82 47 2990
82 48 1759
82 49 528
82 50 2942
82 51 1711
82 52 480
82 53 2894
82 54 1663
82 55 432
82 56 2846
82 57 1615
82 58 384
82 59 2798
82 60 1567
82 61 336
82 62 2750
82 63 1519
82 64 288
82 65 2702
82 66 1471
82 67 240
82 68 2654
82 69 1423
82 70 192
82 71 2606
82 72 1375
82 73 144
82 74 2558
82 75 1327
82 76 96
82 77 2510
82 78 1279
82 79 48
82 80 2462
82 81 1231
82 82 0
82 83 2510
82 84 1279
82 85 48
82 86 2558
82 87 1327
82 88 96
82 89 3302
83 0 888
83 1 1115
83 2 1970
83 3 2534
83 4 1940
83 5 2035
83 6 1747
83 7 219
83 8 2853
83 9 363
83 10 2615
83 11 1116
83 12 1606
83 13 991
83 14 2069
83 15 844
83 16 1451
83 17 2057
83 18 233
83 19 2412
83 20 1278
83 21 3180
83 22 2333
83 23 2004
83 24 1973
83 25 830
83 26 2152
83 27 1550
83 28 345
83 29 2399
83 30 1706
83 31 1218
83 32 599
83 33 290
83 34 2405
83 35 768
83 36 1999
83 37 3230
83 38 720
83 39 1951
83 40 3182
83 41 672
83 42 1903
83 43 3134
83 44 624
83 45 1855
83 46 3086
83 47 576
83 48 1807
83 49 3038
83 50 528
83 51 1759
83 52 2990
83 53 480
83 54 1711
83 55 2942
83 56 432
83 57 1663
83 58 2894
83 59 384
83 60 1615
83 61 2846
83 62 336
83 63 1567
83 64 2798
83 65 288
83 66 1519
83 67 2750
83 68 240
83 69 1471
83 70 2702
83 71 192
83 72 1423
83 73 2654
83 74 144
83 75 1375
83 76 2606
83 77 96
83 78 1327
83 79 2558
83 80 48
83 81 1279
83 82 2510
83 83 0
83 84 1231
83 85 2462
83 86 48
83 87 1279
83 88 2510
83 89 888
84 0 2119
84 1 1076
84 2 739
84 3 1303
84 4 709
84 5 804
84 6 516
84 7 1012
84 8 1622
84 9 1156
84 10 1384
84 11 115
84 12 969
84 13 1680
84 14 838
84 15 1923
84 16 220
84 17 826
84 18 1286
84 19 1181
84 20 433
84 21 1949
84 22 1102
84 23 773
84 24 742
84 25 401
84 26 921
84 27 1121
84 28 982
84 29 1168
84 30 475
84 31 685
84 32 1496
84 33 1421
84 34 1174
84 35 1999
84 36 768
84 37 1999
84 38 1951
84 39 720
84 40 1951
84 41 1903
84 42 672
84 43 1903
84 44 1855
84 45 624
84 46 1855
84 47 1807
84 48 576
84 49 1807
84 50 1759
84 51 528
84 52 1759
84 53 1711
84 54 480
84 55 1711
84 56 1663
84 57 432
84 58 1663
84 59 1615
84 60 384
84 61 1615
84 62 1567
84 63 336
84 64 1567
84 65 1519
84 66 288
84 67 1519
84 68 1471
84 69 240
84 70 1471
84 71 1423
84 72 192
84 73 1423
84 74 1375
84 75 144
84 76 1375
84 77 1327
84 78 96
84 79 1327
84 80 1279
84 81 48
84 82 1279
84 83 1231
84 84 0
84 85 1231
84 86 1279
84 87 48
84 88 1279
84 89 2119
85 0 3350
85 1 2307
85 2 492
85 3 1368
85 4 1866
85 5 1675
85 6 1387
85 7 2243
85 8 569
85 9 2387
85 10 903
85 11 1346
85 12 2200
85 13 2911
85 14 1449
85 15 3154
85 16 1299
85 17 501
85 18 2517
85 19 50
85 20 1664
85 21 818
85 22 1089
85 23 1514
85 24 1353
85 25 1632
85 26 310
85 27 2352
85 28 2213
85 29 1311
85 30 852
85 31 1916
85 32 2727
85 33 2652
85 34 537
85 35 3230
85 36 1999
85 37 768
85 38 3182
85 39 1951
85 40 720
85 41 3134
85 42 1903
85 43 672
85 44 3086
85 45 1855
85 46 624
85 47 3038
85 48 1807
85 49 576
85 50 2990
85 51 1759
85 52 528
85 53 2942
85 54 1711
85 55 480
85 56 2894
85 57 1663
85 58 432
85 59 2846
85 60 1615
85 61 384
85 62 2798
85 63 1567
85 64 336
85 65 2750
85 66 1519
85 67 288
85 68 2702
85 69 1471
85 70 240
85 71 2654
85 72 1423
85 73 192
85 74 2606
85 75 1375
85 76 144
85 77 2558
85 78 1327
85 79 96
85 80 2510
85 81 1279
85 82 48
85 83 2462
85 84 1231
85 85 0
85 86 2510
85 87 1279
85 88 48
85 89 3350
86 0 936
86 1 1163
86 2 2018
86 3 2582
86 4 1988
86 5 2083
86 6 1795
86 7 267
86 8 2901
86 9 411
86 10 2663
86 11 1164
86 12 1654
86 13 1039
86 14 2117
86 15 892
86 16 1499
86 17 2009
86 18 281
86 19 2460
86 20 1326
86 21 3228
86 22 2381
86 23 2052
86 24 2021
86 25 878
86 26 2200
86 27 1598
86 28 297
86 29 2447
86 30 1754
86 31 1266
86 32 647
86 33 338
86 34 2453
86 35 816
86 36 2047
86 37 3278
86 38 768
86 39 1999
86 40 3230
86 41 720
86 42 1951
86 43 3182
86 44 672
86 45 1903
86 46 3134
86 47 624
86 48 1855
86 49 3086
86 50 576
86 51 1807
86 52 3038
86 53 528
86 54 1759
86 55 2990
86 56 480
86 57 1711
86 58 2942
86 59 432
86 60 1663
86 61 2894
86 62 384
86 63 1615
86 64 2846
86 65 336
86 66 1567
86 67 2798
86 68 288
86 69 1519
86 70 2750
86 71 240
86 72 1471
86 73 2702
86 74 192
86 75 1423
86 76 2654
86 77 144
86 78 1375
86 79 2606
86 80 96
86 81 1327
86 82 2558
86 83 48
86 84 1279
86 85 2510
86 86 0
86 87 1231
86 88 2462
86 89 936
87 0 2167
87 1 1124
87 2 787
87 3 1351
87 4 757
87 5 852
87 6 564
87 7 1060
87 8 1670
87 9 1204
87 10 1432
87 11 163
87 12 1017
87 13 1728
87 14 886
87 15 1971
87 16 268
87 17 778
87 18 1334
87 19 1229
87 20 481
87 21 1997
87 22 1150
87 23 821
87 24 790
87 25 449
87 26 969
87 27 1169
87 28 934
87 29 1216
87 30 523
87 31 733
87 32 1544
87 33 1469
87 34 1222
87 35 2047
87 36 816
87 37 2047
87 38 1999
87 39 768
87 40 1999
87 41 1951
87 42 720
87 43 1951
87 44 1903
87 45 672
87 46 1903
87 47 1855
87 48 624
87 49 1855
87 50 1807
87 51 576
87 52 1807
87 53 1759
87 54 528
87 55 1759
87 56 1711
87 57 480
87 58 1711
87 59 1663
87 60 432
87 61 1663
87 62 1615
87 63 384
87 64 1615
87 65 1567
87 66 336
87 67 1567
87 68 1519
87 69 288
87 70 1519
87 71 1471
87 72 240
87 73 1471
87 74 1423
87 75 192
87 76 1423
87 77 1375
87 78 144
87 79 1375
87 80 1327
87 81 96
87 82 1327
87 83 1279
87 84 48
87 85 1279
87 86 1231
87 87 0
87 88 1231
87 89 2167
88 0 3398
88 1 2355
88 2 540
88 3 1416
88 4 1914
88 5 1723
88 6 1435
88 7 2291
88 8 617
88 9 2435
88 10 951
88 11 1394
88 12 2248
88 13 2959
88 14 1497
88 15 3202
88 16 1347
88 17 453
88 18 2565
88 19 98
88 20 1712
88 21 866
88 22 1137
88 23 1562
88 24 1401
88 25 1680
88 26 358
88 27 2400
88 28 2165
88 29 1359
88 30 900
88 31 1964
88 32 2775
88 33 2700
88 34 585
88 35 3278
88 36 2047
88 37 816
88 38 3230
88 39 1999
88 40 768
88 41 3182
88 42 1951
88 43 720
88 44 3134
88 45 1903
88 46 672
88 47 3086
88 48 1855
88 49 624
88 50 3038
88 51 1807
88 52 576
88 53 2990
88 54 1759
88 55 528
88 56 2942
88 57 1711
88 58 480
88 59 2894
88 60 1663
88 61 432
88 62 2846
88 63 1615
88 64 384
88 65 2798
88 66 1567
88 67 336
88 68 2750
88 69 1519
88 70 288
88 71 2702
88 72 1471
88 73 240
88 74 2654
88 75 1423
88 76 192
88 77 2606
88 78 1375
88 79 144
88 80 2558
88 81 1327
88 82 96
88 83 2510
88 84 1279
88 85 48
88 86 2462
88 87 1231
88 88 0
88 89 3398
89 0 0
89 1 1043
89 2 2858
89 3 1982
89 4 1484
89 5 1675
89 6 1963
89 7 1107
89 8 2781
89 9 963
89 10 2447
89 11 2004
89 12 1150
89 13 439
89 14 1901
89 15 196
89 16 2051
89 17 2945
89 18 833
89 19 3300
89 20 1686
89 21 2532
89 22 2261
89 23 1836
89 24 1997
89 25 1718
89 26 3040
89 27 998
89 28 1233
89 29 2039
89 30 2498
89 31 1434
89 32 623
89 33 698
89 34 2813
89 35 120
89 36 1351
89 37 2582
89 38 168
89 39 1399
89 40 2630
89 41 216
89 42 1447
89 43 2678
89 44 264
89 45 1495
89 46 2726
89 47 312
89 48 1543
89 49 2774
89 50 360
89 51 1591
89 52 2822
89 53 408
89 54 1639
89 55 2870
89 56 456
89 57 1687
89 58 2918
89 59 504
89 60 1735
89 61 2966
89 62 552
89 63 1783
89 64 3014
89 65 600
89 66 1831
89 67 3062
89 68 648
89 69 1879
89 70 3110
89 71 696
89 72 1927
89 73 3158
89 74 744
89 75 1975
89 76 3206
89 77 792
89 78 2023
89 79 3254
89 80 840
89 81 2071
89 82 3302
89 83 888
89 84 2119
89 85 3350
89 86 936
89 87 2167
89 88 3398
89 89 0
//Location coordinates LocationName
//Loc x y
0 0.0 0.0 "depot"
1 288.0 755.0 "product aisle 6 bloc 0 rank 93"
2 768.0 2090.0 "product aisle 16 bloc 1 rank 110"
3 48.0 1934.0 "product aisle 1 bloc 1 rank 86"
4 96.0 1388.0 "product aisle 2 bloc 1 rank 1"
5 144.0 1531.0 "product aisle 3 bloc 1 rank 24"
6 432.0 1531.0 "product aisle 9 bloc 1 rank 24"
7 768.0 339.0 "product aisle 16 bloc 0 rank 30"
8 288.0 2493.0 "product aisle 6 bloc 1 rank 171"
9 624.0 339.0 "product aisle 13 bloc 0 rank 30"
10 240.0 2207.0 "product aisle 5 bloc 1 rank 128"
11 768.0 1236.0 "product aisle 16 bloc 0 rank 168"
12 96.0 1054.0 "product aisle 2 bloc 0 rank 139"
13 48.0 391.0 "product aisle 1 bloc 0 rank 38"
14 240.0 1661.0 "product aisle 5 bloc 1 rank 43"
15 0.0 196.0 "product aisle 0 bloc 0 rank 7"
16 624.0 1427.0 "product aisle 13 bloc 1 rank 7"
17 816.0 2129.0 "product aisle 17 bloc 1 rank 115"
18 624.0 209.0 "product aisle 13 bloc 0 rank 9"
19 768.0 2532.0 "product aisle 16 bloc 1 rank 178"
20 528.0 1158.0 "product aisle 11 bloc 0 rank 156"
21 0.0 2532.0 "product aisle 0 bloc 1 rank 178"
22 288.0 1973.0 "product aisle 6 bloc 1 rank 92"
23 240.0 1596.0 "product aisle 5 bloc 1 rank 34"
24 336.0 1661.0 "product aisle 7 bloc 1 rank 44"
25 768.0 950.0 "product aisle 16 bloc 0 rank 124"
26 768.0 2272.0 "product aisle 16 bloc 1 rank 138"
27 48.0 950.0 "product aisle 1 bloc 0 rank 124"
28 816.0 417.0 "product aisle 17 bloc 0 rank 41"
29 144.0 1895.0 "product aisle 3 bloc 1 rank 80"
30 720.0 1778.0 "product aisle 15 bloc 1 rank 61"
31 432.0 1002.0 "product aisle 9 bloc 0 rank 131"
32 336.0 287.0 "product aisle 7 bloc 0 rank 21"
33 528.0 170.0 "product aisle 11 bloc 0 rank 4"
34 528.0 2285.0 "product aisle 11 bloc 1 rank 140"
35 24.0 120.0 "intersection aisle 0 bloc 0 rank 0"
36 24.0 1351.0 "intersection aisle 0 bloc 1 rank 1"
37 24.0 2582.0 "intersection aisle 0 bloc 2 rank 2"
38 72.0 120.0 "intersection aisle 1 bloc 0 rank 0"
39 72.0 1351.0 "intersection aisle 1 bloc 1 rank 1"
40 72.0 2582.0 "intersection aisle 1 bloc 2 rank 2"
41 120.0 120.0 "intersection aisle 2 bloc 0 rank 0"
42 120.0 1351.0 "intersection aisle 2 bloc 1 rank 1"
43 120.0 2582.0 "intersection aisle 2 bloc 2 rank 2"
44 168.0 120.0 "intersection aisle 3 bloc 0 rank 0"
45 168.0 1351.0 "intersection aisle 3 bloc 1 rank 1"
46 168.0 2582.0 "intersection aisle 3 bloc 2 rank 2"
47 216.0 120.0 "intersection aisle 4 bloc 0 rank 0"
48 216.0 1351.0 "intersection aisle 4 bloc 1 rank 1"
49 216.0 2582.0 "intersection aisle 4 bloc 2 rank 2"
50 264.0 120.0 "intersection aisle 5 bloc 0 rank 0"
51 264.0 1351.0 "intersection aisle 5 bloc 1 rank 1"
52 264.0 2582.0 "intersection aisle 5 bloc 2 rank 2"
53 312.0 120.0 "intersection aisle 6 bloc 0 rank 0"
54 312.0 1351.0 "intersection aisle 6 bloc 1 rank 1"
55 312.0 2582.0 "intersection aisle 6 bloc 2 rank 2"
56 360.0 120.0 "intersection aisle 7 bloc 0 rank 0"
57 360.0 1351.0 "intersection aisle 7 bloc 1 rank 1"
58 360.0 2582.0 "intersection aisle 7 bloc 2 rank 2"
59 408.0 120.0 "intersection aisle 8 bloc 0 rank 0"
60 408.0 1351.0 "intersection aisle 8 bloc 1 rank 1"
61 408.0 2582.0 "intersection aisle 8 bloc 2 rank 2"
62 456.0 120.0 "intersection aisle 9 bloc 0 rank 0"
63 456.0 1351.0 "intersection aisle 9 bloc 1 rank 1"
64 456.0 2582.0 "intersection aisle 9 bloc 2 rank 2"
65 504.0 120.0 "intersection aisle 10 bloc 0 rank 0"
66 504.0 1351.0 "intersection aisle 10 bloc 1 rank 1"
67 504.0 2582.0 "intersection aisle 10 bloc 2 rank 2"
68 552.0 120.0 "intersection aisle 11 bloc 0 rank 0"
69 552.0 1351.0 "intersection aisle 11 bloc 1 rank 1"
70 552.0 2582.0 "intersection aisle 11 bloc 2 rank 2"
71 600.0 120.0 "intersection aisle 12 bloc 0 rank 0"
72 600.0 1351.0 "intersection aisle 12 bloc 1 rank 1"
73 600.0 2582.0 "intersection aisle 12 bloc 2 rank 2"
74 648.0 120.0 "intersection aisle 13 bloc 0 rank 0"
75 648.0 1351.0 "intersection aisle 13 bloc 1 rank 1"
76 648.0 2582.0 "intersection aisle 13 bloc 2 rank 2"
77 696.0 120.0 "intersection aisle 14 bloc 0 rank 0"
78 696.0 1351.0 "intersection aisle 14 bloc 1 rank 1"
79 696.0 2582.0 "intersection aisle 14 bloc 2 rank 2"
80 744.0 120.0 "intersection aisle 15 bloc 0 rank 0"
81 744.0 1351.0 "intersection aisle 15 bloc 1 rank 1"
82 744.0 2582.0 "intersection aisle 15 bloc 2 rank 2"
83 792.0 120.0 "intersection aisle 16 bloc 0 rank 0"
84 792.0 1351.0 "intersection aisle 16 bloc 1 rank 1"
85 792.0 2582.0 "intersection aisle 16 bloc 2 rank 2"
86 840.0 120.0 "intersection aisle 17 bloc 0 rank 0"
87 840.0 1351.0 "intersection aisle 17 bloc 1 rank 1"
88 840.0 2582.0 "intersection aisle 17 bloc 2 rank 2"
89 0.0 0.0 "depot"
