//alpha
1
//NbLocations
64
//NbProducts
27
//NbPickers
2
//CapaPicker
12
//TimeToTravelOneDistanceUnit
3
//SetupTime
5400
//PickTime
300
//Products
//Idx Location Size
1 1 1
2 2 1
3 3 1
4 4 1
5 5 1
6 6 1
7 7 1
8 8 1
9 9 1
10 10 1
11 11 1
12 12 1
13 13 1
14 14 1
15 15 1
16 16 1
17 17 1
18 18 1
19 19 1
20 20 1
21 21 1
22 22 1
23 23 1
24 24 1
25 25 1
26 26 1
27 27 1
//Orders
//NbOrders
12
//Idx DueDate TardinessPenalty NbProdInOrder ProdIdx1 Qty1 ProdIdx2 Qty2 ...
1 54000 0 2 1 1 2 1
2 108000 0 3 3 1 4 1 5 1
3 144000 0 1 6 1
4 54000 0 1 7 1
5 36000 0 2 8 1 9 1
6 90000 0 1 10 1
7 90000 0 4 11 1 12 1 13 1 14 1
8 72000 0 5 15 1 16 1 17 1 18 1 19 1
9 72000 0 2 20 1 21 1
10 72000 0 1 22 1
11 108000 0 1 23 1
12 72000 0 4 24 1 25 1 26 1 27 1
//Graph (Products are vertices indexed from 1 to NbProducts)
//NbVerticesIntersections
36
//DepartingDepot
0
//ArrivalDepot
64
//Arcs
//Start End Distance
0 28 120
1 16 104
1 31 76
2 7 546
2 35 180
3 61 336
3 62 505
4 25 286
4 45 453
5 52 180
5 53 661
6 19 130
6 57 622
7 2 546
7 34 115
8 22 91
8 38 336
9 28 37
9 29 804
10 14 65
10 54 154
11 18 78
11 53 37
12 32 492
12 33 349
13 23 247
13 49 531
14 10 65
14 18 507
15 24 78
15 51 206
16 1 104
16 32 661
17 46 713
17 47 128
18 11 78
18 14 507
19 6 130
19 56 89
20 35 713
20 36 128
21 29 297
21 30 544
22 8 91
22 39 414
23 13 247
23 50 63
24 15 78
24 50 557
25 4 286
25 44 102
26 62 687
26 63 154
27 40 492
27 41 349
28 9 37
28 31 48
28 64 120
29 9 804
29 21 297
29 32 48
30 21 544
30 33 48
31 1 76
31 28 48
31 34 48
32 12 492
32 16 661
32 29 48
32 35 48
33 12 349
33 30 48
33 36 48
34 7 115
34 31 48
34 37 48
35 2 180
35 20 713
35 32 48
35 38 48
36 20 128
36 33 48
36 39 48
37 34 48
37 38 841
37 40 48
38 8 336
38 35 48
38 37 841
38 41 48
39 22 414
39 36 48
39 42 48
40 27 492
40 37 48
40 43 48
41 27 349
41 38 48
41 42 841
41 44 48
42 39 48
42 41 841
42 45 48
43 40 48
43 44 841
43 46 48
44 25 102
44 41 48
44 43 841
44 47 48
45 4 453
45 42 48
45 48 48
46 17 713
46 43 48
46 49 48
47 17 128
47 44 48
47 48 841
47 50 48
48 45 48
48 47 841
48 51 48
49 13 531
49 46 48
49 52 48
50 23 63
50 24 557
50 47 48
50 53 48
51 15 206
51 48 48
51 54 48
52 5 180
52 49 48
52 55 48
53 5 661
53 11 37
53 50 48
53 56 48
54 10 154
54 51 48
54 57 48
55 52 48
55 56 841
55 58 48
56 19 89
56 53 48
56 55 841
56 59 48
57 6 622
57 54 48
57 60 48
58 55 48
58 59 841
58 61 48
59 56 48
59 58 841
59 60 841
59 62 48
60 57 48
60 59 841
60 63 48
61 3 336
61 58 48
62 3 505
62 26 687
62 59 48
63 26 154
63 60 48
//LocStart LocEnd ShortestPath
0 0 0
0 1 244
0 2 877
0 3 984
0 4 1589
0 5 684
0 6 1612
0 7 331
0 8 1441
0 9 157
0 10 2032
0 11 1382
0 12 1501
0 13 987
0 14 1967
0 15 1932
0 16 348
0 17 1121
0 18 1460
0 19 1482
0 20 1770
0 21 1258
0 22 1532
0 23 1234
0 24 1854
0 25 1303
0 26 2176
0 27 804
0 28 120
0 29 961
0 30 1802
0 31 168
0 32 1009
0 33 1850
0 34 216
0 35 1057
0 36 1898
0 37 264
0 38 1105
0 39 1946
0 40 312
0 41 1153
0 42 1994
0 43 360
0 44 1201
0 45 2042
0 46 408
0 47 1249
0 48 2090
0 49 456
0 50 1297
0 51 2138
0 52 504
0 53 1345
0 54 2186
0 55 552
0 56 1393
0 57 2234
0 58 600
0 59 1441
0 60 2282
0 61 648
0 62 1489
0 63 2330
0 64 0
1 0 244
1 1 0
1 2 785
1 3 892
1 4 1345
1 5 592
1 6 1368
1 7 239
1 8 1197
1 9 161
1 10 1788
1 11 1138
1 12 1257
1 13 895
1 14 1723
1 15 1688
1 16 104
1 17 1029
1 18 1216
1 19 1238
1 20 1526
1 21 1110
1 22 1288
1 23 1116
1 24 1610
1 25 1059
1 26 1932
1 27 712
1 28 124
1 29 813
1 30 1654
1 31 76
1 32 765
1 33 1606
1 34 124
1 35 813
1 36 1654
1 37 172
1 38 861
1 39 1702
1 40 220
1 41 909
1 42 1750
1 43 268
1 44 957
1 45 1798
1 46 316
1 47 1005
1 48 1846
1 49 364
1 50 1053
1 51 1894
1 52 412
1 53 1101
1 54 1942
1 55 460
1 56 1149
1 57 1990
1 58 508
1 59 1197
1 60 2038
1 61 556
1 62 1245
1 63 2086
1 64 244
2 0 877
2 1 785
2 2 0
2 3 1117
2 4 712
2 5 1129
2 6 735
2 7 546
2 8 564
2 9 794
2 10 1155
2 11 505
2 12 720
2 13 730
2 14 1090
2 15 1055
2 16 889
2 17 500
2 18 583
2 19 605
2 20 893
2 21 573
2 22 655
2 23 483
2 24 977
2 25 426
2 26 1299
2 27 625
2 28 757
2 29 276
2 30 1117
2 31 709
2 32 228
2 33 1069
2 34 661
2 35 180
2 36 1021
2 37 709
2 38 228
2 39 1069
2 40 757
2 41 276
2 42 1117
2 43 805
2 44 324
2 45 1165
2 46 853
2 47 372
2 48 1213
2 49 901
2 50 420
2 51 1261
2 52 949
2 53 468
2 54 1309
2 55 997
2 56 516
2 57 1357
2 58 1045
2 59 564
2 60 1405
2 61 1093
2 62 612
2 63 1453
2 64 877
3 0 984
3 1 892
3 2 1117
3 3 0
3 4 1181
3 5 660
3 6 820
3 7 883
3 8 1225
3 9 901
3 10 1336
3 11 686
3 12 1477
3 13 1007
3 14 1271
3 15 1332
3 16 996
3 17 873
3 18 764
3 19 690
3 20 1650
3 21 1330
3 22 1316
3 23 760
3 24 1254
3 25 895
3 26 1192
3 27 1164
3 28 864
3 29 1033
3 30 1874
3 31 816
3 32 985
3 33 1826
3 34 768
3 35 937
3 36 1778
3 37 720
3 38 889
3 39 1730
3 40 672
3 41 841
3 42 1682
3 43 624
3 44 793
3 45 1634
3 46 576
3 47 745
3 48 1586
3 49 528
3 50 697
3 51 1538
3 52 480
3 53 649
3 54 1490
3 55 432
3 56 601
3 57 1442
3 58 384
3 59 553
3 60 1394
3 61 336
3 62 505
3 63 1346
3 64 984
4 0 1589
4 1 1345
4 2 712
4 3 1181
4 4 0
4 5 1193
4 6 799
4 7 1258
4 8 820
4 9 1432
4 10 751
4 11 569
4 12 994
4 13 794
4 14 816
4 15 755
4 16 1241
4 17 564
4 18 647
4 19 669
4 20 725
4 21 925
4 22 911
4 23 547
4 24 833
4 25 286
4 26 895
4 27 785
4 28 1469
4 29 628
4 30 693
4 31 1421
4 32 580
4 33 645
4 34 1373
4 35 532
4 36 597
4 37 1325
4 38 484
4 39 549
4 40 1277
4 41 436
4 42 501
4 43 1229
4 44 388
4 45 453
4 46 1277
4 47 436
4 48 501
4 49 1325
4 50 484
4 51 549
4 52 1373
4 53 532
4 54 597
4 55 1421
4 56 580
4 57 645
4 58 1469
4 59 628
4 60 693
4 61 1517
4 62 676
4 63 741
4 64 1589
5 0 684
5 1 592
5 2 1129
5 3 660
5 4 1193
5 5 0
5 6 928
5 7 583
5 8 1237
5 9 601
5 10 1348
5 11 698
5 12 1489
5 13 759
5 14 1283
5 15 1344
5 16 696
5 17 885
5 18 776
5 19 798
5 20 1662
5 21 1342
5 22 1328
5 23 772
5 24 1266
5 25 907
5 26 1492
5 27 864
5 28 564
5 29 1045
5 30 1886
5 31 516
5 32 997
5 33 1838
5 34 468
5 35 949
5 36 1790
5 37 420
5 38 901
5 39 1742
5 40 372
5 41 853
5 42 1694
5 43 324
5 44 805
5 45 1646
5 46 276
5 47 757
5 48 1598
5 49 228
5 50 709
5 51 1550
5 52 180
5 53 661
5 54 1502
5 55 228
5 56 709
5 57 1550
5 58 276
5 59 757
5 60 1598
5 61 324
5 62 805
5 63 1646
5 64 684
6 0 1612
6 1 1368
6 2 735
6 3 820
6 4 799
6 5 928
6 6 0
6 7 1281
6 8 843
6 9 1455
6 10 824
6 11 304
6 12 1095
6 13 625
6 14 889
6 15 924
6 16 1264
6 17 491
6 18 382
6 19 130
6 20 1086
6 21 948
6 22 934
6 23 378
6 24 872
6 25 513
6 26 872
6 27 808
6 28 1492
6 29 651
6 30 1054
6 31 1444
6 32 603
6 33 1006
6 34 1396
6 35 555
6 36 958
6 37 1348
6 38 507
6 39 910
6 40 1300
6 41 459
6 42 862
6 43 1252
6 44 411
6 45 814
6 46 1204
6 47 363
6 48 766
6 49 1156
6 50 315
6 51 718
6 52 1108
6 53 267
6 54 670
6 55 1060
6 56 219
6 57 622
6 58 1108
6 59 267
6 60 670
6 61 1156
6 62 315
6 63 718
6 64 1612
7 0 331
7 1 239
7 2 546
7 3 883
7 4 1258
7 5 583
7 6 1281
7 7 0
7 8 1110
7 9 248
7 10 1701
7 11 1051
7 12 1266
7 13 886
7 14 1636
7 15 1601
7 16 343
7 17 1020
7 18 1129
7 19 1151
7 20 1439
7 21 1119
7 22 1201
7 23 1029
7 24 1523
7 25 972
7 26 1845
7 27 703
7 28 211
7 29 822
7 30 1663
7 31 163
7 32 774
7 33 1615
7 34 115
7 35 726
7 36 1567
7 37 163
7 38 774
7 39 1615
7 40 211
7 41 822
7 42 1663
7 43 259
7 44 870
7 45 1711
7 46 307
7 47 918
7 48 1759
7 49 355
7 50 966
7 51 1807
7 52 403
7 53 1014
7 54 1855
7 55 451
7 56 1062
7 57 1903
7 58 499
7 59 1110
7 60 1951
7 61 547
7 62 1158
7 63 1999
7 64 331
8 0 1441
8 1 1197
8 2 564
8 3 1225
8 4 820
8 5 1237
8 6 843
8 7 1110
8 8 0
8 9 1284
8 10 899
8 11 613
8 12 924
8 13 838
8 14 964
8 15 903
8 16 1093
8 17 608
8 18 691
8 19 713
8 20 681
8 21 777
8 22 91
8 23 591
8 24 981
8 25 534
8 26 1043
8 27 733
8 28 1321
8 29 480
8 30 649
8 31 1273
8 32 432
8 33 601
8 34 1225
8 35 384
8 36 553
8 37 1177
8 38 336
8 39 505
8 40 1225
8 41 384
8 42 553
8 43 1273
8 44 432
8 45 601
8 46 1321
8 47 480
8 48 649
8 49 1369
8 50 528
8 51 697
8 52 1417
8 53 576
8 54 745
8 55 1465
8 56 624
8 57 793
8 58 1513
8 59 672
8 60 841
8 61 1561
8 62 720
8 63 889
8 64 1441
9 0 157
9 1 161
9 2 794
9 3 901
9 4 1432
9 5 601
9 6 1455
9 7 248
9 8 1284
9 9 0
9 10 1875
9 11 1225
9 12 1344
9 13 904
9 14 1810
9 15 1775
9 16 265
9 17 1038
9 18 1303
9 19 1325
9 20 1613
9 21 1101
9 22 1375
9 23 1151
9 24 1697
9 25 1146
9 26 2019
9 27 721
9 28 37
9 29 804
9 30 1645
9 31 85
9 32 852
9 33 1693
9 34 133
9 35 900
9 36 1741
9 37 181
9 38 948
9 39 1789
9 40 229
9 41 996
9 42 1837
9 43 277
9 44 1044
9 45 1885
9 46 325
9 47 1092
9 48 1933
9 49 373
9 50 1140
9 51 1981
9 52 421
9 53 1188
9 54 2029
9 55 469
9 56 1236
9 57 2077
9 58 517
9 59 1284
9 60 2125
9 61 565
9 62 1332
9 63 2173
9 64 157
10 0 2032
10 1 1788
10 2 1155
10 3 1336
10 4 751
10 5 1348
10 6 824
10 7 1701
10 8 899
10 9 1875
10 10 0
10 11 650
10 12 839
10 13 1045
10 14 65
10 15 408
10 16 1684
10 17 911
10 18 572
10 19 824
10 20 570
10 21 1082
10 22 808
10 23 798
10 24 486
10 25 933
10 26 452
10 27 1228
10 28 1912
10 29 1071
10 30 538
10 31 1864
10 32 1023
10 33 490
10 34 1816
10 35 975
10 36 442
10 37 1768
10 38 927
10 39 394
10 40 1720
10 41 879
10 42 346
10 43 1672
10 44 831
10 45 298
10 46 1624
10 47 783
10 48 250
10 49 1576
10 50 735
10 51 202
10 52 1528
10 53 687
10 54 154
10 55 1576
10 56 735
10 57 202
10 58 1624
10 59 783
10 60 250
10 61 1672
10 62 831
10 63 298
10 64 2032
11 0 1382
11 1 1138
11 2 505
11 3 686
11 4 569
11 5 698
11 6 304
11 7 1051
11 8 613
11 9 1225
11 10 650
11 11 0
11 12 865
11 13 395
11 14 585
11 15 720
11 16 1034
11 17 261
11 18 78
11 19 174
11 20 1038
11 21 718
11 22 704
11 23 148
11 24 642
11 25 283
11 26 868
11 27 578
11 28 1262
11 29 421
11 30 1188
11 31 1214
11 32 373
11 33 1140
11 34 1166
11 35 325
11 36 1092
11 37 1118
11 38 277
11 39 1044
11 40 1070
11 41 229
11 42 996
11 43 1022
11 44 181
11 45 948
11 46 974
11 47 133
11 48 900
11 49 926
11 50 85
11 51 852
11 52 878
11 53 37
11 54 804
11 55 926
11 56 85
11 57 852
11 58 974
11 59 133
11 60 900
11 61 1022
11 62 181
11 63 948
11 64 1382
12 0 1501
12 1 1257
12 2 720
12 3 1477
12 4 994
12 5 1489
12 6 1095
12 7 1266
12 8 924
12 9 1344
12 10 839
12 11 865
12 12 0
12 13 1090
12 14 904
12 15 843
12 16 1153
12 17 860
12 18 943
12 19 965
12 20 525
12 21 837
12 22 859
12 23 843
12 24 921
12 25 786
12 26 983
12 27 985
12 28 1381
12 29 540
12 30 397
12 31 1333
12 32 492
12 33 349
12 34 1381
12 35 540
12 36 397
12 37 1429
12 38 588
12 39 445
12 40 1477
12 41 636
12 42 493
12 43 1525
12 44 684
12 45 541
12 46 1573
12 47 732
12 48 589
12 49 1621
12 50 780
12 51 637
12 52 1669
12 53 828
12 54 685
12 55 1717
12 56 876
12 57 733
12 58 1765
12 59 924
12 60 781
12 61 1813
12 62 972
12 63 829
12 64 1501
13 0 987
13 1 895
13 2 730
13 3 1007
13 4 794
13 5 759
13 6 625
13 7 886
13 8 838
13 9 904
13 10 1045
13 11 395
13 12 1090
13 13 0
13 14 980
13 15 945
13 16 999
13 17 486
13 18 473
13 19 495
13 20 1263
13 21 943
13 22 929
13 23 247
13 24 867
13 25 508
13 26 1189
13 27 803
13 28 867
13 29 646
13 30 1487
13 31 819
13 32 598
13 33 1439
13 34 771
13 35 550
13 36 1391
13 37 723
13 38 502
13 39 1343
13 40 675
13 41 454
13 42 1295
13 43 627
13 44 406
13 45 1247
13 46 579
13 47 358
13 48 1199
13 49 531
13 50 310
13 51 1151
13 52 579
13 53 358
13 54 1199
13 55 627
13 56 406
13 57 1247
13 58 675
13 59 454
13 60 1295
13 61 723
13 62 502
13 63 1343
13 64 987
14 0 1967
14 1 1723
14 2 1090
14 3 1271
14 4 816
14 5 1283
14 6 889
14 7 1636
14 8 964
14 9 1810
14 10 65
14 11 585
14 12 904
14 13 980
14 14 0
14 15 473
14 16 1619
14 17 846
14 18 507
14 19 759
14 20 635
14 21 1147
14 22 873
14 23 733
14 24 551
14 25 868
14 26 517
14 27 1163
14 28 1847
14 29 1006
14 30 603
14 31 1799
14 32 958
14 33 555
14 34 1751
14 35 910
14 36 507
14 37 1703
14 38 862
14 39 459
14 40 1655
14 41 814
14 42 411
14 43 1607
14 44 766
14 45 363
14 46 1559
14 47 718
14 48 315
14 49 1511
14 50 670
14 51 267
14 52 1463
14 53 622
14 54 219
14 55 1511
14 56 670
14 57 267
14 58 1559
14 59 718
14 60 315
14 61 1607
14 62 766
14 63 363
14 64 1967
15 0 1932
15 1 1688
15 2 1055
15 3 1332
15 4 755
15 5 1344
15 6 924
15 7 1601
15 8 903
15 9 1775
15 10 408
15 11 720
15 12 843
15 13 945
15 14 473
15 15 0
15 16 1584
15 17 811
15 18 798
15 19 820
15 20 574
15 21 1086
15 22 812
15 23 698
15 24 78
15 25 833
15 26 552
15 27 1128
15 28 1812
15 29 971
15 30 542
15 31 1764
15 32 923
15 33 494
15 34 1716
15 35 875
15 36 446
15 37 1668
15 38 827
15 39 398
15 40 1620
15 41 779
15 42 350
15 43 1572
15 44 731
15 45 302
15 46 1524
15 47 683
15 48 254
15 49 1476
15 50 635
15 51 206
15 52 1524
15 53 683
15 54 254
15 55 1572
15 56 731
15 57 302
15 58 1620
15 59 779
15 60 350
15 61 1668
15 62 827
15 63 398
15 64 1932
16 0 348
16 1 104
16 2 889
16 3 996
16 4 1241
16 5 696
16 6 1264
16 7 343
16 8 1093
16 9 265
16 10 1684
16 11 1034
16 12 1153
16 13 999
16 14 1619
16 15 1584
16 16 0
16 17 1029
16 18 1112
16 19 1134
16 20 1422
16 21 1006
16 22 1184
16 23 1012
16 24 1506
16 25 955
16 26 1828
16 27 816
16 28 228
16 29 709
16 30 1550
16 31 180
16 32 661
16 33 1502
16 34 228
16 35 709
16 36 1550
16 37 276
16 38 757
16 39 1598
16 40 324
16 41 805
16 42 1646
16 43 372
16 44 853
16 45 1694
16 46 420
16 47 901
16 48 1742
16 49 468
16 50 949
16 51 1790
16 52 516
16 53 997
16 54 1838
16 55 564
16 56 1045
16 57 1886
16 58 612
16 59 1093
16 60 1934
16 61 660
16 62 1141
16 63 1982
16 64 348
17 0 1121
17 1 1029
17 2 500
17 3 873
17 4 564
17 5 885
17 6 491
17 7 1020
17 8 608
17 9 1038
17 10 911
17 11 261
17 12 860
17 13 486
17 14 846
17 15 811
17 16 1029
17 17 0
17 18 339
17 19 361
17 20 1033
17 21 713
17 22 699
17 23 239
17 24 733
17 25 278
17 26 1055
17 27 573
17 28 1001
17 29 416
17 30 1257
17 31 953
17 32 368
17 33 1209
17 34 905
17 35 320
17 36 1161
17 37 857
17 38 272
17 39 1113
17 40 809
17 41 224
17 42 1065
17 43 761
17 44 176
17 45 1017
17 46 713
17 47 128
17 48 969
17 49 761
17 50 176
17 51 1017
17 52 809
17 53 224
17 54 1065
17 55 857
17 56 272
17 57 1113
17 58 905
17 59 320
17 60 1161
17 61 953
17 62 368
17 63 1209
17 64 1121
18 0 1460
18 1 1216
18 2 583
18 3 764
18 4 647
18 5 776
18 6 382
18 7 1129
18 8 691
18 9 1303
18 10 572
18 11 78
18 12 943
18 13 473
18 14 507
18 15 798
18 16 1112
18 17 339
18 18 0
18 19 252
18 20 1116
18 21 796
18 22 782
18 23 226
18 24 720
18 25 361
18 26 946
18 27 656
18 28 1340
18 29 499
18 30 1110
18 31 1292
18 32 451
18 33 1062
18 34 1244
18 35 403
18 36 1014
18 37 1196
18 38 355
18 39 966
18 40 1148
18 41 307
18 42 918
18 43 1100
18 44 259
18 45 870
18 46 1052
18 47 211
18 48 822
18 49 1004
18 50 163
18 51 774
18 52 956
18 53 115
18 54 726
18 55 1004
18 56 163
18 57 774
18 58 1052
18 59 211
18 60 822
18 61 1100
18 62 259
18 63 870
18 64 1460
19 0 1482
19 1 1238
19 2 605
19 3 690
19 4 669
19 5 798
19 6 130
19 7 1151
19 8 713
19 9 1325
19 10 824
19 11 174
19 12 965
19 13 495
19 14 759
19 15 820
19 16 1134
19 17 361
19 18 252
19 19 0
19 20 1138
19 21 818
19 22 804
19 23 248
19 24 742
19 25 383
19 26 872
19 27 678
19 28 1362
19 29 521
19 30 1184
19 31 1314
19 32 473
19 33 1136
19 34 1266
19 35 425
19 36 1088
19 37 1218
19 38 377
19 39 1040
19 40 1170
19 41 329
19 42 992
19 43 1122
19 44 281
19 45 944
19 46 1074
19 47 233
19 48 896
19 49 1026
19 50 185
19 51 848
19 52 978
19 53 137
19 54 800
19 55 930
19 56 89
19 57 752
19 58 978
19 59 137
19 60 800
19 61 1026
19 62 185
19 63 848
19 64 1482
20 0 1770
20 1 1526
20 2 893
20 3 1650
20 4 725
20 5 1662
20 6 1086
20 7 1439
20 8 681
20 9 1613
20 10 570
20 11 1038
20 12 525
20 13 1263
20 14 635
20 15 574
20 16 1422
20 17 1033
20 18 1116
20 19 1138
20 20 0
20 21 768
20 22 590
20 23 1016
20 24 652
20 25 959
20 26 714
20 27 1158
20 28 1650
20 29 809
20 30 224
20 31 1602
20 32 761
20 33 176
20 34 1554
20 35 713
20 36 128
20 37 1602
20 38 761
20 39 176
20 40 1650
20 41 809
20 42 224
20 43 1698
20 44 857
20 45 272
20 46 1746
20 47 905
20 48 320
20 49 1794
20 50 953
20 51 368
20 52 1842
20 53 1001
20 54 416
20 55 1890
20 56 1049
20 57 464
20 58 1938
20 59 1097
20 60 512
20 61 1986
20 62 1145
20 63 560
20 64 1770
21 0 1258
21 1 1110
21 2 573
21 3 1330
21 4 925
21 5 1342
21 6 948
21 7 1119
21 8 777
21 9 1101
21 10 1082
21 11 718
21 12 837
21 13 943
21 14 1147
21 15 1086
21 16 1006
21 17 713
21 18 796
21 19 818
21 20 768
21 21 0
21 22 868
21 23 696
21 24 1164
21 25 639
21 26 1226
21 27 838
21 28 1138
21 29 297
21 30 544
21 31 1186
21 32 345
21 33 592
21 34 1234
21 35 393
21 36 640
21 37 1282
21 38 441
21 39 688
21 40 1330
21 41 489
21 42 736
21 43 1378
21 44 537
21 45 784
21 46 1426
21 47 585
21 48 832
21 49 1474
21 50 633
21 51 880
21 52 1522
21 53 681
21 54 928
21 55 1570
21 56 729
21 57 976
21 58 1618
21 59 777
21 60 1024
21 61 1666
21 62 825
21 63 1072
21 64 1258
22 0 1532
22 1 1288
22 2 655
22 3 1316
22 4 911
22 5 1328
22 6 934
22 7 1201
22 8 91
22 9 1375
22 10 808
22 11 704
22 12 859
22 13 929
22 14 873
22 15 812
22 16 1184
22 17 699
22 18 782
22 19 804
22 20 590
22 21 868
22 22 0
22 23 682
22 24 890
22 25 625
22 26 952
22 27 824
22 28 1412
22 29 571
22 30 558
22 31 1364
22 32 523
22 33 510
22 34 1316
22 35 475
22 36 462
22 37 1268
22 38 427
22 39 414
22 40 1316
22 41 475
22 42 462
22 43 1364
22 44 523
22 45 510
22 46 1412
22 47 571
22 48 558
22 49 1460
22 50 619
22 51 606
22 52 1508
22 53 667
22 54 654
22 55 1556
22 56 715
22 57 702
22 58 1604
22 59 763
22 60 750
22 61 1652
22 62 811
22 63 798
22 64 1532
23 0 1234
23 1 1116
23 2 483
23 3 760
23 4 547
23 5 772
23 6 378
23 7 1029
23 8 591
23 9 1151
23 10 798
23 11 148
23 12 843
23 13 247
23 14 733
23 15 698
23 16 1012
23 17 239
23 18 226
23 19 248
23 20 1016
23 21 696
23 22 682
23 23 0
23 24 620
23 25 261
23 26 942
23 27 556
23 28 1114
23 29 399
23 30 1240
23 31 1066
23 32 351
23 33 1192
23 34 1018
23 35 303
23 36 1144
23 37 970
23 38 255
23 39 1096
23 40 922
23 41 207
23 42 1048
23 43 874
23 44 159
23 45 1000
23 46 826
23 47 111
23 48 952
23 49 778
23 50 63
23 51 904
23 52 826
23 53 111
23 54 952
23 55 874
23 56 159
23 57 1000
23 58 922
23 59 207
23 60 1048
23 61 970
23 62 255
23 63 1096
23 64 1234
24 0 1854
24 1 1610
24 2 977
24 3 1254
24 4 833
24 5 1266
24 6 872
24 7 1523
24 8 981
24 9 1697
24 10 486
24 11 642
24 12 921
24 13 867
24 14 551
24 15 78
24 16 1506
24 17 733
24 18 720
24 19 742
24 20 652
24 21 1164
24 22 890
24 23 620
24 24 0
24 25 755
24 26 630
24 27 1050
24 28 1734
24 29 893
24 30 620
24 31 1686
24 32 845
24 33 572
24 34 1638
24 35 797
24 36 524
24 37 1590
24 38 749
24 39 476
24 40 1542
24 41 701
24 42 428
24 43 1494
24 44 653
24 45 380
24 46 1446
24 47 605
24 48 332
24 49 1398
24 50 557
24 51 284
24 52 1446
24 53 605
24 54 332
24 55 1494
24 56 653
24 57 380
24 58 1542
24 59 701
24 60 428
24 61 1590
24 62 749
24 63 476
24 64 1854
25 0 1303
25 1 1059
25 2 426
25 3 895
25 4 286
25 5 907
25 6 513
25 7 972
25 8 534
25 9 1146
25 10 933
25 11 283
25 12 786
25 13 508
25 14 868
25 15 833
25 16 955
25 17 278
25 18 361
25 19 383
25 20 959
25 21 639
25 22 625
25 23 261
25 24 755
25 25 0
25 26 1077
25 27 499
25 28 1183
25 29 342
25 30 979
25 31 1135
25 32 294
25 33 931
25 34 1087
25 35 246
25 36 883
25 37 1039
25 38 198
25 39 835
25 40 991
25 41 150
25 42 787
25 43 943
25 44 102
25 45 739
25 46 991
25 47 150
25 48 787
25 49 1039
25 50 198
25 51 835
25 52 1087
25 53 246
25 54 883
25 55 1135
25 56 294
25 57 931
25 58 1183
25 59 342
25 60 979
25 61 1231
25 62 390
25 63 1027
25 64 1303
26 0 2176
26 1 1932
26 2 1299
26 3 1192
26 4 895
26 5 1492
26 6 872
26 7 1845
26 8 1043
26 9 2019
26 10 452
26 11 868
26 12 983
26 13 1189
26 14 517
26 15 552
26 16 1828
26 17 1055
26 18 946
26 19 872
26 20 714
26 21 1226
26 22 952
26 23 942
26 24 630
26 25 1077
26 26 0
26 27 1372
26 28 2056
26 29 1215
26 30 682
26 31 2008
26 32 1167
26 33 634
26 34 1960
26 35 1119
26 36 586
26 37 1912
26 38 1071
26 39 538
26 40 1864
26 41 1023
26 42 490
26 43 1816
26 44 975
26 45 442
26 46 1768
26 47 927
26 48 394
26 49 1720
26 50 879
26 51 346
26 52 1672
26 53 831
26 54 298
26 55 1624
26 56 783
26 57 250
26 58 1576
26 59 735
26 60 202
26 61 1528
26 62 687
26 63 154
26 64 2176
27 0 804
27 1 712
27 2 625
27 3 1164
27 4 785
27 5 864
27 6 808
27 7 703
27 8 733
27 9 721
27 10 1228
27 11 578
27 12 985
27 13 803
27 14 1163
27 15 1128
27 16 816
27 17 573
27 18 656
27 19 678
27 20 1158
27 21 838
27 22 824
27 23 556
27 24 1050
27 25 499
27 26 1372
27 27 0
27 28 684
27 29 541
27 30 1382
27 31 636
27 32 493
27 33 1334
27 34 588
27 35 445
27 36 1286
27 37 540
27 38 397
27 39 1238
27 40 492
27 41 349
27 42 1190
27 43 540
27 44 397
27 45 1238
27 46 588
27 47 445
27 48 1286
27 49 636
27 50 493
27 51 1334
27 52 684
27 53 541
27 54 1382
27 55 732
27 56 589
27 57 1430
27 58 780
27 59 637
27 60 1478
27 61 828
27 62 685
27 63 1526
27 64 804
28 0 120
28 1 124
28 2 757
28 3 864
28 4 1469
28 5 564
28 6 1492
28 7 211
28 8 1321
28 9 37
28 10 1912
28 11 1262
28 12 1381
28 13 867
28 14 1847
28 15 1812
28 16 228
28 17 1001
28 18 1340
28 19 1362
28 20 1650
28 21 1138
28 22 1412
28 23 1114
28 24 1734
28 25 1183
28 26 2056
28 27 684
28 28 0
28 29 841
28 30 1682
28 31 48
28 32 889
28 33 1730
28 34 96
28 35 937
28 36 1778
28 37 144
28 38 985
28 39 1826
28 40 192
28 41 1033
28 42 1874
28 43 240
28 44 1081
28 45 1922
28 46 288
28 47 1129
28 48 1970
28 49 336
28 50 1177
28 51 2018
28 52 384
28 53 1225
28 54 2066
28 55 432
28 56 1273
28 57 2114
28 58 480
28 59 1321
28 60 2162
28 61 528
28 62 1369
28 63 2210
28 64 120
29 0 961
29 1 813
29 2 276
29 3 1033
29 4 628
29 5 1045
29 6 651
29 7 822
29 8 480
29 9 804
29 10 1071
29 11 421
29 12 540
29 13 646
29 14 1006
29 15 971
29 16 709
29 17 416
29 18 499
29 19 521
29 20 809
29 21 297
29 22 571
29 23 399
29 24 893
29 25 342
29 26 1215
29 27 541
29 28 841
29 29 0
29 30 841
29 31 889
29 32 48
29 33 889
29 34 937
29 35 96
29 36 937
29 37 985
29 38 144
29 39 985
29 40 1033
29 41 192
29 42 1033
29 43 1081
29 44 240
29 45 1081
29 46 1129
29 47 288
29 48 1129
29 49 1177
29 50 336
29 51 1177
29 52 1225
29 53 384
29 54 1225
29 55 1273
29 56 432
29 57 1273
29 58 1321
29 59 480
29 60 1321
29 61 1369
29 62 528
29 63 1369
29 64 961
30 0 1802
30 1 1654
30 2 1117
30 3 1874
30 4 693
30 5 1886
30 6 1054
30 7 1663
30 8 649
30 9 1645
30 10 538
30 11 1188
30 12 397
30 13 1487
30 14 603
30 15 542
30 16 1550
30 17 1257
30 18 1110
30 19 1184
30 20 224
30 21 544
30 22 558
30 23 1240
30 24 620
30 25 979
30 26 682
30 27 1382
30 28 1682
30 29 841
30 30 0
30 31 1730
30 32 889
30 33 48
30 34 1778
30 35 937
30 36 96
30 37 1826
30 38 985
30 39 144
30 40 1874
30 41 1033
30 42 192
30 43 1922
30 44 1081
30 45 240
30 46 1970
30 47 1129
30 48 288
30 49 2018
30 50 1177
30 51 336
30 52 2066
30 53 1225
30 54 384
30 55 2114
30 56 1273
30 57 432
30 58 2162
30 59 1321
30 60 480
30 61 2210
30 62 1369
30 63 528
30 64 1802
31 0 168
31 1 76
31 2 709
31 3 816
31 4 1421
31 5 516
31 6 1444
31 7 163
31 8 1273
31 9 85
31 10 1864
31 11 1214
31 12 1333
31 13 819
31 14 1799
31 15 1764
31 16 180
31 17 953
31 18 1292
31 19 1314
31 20 1602
31 21 1186
31 22 1364
31 23 1066
31 24 1686
31 25 1135
31 26 2008
31 27 636
31 28 48
31 29 889
31 30 1730
31 31 0
31 32 841
31 33 1682
31 34 48
31 35 889
31 36 1730
31 37 96
31 38 937
31 39 1778
31 40 144
31 41 985
31 42 1826
31 43 192
31 44 1033
31 45 1874
31 46 240
31 47 1081
31 48 1922
31 49 288
31 50 1129
31 51 1970
31 52 336
31 53 1177
31 54 2018
31 55 384
31 56 1225
31 57 2066
31 58 432
31 59 1273
31 60 2114
31 61 480
31 62 1321
31 63 2162
31 64 168
32 0 1009
32 1 765
32 2 228
32 3 985
32 4 580
32 5 997
32 6 603
32 7 774
32 8 432
32 9 852
32 10 1023
32 11 373
32 12 492
32 13 598
32 14 958
32 15 923
32 16 661
32 17 368
32 18 451
32 19 473
32 20 761
32 21 345
32 22 523
32 23 351
32 24 845
32 25 294
32 26 1167
32 27 493
32 28 889
32 29 48
32 30 889
32 31 841
32 32 0
32 33 841
32 34 889
32 35 48
32 36 889
32 37 937
32 38 96
32 39 937
32 40 985
32 41 144
32 42 985
32 43 1033
32 44 192
32 45 1033
32 46 1081
32 47 240
32 48 1081
32 49 1129
32 50 288
32 51 1129
32 52 1177
32 53 336
32 54 1177
32 55 1225
32 56 384
32 57 1225
32 58 1273
32 59 432
32 60 1273
32 61 1321
32 62 480
32 63 1321
32 64 1009
33 0 1850
33 1 1606
33 2 1069
33 3 1826
33 4 645
33 5 1838
33 6 1006
33 7 1615
33 8 601
33 9 1693
33 10 490
33 11 1140
33 12 349
33 13 1439
33 14 555
33 15 494
33 16 1502
33 17 1209
33 18 1062
33 19 1136
33 20 176
33 21 592
33 22 510
33 23 1192
33 24 572
33 25 931
33 26 634
33 27 1334
33 28 1730
33 29 889
33 30 48
33 31 1682
33 32 841
33 33 0
33 34 1730
33 35 889
33 36 48
33 37 1778
33 38 937
33 39 96
33 40 1826
33 41 985
33 42 144
33 43 1874
33 44 1033
33 45 192
33 46 1922
33 47 1081
33 48 240
33 49 1970
33 50 1129
33 51 288
33 52 2018
33 53 1177
33 54 336
33 55 2066
33 56 1225
33 57 384
33 58 2114
33 59 1273
33 60 432
33 61 2162
33 62 1321
33 63 480
33 64 1850
34 0 216
34 1 124
34 2 661
34 3 768
34 4 1373
34 5 468
34 6 1396
34 7 115
34 8 1225
34 9 133
34 10 1816
34 11 1166
34 12 1381
34 13 771
34 14 1751
34 15 1716
34 16 228
34 17 905
34 18 1244
34 19 1266
34 20 1554
34 21 1234
34 22 1316
34 23 1018
34 24 1638
34 25 1087
34 26 1960
34 27 588
34 28 96
34 29 937
34 30 1778
34 31 48
34 32 889
34 33 1730
34 34 0
34 35 841
34 36 1682
34 37 48
34 38 889
34 39 1730
34 40 96
34 41 937
34 42 1778
34 43 144
34 44 985
34 45 1826
34 46 192
34 47 1033
34 48 1874
34 49 240
34 50 1081
34 51 1922
34 52 288
34 53 1129
34 54 1970
34 55 336
34 56 1177
34 57 2018
34 58 384
34 59 1225
34 60 2066
34 61 432
34 62 1273
34 63 2114
34 64 216
35 0 1057
35 1 813
35 2 180
35 3 937
35 4 532
35 5 949
35 6 555
35 7 726
35 8 384
35 9 900
35 10 975
35 11 325
35 12 540
35 13 550
35 14 910
35 15 875
35 16 709
35 17 320
35 18 403
35 19 425
35 20 713
35 21 393
35 22 475
35 23 303
35 24 797
35 25 246
35 26 1119
35 27 445
35 28 937
35 29 96
35 30 937
35 31 889
35 32 48
35 33 889
35 34 841
35 35 0
35 36 841
35 37 889
35 38 48
35 39 889
35 40 937
35 41 96
35 42 937
35 43 985
35 44 144
35 45 985
35 46 1033
35 47 192
35 48 1033
35 49 1081
35 50 240
35 51 1081
35 52 1129
35 53 288
35 54 1129
35 55 1177
35 56 336
35 57 1177
35 58 1225
35 59 384
35 60 1225
35 61 1273
35 62 432
35 63 1273
35 64 1057
36 0 1898
36 1 1654
36 2 1021
36 3 1778
36 4 597
36 5 1790
36 6 958
36 7 1567
36 8 553
36 9 1741
36 10 442
36 11 1092
36 12 397
36 13 1391
36 14 507
36 15 446
36 16 1550
36 17 1161
36 18 1014
36 19 1088
36 20 128
36 21 640
36 22 462
36 23 1144
36 24 524
36 25 883
36 26 586
36 27 1286
36 28 1778
36 29 937
36 30 96
36 31 1730
36 32 889
36 33 48
36 34 1682
36 35 841
36 36 0
36 37 1730
36 38 889
36 39 48
36 40 1778
36 41 937
36 42 96
36 43 1826
36 44 985
36 45 144
36 46 1874
36 47 1033
36 48 192
36 49 1922
36 50 1081
36 51 240
36 52 1970
36 53 1129
36 54 288
36 55 2018
36 56 1177
36 57 336
36 58 2066
36 59 1225
36 60 384
36 61 2114
36 62 1273
36 63 432
36 64 1898
37 0 264
37 1 172
37 2 709
37 3 720
37 4 1325
37 5 420
37 6 1348
37 7 163
37 8 1177
37 9 181
37 10 1768
37 11 1118
37 12 1429
37 13 723
37 14 1703
37 15 1668
37 16 276
37 17 857
37 18 1196
37 19 1218
37 20 1602
37 21 1282
37 22 1268
37 23 970
37 24 1590
37 25 1039
37 26 1912
37 27 540
37 28 144
37 29 985
37 30 1826
37 31 96
37 32 937
37 33 1778
37 34 48
37 35 889
37 36 1730
37 37 0
37 38 841
37 39 1682
37 40 48
37 41 889
37 42 1730
37 43 96
37 44 937
37 45 1778
37 46 144
37 47 985
37 48 1826
37 49 192
37 50 1033
37 51 1874
37 52 240
37 53 1081
37 54 1922
37 55 288
37 56 1129
37 57 1970
37 58 336
37 59 1177
37 60 2018
37 61 384
37 62 1225
37 63 2066
37 64 264
38 0 1105
38 1 861
38 2 228
38 3 889
38 4 484
38 5 901
38 6 507
38 7 774
38 8 336
38 9 948
38 10 927
38 11 277
38 12 588
38 13 502
38 14 862
38 15 827
38 16 757
38 17 272
38 18 355
38 19 377
38 20 761
38 21 441
38 22 427
38 23 255
38 24 749
38 25 198
38 26 1071
38 27 397
38 28 985
38 29 144
38 30 985
38 31 937
38 32 96
38 33 937
38 34 889
38 35 48
38 36 889
38 37 841
38 38 0
38 39 841
38 40 889
38 41 48
38 42 889
38 43 937
38 44 96
38 45 937
38 46 985
38 47 144
38 48 985
38 49 1033
38 50 192
38 51 1033
38 52 1081
38 53 240
38 54 1081
38 55 1129
38 56 288
38 57 1129
38 58 1177
38 59 336
38 60 1177
38 61 1225
38 62 384
38 63 1225
38 64 1105
39 0 1946
39 1 1702
39 2 1069
39 3 1730
39 4 549
39 5 1742
39 6 910
39 7 1615
39 8 505
39 9 1789
39 10 394
39 11 1044
39 12 445
39 13 1343
39 14 459
39 15 398
39 16 1598
39 17 1113
39 18 966
39 19 1040
39 20 176
39 21 688
39 22 414
39 23 1096
39 24 476
39 25 835
39 26 538
39 27 1238
39 28 1826
39 29 985
39 30 144
39 31 1778
39 32 937
39 33 96
39 34 1730
39 35 889
39 36 48
39 37 1682
39 38 841
39 39 0
39 40 1730
39 41 889
39 42 48
39 43 1778
39 44 937
39 45 96
39 46 1826
39 47 985
39 48 144
39 49 1874
39 50 1033
39 51 192
39 52 1922
39 53 1081
39 54 240
39 55 1970
39 56 1129
39 57 288
39 58 2018
39 59 1177
39 60 336
39 61 2066
39 62 1225
39 63 384
39 64 1946
40 0 312
40 1 220
40 2 757
40 3 672
40 4 1277
40 5 372
40 6 1300
40 7 211
40 8 1225
40 9 229
40 10 1720
40 11 1070
40 12 1477
40 13 675
40 14 1655
40 15 1620
40 16 324
40 17 809
40 18 1148
40 19 1170
40 20 1650
40 21 1330
40 22 1316
40 23 922
40 24 1542
40 25 991
40 26 1864
40 27 492
40 28 192
40 29 1033
40 30 1874
40 31 144
40 32 985
40 33 1826
40 34 96
40 35 937
40 36 1778
40 37 48
40 38 889
40 39 1730
40 40 0
40 41 841
40 42 1682
40 43 48
40 44 889
40 45 1730
40 46 96
40 47 937
40 48 1778
40 49 144
40 50 985
40 51 1826
40 52 192
40 53 1033
40 54 1874
40 55 240
40 56 1081
40 57 1922
40 58 288
40 59 1129
40 60 1970
40 61 336
40 62 1177
40 63 2018
40 64 312
41 0 1153
41 1 909
41 2 276
41 3 841
41 4 436
41 5 853
41 6 459
41 7 822
41 8 384
41 9 996
41 10 879
41 11 229
41 12 636
41 13 454
41 14 814
41 15 779
41 16 805
41 17 224
41 18 307
41 19 329
41 20 809
41 21 489
41 22 475
41 23 207
41 24 701
41 25 150
41 26 1023
41 27 349
41 28 1033
41 29 192
41 30 1033
41 31 985
41 32 144
41 33 985
41 34 937
41 35 96
41 36 937
41 37 889
41 38 48
41 39 889
41 40 841
41 41 0
41 42 841
41 43 889
41 44 48
41 45 889
41 46 937
41 47 96
41 48 937
41 49 985
41 50 144
41 51 985
41 52 1033
41 53 192
41 54 1033
41 55 1081
41 56 240
41 57 1081
41 58 1129
41 59 288
41 60 1129
41 61 1177
41 62 336
41 63 1177
41 64 1153
42 0 1994
42 1 1750
42 2 1117
42 3 1682
42 4 501
42 5 1694
42 6 862
42 7 1663
42 8 553
42 9 1837
42 10 346
42 11 996
42 12 493
42 13 1295
42 14 411
42 15 350
42 16 1646
42 17 1065
42 18 918
42 19 992
42 20 224
42 21 736
42 22 462
42 23 1048
42 24 428
42 25 787
42 26 490
42 27 1190
42 28 1874
42 29 1033
42 30 192
42 31 1826
42 32 985
42 33 144
42 34 1778
42 35 937
42 36 96
42 37 1730
42 38 889
42 39 48
42 40 1682
42 41 841
42 42 0
42 43 1730
42 44 889
42 45 48
42 46 1778
42 47 937
42 48 96
42 49 1826
42 50 985
42 51 144
42 52 1874
42 53 1033
42 54 192
42 55 1922
42 56 1081
42 57 240
42 58 1970
42 59 1129
42 60 288
42 61 2018
42 62 1177
42 63 336
42 64 1994
43 0 360
43 1 268
43 2 805
43 3 624
43 4 1229
43 5 324
43 6 1252
43 7 259
43 8 1273
43 9 277
43 10 1672
43 11 1022
43 12 1525
43 13 627
43 14 1607
43 15 1572
43 16 372
43 17 761
43 18 1100
43 19 1122
43 20 1698
43 21 1378
43 22 1364
43 23 874
43 24 1494
43 25 943
43 26 1816
43 27 540
43 28 240
43 29 1081
43 30 1922
43 31 192
43 32 1033
43 33 1874
43 34 144
43 35 985
43 36 1826
43 37 96
43 38 937
43 39 1778
43 40 48
43 41 889
43 42 1730
43 43 0
43 44 841
43 45 1682
43 46 48
43 47 889
43 48 1730
43 49 96
43 50 937
43 51 1778
43 52 144
43 53 985
43 54 1826
43 55 192
43 56 1033
43 57 1874
43 58 240
43 59 1081
43 60 1922
43 61 288
43 62 1129
43 63 1970
43 64 360
44 0 1201
44 1 957
44 2 324
44 3 793
44 4 388
44 5 805
44 6 411
44 7 870
44 8 432
44 9 1044
44 10 831
44 11 181
44 12 684
44 13 406
44 14 766
44 15 731
44 16 853
44 17 176
44 18 259
44 19 281
44 20 857
44 21 537
44 22 523
44 23 159
44 24 653
44 25 102
44 26 975
44 27 397
44 28 1081
44 29 240
44 30 1081
44 31 1033
44 32 192
44 33 1033
44 34 985
44 35 144
44 36 985
44 37 937
44 38 96
44 39 937
44 40 889
44 41 48
44 42 889
44 43 841
44 44 0
44 45 841
44 46 889
44 47 48
44 48 889
44 49 937
44 50 96
44 51 937
44 52 985
44 53 144
44 54 985
44 55 1033
44 56 192
44 57 1033
44 58 1081
44 59 240
44 60 1081
44 61 1129
44 62 288
44 63 1129
44 64 1201
45 0 2042
45 1 1798
45 2 1165
45 3 1634
45 4 453
45 5 1646
45 6 814
45 7 1711
45 8 601
45 9 1885
45 10 298
45 11 948
45 12 541
45 13 1247
45 14 363
45 15 302
45 16 1694
45 17 1017
45 18 870
45 19 944
45 20 272
45 21 784
45 22 510
45 23 1000
45 24 380
45 25 739
45 26 442
45 27 1238
45 28 1922
45 29 1081
45 30 240
45 31 1874
45 32 1033
45 33 192
45 34 1826
45 35 985
45 36 144
45 37 1778
45 38 937
45 39 96
45 40 1730
45 41 889
45 42 48
45 43 1682
45 44 841
45 45 0
45 46 1730
45 47 889
45 48 48
45 49 1778
45 50 937
45 51 96
45 52 1826
45 53 985
45 54 144
45 55 1874
45 56 1033
45 57 192
45 58 1922
45 59 1081
45 60 240
45 61 1970
45 62 1129
45 63 288
45 64 2042
46 0 408
46 1 316
46 2 853
46 3 576
46 4 1277
46 5 276
46 6 1204
46 7 307
46 8 1321
46 9 325
46 10 1624
46 11 974
46 12 1573
46 13 579
46 14 1559
46 15 1524
46 16 420
46 17 713
46 18 1052
46 19 1074
46 20 1746
46 21 1426
46 22 1412
46 23 826
46 24 1446
46 25 991
46 26 1768
46 27 588
46 28 288
46 29 1129
46 30 1970
46 31 240
46 32 1081
46 33 1922
46 34 192
46 35 1033
46 36 1874
46 37 144
46 38 985
46 39 1826
46 40 96
46 41 937
46 42 1778
46 43 48
46 44 889
46 45 1730
46 46 0
46 47 841
46 48 1682
46 49 48
46 50 889
46 51 1730
46 52 96
46 53 937
46 54 1778
46 55 144
46 56 985
46 57 1826
46 58 192
46 59 1033
46 60 1874
46 61 240
46 62 1081
46 63 1922
46 64 408
47 0 1249
47 1 1005
47 2 372
47 3 745
47 4 436
47 5 757
47 6 363
47 7 918
47 8 480
47 9 1092
47 10 783
47 11 133
47 12 732
47 13 358
47 14 718
47 15 683
47 16 901
47 17 128
47 18 211
47 19 233
47 20 905
47 21 585
47 22 571
47 23 111
47 24 605
47 25 150
47 26 927
47 27 445
47 28 1129
47 29 288
47 30 1129
47 31 1081
47 32 240
47 33 1081
47 34 1033
47 35 192
47 36 1033
47 37 985
47 38 144
47 39 985
47 40 937
47 41 96
47 42 937
47 43 889
47 44 48
47 45 889
47 46 841
47 47 0
47 48 841
47 49 889
47 50 48
47 51 889
47 52 937
47 53 96
47 54 937
47 55 985
47 56 144
47 57 985
47 58 1033
47 59 192
47 60 1033
47 61 1081
47 62 240
47 63 1081
47 64 1249
48 0 2090
48 1 1846
48 2 1213
48 3 1586
48 4 501
48 5 1598
48 6 766
48 7 1759
48 8 649
48 9 1933
48 10 250
48 11 900
48 12 589
48 13 1199
48 14 315
48 15 254
48 16 1742
48 17 969
48 18 822
48 19 896
48 20 320
48 21 832
48 22 558
48 23 952
48 24 332
48 25 787
48 26 394
48 27 1286
48 28 1970
48 29 1129
48 30 288
48 31 1922
48 32 1081
48 33 240
48 34 1874
48 35 1033
48 36 192
48 37 1826
48 38 985
48 39 144
48 40 1778
48 41 937
48 42 96
48 43 1730
48 44 889
48 45 48
48 46 1682
48 47 841
48 48 0
48 49 1730
48 50 889
48 51 48
48 52 1778
48 53 937
48 54 96
48 55 1826
48 56 985
48 57 144
48 58 1874
48 59 1033
48 60 192
48 61 1922
48 62 1081
48 63 240
48 64 2090
49 0 456
49 1 364
49 2 901
49 3 528
49 4 1325
49 5 228
49 6 1156
49 7 355
49 8 1369
49 9 373
49 10 1576
49 11 926
49 12 1621
49 13 531
49 14 1511
49 15 1476
49 16 468
49 17 761
49 18 1004
49 19 1026
49 20 1794
49 21 1474
49 22 1460
49 23 778
49 24 1398
49 25 1039
49 26 1720
49 27 636
49 28 336
49 29 1177
49 30 2018
49 31 288
49 32 1129
49 33 1970
49 34 240
49 35 1081
49 36 1922
49 37 192
49 38 1033
49 39 1874
49 40 144
49 41 985
49 42 1826
49 43 96
49 44 937
49 45 1778
49 46 48
49 47 889
49 48 1730
49 49 0
49 50 841
49 51 1682
49 52 48
49 53 889
49 54 1730
49 55 96
49 56 937
49 57 1778
49 58 144
49 59 985
49 60 1826
49 61 192
49 62 1033
49 63 1874
49 64 456
50 0 1297
50 1 1053
50 2 420
50 3 697
50 4 484
50 5 709
50 6 315
50 7 966
50 8 528
50 9 1140
50 10 735
50 11 85
50 12 780
50 13 310
50 14 670
50 15 635
50 16 949
50 17 176
50 18 163
50 19 185
50 20 953
50 21 633
50 22 619
50 23 63
50 24 557
50 25 198
50 26 879
50 27 493
50 28 1177
50 29 336
50 30 1177
50 31 1129
50 32 288
50 33 1129
50 34 1081
50 35 240
50 36 1081
50 37 1033
50 38 192
50 39 1033
50 40 985
50 41 144
50 42 985
50 43 937
50 44 96
50 45 937
50 46 889
50 47 48
50 48 889
50 49 841
50 50 0
50 51 841
50 52 889
50 53 48
50 54 889
50 55 937
50 56 96
50 57 937
50 58 985
50 59 144
50 60 985
50 61 1033
50 62 192
50 63 1033
50 64 1297
51 0 2138
51 1 1894
51 2 1261
51 3 1538
51 4 549
51 5 1550
51 6 718
51 7 1807
51 8 697
51 9 1981
51 10 202
51 11 852
51 12 637
51 13 1151
51 14 267
51 15 206
51 16 1790
51 17 1017
51 18 774
51 19 848
51 20 368
51 21 880
51 22 606
51 23 904
51 24 284
51 25 835
51 26 346
51 27 1334
51 28 2018
51 29 1177
51 30 336
51 31 1970
51 32 1129
51 33 288
51 34 1922
51 35 1081
51 36 240
51 37 1874
51 38 1033
51 39 192
51 40 1826
51 41 985
51 42 144
51 43 1778
51 44 937
51 45 96
51 46 1730
51 47 889
51 48 48
51 49 1682
51 50 841
51 51 0
51 52 1730
51 53 889
51 54 48
51 55 1778
51 56 937
51 57 96
51 58 1826
51 59 985
51 60 144
51 61 1874
51 62 1033
51 63 192
51 64 2138
52 0 504
52 1 412
52 2 949
52 3 480
52 4 1373
52 5 180
52 6 1108
52 7 403
52 8 1417
52 9 421
52 10 1528
52 11 878
52 12 1669
52 13 579
52 14 1463
52 15 1524
52 16 516
52 17 809
52 18 956
52 19 978
52 20 1842
52 21 1522
52 22 1508
52 23 826
52 24 1446
52 25 1087
52 26 1672
52 27 684
52 28 384
52 29 1225
52 30 2066
52 31 336
52 32 1177
52 33 2018
52 34 288
52 35 1129
52 36 1970
52 37 240
52 38 1081
52 39 1922
52 40 192
52 41 1033
52 42 1874
52 43 144
52 44 985
52 45 1826
52 46 96
52 47 937
52 48 1778
52 49 48
52 50 889
52 51 1730
52 52 0
52 53 841
52 54 1682
52 55 48
52 56 889
52 57 1730
52 58 96
52 59 937
52 60 1778
52 61 144
52 62 985
52 63 1826
52 64 504
53 0 1345
53 1 1101
53 2 468
53 3 649
53 4 532
53 5 661
53 6 267
53 7 1014
53 8 576
53 9 1188
53 10 687
53 11 37
53 12 828
53 13 358
53 14 622
53 15 683
53 16 997
53 17 224
53 18 115
53 19 137
53 20 1001
53 21 681
53 22 667
53 23 111
53 24 605
53 25 246
53 26 831
53 27 541
53 28 1225
53 29 384
53 30 1225
53 31 1177
53 32 336
53 33 1177
53 34 1129
53 35 288
53 36 1129
53 37 1081
53 38 240
53 39 1081
53 40 1033
53 41 192
53 42 1033
53 43 985
53 44 144
53 45 985
53 46 937
53 47 96
53 48 937
53 49 889
53 50 48
53 51 889
53 52 841
53 53 0
53 54 841
53 55 889
53 56 48
53 57 889
53 58 937
53 59 96
53 60 937
53 61 985
53 62 144
53 63 985
53 64 1345
54 0 2186
54 1 1942
54 2 1309
54 3 1490
54 4 597
54 5 1502
54 6 670
54 7 1855
54 8 745
54 9 2029
54 10 154
54 11 804
54 12 685
54 13 1199
54 14 219
54 15 254
54 16 1838
54 17 1065
54 18 726
54 19 800
54 20 416
54 21 928
54 22 654
54 23 952
54 24 332
54 25 883
54 26 298
54 27 1382
54 28 2066
54 29 1225
54 30 384
54 31 2018
54 32 1177
54 33 336
54 34 1970
54 35 1129
54 36 288
54 37 1922
54 38 1081
54 39 240
54 40 1874
54 41 1033
54 42 192
54 43 1826
54 44 985
54 45 144
54 46 1778
54 47 937
54 48 96
54 49 1730
54 50 889
54 51 48
54 52 1682
54 53 841
54 54 0
54 55 1730
54 56 889
54 57 48
54 58 1778
54 59 937
54 60 96
54 61 1826
54 62 985
54 63 144
54 64 2186
55 0 552
55 1 460
55 2 997
55 3 432
55 4 1421
55 5 228
55 6 1060
55 7 451
55 8 1465
55 9 469
55 10 1576
55 11 926
55 12 1717
55 13 627
55 14 1511
55 15 1572
55 16 564
55 17 857
55 18 1004
55 19 930
55 20 1890
55 21 1570
55 22 1556
55 23 874
55 24 1494
55 25 1135
55 26 1624
55 27 732
55 28 432
55 29 1273
55 30 2114
55 31 384
55 32 1225
55 33 2066
55 34 336
55 35 1177
55 36 2018
55 37 288
55 38 1129
55 39 1970
55 40 240
55 41 1081
55 42 1922
55 43 192
55 44 1033
55 45 1874
55 46 144
55 47 985
55 48 1826
55 49 96
55 50 937
55 51 1778
55 52 48
55 53 889
55 54 1730
55 55 0
55 56 841
55 57 1682
55 58 48
55 59 889
55 60 1730
55 61 96
55 62 937
55 63 1778
55 64 552
56 0 1393
56 1 1149
56 2 516
56 3 601
56 4 580
56 5 709
56 6 219
56 7 1062
56 8 624
56 9 1236
56 10 735
56 11 85
56 12 876
56 13 406
56 14 670
56 15 731
56 16 1045
56 17 272
56 18 163
56 19 89
56 20 1049
56 21 729
56 22 715
56 23 159
56 24 653
56 25 294
56 26 783
56 27 589
56 28 1273
56 29 432
56 30 1273
56 31 1225
56 32 384
56 33 1225
56 34 1177
56 35 336
56 36 1177
56 37 1129
56 38 288
56 39 1129
56 40 1081
56 41 240
56 42 1081
56 43 1033
56 44 192
56 45 1033
56 46 985
56 47 144
56 48 985
56 49 937
56 50 96
56 51 937
56 52 889
56 53 48
56 54 889
56 55 841
56 56 0
56 57 841
56 58 889
56 59 48
56 60 889
56 61 937
56 62 96
56 63 937
56 64 1393
57 0 2234
57 1 1990
57 2 1357
57 3 1442
57 4 645
57 5 1550
57 6 622
57 7 1903
57 8 793
57 9 2077
57 10 202
57 11 852
57 12 733
57 13 1247
57 14 267
57 15 302
57 16 1886
57 17 1113
57 18 774
57 19 752
57 20 464
57 21 976
57 22 702
57 23 1000
57 24 380
57 25 931
57 26 250
57 27 1430
57 28 2114
57 29 1273
57 30 432
57 31 2066
57 32 1225
57 33 384
57 34 2018
57 35 1177
57 36 336
57 37 1970
57 38 1129
57 39 288
57 40 1922
57 41 1081
57 42 240
57 43 1874
57 44 1033
57 45 192
57 46 1826
57 47 985
57 48 144
57 49 1778
57 50 937
57 51 96
57 52 1730
57 53 889
57 54 48
57 55 1682
57 56 841
57 57 0
57 58 1730
57 59 889
57 60 48
57 61 1778
57 62 937
57 63 96
57 64 2234
58 0 600
58 1 508
58 2 1045
58 3 384
58 4 1469
58 5 276
58 6 1108
58 7 499
58 8 1513
58 9 517
58 10 1624
58 11 974
58 12 1765
58 13 675
58 14 1559
58 15 1620
58 16 612
58 17 905
58 18 1052
58 19 978
58 20 1938
58 21 1618
58 22 1604
58 23 922
58 24 1542
58 25 1183
58 26 1576
58 27 780
58 28 480
58 29 1321
58 30 2162
58 31 432
58 32 1273
58 33 2114
58 34 384
58 35 1225
58 36 2066
58 37 336
58 38 1177
58 39 2018
58 40 288
58 41 1129
58 42 1970
58 43 240
58 44 1081
58 45 1922
58 46 192
58 47 1033
58 48 1874
58 49 144
58 50 985
58 51 1826
58 52 96
58 53 937
58 54 1778
58 55 48
58 56 889
58 57 1730
58 58 0
58 59 841
58 60 1682
58 61 48
58 62 889
58 63 1730
58 64 600
59 0 1441
59 1 1197
59 2 564
59 3 553
59 4 628
59 5 757
59 6 267
59 7 1110
59 8 672
59 9 1284
59 10 783
59 11 133
59 12 924
59 13 454
59 14 718
59 15 779
59 16 1093
59 17 320
59 18 211
59 19 137
59 20 1097
59 21 777
59 22 763
59 23 207
59 24 701
59 25 342
59 26 735
59 27 637
59 28 1321
59 29 480
59 30 1321
59 31 1273
59 32 432
59 33 1273
59 34 1225
59 35 384
59 36 1225
59 37 1177
59 38 336
59 39 1177
59 40 1129
59 41 288
59 42 1129
59 43 1081
59 44 240
59 45 1081
59 46 1033
59 47 192
59 48 1033
59 49 985
59 50 144
59 51 985
59 52 937
59 53 96
59 54 937
59 55 889
59 56 48
59 57 889
59 58 841
59 59 0
59 60 841
59 61 889
59 62 48
59 63 889
59 64 1441
60 0 2282
60 1 2038
60 2 1405
60 3 1394
60 4 693
60 5 1598
60 6 670
60 7 1951
60 8 841
60 9 2125
60 10 250
60 11 900
60 12 781
60 13 1295
60 14 315
60 15 350
60 16 1934
60 17 1161
60 18 822
60 19 800
60 20 512
60 21 1024
60 22 750
60 23 1048
60 24 428
60 25 979
60 26 202
60 27 1478
60 28 2162
60 29 1321
60 30 480
60 31 2114
60 32 1273
60 33 432
60 34 2066
60 35 1225
60 36 384
60 37 2018
60 38 1177
60 39 336
60 40 1970
60 41 1129
60 42 288
60 43 1922
60 44 1081
60 45 240
60 46 1874
60 47 1033
60 48 192
60 49 1826
60 50 985
60 51 144
60 52 1778
60 53 937
60 54 96
60 55 1730
60 56 889
60 57 48
60 58 1682
60 59 841
60 60 0
60 61 1730
60 62 889
60 63 48
60 64 2282
61 0 648
61 1 556
61 2 1093
61 3 336
61 4 1517
61 5 324
61 6 1156
61 7 547
61 8 1561
61 9 565
61 10 1672
61 11 1022
61 12 1813
61 13 723
61 14 1607
61 15 1668
61 16 660
61 17 953
61 18 1100
61 19 1026
61 20 1986
61 21 1666
61 22 1652
61 23 970
61 24 1590
61 25 1231
61 26 1528
61 27 828
61 28 528
61 29 1369
61 30 2210
61 31 480
61 32 1321
61 33 2162
61 34 432
61 35 1273
61 36 2114
61 37 384
61 38 1225
61 39 2066
61 40 336
61 41 1177
61 42 2018
61 43 288
61 44 1129
61 45 1970
61 46 240
61 47 1081
61 48 1922
61 49 192
61 50 1033
61 51 1874
61 52 144
61 53 985
61 54 1826
61 55 96
61 56 937
61 57 1778
61 58 48
61 59 889
61 60 1730
61 61 0
61 62 841
61 63 1682
61 64 648
62 0 1489
62 1 1245
62 2 612
62 3 505
62 4 676
62 5 805
62 6 315
62 7 1158
62 8 720
62 9 1332
62 10 831
62 11 181
62 12 972
62 13 502
62 14 766
62 15 827
62 16 1141
62 17 368
62 18 259
62 19 185
62 20 1145
62 21 825
62 22 811
62 23 255
62 24 749
62 25 390
62 26 687
62 27 685
62 28 1369
62 29 528
62 30 1369
62 31 1321
62 32 480
62 33 1321
62 34 1273
62 35 432
62 36 1273
62 37 1225
62 38 384
62 39 1225
62 40 1177
62 41 336
62 42 1177
62 43 1129
62 44 288
62 45 1129
62 46 1081
62 47 240
62 48 1081
62 49 1033
62 50 192
62 51 1033
62 52 985
62 53 144
62 54 985
62 55 937
62 56 96
62 57 937
62 58 889
62 59 48
62 60 889
62 61 841
62 62 0
62 63 841
62 64 1489
63 0 2330
63 1 2086
63 2 1453
63 3 1346
63 4 741
63 5 1646
63 6 718
63 7 1999
63 8 889
63 9 2173
63 10 298
63 11 948
63 12 829
63 13 1343
63 14 363
63 15 398
63 16 1982
63 17 1209
63 18 870
63 19 848
63 20 560
63 21 1072
63 22 798
63 23 1096
63 24 476
63 25 1027
63 26 154
63 27 1526
63 28 2210
63 29 1369
63 30 528
63 31 2162
63 32 1321
63 33 480
63 34 2114
63 35 1273
63 36 432
63 37 2066
63 38 1225
63 39 384
63 40 2018
63 41 1177
63 42 336
63 43 1970
63 44 1129
63 45 288
63 46 1922
63 47 1081
63 48 240
63 49 1874
63 50 1033
63 51 192
63 52 1826
63 53 985
63 54 144
63 55 1778
63 56 937
63 57 96
63 58 1730
63 59 889
63 60 48
63 61 1682
63 62 841
63 63 0
63 64 2330
64 0 0
64 1 244
64 2 877
64 3 984
64 4 1589
64 5 684
64 6 1612
64 7 331
64 8 1441
64 9 157
64 10 2032
64 11 1382
64 12 1501
64 13 987
64 14 1967
64 15 1932
64 16 348
64 17 1121
64 18 1460
64 19 1482
64 20 1770
64 21 1258
64 22 1532
64 23 1234
64 24 1854
64 25 1303
64 26 2176
64 27 804
64 28 120
64 29 961
64 30 1802
64 31 168
64 32 1009
64 33 1850
64 34 216
64 35 1057
64 36 1898
64 37 264
64 38 1105
64 39 1946
64 40 312
64 41 1153
64 42 1994
64 43 360
64 44 1201
64 45 2042
64 46 408
64 47 1249
64 48 2090
64 49 456
64 50 1297
64 51 2138
64 52 504
64 53 1345
64 54 2186
64 55 552
64 56 1393
64 57 2234
64 58 600
64 59 1441
64 60 2282
64 61 648
64 62 1489
64 63 2330
64 64 0
//Location coordinates LocationName
//Loc x y
0 0.0 0.0 "depot"
1 48.0 196.0 "product aisle 1 bloc 0 rank 8"
2 96.0 781.0 "product aisle 2 bloc 0 rank 98"
3 528.0 456.0 "product aisle 11 bloc 0 rank 48"
4 240.0 1349.0 "product aisle 5 bloc 1 rank 56"
5 384.0 300.0 "product aisle 8 bloc 0 rank 24"
6 432.0 1180.0 "product aisle 9 bloc 1 rank 29"
7 96.0 235.0 "product aisle 2 bloc 0 rank 14"
8 144.0 1297.0 "product aisle 3 bloc 1 rank 48"
9 0.0 157.0 "product aisle 0 bloc 0 rank 2"
10 384.0 1648.0 "product aisle 8 bloc 1 rank 101"
11 384.0 998.0 "product aisle 8 bloc 1 rank 1"
12 48.0 1453.0 "product aisle 1 bloc 1 rank 72"
13 336.0 651.0 "product aisle 7 bloc 0 rank 78"
14 384.0 1583.0 "product aisle 8 bloc 1 rank 92"
15 336.0 1596.0 "product aisle 7 bloc 1 rank 94"
16 48.0 300.0 "product aisle 1 bloc 0 rank 23"
17 288.0 833.0 "product aisle 6 bloc 0 rank 105"
18 384.0 1076.0 "product aisle 8 bloc 1 rank 14"
19 432.0 1050.0 "product aisle 9 bloc 1 rank 10"
20 96.0 1674.0 "product aisle 2 bloc 1 rank 105"
21 0.0 1258.0 "product aisle 0 bloc 1 rank 42"
22 144.0 1388.0 "product aisle 3 bloc 1 rank 62"
23 336.0 898.0 "product aisle 7 bloc 0 rank 115"
24 336.0 1518.0 "product aisle 7 bloc 1 rank 82"
25 240.0 1063.0 "product aisle 5 bloc 1 rank 11"
26 528.0 1648.0 "product aisle 11 bloc 1 rank 101"
27 192.0 612.0 "product aisle 4 bloc 0 rank 72"
28 24.0 120.0 "intersection aisle 0 bloc 0 rank 0"
29 24.0 961.0 "intersection aisle 0 bloc 1 rank 1"
30 24.0 1802.0 "intersection aisle 0 bloc 2 rank 2"
31 72.0 120.0 "intersection aisle 1 bloc 0 rank 0"
32 72.0 961.0 "intersection aisle 1 bloc 1 rank 1"
33 72.0 1802.0 "intersection aisle 1 bloc 2 rank 2"
34 120.0 120.0 "intersection aisle 2 bloc 0 rank 0"
35 120.0 961.0 "intersection aisle 2 bloc 1 rank 1"
36 120.0 1802.0 "intersection aisle 2 bloc 2 rank 2"
37 168.0 120.0 "intersection aisle 3 bloc 0 rank 0"
38 168.0 961.0 "intersection aisle 3 bloc 1 rank 1"
39 168.0 1802.0 "intersection aisle 3 bloc 2 rank 2"
40 216.0 120.0 "intersection aisle 4 bloc 0 rank 0"
41 216.0 961.0 "intersection aisle 4 bloc 1 rank 1"
42 216.0 1802.0 "intersection aisle 4 bloc 2 rank 2"
43 264.0 120.0 "intersection aisle 5 bloc 0 rank 0"
44 264.0 961.0 "intersection aisle 5 bloc 1 rank 1"
45 264.0 1802.0 "intersection aisle 5 bloc 2 rank 2"
46 312.0 120.0 "intersection aisle 6 bloc 0 rank 0"
47 312.0 961.0 "intersection aisle 6 bloc 1 rank 1"
48 312.0 1802.0 "intersection aisle 6 bloc 2 rank 2"
49 360.0 120.0 "intersection aisle 7 bloc 0 rank 0"
50 360.0 961.0 "intersection aisle 7 bloc 1 rank 1"
51 360.0 1802.0 "intersection aisle 7 bloc 2 rank 2"
52 408.0 120.0 "intersection aisle 8 bloc 0 rank 0"
53 408.0 961.0 "intersection aisle 8 bloc 1 rank 1"
54 408.0 1802.0 "intersection aisle 8 bloc 2 rank 2"
55 456.0 120.0 "intersection aisle 9 bloc 0 rank 0"
56 456.0 961.0 "intersection aisle 9 bloc 1 rank 1"
57 456.0 1802.0 "intersection aisle 9 bloc 2 rank 2"
58 504.0 120.0 "intersection aisle 10 bloc 0 rank 0"
59 504.0 961.0 "intersection aisle 10 bloc 1 rank 1"
60 504.0 1802.0 "intersection aisle 10 bloc 2 rank 2"
61 552.0 120.0 "intersection aisle 11 bloc 0 rank 0"
62 552.0 961.0 "intersection aisle 11 bloc 1 rank 1"
63 552.0 1802.0 "intersection aisle 11 bloc 2 rank 2"
64 0.0 0.0 "depot"
