//alpha
1
//NbLocations
73
//NbProducts
36
//NbPickers
2
//CapaPicker
8
//TimeToTravelOneDistanceUnit
3
//SetupTime
5400
//PickTime
300
//Products
//Idx Location Size
1 1 1
2 2 1
3 3 1
4 4 1
5 5 1
6 6 1
7 7 1
8 8 1
9 9 1
10 10 1
11 11 1
12 12 1
13 13 1
14 14 1
15 15 1
16 16 1
17 17 1
18 18 1
19 19 1
20 20 1
21 21 1
22 22 1
23 23 1
24 24 1
25 25 1
26 26 1
27 27 1
28 28 1
29 29 1
30 30 1
31 31 1
32 32 1
33 33 1
34 34 1
35 35 1
36 36 1
//Orders
//NbOrders
18
//Idx DueDate TardinessPenalty NbProdInOrder ProdIdx1 Qty1 ProdIdx2 Qty2 ...
1 90000 0 2 1 1 2 1
2 72000 0 1 3 1
3 36000 0 1 4 1
4 108000 0 2 5 1 6 1
5 90000 0 2 7 1 8 1
6 126000 0 1 9 1
7 54000 0 7 10 1 11 1 12 1 13 1 14 1 15 1 16 1
8 90000 0 1 17 1
9 72000 0 3 18 1 19 1 20 1
10 54000 0 2 21 1 22 1
11 90000 0 1 23 1
12 126000 0 4 24 1 25 1 26 1 27 1
13 90000 0 1 28 1
14 54000 0 1 29 1
15 90000 0 2 30 1 31 1
16 90000 0 2 32 1 33 1
17 54000 0 2 34 1 35 1
18 72000 0 1 36 1
//Graph (Products are vertices indexed from 1 to NbProducts)
//NbVerticesIntersections
36
//DepartingDepot
0
//ArrivalDepot
73
//Arcs
//Start End Distance
0 37 120
1 3 117
1 72 570
2 14 13
2 59 154
3 1 117
3 71 154
4 18 78
4 52 50
5 16 260
5 56 102
6 23 221
6 41 154
7 9 0
7 22 143
8 64 128
8 65 713
9 7 0
9 59 609
10 27 26
10 69 700
11 36 13
11 68 63
12 31 78
12 38 674
13 25 78
13 46 258
14 2 13
14 60 674
15 28 65
15 65 63
16 5 260
16 57 479
17 21 39
17 41 635
18 4 78
18 53 713
19 33 26
19 54 466
20 47 167
20 48 674
21 17 39
21 40 167
22 7 143
22 29 26
23 6 221
23 42 466
24 44 167
24 45 674
25 13 78
25 47 505
26 55 63
26 56 778
27 10 26
27 36 39
28 15 65
28 66 713
29 22 26
29 58 63
30 61 674
30 62 167
31 12 78
31 35 26
32 49 193
32 50 648
33 19 26
33 53 349
34 43 167
34 44 674
35 31 26
35 37 63
36 11 13
36 27 39
37 35 63
37 40 48
37 73 120
38 12 674
38 39 841
38 41 48
39 38 841
39 42 48
40 21 167
40 37 48
40 43 48
41 6 154
41 17 635
41 38 48
41 44 48
42 23 466
42 39 48
42 45 48
43 34 167
43 40 48
43 46 48
44 24 167
44 34 674
44 41 48
44 47 48
45 24 674
45 42 48
45 48 48
46 13 258
46 43 48
46 49 48
47 20 167
47 25 505
47 44 48
47 50 48
48 20 674
48 45 48
48 51 48
49 32 193
49 46 48
49 52 48
50 32 648
50 47 48
50 51 841
50 53 48
51 48 48
51 50 841
51 54 48
52 4 50
52 49 48
52 55 48
53 18 713
53 33 349
53 50 48
53 56 48
54 19 466
54 51 48
54 57 48
55 26 63
55 52 48
55 58 48
56 5 102
56 26 778
56 53 48
56 59 48
57 16 479
57 54 48
57 60 48
58 29 63
58 55 48
58 61 48
59 2 154
59 9 609
59 56 48
59 62 48
60 14 674
60 57 48
60 63 48
61 30 674
61 58 48
61 64 48
62 30 167
62 59 48
62 63 841
62 65 48
63 60 48
63 62 841
63 66 48
64 8 128
64 61 48
64 67 48
65 8 713
65 15 63
65 62 48
65 68 48
66 28 713
66 63 48
66 69 48
67 64 48
67 68 841
67 70 48
68 11 63
68 65 48
68 67 841
68 71 48
69 10 700
69 66 48
69 72 48
70 67 48
70 71 841
71 3 154
71 68 48
71 70 841
72 1 570
72 69 48
//LocStart LocEnd ShortestPath
0 0 0
0 1 1760
0 2 1451
0 3 1643
0 4 410
0 5 1351
0 6 1163
0 7 688
0 8 680
0 9 688
0 10 1582
0 11 1504
0 12 287
0 13 522
0 14 1464
0 15 1456
0 16 1611
0 17 374
0 18 488
0 19 1576
0 20 1272
0 21 335
0 22 545
0 23 1384
0 24 1224
0 25 600
0 26 471
0 27 1556
0 28 1521
0 29 519
0 30 1178
0 31 209
0 32 505
0 33 1550
0 34 383
0 35 183
0 36 1517
0 37 120
0 38 961
0 39 1802
0 40 168
0 41 1009
0 42 1850
0 43 216
0 44 1057
0 45 1898
0 46 264
0 47 1105
0 48 1946
0 49 312
0 50 1153
0 51 1994
0 52 360
0 53 1201
0 54 2042
0 55 408
0 56 1249
0 57 2090
0 58 456
0 59 1297
0 60 2138
0 61 504
0 62 1345
0 63 2186
0 64 552
0 65 1393
0 66 2234
0 67 600
0 68 1441
0 69 2282
0 70 648
0 71 1489
0 72 2330
0 73 0
1 0 1760
1 1 0
1 2 617
1 3 117
1 4 1350
1 5 613
1 6 905
1 7 1072
1 8 1080
1 9 1072
1 10 460
1 11 382
1 12 1473
1 13 1238
1 14 630
1 15 430
1 16 873
1 17 1386
1 18 1272
1 19 934
1 20 822
1 21 1425
1 22 1215
1 23 1126
1 24 870
1 25 1160
1 26 1289
1 27 434
1 28 495
1 29 1241
1 30 582
1 31 1551
1 32 1255
1 33 908
1 34 1377
1 35 1577
1 36 395
1 37 1640
1 38 799
1 39 1098
1 40 1592
1 41 751
1 42 1050
1 43 1544
1 44 703
1 45 1002
1 46 1496
1 47 655
1 48 954
1 49 1448
1 50 607
1 51 906
1 52 1400
1 53 559
1 54 858
1 55 1352
1 56 511
1 57 810
1 58 1304
1 59 463
1 60 762
1 61 1256
1 62 415
1 63 714
1 64 1208
1 65 367
1 66 666
1 67 1160
1 68 319
1 69 618
1 70 1112
1 71 271
1 72 570
1 73 1760
2 0 1451
2 1 617
2 2 0
2 3 500
2 4 1041
2 5 304
2 6 596
2 7 763
2 8 963
2 9 763
2 10 439
2 11 361
2 12 1164
2 13 929
2 14 13
2 15 313
2 16 564
2 17 1077
2 18 963
2 19 625
2 20 513
2 21 1116
2 22 906
2 23 817
2 24 561
2 25 851
2 26 980
2 27 413
2 28 378
2 29 932
2 30 369
2 31 1242
2 32 946
2 33 599
2 34 1068
2 35 1268
2 36 374
2 37 1331
2 38 490
2 39 1023
2 40 1283
2 41 442
2 42 975
2 43 1235
2 44 394
2 45 927
2 46 1187
2 47 346
2 48 879
2 49 1139
2 50 298
2 51 831
2 52 1091
2 53 250
2 54 783
2 55 1043
2 56 202
2 57 735
2 58 995
2 59 154
2 60 687
2 61 1043
2 62 202
2 63 735
2 64 1091
2 65 250
2 66 783
2 67 1139
2 68 298
2 69 831
2 70 1187
2 71 346
2 72 879
2 73 1451
3 0 1643
3 1 117
3 2 500
3 3 0
3 4 1233
3 5 496
3 6 788
3 7 955
3 8 963
3 9 955
3 10 343
3 11 265
3 12 1356
3 13 1121
3 14 513
3 15 313
3 16 756
3 17 1269
3 18 1155
3 19 817
3 20 705
3 21 1308
3 22 1098
3 23 1009
3 24 753
3 25 1043
3 26 1172
3 27 317
3 28 378
3 29 1124
3 30 465
3 31 1434
3 32 1138
3 33 791
3 34 1260
3 35 1460
3 36 278
3 37 1523
3 38 682
3 39 1215
3 40 1475
3 41 634
3 42 1167
3 43 1427
3 44 586
3 45 1119
3 46 1379
3 47 538
3 48 1071
3 49 1331
3 50 490
3 51 1023
3 52 1283
3 53 442
3 54 975
3 55 1235
3 56 394
3 57 927
3 58 1187
3 59 346
3 60 879
3 61 1139
3 62 298
3 63 831
3 64 1091
3 65 250
3 66 783
3 67 1043
3 68 202
3 69 735
3 70 995
3 71 154
3 72 687
3 73 1643
4 0 410
4 1 1350
4 2 1041
4 3 1233
4 4 0
4 5 941
4 6 1137
4 7 378
4 8 370
4 9 378
4 10 1172
4 11 1094
4 12 457
4 13 404
4 14 1054
4 15 1046
4 16 1201
4 17 448
4 18 78
4 19 1166
4 20 1054
4 21 409
4 22 235
4 23 1358
4 24 1102
4 25 482
4 26 161
4 27 1146
4 28 1111
4 29 209
4 30 868
4 31 379
4 32 291
4 33 1140
4 34 361
4 35 353
4 36 1107
4 37 290
4 38 1031
4 39 1872
4 40 242
4 41 983
4 42 1824
4 43 194
4 44 935
4 45 1776
4 46 146
4 47 887
4 48 1728
4 49 98
4 50 839
4 51 1680
4 52 50
4 53 791
4 54 1632
4 55 98
4 56 839
4 57 1680
4 58 146
4 59 887
4 60 1728
4 61 194
4 62 935
4 63 1776
4 64 242
4 65 983
4 66 1824
4 67 290
4 68 1031
4 69 1872
4 70 338
4 71 1079
4 72 1920
4 73 410
5 0 1351
5 1 613
5 2 304
5 3 496
5 4 941
5 5 0
5 6 496
5 7 759
5 8 959
5 9 759
5 10 435
5 11 357
5 12 1064
5 13 829
5 14 317
5 15 309
5 16 260
5 17 977
5 18 863
5 19 525
5 20 413
5 21 1016
5 22 902
5 23 717
5 24 461
5 25 751
5 26 880
5 27 409
5 28 374
5 29 928
5 30 365
5 31 1142
5 32 846
5 33 499
5 34 968
5 35 1168
5 36 370
5 37 1231
5 38 390
5 39 1027
5 40 1183
5 41 342
5 42 979
5 43 1135
5 44 294
5 45 931
5 46 1087
5 47 246
5 48 883
5 49 1039
5 50 198
5 51 835
5 52 991
5 53 150
5 54 787
5 55 943
5 56 102
5 57 739
5 58 991
5 59 150
5 60 787
5 61 1039
5 62 198
5 63 835
5 64 1087
5 65 246
5 66 883
5 67 1135
5 68 294
5 69 931
5 70 1183
5 71 342
5 72 979
5 73 1351
6 0 1163
6 1 905
6 2 596
6 3 788
6 4 1137
6 5 496
6 6 0
6 7 1051
6 8 1251
6 9 1051
6 10 727
6 11 649
6 12 876
6 13 833
6 14 609
6 15 601
6 16 756
6 17 789
6 18 1059
6 19 721
6 20 417
6 21 828
6 22 1194
6 23 221
6 24 369
6 25 755
6 26 1172
6 27 701
6 28 666
6 29 1220
6 30 657
6 31 954
6 32 946
6 33 695
6 34 876
6 35 980
6 36 662
6 37 1043
6 38 202
6 39 735
6 40 995
6 41 154
6 42 687
6 43 1043
6 44 202
6 45 735
6 46 1091
6 47 250
6 48 783
6 49 1139
6 50 298
6 51 831
6 52 1187
6 53 346
6 54 879
6 55 1235
6 56 394
6 57 927
6 58 1283
6 59 442
6 60 975
6 61 1331
6 62 490
6 63 1023
6 64 1379
6 65 538
6 66 1071
6 67 1427
6 68 586
6 69 1119
6 70 1475
6 71 634
6 72 1167
6 73 1163
7 0 688
7 1 1072
7 2 763
7 3 955
7 4 378
7 5 759
7 6 1051
7 7 0
7 8 456
7 9 0
7 10 894
7 11 816
7 12 735
7 13 682
7 14 776
7 15 768
7 16 1019
7 17 726
7 18 456
7 19 1080
7 20 968
7 21 687
7 22 143
7 23 1272
7 24 1016
7 25 760
7 26 343
7 27 868
7 28 833
7 29 169
7 30 824
7 31 657
7 32 569
7 33 1054
7 34 639
7 35 631
7 36 829
7 37 568
7 38 945
7 39 1786
7 40 520
7 41 897
7 42 1738
7 43 472
7 44 849
7 45 1690
7 46 424
7 47 801
7 48 1642
7 49 376
7 50 753
7 51 1594
7 52 328
7 53 705
7 54 1546
7 55 280
7 56 657
7 57 1498
7 58 232
7 59 609
7 60 1450
7 61 280
7 62 657
7 63 1498
7 64 328
7 65 705
7 66 1546
7 67 376
7 68 753
7 69 1594
7 70 424
7 71 801
7 72 1642
7 73 688
8 0 680
8 1 1080
8 2 963
8 3 963
8 4 370
8 5 959
8 6 1251
8 7 456
8 8 0
8 9 456
8 10 902
8 11 824
8 12 727
8 13 674
8 14 976
8 15 776
8 16 1219
8 17 718
8 18 448
8 19 1280
8 20 1168
8 21 679
8 22 313
8 23 1472
8 24 1216
8 25 752
8 26 335
8 27 876
8 28 841
8 29 287
8 30 850
8 31 649
8 32 561
8 33 1254
8 34 631
8 35 623
8 36 837
8 37 560
8 38 1145
8 39 1986
8 40 512
8 41 1097
8 42 1938
8 43 464
8 44 1049
8 45 1890
8 46 416
8 47 1001
8 48 1842
8 49 368
8 50 953
8 51 1794
8 52 320
8 53 905
8 54 1746
8 55 272
8 56 857
8 57 1698
8 58 224
8 59 809
8 60 1650
8 61 176
8 62 761
8 63 1602
8 64 128
8 65 713
8 66 1554
8 67 176
8 68 761
8 69 1602
8 70 224
8 71 809
8 72 1650
8 73 680
9 0 688
9 1 1072
9 2 763
9 3 955
9 4 378
9 5 759
9 6 1051
9 7 0
9 8 456
9 9 0
9 10 894
9 11 816
9 12 735
9 13 682
9 14 776
9 15 768
9 16 1019
9 17 726
9 18 456
9 19 1080
9 20 968
9 21 687
9 22 143
9 23 1272
9 24 1016
9 25 760
9 26 343
9 27 868
9 28 833
9 29 169
9 30 824
9 31 657
9 32 569
9 33 1054
9 34 639
9 35 631
9 36 829
9 37 568
9 38 945
9 39 1786
9 40 520
9 41 897
9 42 1738
9 43 472
9 44 849
9 45 1690
9 46 424
9 47 801
9 48 1642
9 49 376
9 50 753
9 51 1594
9 52 328
9 53 705
9 54 1546
9 55 280
9 56 657
9 57 1498
9 58 232
9 59 609
9 60 1450
9 61 280
9 62 657
9 63 1498
9 64 328
9 65 705
9 66 1546
9 67 376
9 68 753
9 69 1594
9 70 424
9 71 801
9 72 1642
9 73 688
10 0 1582
10 1 460
10 2 439
10 3 343
10 4 1172
10 5 435
10 6 727
10 7 894
10 8 902
10 9 894
10 10 0
10 11 78
10 12 1295
10 13 1060
10 14 452
10 15 252
10 16 695
10 17 1208
10 18 1094
10 19 756
10 20 644
10 21 1247
10 22 1037
10 23 948
10 24 692
10 25 982
10 26 1111
10 27 26
10 28 317
10 29 1063
10 30 404
10 31 1373
10 32 1077
10 33 730
10 34 1199
10 35 1399
10 36 65
10 37 1462
10 38 621
10 39 1180
10 40 1414
10 41 573
10 42 1132
10 43 1366
10 44 525
10 45 1084
10 46 1318
10 47 477
10 48 1036
10 49 1270
10 50 429
10 51 988
10 52 1222
10 53 381
10 54 940
10 55 1174
10 56 333
10 57 892
10 58 1126
10 59 285
10 60 844
10 61 1078
10 62 237
10 63 796
10 64 1030
10 65 189
10 66 748
10 67 982
10 68 141
10 69 700
10 70 1030
10 71 189
10 72 748
10 73 1582
11 0 1504
11 1 382
11 2 361
11 3 265
11 4 1094
11 5 357
11 6 649
11 7 816
11 8 824
11 9 816
11 10 78
11 11 0
11 12 1217
11 13 982
11 14 374
11 15 174
11 16 617
11 17 1130
11 18 1016
11 19 678
11 20 566
11 21 1169
11 22 959
11 23 870
11 24 614
11 25 904
11 26 1033
11 27 52
11 28 239
11 29 985
11 30 326
11 31 1295
11 32 999
11 33 652
11 34 1121
11 35 1321
11 36 13
11 37 1384
11 38 543
11 39 1258
11 40 1336
11 41 495
11 42 1210
11 43 1288
11 44 447
11 45 1162
11 46 1240
11 47 399
11 48 1114
11 49 1192
11 50 351
11 51 1066
11 52 1144
11 53 303
11 54 1018
11 55 1096
11 56 255
11 57 970
11 58 1048
11 59 207
11 60 922
11 61 1000
11 62 159
11 63 874
11 64 952
11 65 111
11 66 826
11 67 904
11 68 63
11 69 778
11 70 952
11 71 111
11 72 826
11 73 1504
12 0 287
12 1 1473
12 2 1164
12 3 1356
12 4 457
12 5 1064
12 6 876
12 7 735
12 8 727
12 9 735
12 10 1295
12 11 1217
12 12 0
12 13 569
12 14 1177
12 15 1169
12 16 1324
12 17 421
12 18 535
12 19 1289
12 20 985
12 21 382
12 22 592
12 23 1097
12 24 937
12 25 647
12 26 518
12 27 1269
12 28 1234
12 29 566
12 30 1225
12 31 78
12 32 552
12 33 1263
12 34 430
12 35 104
12 36 1230
12 37 167
12 38 674
12 39 1515
12 40 215
12 41 722
12 42 1563
12 43 263
12 44 770
12 45 1611
12 46 311
12 47 818
12 48 1659
12 49 359
12 50 866
12 51 1707
12 52 407
12 53 914
12 54 1755
12 55 455
12 56 962
12 57 1803
12 58 503
12 59 1010
12 60 1851
12 61 551
12 62 1058
12 63 1899
12 64 599
12 65 1106
12 66 1947
12 67 647
12 68 1154
12 69 1995
12 70 695
12 71 1202
12 72 2043
12 73 287
13 0 522
13 1 1238
13 2 929
13 3 1121
13 4 404
13 5 829
13 6 833
13 7 682
13 8 674
13 9 682
13 10 1060
13 11 982
13 12 569
13 13 0
13 14 942
13 15 934
13 16 1089
13 17 560
13 18 482
13 19 1054
13 20 750
13 21 521
13 22 539
13 23 1054
13 24 798
13 25 78
13 26 465
13 27 1034
13 28 999
13 29 513
13 30 990
13 31 491
13 32 499
13 33 1028
13 34 473
13 35 465
13 36 995
13 37 402
13 38 727
13 39 1568
13 40 354
13 41 679
13 42 1520
13 43 306
13 44 631
13 45 1472
13 46 258
13 47 583
13 48 1424
13 49 306
13 50 631
13 51 1472
13 52 354
13 53 679
13 54 1520
13 55 402
13 56 727
13 57 1568
13 58 450
13 59 775
13 60 1616
13 61 498
13 62 823
13 63 1664
13 64 546
13 65 871
13 66 1712
13 67 594
13 68 919
13 69 1760
13 70 642
13 71 967
13 72 1808
13 73 522
14 0 1464
14 1 630
14 2 13
14 3 513
14 4 1054
14 5 317
14 6 609
14 7 776
14 8 976
14 9 776
14 10 452
14 11 374
14 12 1177
14 13 942
14 14 0
14 15 326
14 16 577
14 17 1090
14 18 976
14 19 638
14 20 526
14 21 1129
14 22 919
14 23 830
14 24 574
14 25 864
14 26 993
14 27 426
14 28 391
14 29 945
14 30 382
14 31 1255
14 32 959
14 33 612
14 34 1081
14 35 1281
14 36 387
14 37 1344
14 38 503
14 39 1010
14 40 1296
14 41 455
14 42 962
14 43 1248
14 44 407
14 45 914
14 46 1200
14 47 359
14 48 866
14 49 1152
14 50 311
14 51 818
14 52 1104
14 53 263
14 54 770
14 55 1056
14 56 215
14 57 722
14 58 1008
14 59 167
14 60 674
14 61 1056
14 62 215
14 63 722
14 64 1104
14 65 263
14 66 770
14 67 1152
14 68 311
14 69 818
14 70 1200
14 71 359
14 72 866
14 73 1464
15 0 1456
15 1 430
15 2 313
15 3 313
15 4 1046
15 5 309
15 6 601
15 7 768
15 8 776
15 9 768
15 10 252
15 11 174
15 12 1169
15 13 934
15 14 326
15 15 0
15 16 569
15 17 1082
15 18 968
15 19 630
15 20 518
15 21 1121
15 22 911
15 23 822
15 24 566
15 25 856
15 26 985
15 27 226
15 28 65
15 29 937
15 30 278
15 31 1247
15 32 951
15 33 604
15 34 1073
15 35 1273
15 36 187
15 37 1336
15 38 495
15 39 1210
15 40 1288
15 41 447
15 42 1162
15 43 1240
15 44 399
15 45 1114
15 46 1192
15 47 351
15 48 1066
15 49 1144
15 50 303
15 51 1018
15 52 1096
15 53 255
15 54 970
15 55 1048
15 56 207
15 57 922
15 58 1000
15 59 159
15 60 874
15 61 952
15 62 111
15 63 826
15 64 904
15 65 63
15 66 778
15 67 952
15 68 111
15 69 826
15 70 1000
15 71 159
15 72 874
15 73 1456
16 0 1611
16 1 873
16 2 564
16 3 756
16 4 1201
16 5 260
16 6 756
16 7 1019
16 8 1219
16 9 1019
16 10 695
16 11 617
16 12 1324
16 13 1089
16 14 577
16 15 569
16 16 0
16 17 1237
16 18 1123
16 19 785
16 20 673
16 21 1276
16 22 1162
16 23 977
16 24 721
16 25 1011
16 26 1140
16 27 669
16 28 634
16 29 1188
16 30 625
16 31 1402
16 32 1106
16 33 759
16 34 1228
16 35 1428
16 36 630
16 37 1491
16 38 650
16 39 767
16 40 1443
16 41 602
16 42 719
16 43 1395
16 44 554
16 45 671
16 46 1347
16 47 506
16 48 623
16 49 1299
16 50 458
16 51 575
16 52 1251
16 53 410
16 54 527
16 55 1203
16 56 362
16 57 479
16 58 1251
16 59 410
16 60 527
16 61 1299
16 62 458
16 63 575
16 64 1347
16 65 506
16 66 623
16 67 1395
16 68 554
16 69 671
16 70 1443
16 71 602
16 72 719
16 73 1611
17 0 374
17 1 1386
17 2 1077
17 3 1269
17 4 448
17 5 977
17 6 789
17 7 726
17 8 718
17 9 726
17 10 1208
17 11 1130
17 12 421
17 13 560
17 14 1090
17 15 1082
17 16 1237
17 17 0
17 18 526
17 19 1202
17 20 898
17 21 39
17 22 583
17 23 1010
17 24 850
17 25 638
17 26 509
17 27 1182
17 28 1147
17 29 557
17 30 1138
17 31 343
17 32 543
17 33 1176
17 34 421
17 35 317
17 36 1143
17 37 254
17 38 683
17 39 1524
17 40 206
17 41 635
17 42 1476
17 43 254
17 44 683
17 45 1524
17 46 302
17 47 731
17 48 1572
17 49 350
17 50 779
17 51 1620
17 52 398
17 53 827
17 54 1668
17 55 446
17 56 875
17 57 1716
17 58 494
17 59 923
17 60 1764
17 61 542
17 62 971
17 63 1812
17 64 590
17 65 1019
17 66 1860
17 67 638
17 68 1067
17 69 1908
17 70 686
17 71 1115
17 72 1956
17 73 374
18 0 488
18 1 1272
18 2 963
18 3 1155
18 4 78
18 5 863
18 6 1059
18 7 456
18 8 448
18 9 456
18 10 1094
18 11 1016
18 12 535
18 13 482
18 14 976
18 15 968
18 16 1123
18 17 526
18 18 0
18 19 1088
18 20 976
18 21 487
18 22 313
18 23 1280
18 24 1024
18 25 560
18 26 239
18 27 1068
18 28 1033
18 29 287
18 30 946
18 31 457
18 32 369
18 33 1062
18 34 439
18 35 431
18 36 1029
18 37 368
18 38 953
18 39 1794
18 40 320
18 41 905
18 42 1746
18 43 272
18 44 857
18 45 1698
18 46 224
18 47 809
18 48 1650
18 49 176
18 50 761
18 51 1602
18 52 128
18 53 713
18 54 1554
18 55 176
18 56 761
18 57 1602
18 58 224
18 59 809
18 60 1650
18 61 272
18 62 857
18 63 1698
18 64 320
18 65 905
18 66 1746
18 67 368
18 68 953
18 69 1794
18 70 416
18 71 1001
18 72 1842
18 73 488
19 0 1576
19 1 934
19 2 625
19 3 817
19 4 1166
19 5 525
19 6 721
19 7 1080
19 8 1280
19 9 1080
19 10 756
19 11 678
19 12 1289
19 13 1054
19 14 638
19 15 630
19 16 785
19 17 1202
19 18 1088
19 19 0
19 20 638
19 21 1241
19 22 1223
19 23 942
19 24 686
19 25 976
19 26 1201
19 27 730
19 28 695
19 29 1249
19 30 686
19 31 1367
19 32 1071
19 33 26
19 34 1193
19 35 1393
19 36 691
19 37 1456
19 38 615
19 39 706
19 40 1408
19 41 567
19 42 658
19 43 1360
19 44 519
19 45 610
19 46 1312
19 47 471
19 48 562
19 49 1264
19 50 423
19 51 514
19 52 1216
19 53 375
19 54 466
19 55 1264
19 56 423
19 57 514
19 58 1312
19 59 471
19 60 562
19 61 1360
19 62 519
19 63 610
19 64 1408
19 65 567
19 66 658
19 67 1456
19 68 615
19 69 706
19 70 1504
19 71 663
19 72 754
19 73 1576
20 0 1272
20 1 822
20 2 513
20 3 705
20 4 1054
20 5 413
20 6 417
20 7 968
20 8 1168
20 9 968
20 10 644
20 11 566
20 12 985
20 13 750
20 14 526
20 15 518
20 16 673
20 17 898
20 18 976
20 19 638
20 20 0
20 21 937
20 22 1111
20 23 638
20 24 382
20 25 672
20 26 1089
20 27 618
20 28 583
20 29 1137
20 30 574
20 31 1063
20 32 863
20 33 612
20 34 889
20 35 1089
20 36 579
20 37 1152
20 38 311
20 39 818
20 40 1104
20 41 263
20 42 770
20 43 1056
20 44 215
20 45 722
20 46 1008
20 47 167
20 48 674
20 49 1056
20 50 215
20 51 722
20 52 1104
20 53 263
20 54 770
20 55 1152
20 56 311
20 57 818
20 58 1200
20 59 359
20 60 866
20 61 1248
20 62 407
20 63 914
20 64 1296
20 65 455
20 66 962
20 67 1344
20 68 503
20 69 1010
20 70 1392
20 71 551
20 72 1058
20 73 1272
21 0 335
21 1 1425
21 2 1116
21 3 1308
21 4 409
21 5 1016
21 6 828
21 7 687
21 8 679
21 9 687
21 10 1247
21 11 1169
21 12 382
21 13 521
21 14 1129
21 15 1121
21 16 1276
21 17 39
21 18 487
21 19 1241
21 20 937
21 21 0
21 22 544
21 23 1049
21 24 889
21 25 599
21 26 470
21 27 1221
21 28 1186
21 29 518
21 30 1177
21 31 304
21 32 504
21 33 1215
21 34 382
21 35 278
21 36 1182
21 37 215
21 38 722
21 39 1563
21 40 167
21 41 674
21 42 1515
21 43 215
21 44 722
21 45 1563
21 46 263
21 47 770
21 48 1611
21 49 311
21 50 818
21 51 1659
21 52 359
21 53 866
21 54 1707
21 55 407
21 56 914
21 57 1755
21 58 455
21 59 962
21 60 1803
21 61 503
21 62 1010
21 63 1851
21 64 551
21 65 1058
21 66 1899
21 67 599
21 68 1106
21 69 1947
21 70 647
21 71 1154
21 72 1995
21 73 335
22 0 545
22 1 1215
22 2 906
22 3 1098
22 4 235
22 5 902
22 6 1194
22 7 143
22 8 313
22 9 143
22 10 1037
22 11 959
22 12 592
22 13 539
22 14 919
22 15 911
22 16 1162
22 17 583
22 18 313
22 19 1223
22 20 1111
22 21 544
22 22 0
22 23 1415
22 24 1159
22 25 617
22 26 200
22 27 1011
22 28 976
22 29 26
22 30 811
22 31 514
22 32 426
22 33 1197
22 34 496
22 35 488
22 36 972
22 37 425
22 38 1088
22 39 1929
22 40 377
22 41 1040
22 42 1881
22 43 329
22 44 992
22 45 1833
22 46 281
22 47 944
22 48 1785
22 49 233
22 50 896
22 51 1737
22 52 185
22 53 848
22 54 1689
22 55 137
22 56 800
22 57 1641
22 58 89
22 59 752
22 60 1593
22 61 137
22 62 800
22 63 1641
22 64 185
22 65 848
22 66 1689
22 67 233
22 68 896
22 69 1737
22 70 281
22 71 944
22 72 1785
22 73 545
23 0 1384
23 1 1126
23 2 817
23 3 1009
23 4 1358
23 5 717
23 6 221
23 7 1272
23 8 1472
23 9 1272
23 10 948
23 11 870
23 12 1097
23 13 1054
23 14 830
23 15 822
23 16 977
23 17 1010
23 18 1280
23 19 942
23 20 638
23 21 1049
23 22 1415
23 23 0
23 24 590
23 25 976
23 26 1393
23 27 922
23 28 887
23 29 1441
23 30 878
23 31 1175
23 32 1167
23 33 916
23 34 1097
23 35 1201
23 36 883
23 37 1264
23 38 423
23 39 514
23 40 1216
23 41 375
23 42 466
23 43 1264
23 44 423
23 45 514
23 46 1312
23 47 471
23 48 562
23 49 1360
23 50 519
23 51 610
23 52 1408
23 53 567
23 54 658
23 55 1456
23 56 615
23 57 706
23 58 1504
23 59 663
23 60 754
23 61 1552
23 62 711
23 63 802
23 64 1600
23 65 759
23 66 850
23 67 1648
23 68 807
23 69 898
23 70 1696
23 71 855
23 72 946
23 73 1384
24 0 1224
24 1 870
24 2 561
24 3 753
24 4 1102
24 5 461
24 6 369
24 7 1016
24 8 1216
24 9 1016
24 10 692
24 11 614
24 12 937
24 13 798
24 14 574
24 15 566
24 16 721
24 17 850
24 18 1024
24 19 686
24 20 382
24 21 889
24 22 1159
24 23 590
24 24 0
24 25 720
24 26 1137
24 27 666
24 28 631
24 29 1185
24 30 622
24 31 1015
24 32 911
24 33 660
24 34 841
24 35 1041
24 36 627
24 37 1104
24 38 263
24 39 770
24 40 1056
24 41 215
24 42 722
24 43 1008
24 44 167
24 45 674
24 46 1056
24 47 215
24 48 722
24 49 1104
24 50 263
24 51 770
24 52 1152
24 53 311
24 54 818
24 55 1200
24 56 359
24 57 866
24 58 1248
24 59 407
24 60 914
24 61 1296
24 62 455
24 63 962
24 64 1344
24 65 503
24 66 1010
24 67 1392
24 68 551
24 69 1058
24 70 1440
24 71 599
24 72 1106
24 73 1224
25 0 600
25 1 1160
25 2 851
25 3 1043
25 4 482
25 5 751
25 6 755
25 7 760
25 8 752
25 9 760
25 10 982
25 11 904
25 12 647
25 13 78
25 14 864
25 15 856
25 16 1011
25 17 638
25 18 560
25 19 976
25 20 672
25 21 599
25 22 617
25 23 976
25 24 720
25 25 0
25 26 543
25 27 956
25 28 921
25 29 591
25 30 912
25 31 569
25 32 577
25 33 950
25 34 551
25 35 543
25 36 917
25 37 480
25 38 649
25 39 1490
25 40 432
25 41 601
25 42 1442
25 43 384
25 44 553
25 45 1394
25 46 336
25 47 505
25 48 1346
25 49 384
25 50 553
25 51 1394
25 52 432
25 53 601
25 54 1442
25 55 480
25 56 649
25 57 1490
25 58 528
25 59 697
25 60 1538
25 61 576
25 62 745
25 63 1586
25 64 624
25 65 793
25 66 1634
25 67 672
25 68 841
25 69 1682
25 70 720
25 71 889
25 72 1730
25 73 600
26 0 471
26 1 1289
26 2 980
26 3 1172
26 4 161
26 5 880
26 6 1172
26 7 343
26 8 335
26 9 343
26 10 1111
26 11 1033
26 12 518
26 13 465
26 14 993
26 15 985
26 16 1140
26 17 509
26 18 239
26 19 1201
26 20 1089
26 21 470
26 22 200
26 23 1393
26 24 1137
26 25 543
26 26 0
26 27 1085
26 28 1050
26 29 174
26 30 833
26 31 440
26 32 352
26 33 1175
26 34 422
26 35 414
26 36 1046
26 37 351
26 38 1066
26 39 1907
26 40 303
26 41 1018
26 42 1859
26 43 255
26 44 970
26 45 1811
26 46 207
26 47 922
26 48 1763
26 49 159
26 50 874
26 51 1715
26 52 111
26 53 826
26 54 1667
26 55 63
26 56 778
26 57 1619
26 58 111
26 59 826
26 60 1667
26 61 159
26 62 874
26 63 1715
26 64 207
26 65 922
26 66 1763
26 67 255
26 68 970
26 69 1811
26 70 303
26 71 1018
26 72 1859
26 73 471
27 0 1556
27 1 434
27 2 413
27 3 317
27 4 1146
27 5 409
27 6 701
27 7 868
27 8 876
27 9 868
27 10 26
27 11 52
27 12 1269
27 13 1034
27 14 426
27 15 226
27 16 669
27 17 1182
27 18 1068
27 19 730
27 20 618
27 21 1221
27 22 1011
27 23 922
27 24 666
27 25 956
27 26 1085
27 27 0
27 28 291
27 29 1037
27 30 378
27 31 1347
27 32 1051
27 33 704
27 34 1173
27 35 1373
27 36 39
27 37 1436
27 38 595
27 39 1206
27 40 1388
27 41 547
27 42 1158
27 43 1340
27 44 499
27 45 1110
27 46 1292
27 47 451
27 48 1062
27 49 1244
27 50 403
27 51 1014
27 52 1196
27 53 355
27 54 966
27 55 1148
27 56 307
27 57 918
27 58 1100
27 59 259
27 60 870
27 61 1052
27 62 211
27 63 822
27 64 1004
27 65 163
27 66 774
27 67 956
27 68 115
27 69 726
27 70 1004
27 71 163
27 72 774
27 73 1556
28 0 1521
28 1 495
28 2 378
28 3 378
28 4 1111
28 5 374
28 6 666
28 7 833
28 8 841
28 9 833
28 10 317
28 11 239
28 12 1234
28 13 999
28 14 391
28 15 65
28 16 634
28 17 1147
28 18 1033
28 19 695
28 20 583
28 21 1186
28 22 976
28 23 887
28 24 631
28 25 921
28 26 1050
28 27 291
28 28 0
28 29 1002
28 30 343
28 31 1312
28 32 1016
28 33 669
28 34 1138
28 35 1338
28 36 252
28 37 1401
28 38 560
28 39 1145
28 40 1353
28 41 512
28 42 1097
28 43 1305
28 44 464
28 45 1049
28 46 1257
28 47 416
28 48 1001
28 49 1209
28 50 368
28 51 953
28 52 1161
28 53 320
28 54 905
28 55 1113
28 56 272
28 57 857
28 58 1065
28 59 224
28 60 809
28 61 1017
28 62 176
28 63 761
28 64 969
28 65 128
28 66 713
28 67 1017
28 68 176
28 69 761
28 70 1065
28 71 224
28 72 809
28 73 1521
29 0 519
29 1 1241
29 2 932
29 3 1124
29 4 209
29 5 928
29 6 1220
29 7 169
29 8 287
29 9 169
29 10 1063
29 11 985
29 12 566
29 13 513
29 14 945
29 15 937
29 16 1188
29 17 557
29 18 287
29 19 1249
29 20 1137
29 21 518
29 22 26
29 23 1441
29 24 1185
29 25 591
29 26 174
29 27 1037
29 28 1002
29 29 0
29 30 785
29 31 488
29 32 400
29 33 1223
29 34 470
29 35 462
29 36 998
29 37 399
29 38 1114
29 39 1955
29 40 351
29 41 1066
29 42 1907
29 43 303
29 44 1018
29 45 1859
29 46 255
29 47 970
29 48 1811
29 49 207
29 50 922
29 51 1763
29 52 159
29 53 874
29 54 1715
29 55 111
29 56 826
29 57 1667
29 58 63
29 59 778
29 60 1619
29 61 111
29 62 826
29 63 1667
29 64 159
29 65 874
29 66 1715
29 67 207
29 68 922
29 69 1763
29 70 255
29 71 970
29 72 1811
29 73 519
30 0 1178
30 1 582
30 2 369
30 3 465
30 4 868
30 5 365
30 6 657
30 7 824
30 8 850
30 9 824
30 10 404
30 11 326
30 12 1225
30 13 990
30 14 382
30 15 278
30 16 625
30 17 1138
30 18 946
30 19 686
30 20 574
30 21 1177
30 22 811
30 23 878
30 24 622
30 25 912
30 26 833
30 27 378
30 28 343
30 29 785
30 30 0
30 31 1147
30 32 1007
30 33 660
30 34 1129
30 35 1121
30 36 339
30 37 1058
30 38 551
30 39 1392
30 40 1010
30 41 503
30 42 1344
30 43 962
30 44 455
30 45 1296
30 46 914
30 47 407
30 48 1248
30 49 866
30 50 359
30 51 1200
30 52 818
30 53 311
30 54 1152
30 55 770
30 56 263
30 57 1104
30 58 722
30 59 215
30 60 1056
30 61 674
30 62 167
30 63 1008
30 64 722
30 65 215
30 66 1056
30 67 770
30 68 263
30 69 1104
30 70 818
30 71 311
30 72 1152
30 73 1178
31 0 209
31 1 1551
31 2 1242
31 3 1434
31 4 379
31 5 1142
31 6 954
31 7 657
31 8 649
31 9 657
31 10 1373
31 11 1295
31 12 78
31 13 491
31 14 1255
31 15 1247
31 16 1402
31 17 343
31 18 457
31 19 1367
31 20 1063
31 21 304
31 22 514
31 23 1175
31 24 1015
31 25 569
31 26 440
31 27 1347
31 28 1312
31 29 488
31 30 1147
31 31 0
31 32 474
31 33 1341
31 34 352
31 35 26
31 36 1308
31 37 89
31 38 752
31 39 1593
31 40 137
31 41 800
31 42 1641
31 43 185
31 44 848
31 45 1689
31 46 233
31 47 896
31 48 1737
31 49 281
31 50 944
31 51 1785
31 52 329
31 53 992
31 54 1833
31 55 377
31 56 1040
31 57 1881
31 58 425
31 59 1088
31 60 1929
31 61 473
31 62 1136
31 63 1977
31 64 521
31 65 1184
31 66 2025
31 67 569
31 68 1232
31 69 2073
31 70 617
31 71 1280
31 72 2121
31 73 209
32 0 505
32 1 1255
32 2 946
32 3 1138
32 4 291
32 5 846
32 6 946
32 7 569
32 8 561
32 9 569
32 10 1077
32 11 999
32 12 552
32 13 499
32 14 959
32 15 951
32 16 1106
32 17 543
32 18 369
32 19 1071
32 20 863
32 21 504
32 22 426
32 23 1167
32 24 911
32 25 577
32 26 352
32 27 1051
32 28 1016
32 29 400
32 30 1007
32 31 474
32 32 0
32 33 1045
32 34 456
32 35 448
32 36 1012
32 37 385
32 38 840
32 39 1681
32 40 337
32 41 792
32 42 1633
32 43 289
32 44 744
32 45 1585
32 46 241
32 47 696
32 48 1537
32 49 193
32 50 648
32 51 1489
32 52 241
32 53 696
32 54 1537
32 55 289
32 56 744
32 57 1585
32 58 337
32 59 792
32 60 1633
32 61 385
32 62 840
32 63 1681
32 64 433
32 65 888
32 66 1729
32 67 481
32 68 936
32 69 1777
32 70 529
32 71 984
32 72 1825
32 73 505
33 0 1550
33 1 908
33 2 599
33 3 791
33 4 1140
33 5 499
33 6 695
33 7 1054
33 8 1254
33 9 1054
33 10 730
33 11 652
33 12 1263
33 13 1028
33 14 612
33 15 604
33 16 759
33 17 1176
33 18 1062
33 19 26
33 20 612
33 21 1215
33 22 1197
33 23 916
33 24 660
33 25 950
33 26 1175
33 27 704
33 28 669
33 29 1223
33 30 660
33 31 1341
33 32 1045
33 33 0
33 34 1167
33 35 1367
33 36 665
33 37 1430
33 38 589
33 39 732
33 40 1382
33 41 541
33 42 684
33 43 1334
33 44 493
33 45 636
33 46 1286
33 47 445
33 48 588
33 49 1238
33 50 397
33 51 540
33 52 1190
33 53 349
33 54 492
33 55 1238
33 56 397
33 57 540
33 58 1286
33 59 445
33 60 588
33 61 1334
33 62 493
33 63 636
33 64 1382
33 65 541
33 66 684
33 67 1430
33 68 589
33 69 732
33 70 1478
33 71 637
33 72 780
33 73 1550
34 0 383
34 1 1377
34 2 1068
34 3 1260
34 4 361
34 5 968
34 6 876
34 7 639
34 8 631
34 9 639
34 10 1199
34 11 1121
34 12 430
34 13 473
34 14 1081
34 15 1073
34 16 1228
34 17 421
34 18 439
34 19 1193
34 20 889
34 21 382
34 22 496
34 23 1097
34 24 841
34 25 551
34 26 422
34 27 1173
34 28 1138
34 29 470
34 30 1129
34 31 352
34 32 456
34 33 1167
34 34 0
34 35 326
34 36 1134
34 37 263
34 38 770
34 39 1611
34 40 215
34 41 722
34 42 1563
34 43 167
34 44 674
34 45 1515
34 46 215
34 47 722
34 48 1563
34 49 263
34 50 770
34 51 1611
34 52 311
34 53 818
34 54 1659
34 55 359
34 56 866
34 57 1707
34 58 407
34 59 914
34 60 1755
34 61 455
34 62 962
34 63 1803
34 64 503
34 65 1010
34 66 1851
34 67 551
34 68 1058
34 69 1899
34 70 599
34 71 1106
34 72 1947
34 73 383
35 0 183
35 1 1577
35 2 1268
35 3 1460
35 4 353
35 5 1168
35 6 980
35 7 631
35 8 623
35 9 631
35 10 1399
35 11 1321
35 12 104
35 13 465
35 14 1281
35 15 1273
35 16 1428
35 17 317
35 18 431
35 19 1393
35 20 1089
35 21 278
35 22 488
35 23 1201
35 24 1041
35 25 543
35 26 414
35 27 1373
35 28 1338
35 29 462
35 30 1121
35 31 26
35 32 448
35 33 1367
35 34 326
35 35 0
35 36 1334
35 37 63
35 38 778
35 39 1619
35 40 111
35 41 826
35 42 1667
35 43 159
35 44 874
35 45 1715
35 46 207
35 47 922
35 48 1763
35 49 255
35 50 970
35 51 1811
35 52 303
35 53 1018
35 54 1859
35 55 351
35 56 1066
35 57 1907
35 58 399
35 59 1114
35 60 1955
35 61 447
35 62 1162
35 63 2003
35 64 495
35 65 1210
35 66 2051
35 67 543
35 68 1258
35 69 2099
35 70 591
35 71 1306
35 72 2147
35 73 183
36 0 1517
36 1 395
36 2 374
36 3 278
36 4 1107
36 5 370
36 6 662
36 7 829
36 8 837
36 9 829
36 10 65
36 11 13
36 12 1230
36 13 995
36 14 387
36 15 187
36 16 630
36 17 1143
36 18 1029
36 19 691
36 20 579
36 21 1182
36 22 972
36 23 883
36 24 627
36 25 917
36 26 1046
36 27 39
36 28 252
36 29 998
36 30 339
36 31 1308
36 32 1012
36 33 665
36 34 1134
36 35 1334
36 36 0
36 37 1397
36 38 556
36 39 1245
36 40 1349
36 41 508
36 42 1197
36 43 1301
36 44 460
36 45 1149
36 46 1253
36 47 412
36 48 1101
36 49 1205
36 50 364
36 51 1053
36 52 1157
36 53 316
36 54 1005
36 55 1109
36 56 268
36 57 957
36 58 1061
36 59 220
36 60 909
36 61 1013
36 62 172
36 63 861
36 64 965
36 65 124
36 66 813
36 67 917
36 68 76
36 69 765
36 70 965
36 71 124
36 72 813
36 73 1517
37 0 120
37 1 1640
37 2 1331
37 3 1523
37 4 290
37 5 1231
37 6 1043
37 7 568
37 8 560
37 9 568
37 10 1462
37 11 1384
37 12 167
37 13 402
37 14 1344
37 15 1336
37 16 1491
37 17 254
37 18 368
37 19 1456
37 20 1152
37 21 215
37 22 425
37 23 1264
37 24 1104
37 25 480
37 26 351
37 27 1436
37 28 1401
37 29 399
37 30 1058
37 31 89
37 32 385
37 33 1430
37 34 263
37 35 63
37 36 1397
37 37 0
37 38 841
37 39 1682
37 40 48
37 41 889
37 42 1730
37 43 96
37 44 937
37 45 1778
37 46 144
37 47 985
37 48 1826
37 49 192
37 50 1033
37 51 1874
37 52 240
37 53 1081
37 54 1922
37 55 288
37 56 1129
37 57 1970
37 58 336
37 59 1177
37 60 2018
37 61 384
37 62 1225
37 63 2066
37 64 432
37 65 1273
37 66 2114
37 67 480
37 68 1321
37 69 2162
37 70 528
37 71 1369
37 72 2210
37 73 120
38 0 961
38 1 799
38 2 490
38 3 682
38 4 1031
38 5 390
38 6 202
38 7 945
38 8 1145
38 9 945
38 10 621
38 11 543
38 12 674
38 13 727
38 14 503
38 15 495
38 16 650
38 17 683
38 18 953
38 19 615
38 20 311
38 21 722
38 22 1088
38 23 423
38 24 263
38 25 649
38 26 1066
38 27 595
38 28 560
38 29 1114
38 30 551
38 31 752
38 32 840
38 33 589
38 34 770
38 35 778
38 36 556
38 37 841
38 38 0
38 39 841
38 40 889
38 41 48
38 42 889
38 43 937
38 44 96
38 45 937
38 46 985
38 47 144
38 48 985
38 49 1033
38 50 192
38 51 1033
38 52 1081
38 53 240
38 54 1081
38 55 1129
38 56 288
38 57 1129
38 58 1177
38 59 336
38 60 1177
38 61 1225
38 62 384
38 63 1225
38 64 1273
38 65 432
38 66 1273
38 67 1321
38 68 480
38 69 1321
38 70 1369
38 71 528
38 72 1369
38 73 961
39 0 1802
39 1 1098
39 2 1023
39 3 1215
39 4 1872
39 5 1027
39 6 735
39 7 1786
39 8 1986
39 9 1786
39 10 1180
39 11 1258
39 12 1515
39 13 1568
39 14 1010
39 15 1210
39 16 767
39 17 1524
39 18 1794
39 19 706
39 20 818
39 21 1563
39 22 1929
39 23 514
39 24 770
39 25 1490
39 26 1907
39 27 1206
39 28 1145
39 29 1955
39 30 1392
39 31 1593
39 32 1681
39 33 732
39 34 1611
39 35 1619
39 36 1245
39 37 1682
39 38 841
39 39 0
39 40 1730
39 41 889
39 42 48
39 43 1778
39 44 937
39 45 96
39 46 1826
39 47 985
39 48 144
39 49 1874
39 50 1033
39 51 192
39 52 1922
39 53 1081
39 54 240
39 55 1970
39 56 1129
39 57 288
39 58 2018
39 59 1177
39 60 336
39 61 2066
39 62 1225
39 63 384
39 64 2114
39 65 1273
39 66 432
39 67 2162
39 68 1321
39 69 480
39 70 2210
39 71 1369
39 72 528
39 73 1802
40 0 168
40 1 1592
40 2 1283
40 3 1475
40 4 242
40 5 1183
40 6 995
40 7 520
40 8 512
40 9 520
40 10 1414
40 11 1336
40 12 215
40 13 354
40 14 1296
40 15 1288
40 16 1443
40 17 206
40 18 320
40 19 1408
40 20 1104
40 21 167
40 22 377
40 23 1216
40 24 1056
40 25 432
40 26 303
40 27 1388
40 28 1353
40 29 351
40 30 1010
40 31 137
40 32 337
40 33 1382
40 34 215
40 35 111
40 36 1349
40 37 48
40 38 889
40 39 1730
40 40 0
40 41 841
40 42 1682
40 43 48
40 44 889
40 45 1730
40 46 96
40 47 937
40 48 1778
40 49 144
40 50 985
40 51 1826
40 52 192
40 53 1033
40 54 1874
40 55 240
40 56 1081
40 57 1922
40 58 288
40 59 1129
40 60 1970
40 61 336
40 62 1177
40 63 2018
40 64 384
40 65 1225
40 66 2066
40 67 432
40 68 1273
40 69 2114
40 70 480
40 71 1321
40 72 2162
40 73 168
41 0 1009
41 1 751
41 2 442
41 3 634
41 4 983
41 5 342
41 6 154
41 7 897
41 8 1097
41 9 897
41 10 573
41 11 495
41 12 722
41 13 679
41 14 455
41 15 447
41 16 602
41 17 635
41 18 905
41 19 567
41 20 263
41 21 674
41 22 1040
41 23 375
41 24 215
41 25 601
41 26 1018
41 27 547
41 28 512
41 29 1066
41 30 503
41 31 800
41 32 792
41 33 541
41 34 722
41 35 826
41 36 508
41 37 889
41 38 48
41 39 889
41 40 841
41 41 0
41 42 841
41 43 889
41 44 48
41 45 889
41 46 937
41 47 96
41 48 937
41 49 985
41 50 144
41 51 985
41 52 1033
41 53 192
41 54 1033
41 55 1081
41 56 240
41 57 1081
41 58 1129
41 59 288
41 60 1129
41 61 1177
41 62 336
41 63 1177
41 64 1225
41 65 384
41 66 1225
41 67 1273
41 68 432
41 69 1273
41 70 1321
41 71 480
41 72 1321
41 73 1009
42 0 1850
42 1 1050
42 2 975
42 3 1167
42 4 1824
42 5 979
42 6 687
42 7 1738
42 8 1938
42 9 1738
42 10 1132
42 11 1210
42 12 1563
42 13 1520
42 14 962
42 15 1162
42 16 719
42 17 1476
42 18 1746
42 19 658
42 20 770
42 21 1515
42 22 1881
42 23 466
42 24 722
42 25 1442
42 26 1859
42 27 1158
42 28 1097
42 29 1907
42 30 1344
42 31 1641
42 32 1633
42 33 684
42 34 1563
42 35 1667
42 36 1197
42 37 1730
42 38 889
42 39 48
42 40 1682
42 41 841
42 42 0
42 43 1730
42 44 889
42 45 48
42 46 1778
42 47 937
42 48 96
42 49 1826
42 50 985
42 51 144
42 52 1874
42 53 1033
42 54 192
42 55 1922
42 56 1081
42 57 240
42 58 1970
42 59 1129
42 60 288
42 61 2018
42 62 1177
42 63 336
42 64 2066
42 65 1225
42 66 384
42 67 2114
42 68 1273
42 69 432
42 70 2162
42 71 1321
42 72 480
42 73 1850
43 0 216
43 1 1544
43 2 1235
43 3 1427
43 4 194
43 5 1135
43 6 1043
43 7 472
43 8 464
43 9 472
43 10 1366
43 11 1288
43 12 263
43 13 306
43 14 1248
43 15 1240
43 16 1395
43 17 254
43 18 272
43 19 1360
43 20 1056
43 21 215
43 22 329
43 23 1264
43 24 1008
43 25 384
43 26 255
43 27 1340
43 28 1305
43 29 303
43 30 962
43 31 185
43 32 289
43 33 1334
43 34 167
43 35 159
43 36 1301
43 37 96
43 38 937
43 39 1778
43 40 48
43 41 889
43 42 1730
43 43 0
43 44 841
43 45 1682
43 46 48
43 47 889
43 48 1730
43 49 96
43 50 937
43 51 1778
43 52 144
43 53 985
43 54 1826
43 55 192
43 56 1033
43 57 1874
43 58 240
43 59 1081
43 60 1922
43 61 288
43 62 1129
43 63 1970
43 64 336
43 65 1177
43 66 2018
43 67 384
43 68 1225
43 69 2066
43 70 432
43 71 1273
43 72 2114
43 73 216
44 0 1057
44 1 703
44 2 394
44 3 586
44 4 935
44 5 294
44 6 202
44 7 849
44 8 1049
44 9 849
44 10 525
44 11 447
44 12 770
44 13 631
44 14 407
44 15 399
44 16 554
44 17 683
44 18 857
44 19 519
44 20 215
44 21 722
44 22 992
44 23 423
44 24 167
44 25 553
44 26 970
44 27 499
44 28 464
44 29 1018
44 30 455
44 31 848
44 32 744
44 33 493
44 34 674
44 35 874
44 36 460
44 37 937
44 38 96
44 39 937
44 40 889
44 41 48
44 42 889
44 43 841
44 44 0
44 45 841
44 46 889
44 47 48
44 48 889
44 49 937
44 50 96
44 51 937
44 52 985
44 53 144
44 54 985
44 55 1033
44 56 192
44 57 1033
44 58 1081
44 59 240
44 60 1081
44 61 1129
44 62 288
44 63 1129
44 64 1177
44 65 336
44 66 1177
44 67 1225
44 68 384
44 69 1225
44 70 1273
44 71 432
44 72 1273
44 73 1057
45 0 1898
45 1 1002
45 2 927
45 3 1119
45 4 1776
45 5 931
45 6 735
45 7 1690
45 8 1890
45 9 1690
45 10 1084
45 11 1162
45 12 1611
45 13 1472
45 14 914
45 15 1114
45 16 671
45 17 1524
45 18 1698
45 19 610
45 20 722
45 21 1563
45 22 1833
45 23 514
45 24 674
45 25 1394
45 26 1811
45 27 1110
45 28 1049
45 29 1859
45 30 1296
45 31 1689
45 32 1585
45 33 636
45 34 1515
45 35 1715
45 36 1149
45 37 1778
45 38 937
45 39 96
45 40 1730
45 41 889
45 42 48
45 43 1682
45 44 841
45 45 0
45 46 1730
45 47 889
45 48 48
45 49 1778
45 50 937
45 51 96
45 52 1826
45 53 985
45 54 144
45 55 1874
45 56 1033
45 57 192
45 58 1922
45 59 1081
45 60 240
45 61 1970
45 62 1129
45 63 288
45 64 2018
45 65 1177
45 66 336
45 67 2066
45 68 1225
45 69 384
45 70 2114
45 71 1273
45 72 432
45 73 1898
46 0 264
46 1 1496
46 2 1187
46 3 1379
46 4 146
46 5 1087
46 6 1091
46 7 424
46 8 416
46 9 424
46 10 1318
46 11 1240
46 12 311
46 13 258
46 14 1200
46 15 1192
46 16 1347
46 17 302
46 18 224
46 19 1312
46 20 1008
46 21 263
46 22 281
46 23 1312
46 24 1056
46 25 336
46 26 207
46 27 1292
46 28 1257
46 29 255
46 30 914
46 31 233
46 32 241
46 33 1286
46 34 215
46 35 207
46 36 1253
46 37 144
46 38 985
46 39 1826
46 40 96
46 41 937
46 42 1778
46 43 48
46 44 889
46 45 1730
46 46 0
46 47 841
46 48 1682
46 49 48
46 50 889
46 51 1730
46 52 96
46 53 937
46 54 1778
46 55 144
46 56 985
46 57 1826
46 58 192
46 59 1033
46 60 1874
46 61 240
46 62 1081
46 63 1922
46 64 288
46 65 1129
46 66 1970
46 67 336
46 68 1177
46 69 2018
46 70 384
46 71 1225
46 72 2066
46 73 264
47 0 1105
47 1 655
47 2 346
47 3 538
47 4 887
47 5 246
47 6 250
47 7 801
47 8 1001
47 9 801
47 10 477
47 11 399
47 12 818
47 13 583
47 14 359
47 15 351
47 16 506
47 17 731
47 18 809
47 19 471
47 20 167
47 21 770
47 22 944
47 23 471
47 24 215
47 25 505
47 26 922
47 27 451
47 28 416
47 29 970
47 30 407
47 31 896
47 32 696
47 33 445
47 34 722
47 35 922
47 36 412
47 37 985
47 38 144
47 39 985
47 40 937
47 41 96
47 42 937
47 43 889
47 44 48
47 45 889
47 46 841
47 47 0
47 48 841
47 49 889
47 50 48
47 51 889
47 52 937
47 53 96
47 54 937
47 55 985
47 56 144
47 57 985
47 58 1033
47 59 192
47 60 1033
47 61 1081
47 62 240
47 63 1081
47 64 1129
47 65 288
47 66 1129
47 67 1177
47 68 336
47 69 1177
47 70 1225
47 71 384
47 72 1225
47 73 1105
48 0 1946
48 1 954
48 2 879
48 3 1071
48 4 1728
48 5 883
48 6 783
48 7 1642
48 8 1842
48 9 1642
48 10 1036
48 11 1114
48 12 1659
48 13 1424
48 14 866
48 15 1066
48 16 623
48 17 1572
48 18 1650
48 19 562
48 20 674
48 21 1611
48 22 1785
48 23 562
48 24 722
48 25 1346
48 26 1763
48 27 1062
48 28 1001
48 29 1811
48 30 1248
48 31 1737
48 32 1537
48 33 588
48 34 1563
48 35 1763
48 36 1101
48 37 1826
48 38 985
48 39 144
48 40 1778
48 41 937
48 42 96
48 43 1730
48 44 889
48 45 48
48 46 1682
48 47 841
48 48 0
48 49 1730
48 50 889
48 51 48
48 52 1778
48 53 937
48 54 96
48 55 1826
48 56 985
48 57 144
48 58 1874
48 59 1033
48 60 192
48 61 1922
48 62 1081
48 63 240
48 64 1970
48 65 1129
48 66 288
48 67 2018
48 68 1177
48 69 336
48 70 2066
48 71 1225
48 72 384
48 73 1946
49 0 312
49 1 1448
49 2 1139
49 3 1331
49 4 98
49 5 1039
49 6 1139
49 7 376
49 8 368
49 9 376
49 10 1270
49 11 1192
49 12 359
49 13 306
49 14 1152
49 15 1144
49 16 1299
49 17 350
49 18 176
49 19 1264
49 20 1056
49 21 311
49 22 233
49 23 1360
49 24 1104
49 25 384
49 26 159
49 27 1244
49 28 1209
49 29 207
49 30 866
49 31 281
49 32 193
49 33 1238
49 34 263
49 35 255
49 36 1205
49 37 192
49 38 1033
49 39 1874
49 40 144
49 41 985
49 42 1826
49 43 96
49 44 937
49 45 1778
49 46 48
49 47 889
49 48 1730
49 49 0
49 50 841
49 51 1682
49 52 48
49 53 889
49 54 1730
49 55 96
49 56 937
49 57 1778
49 58 144
49 59 985
49 60 1826
49 61 192
49 62 1033
49 63 1874
49 64 240
49 65 1081
49 66 1922
49 67 288
49 68 1129
49 69 1970
49 70 336
49 71 1177
49 72 2018
49 73 312
50 0 1153
50 1 607
50 2 298
50 3 490
50 4 839
50 5 198
50 6 298
50 7 753
50 8 953
50 9 753
50 10 429
50 11 351
50 12 866
50 13 631
50 14 311
50 15 303
50 16 458
50 17 779
50 18 761
50 19 423
50 20 215
50 21 818
50 22 896
50 23 519
50 24 263
50 25 553
50 26 874
50 27 403
50 28 368
50 29 922
50 30 359
50 31 944
50 32 648
50 33 397
50 34 770
50 35 970
50 36 364
50 37 1033
50 38 192
50 39 1033
50 40 985
50 41 144
50 42 985
50 43 937
50 44 96
50 45 937
50 46 889
50 47 48
50 48 889
50 49 841
50 50 0
50 51 841
50 52 889
50 53 48
50 54 889
50 55 937
50 56 96
50 57 937
50 58 985
50 59 144
50 60 985
50 61 1033
50 62 192
50 63 1033
50 64 1081
50 65 240
50 66 1081
50 67 1129
50 68 288
50 69 1129
50 70 1177
50 71 336
50 72 1177
50 73 1153
51 0 1994
51 1 906
51 2 831
51 3 1023
51 4 1680
51 5 835
51 6 831
51 7 1594
51 8 1794
51 9 1594
51 10 988
51 11 1066
51 12 1707
51 13 1472
51 14 818
51 15 1018
51 16 575
51 17 1620
51 18 1602
51 19 514
51 20 722
51 21 1659
51 22 1737
51 23 610
51 24 770
51 25 1394
51 26 1715
51 27 1014
51 28 953
51 29 1763
51 30 1200
51 31 1785
51 32 1489
51 33 540
51 34 1611
51 35 1811
51 36 1053
51 37 1874
51 38 1033
51 39 192
51 40 1826
51 41 985
51 42 144
51 43 1778
51 44 937
51 45 96
51 46 1730
51 47 889
51 48 48
51 49 1682
51 50 841
51 51 0
51 52 1730
51 53 889
51 54 48
51 55 1778
51 56 937
51 57 96
51 58 1826
51 59 985
51 60 144
51 61 1874
51 62 1033
51 63 192
51 64 1922
51 65 1081
51 66 240
51 67 1970
51 68 1129
51 69 288
51 70 2018
51 71 1177
51 72 336
51 73 1994
52 0 360
52 1 1400
52 2 1091
52 3 1283
52 4 50
52 5 991
52 6 1187
52 7 328
52 8 320
52 9 328
52 10 1222
52 11 1144
52 12 407
52 13 354
52 14 1104
52 15 1096
52 16 1251
52 17 398
52 18 128
52 19 1216
52 20 1104
52 21 359
52 22 185
52 23 1408
52 24 1152
52 25 432
52 26 111
52 27 1196
52 28 1161
52 29 159
52 30 818
52 31 329
52 32 241
52 33 1190
52 34 311
52 35 303
52 36 1157
52 37 240
52 38 1081
52 39 1922
52 40 192
52 41 1033
52 42 1874
52 43 144
52 44 985
52 45 1826
52 46 96
52 47 937
52 48 1778
52 49 48
52 50 889
52 51 1730
52 52 0
52 53 841
52 54 1682
52 55 48
52 56 889
52 57 1730
52 58 96
52 59 937
52 60 1778
52 61 144
52 62 985
52 63 1826
52 64 192
52 65 1033
52 66 1874
52 67 240
52 68 1081
52 69 1922
52 70 288
52 71 1129
52 72 1970
52 73 360
53 0 1201
53 1 559
53 2 250
53 3 442
53 4 791
53 5 150
53 6 346
53 7 705
53 8 905
53 9 705
53 10 381
53 11 303
53 12 914
53 13 679
53 14 263
53 15 255
53 16 410
53 17 827
53 18 713
53 19 375
53 20 263
53 21 866
53 22 848
53 23 567
53 24 311
53 25 601
53 26 826
53 27 355
53 28 320
53 29 874
53 30 311
53 31 992
53 32 696
53 33 349
53 34 818
53 35 1018
53 36 316
53 37 1081
53 38 240
53 39 1081
53 40 1033
53 41 192
53 42 1033
53 43 985
53 44 144
53 45 985
53 46 937
53 47 96
53 48 937
53 49 889
53 50 48
53 51 889
53 52 841
53 53 0
53 54 841
53 55 889
53 56 48
53 57 889
53 58 937
53 59 96
53 60 937
53 61 985
53 62 144
53 63 985
53 64 1033
53 65 192
53 66 1033
53 67 1081
53 68 240
53 69 1081
53 70 1129
53 71 288
53 72 1129
53 73 1201
54 0 2042
54 1 858
54 2 783
54 3 975
54 4 1632
54 5 787
54 6 879
54 7 1546
54 8 1746
54 9 1546
54 10 940
54 11 1018
54 12 1755
54 13 1520
54 14 770
54 15 970
54 16 527
54 17 1668
54 18 1554
54 19 466
54 20 770
54 21 1707
54 22 1689
54 23 658
54 24 818
54 25 1442
54 26 1667
54 27 966
54 28 905
54 29 1715
54 30 1152
54 31 1833
54 32 1537
54 33 492
54 34 1659
54 35 1859
54 36 1005
54 37 1922
54 38 1081
54 39 240
54 40 1874
54 41 1033
54 42 192
54 43 1826
54 44 985
54 45 144
54 46 1778
54 47 937
54 48 96
54 49 1730
54 50 889
54 51 48
54 52 1682
54 53 841
54 54 0
54 55 1730
54 56 889
54 57 48
54 58 1778
54 59 937
54 60 96
54 61 1826
54 62 985
54 63 144
54 64 1874
54 65 1033
54 66 192
54 67 1922
54 68 1081
54 69 240
54 70 1970
54 71 1129
54 72 288
54 73 2042
55 0 408
55 1 1352
55 2 1043
55 3 1235
55 4 98
55 5 943
55 6 1235
55 7 280
55 8 272
55 9 280
55 10 1174
55 11 1096
55 12 455
55 13 402
55 14 1056
55 15 1048
55 16 1203
55 17 446
55 18 176
55 19 1264
55 20 1152
55 21 407
55 22 137
55 23 1456
55 24 1200
55 25 480
55 26 63
55 27 1148
55 28 1113
55 29 111
55 30 770
55 31 377
55 32 289
55 33 1238
55 34 359
55 35 351
55 36 1109
55 37 288
55 38 1129
55 39 1970
55 40 240
55 41 1081
55 42 1922
55 43 192
55 44 1033
55 45 1874
55 46 144
55 47 985
55 48 1826
55 49 96
55 50 937
55 51 1778
55 52 48
55 53 889
55 54 1730
55 55 0
55 56 841
55 57 1682
55 58 48
55 59 889
55 60 1730
55 61 96
55 62 937
55 63 1778
55 64 144
55 65 985
55 66 1826
55 67 192
55 68 1033
55 69 1874
55 70 240
55 71 1081
55 72 1922
55 73 408
56 0 1249
56 1 511
56 2 202
56 3 394
56 4 839
56 5 102
56 6 394
56 7 657
56 8 857
56 9 657
56 10 333
56 11 255
56 12 962
56 13 727
56 14 215
56 15 207
56 16 362
56 17 875
56 18 761
56 19 423
56 20 311
56 21 914
56 22 800
56 23 615
56 24 359
56 25 649
56 26 778
56 27 307
56 28 272
56 29 826
56 30 263
56 31 1040
56 32 744
56 33 397
56 34 866
56 35 1066
56 36 268
56 37 1129
56 38 288
56 39 1129
56 40 1081
56 41 240
56 42 1081
56 43 1033
56 44 192
56 45 1033
56 46 985
56 47 144
56 48 985
56 49 937
56 50 96
56 51 937
56 52 889
56 53 48
56 54 889
56 55 841
56 56 0
56 57 841
56 58 889
56 59 48
56 60 889
56 61 937
56 62 96
56 63 937
56 64 985
56 65 144
56 66 985
56 67 1033
56 68 192
56 69 1033
56 70 1081
56 71 240
56 72 1081
56 73 1249
57 0 2090
57 1 810
57 2 735
57 3 927
57 4 1680
57 5 739
57 6 927
57 7 1498
57 8 1698
57 9 1498
57 10 892
57 11 970
57 12 1803
57 13 1568
57 14 722
57 15 922
57 16 479
57 17 1716
57 18 1602
57 19 514
57 20 818
57 21 1755
57 22 1641
57 23 706
57 24 866
57 25 1490
57 26 1619
57 27 918
57 28 857
57 29 1667
57 30 1104
57 31 1881
57 32 1585
57 33 540
57 34 1707
57 35 1907
57 36 957
57 37 1970
57 38 1129
57 39 288
57 40 1922
57 41 1081
57 42 240
57 43 1874
57 44 1033
57 45 192
57 46 1826
57 47 985
57 48 144
57 49 1778
57 50 937
57 51 96
57 52 1730
57 53 889
57 54 48
57 55 1682
57 56 841
57 57 0
57 58 1730
57 59 889
57 60 48
57 61 1778
57 62 937
57 63 96
57 64 1826
57 65 985
57 66 144
57 67 1874
57 68 1033
57 69 192
57 70 1922
57 71 1081
57 72 240
57 73 2090
58 0 456
58 1 1304
58 2 995
58 3 1187
58 4 146
58 5 991
58 6 1283
58 7 232
58 8 224
58 9 232
58 10 1126
58 11 1048
58 12 503
58 13 450
58 14 1008
58 15 1000
58 16 1251
58 17 494
58 18 224
58 19 1312
58 20 1200
58 21 455
58 22 89
58 23 1504
58 24 1248
58 25 528
58 26 111
58 27 1100
58 28 1065
58 29 63
58 30 722
58 31 425
58 32 337
58 33 1286
58 34 407
58 35 399
58 36 1061
58 37 336
58 38 1177
58 39 2018
58 40 288
58 41 1129
58 42 1970
58 43 240
58 44 1081
58 45 1922
58 46 192
58 47 1033
58 48 1874
58 49 144
58 50 985
58 51 1826
58 52 96
58 53 937
58 54 1778
58 55 48
58 56 889
58 57 1730
58 58 0
58 59 841
58 60 1682
58 61 48
58 62 889
58 63 1730
58 64 96
58 65 937
58 66 1778
58 67 144
58 68 985
58 69 1826
58 70 192
58 71 1033
58 72 1874
58 73 456
59 0 1297
59 1 463
59 2 154
59 3 346
59 4 887
59 5 150
59 6 442
59 7 609
59 8 809
59 9 609
59 10 285
59 11 207
59 12 1010
59 13 775
59 14 167
59 15 159
59 16 410
59 17 923
59 18 809
59 19 471
59 20 359
59 21 962
59 22 752
59 23 663
59 24 407
59 25 697
59 26 826
59 27 259
59 28 224
59 29 778
59 30 215
59 31 1088
59 32 792
59 33 445
59 34 914
59 35 1114
59 36 220
59 37 1177
59 38 336
59 39 1177
59 40 1129
59 41 288
59 42 1129
59 43 1081
59 44 240
59 45 1081
59 46 1033
59 47 192
59 48 1033
59 49 985
59 50 144
59 51 985
59 52 937
59 53 96
59 54 937
59 55 889
59 56 48
59 57 889
59 58 841
59 59 0
59 60 841
59 61 889
59 62 48
59 63 889
59 64 937
59 65 96
59 66 937
59 67 985
59 68 144
59 69 985
59 70 1033
59 71 192
59 72 1033
59 73 1297
60 0 2138
60 1 762
60 2 687
60 3 879
60 4 1728
60 5 787
60 6 975
60 7 1450
60 8 1650
60 9 1450
60 10 844
60 11 922
60 12 1851
60 13 1616
60 14 674
60 15 874
60 16 527
60 17 1764
60 18 1650
60 19 562
60 20 866
60 21 1803
60 22 1593
60 23 754
60 24 914
60 25 1538
60 26 1667
60 27 870
60 28 809
60 29 1619
60 30 1056
60 31 1929
60 32 1633
60 33 588
60 34 1755
60 35 1955
60 36 909
60 37 2018
60 38 1177
60 39 336
60 40 1970
60 41 1129
60 42 288
60 43 1922
60 44 1081
60 45 240
60 46 1874
60 47 1033
60 48 192
60 49 1826
60 50 985
60 51 144
60 52 1778
60 53 937
60 54 96
60 55 1730
60 56 889
60 57 48
60 58 1682
60 59 841
60 60 0
60 61 1730
60 62 889
60 63 48
60 64 1778
60 65 937
60 66 96
60 67 1826
60 68 985
60 69 144
60 70 1874
60 71 1033
60 72 192
60 73 2138
61 0 504
61 1 1256
61 2 1043
61 3 1139
61 4 194
61 5 1039
61 6 1331
61 7 280
61 8 176
61 9 280
61 10 1078
61 11 1000
61 12 551
61 13 498
61 14 1056
61 15 952
61 16 1299
61 17 542
61 18 272
61 19 1360
61 20 1248
61 21 503
61 22 137
61 23 1552
61 24 1296
61 25 576
61 26 159
61 27 1052
61 28 1017
61 29 111
61 30 674
61 31 473
61 32 385
61 33 1334
61 34 455
61 35 447
61 36 1013
61 37 384
61 38 1225
61 39 2066
61 40 336
61 41 1177
61 42 2018
61 43 288
61 44 1129
61 45 1970
61 46 240
61 47 1081
61 48 1922
61 49 192
61 50 1033
61 51 1874
61 52 144
61 53 985
61 54 1826
61 55 96
61 56 937
61 57 1778
61 58 48
61 59 889
61 60 1730
61 61 0
61 62 841
61 63 1682
61 64 48
61 65 889
61 66 1730
61 67 96
61 68 937
61 69 1778
61 70 144
61 71 985
61 72 1826
61 73 504
62 0 1345
62 1 415
62 2 202
62 3 298
62 4 935
62 5 198
62 6 490
62 7 657
62 8 761
62 9 657
62 10 237
62 11 159
62 12 1058
62 13 823
62 14 215
62 15 111
62 16 458
62 17 971
62 18 857
62 19 519
62 20 407
62 21 1010
62 22 800
62 23 711
62 24 455
62 25 745
62 26 874
62 27 211
62 28 176
62 29 826
62 30 167
62 31 1136
62 32 840
62 33 493
62 34 962
62 35 1162
62 36 172
62 37 1225
62 38 384
62 39 1225
62 40 1177
62 41 336
62 42 1177
62 43 1129
62 44 288
62 45 1129
62 46 1081
62 47 240
62 48 1081
62 49 1033
62 50 192
62 51 1033
62 52 985
62 53 144
62 54 985
62 55 937
62 56 96
62 57 937
62 58 889
62 59 48
62 60 889
62 61 841
62 62 0
62 63 841
62 64 889
62 65 48
62 66 889
62 67 937
62 68 96
62 69 937
62 70 985
62 71 144
62 72 985
62 73 1345
63 0 2186
63 1 714
63 2 735
63 3 831
63 4 1776
63 5 835
63 6 1023
63 7 1498
63 8 1602
63 9 1498
63 10 796
63 11 874
63 12 1899
63 13 1664
63 14 722
63 15 826
63 16 575
63 17 1812
63 18 1698
63 19 610
63 20 914
63 21 1851
63 22 1641
63 23 802
63 24 962
63 25 1586
63 26 1715
63 27 822
63 28 761
63 29 1667
63 30 1008
63 31 1977
63 32 1681
63 33 636
63 34 1803
63 35 2003
63 36 861
63 37 2066
63 38 1225
63 39 384
63 40 2018
63 41 1177
63 42 336
63 43 1970
63 44 1129
63 45 288
63 46 1922
63 47 1081
63 48 240
63 49 1874
63 50 1033
63 51 192
63 52 1826
63 53 985
63 54 144
63 55 1778
63 56 937
63 57 96
63 58 1730
63 59 889
63 60 48
63 61 1682
63 62 841
63 63 0
63 64 1730
63 65 889
63 66 48
63 67 1778
63 68 937
63 69 96
63 70 1826
63 71 985
63 72 144
63 73 2186
64 0 552
64 1 1208
64 2 1091
64 3 1091
64 4 242
64 5 1087
64 6 1379
64 7 328
64 8 128
64 9 328
64 10 1030
64 11 952
64 12 599
64 13 546
64 14 1104
64 15 904
64 16 1347
64 17 590
64 18 320
64 19 1408
64 20 1296
64 21 551
64 22 185
64 23 1600
64 24 1344
64 25 624
64 26 207
64 27 1004
64 28 969
64 29 159
64 30 722
64 31 521
64 32 433
64 33 1382
64 34 503
64 35 495
64 36 965
64 37 432
64 38 1273
64 39 2114
64 40 384
64 41 1225
64 42 2066
64 43 336
64 44 1177
64 45 2018
64 46 288
64 47 1129
64 48 1970
64 49 240
64 50 1081
64 51 1922
64 52 192
64 53 1033
64 54 1874
64 55 144
64 56 985
64 57 1826
64 58 96
64 59 937
64 60 1778
64 61 48
64 62 889
64 63 1730
64 64 0
64 65 841
64 66 1682
64 67 48
64 68 889
64 69 1730
64 70 96
64 71 937
64 72 1778
64 73 552
65 0 1393
65 1 367
65 2 250
65 3 250
65 4 983
65 5 246
65 6 538
65 7 705
65 8 713
65 9 705
65 10 189
65 11 111
65 12 1106
65 13 871
65 14 263
65 15 63
65 16 506
65 17 1019
65 18 905
65 19 567
65 20 455
65 21 1058
65 22 848
65 23 759
65 24 503
65 25 793
65 26 922
65 27 163
65 28 128
65 29 874
65 30 215
65 31 1184
65 32 888
65 33 541
65 34 1010
65 35 1210
65 36 124
65 37 1273
65 38 432
65 39 1273
65 40 1225
65 41 384
65 42 1225
65 43 1177
65 44 336
65 45 1177
65 46 1129
65 47 288
65 48 1129
65 49 1081
65 50 240
65 51 1081
65 52 1033
65 53 192
65 54 1033
65 55 985
65 56 144
65 57 985
65 58 937
65 59 96
65 60 937
65 61 889
65 62 48
65 63 889
65 64 841
65 65 0
65 66 841
65 67 889
65 68 48
65 69 889
65 70 937
65 71 96
65 72 937
65 73 1393
66 0 2234
66 1 666
66 2 783
66 3 783
66 4 1824
66 5 883
66 6 1071
66 7 1546
66 8 1554
66 9 1546
66 10 748
66 11 826
66 12 1947
66 13 1712
66 14 770
66 15 778
66 16 623
66 17 1860
66 18 1746
66 19 658
66 20 962
66 21 1899
66 22 1689
66 23 850
66 24 1010
66 25 1634
66 26 1763
66 27 774
66 28 713
66 29 1715
66 30 1056
66 31 2025
66 32 1729
66 33 684
66 34 1851
66 35 2051
66 36 813
66 37 2114
66 38 1273
66 39 432
66 40 2066
66 41 1225
66 42 384
66 43 2018
66 44 1177
66 45 336
66 46 1970
66 47 1129
66 48 288
66 49 1922
66 50 1081
66 51 240
66 52 1874
66 53 1033
66 54 192
66 55 1826
66 56 985
66 57 144
66 58 1778
66 59 937
66 60 96
66 61 1730
66 62 889
66 63 48
66 64 1682
66 65 841
66 66 0
66 67 1730
66 68 889
66 69 48
66 70 1778
66 71 937
66 72 96
66 73 2234
67 0 600
67 1 1160
67 2 1139
67 3 1043
67 4 290
67 5 1135
67 6 1427
67 7 376
67 8 176
67 9 376
67 10 982
67 11 904
67 12 647
67 13 594
67 14 1152
67 15 952
67 16 1395
67 17 638
67 18 368
67 19 1456
67 20 1344
67 21 599
67 22 233
67 23 1648
67 24 1392
67 25 672
67 26 255
67 27 956
67 28 1017
67 29 207
67 30 770
67 31 569
67 32 481
67 33 1430
67 34 551
67 35 543
67 36 917
67 37 480
67 38 1321
67 39 2162
67 40 432
67 41 1273
67 42 2114
67 43 384
67 44 1225
67 45 2066
67 46 336
67 47 1177
67 48 2018
67 49 288
67 50 1129
67 51 1970
67 52 240
67 53 1081
67 54 1922
67 55 192
67 56 1033
67 57 1874
67 58 144
67 59 985
67 60 1826
67 61 96
67 62 937
67 63 1778
67 64 48
67 65 889
67 66 1730
67 67 0
67 68 841
67 69 1682
67 70 48
67 71 889
67 72 1730
67 73 600
68 0 1441
68 1 319
68 2 298
68 3 202
68 4 1031
68 5 294
68 6 586
68 7 753
68 8 761
68 9 753
68 10 141
68 11 63
68 12 1154
68 13 919
68 14 311
68 15 111
68 16 554
68 17 1067
68 18 953
68 19 615
68 20 503
68 21 1106
68 22 896
68 23 807
68 24 551
68 25 841
68 26 970
68 27 115
68 28 176
68 29 922
68 30 263
68 31 1232
68 32 936
68 33 589
68 34 1058
68 35 1258
68 36 76
68 37 1321
68 38 480
68 39 1321
68 40 1273
68 41 432
68 42 1273
68 43 1225
68 44 384
68 45 1225
68 46 1177
68 47 336
68 48 1177
68 49 1129
68 50 288
68 51 1129
68 52 1081
68 53 240
68 54 1081
68 55 1033
68 56 192
68 57 1033
68 58 985
68 59 144
68 60 985
68 61 937
68 62 96
68 63 937
68 64 889
68 65 48
68 66 889
68 67 841
68 68 0
68 69 841
68 70 889
68 71 48
68 72 889
68 73 1441
69 0 2282
69 1 618
69 2 831
69 3 735
69 4 1872
69 5 931
69 6 1119
69 7 1594
69 8 1602
69 9 1594
69 10 700
69 11 778
69 12 1995
69 13 1760
69 14 818
69 15 826
69 16 671
69 17 1908
69 18 1794
69 19 706
69 20 1010
69 21 1947
69 22 1737
69 23 898
69 24 1058
69 25 1682
69 26 1811
69 27 726
69 28 761
69 29 1763
69 30 1104
69 31 2073
69 32 1777
69 33 732
69 34 1899
69 35 2099
69 36 765
69 37 2162
69 38 1321
69 39 480
69 40 2114
69 41 1273
69 42 432
69 43 2066
69 44 1225
69 45 384
69 46 2018
69 47 1177
69 48 336
69 49 1970
69 50 1129
69 51 288
69 52 1922
69 53 1081
69 54 240
69 55 1874
69 56 1033
69 57 192
69 58 1826
69 59 985
69 60 144
69 61 1778
69 62 937
69 63 96
69 64 1730
69 65 889
69 66 48
69 67 1682
69 68 841
69 69 0
69 70 1730
69 71 889
69 72 48
69 73 2282
70 0 648
70 1 1112
70 2 1187
70 3 995
70 4 338
70 5 1183
70 6 1475
70 7 424
70 8 224
70 9 424
70 10 1030
70 11 952
70 12 695
70 13 642
70 14 1200
70 15 1000
70 16 1443
70 17 686
70 18 416
70 19 1504
70 20 1392
70 21 647
70 22 281
70 23 1696
70 24 1440
70 25 720
70 26 303
70 27 1004
70 28 1065
70 29 255
70 30 818
70 31 617
70 32 529
70 33 1478
70 34 599
70 35 591
70 36 965
70 37 528
70 38 1369
70 39 2210
70 40 480
70 41 1321
70 42 2162
70 43 432
70 44 1273
70 45 2114
70 46 384
70 47 1225
70 48 2066
70 49 336
70 50 1177
70 51 2018
70 52 288
70 53 1129
70 54 1970
70 55 240
70 56 1081
70 57 1922
70 58 192
70 59 1033
70 60 1874
70 61 144
70 62 985
70 63 1826
70 64 96
70 65 937
70 66 1778
70 67 48
70 68 889
70 69 1730
70 70 0
70 71 841
70 72 1682
70 73 648
71 0 1489
71 1 271
71 2 346
71 3 154
71 4 1079
71 5 342
71 6 634
71 7 801
71 8 809
71 9 801
71 10 189
71 11 111
71 12 1202
71 13 967
71 14 359
71 15 159
71 16 602
71 17 1115
71 18 1001
71 19 663
71 20 551
71 21 1154
71 22 944
71 23 855
71 24 599
71 25 889
71 26 1018
71 27 163
71 28 224
71 29 970
71 30 311
71 31 1280
71 32 984
71 33 637
71 34 1106
71 35 1306
71 36 124
71 37 1369
71 38 528
71 39 1369
71 40 1321
71 41 480
71 42 1321
71 43 1273
71 44 432
71 45 1273
71 46 1225
71 47 384
71 48 1225
71 49 1177
71 50 336
71 51 1177
71 52 1129
71 53 288
71 54 1129
71 55 1081
71 56 240
71 57 1081
71 58 1033
71 59 192
71 60 1033
71 61 985
71 62 144
71 63 985
71 64 937
71 65 96
71 66 937
71 67 889
71 68 48
71 69 889
71 70 841
71 71 0
71 72 841
71 73 1489
72 0 2330
72 1 570
72 2 879
72 3 687
72 4 1920
72 5 979
72 6 1167
72 7 1642
72 8 1650
72 9 1642
72 10 748
72 11 826
72 12 2043
72 13 1808
72 14 866
72 15 874
72 16 719
72 17 1956
72 18 1842
72 19 754
72 20 1058
72 21 1995
72 22 1785
72 23 946
72 24 1106
72 25 1730
72 26 1859
72 27 774
72 28 809
72 29 1811
72 30 1152
72 31 2121
72 32 1825
72 33 780
72 34 1947
72 35 2147
72 36 813
72 37 2210
72 38 1369
72 39 528
72 40 2162
72 41 1321
72 42 480
72 43 2114
72 44 1273
72 45 432
72 46 2066
72 47 1225
72 48 384
72 49 2018
72 50 1177
72 51 336
72 52 1970
72 53 1129
72 54 288
72 55 1922
72 56 1081
72 57 240
72 58 1874
72 59 1033
72 60 192
72 61 1826
72 62 985
72 63 144
72 64 1778
72 65 937
72 66 96
72 67 1730
72 68 889
72 69 48
72 70 1682
72 71 841
72 72 0
72 73 2330
73 0 0
73 1 1760
73 2 1451
73 3 1643
73 4 410
73 5 1351
73 6 1163
73 7 688
73 8 680
73 9 688
73 10 1582
73 11 1504
73 12 287
73 13 522
73 14 1464
73 15 1456
73 16 1611
73 17 374
73 18 488
73 19 1576
73 20 1272
73 21 335
73 22 545
73 23 1384
73 24 1224
73 25 600
73 26 471
73 27 1556
73 28 1521
73 29 519
73 30 1178
73 31 209
73 32 505
73 33 1550
73 34 383
73 35 183
73 36 1517
73 37 120
73 38 961
73 39 1802
73 40 168
73 41 1009
73 42 1850
73 43 216
73 44 1057
73 45 1898
73 46 264
73 47 1105
73 48 1946
73 49 312
73 50 1153
73 51 1994
73 52 360
73 53 1201
73 54 2042
73 55 408
73 56 1249
73 57 2090
73 58 456
73 59 1297
73 60 2138
73 61 504
73 62 1345
73 63 2186
73 64 552
73 65 1393
73 66 2234
73 67 600
73 68 1441
73 69 2282
73 70 648
73 71 1489
73 72 2330
73 73 0
//Location coordinates LocationName
//Loc x y
0 0.0 0.0 "depot"
1 528.0 1232.0 "product aisle 11 bloc 1 rank 38"
2 336.0 1115.0 "product aisle 7 bloc 1 rank 19"
3 528.0 1115.0 "product aisle 11 bloc 1 rank 19"
4 240.0 170.0 "product aisle 5 bloc 0 rank 4"
5 288.0 1063.0 "product aisle 6 bloc 1 rank 11"
6 48.0 1115.0 "product aisle 1 bloc 1 rank 20"
7 336.0 352.0 "product aisle 7 bloc 0 rank 31"
8 432.0 248.0 "product aisle 9 bloc 0 rank 15"
9 336.0 352.0 "product aisle 7 bloc 0 rank 32"
10 480.0 1102.0 "product aisle 10 bloc 1 rank 17"
11 480.0 1024.0 "product aisle 10 bloc 1 rank 6"
12 0.0 287.0 "product aisle 0 bloc 0 rank 21"
13 144.0 378.0 "product aisle 3 bloc 0 rank 36"
14 336.0 1128.0 "product aisle 7 bloc 1 rank 21"
15 432.0 1024.0 "product aisle 9 bloc 1 rank 5"
16 288.0 1323.0 "product aisle 6 bloc 1 rank 51"
17 48.0 326.0 "product aisle 1 bloc 0 rank 28"
18 240.0 248.0 "product aisle 5 bloc 0 rank 15"
19 240.0 1336.0 "product aisle 5 bloc 1 rank 54"
20 144.0 1128.0 "product aisle 3 bloc 1 rank 22"
21 48.0 287.0 "product aisle 1 bloc 0 rank 22"
22 336.0 209.0 "product aisle 7 bloc 0 rank 9"
23 48.0 1336.0 "product aisle 1 bloc 1 rank 54"
24 96.0 1128.0 "product aisle 2 bloc 1 rank 21"
25 144.0 456.0 "product aisle 3 bloc 0 rank 48"
26 288.0 183.0 "product aisle 6 bloc 0 rank 6"
27 480.0 1076.0 "product aisle 10 bloc 1 rank 13"
28 432.0 1089.0 "product aisle 9 bloc 1 rank 15"
29 336.0 183.0 "product aisle 7 bloc 0 rank 6"
30 384.0 794.0 "product aisle 8 bloc 0 rank 99"
31 0.0 209.0 "product aisle 0 bloc 0 rank 9"
32 192.0 313.0 "product aisle 4 bloc 0 rank 25"
33 240.0 1310.0 "product aisle 5 bloc 1 rank 49"
34 96.0 287.0 "product aisle 2 bloc 0 rank 22"
35 0.0 183.0 "product aisle 0 bloc 0 rank 6"
36 480.0 1037.0 "product aisle 10 bloc 1 rank 8"
37 24.0 120.0 "intersection aisle 0 bloc 0 rank 0"
38 24.0 961.0 "intersection aisle 0 bloc 1 rank 1"
39 24.0 1802.0 "intersection aisle 0 bloc 2 rank 2"
40 72.0 120.0 "intersection aisle 1 bloc 0 rank 0"
41 72.0 961.0 "intersection aisle 1 bloc 1 rank 1"
42 72.0 1802.0 "intersection aisle 1 bloc 2 rank 2"
43 120.0 120.0 "intersection aisle 2 bloc 0 rank 0"
44 120.0 961.0 "intersection aisle 2 bloc 1 rank 1"
45 120.0 1802.0 "intersection aisle 2 bloc 2 rank 2"
46 168.0 120.0 "intersection aisle 3 bloc 0 rank 0"
47 168.0 961.0 "intersection aisle 3 bloc 1 rank 1"
48 168.0 1802.0 "intersection aisle 3 bloc 2 rank 2"
49 216.0 120.0 "intersection aisle 4 bloc 0 rank 0"
50 216.0 961.0 "intersection aisle 4 bloc 1 rank 1"
51 216.0 1802.0 "intersection aisle 4 bloc 2 rank 2"
52 264.0 120.0 "intersection aisle 5 bloc 0 rank 0"
53 264.0 961.0 "intersection aisle 5 bloc 1 rank 1"
54 264.0 1802.0 "intersection aisle 5 bloc 2 rank 2"
55 312.0 120.0 "intersection aisle 6 bloc 0 rank 0"
56 312.0 961.0 "intersection aisle 6 bloc 1 rank 1"
57 312.0 1802.0 "intersection aisle 6 bloc 2 rank 2"
58 360.0 120.0 "intersection aisle 7 bloc 0 rank 0"
59 360.0 961.0 "intersection aisle 7 bloc 1 rank 1"
60 360.0 1802.0 "intersection aisle 7 bloc 2 rank 2"
61 408.0 120.0 "intersection aisle 8 bloc 0 rank 0"
62 408.0 961.0 "intersection aisle 8 bloc 1 rank 1"
63 408.0 1802.0 "intersection aisle 8 bloc 2 rank 2"
64 456.0 120.0 "intersection aisle 9 bloc 0 rank 0"
65 456.0 961.0 "intersection aisle 9 bloc 1 rank 1"
66 456.0 1802.0 "intersection aisle 9 bloc 2 rank 2"
67 504.0 120.0 "intersection aisle 10 bloc 0 rank 0"
68 504.0 961.0 "intersection aisle 10 bloc 1 rank 1"
69 504.0 1802.0 "intersection aisle 10 bloc 2 rank 2"
70 552.0 120.0 "intersection aisle 11 bloc 0 rank 0"
71 552.0 961.0 "intersection aisle 11 bloc 1 rank 1"
72 552.0 1802.0 "intersection aisle 11 bloc 2 rank 2"
73 0.0 0.0 "depot"
