//alpha
1
//NbLocations
73
//NbProducts
18
//NbPickers
2
//CapaPicker
4
//TimeToTravelOneDistanceUnit
3
//SetupTime
5400
//PickTime
300
//Products
//Idx Location Size
1 1 1
2 2 1
3 3 1
4 4 1
5 5 1
6 6 1
7 7 1
8 8 1
9 9 1
10 10 1
11 11 1
12 12 1
13 13 1
14 14 1
15 15 1
16 16 1
17 17 1
18 18 1
//Orders
//NbOrders
6
//Idx DueDate TardinessPenalty NbProdInOrder ProdIdx1 Qty1 ProdIdx2 Qty2 ...
1 36000 0 4 1 1 2 1 3 1 4 1
2 54000 0 4 5 1 6 1 7 1 8 1
3 54000 0 1 9 1
4 108000 0 4 10 1 11 1 12 1 13 1
5 108000 0 4 14 1 15 1 16 1 17 1
6 90000 0 1 18 1
//Graph (Products are vertices indexed from 1 to NbProducts)
//NbVerticesIntersections
54
//DepartingDepot
0
//ArrivalDepot
73
//Arcs
//Start End Distance
0 19 120
1 19 895
1 20 336
2 3 468
2 26 37
3 2 468
3 27 726
4 44 76
4 45 1155
5 8 182
5 20 336
6 16 143
6 23 258
7 17 13
7 26 973
8 5 182
8 9 104
9 8 104
9 21 609
10 35 479
10 36 752
11 38 284
11 39 947
12 14 169
12 24 440
13 67 154
13 68 1077
14 12 169
14 16 221
15 53 284
15 54 947
16 6 143
16 14 221
17 7 13
17 25 245
18 28 713
18 29 518
19 1 895
19 22 48
19 73 120
20 1 336
20 5 336
20 23 48
21 9 609
21 24 48
22 19 48
22 23 1231
22 25 48
23 6 258
23 20 48
23 22 1231
23 26 48
24 12 440
24 21 48
24 27 48
25 17 245
25 22 48
25 28 48
26 2 37
26 7 973
26 23 48
26 29 48
27 3 726
27 24 48
27 30 48
28 18 713
28 25 48
28 31 48
29 18 518
29 26 48
29 30 1231
29 32 48
30 27 48
30 29 1231
30 33 48
31 28 48
31 32 1231
31 34 48
32 29 48
32 31 1231
32 33 1231
32 35 48
33 30 48
33 32 1231
33 36 48
34 31 48
34 35 1231
34 37 48
35 10 479
35 32 48
35 34 1231
35 38 48
36 10 752
36 33 48
36 39 48
37 34 48
37 38 1231
37 40 48
38 11 284
38 35 48
38 37 1231
38 41 48
39 11 947
39 36 48
39 42 48
40 37 48
40 41 1231
40 43 48
41 38 48
41 40 1231
41 42 1231
41 44 48
42 39 48
42 41 1231
42 45 48
43 40 48
43 44 1231
43 46 48
44 4 76
44 41 48
44 43 1231
44 47 48
45 4 1155
45 42 48
45 48 48
46 43 48
46 47 1231
46 49 48
47 44 48
47 46 1231
47 48 1231
47 50 48
48 45 48
48 47 1231
48 51 48
49 46 48
49 50 1231
49 52 48
50 47 48
50 49 1231
50 51 1231
50 53 48
51 48 48
51 50 1231
51 54 48
52 49 48
52 53 1231
52 55 48
53 15 284
53 50 48
53 52 1231
53 56 48
54 15 947
54 51 48
54 57 48
55 52 48
55 56 1231
55 58 48
56 53 48
56 55 1231
56 57 1231
56 59 48
57 54 48
57 56 1231
57 60 48
58 55 48
58 59 1231
58 61 48
59 56 48
59 58 1231
59 60 1231
59 62 48
60 57 48
60 59 1231
60 63 48
61 58 48
61 62 1231
61 64 48
62 59 48
62 61 1231
62 63 1231
62 65 48
63 60 48
63 62 1231
63 66 48
64 61 48
64 65 1231
64 67 48
65 62 48
65 64 1231
65 66 1231
65 68 48
66 63 48
66 65 1231
66 69 48
67 13 154
67 64 48
67 70 48
68 13 1077
68 65 48
68 69 1231
68 71 48
69 66 48
69 68 1231
69 72 48
70 67 48
70 71 1231
71 68 48
71 70 1231
71 72 1231
72 69 48
72 71 1231
//LocStart LocEnd ShortestPath
0 0 0
0 1 1015
0 2 1484
0 3 1952
0 4 1811
0 5 1687
0 6 1657
0 7 474
0 8 1869
0 9 1973
0 10 2070
0 11 1923
0 12 2190
0 13 1042
0 14 2021
0 15 2163
0 16 1800
0 17 461
0 18 977
0 19 120
0 20 1351
0 21 2582
0 22 168
0 23 1399
0 24 2630
0 25 216
0 26 1447
0 27 2678
0 28 264
0 29 1495
0 30 2726
0 31 312
0 32 1543
0 33 2774
0 34 360
0 35 1591
0 36 2822
0 37 408
0 38 1639
0 39 2870
0 40 456
0 41 1687
0 42 2918
0 43 504
0 44 1735
0 45 2966
0 46 552
0 47 1783
0 48 3014
0 49 600
0 50 1831
0 51 3062
0 52 648
0 53 1879
0 54 3110
0 55 696
0 56 1927
0 57 3158
0 58 744
0 59 1975
0 60 3206
0 61 792
0 62 2023
0 63 3254
0 64 840
0 65 2071
0 66 3302
0 67 888
0 68 2119
0 69 3350
0 70 936
0 71 2167
0 72 3398
0 73 0
1 0 1015
1 1 0
1 2 469
1 3 937
1 4 796
1 5 672
1 6 642
1 7 1249
1 8 854
1 9 958
1 10 1055
1 11 908
1 12 1175
1 13 1817
1 14 1006
1 15 1148
1 16 785
1 17 1236
1 18 998
1 19 895
1 20 336
1 21 1567
1 22 943
1 23 384
1 24 1615
1 25 991
1 26 432
1 27 1663
1 28 1039
1 29 480
1 30 1711
1 31 1087
1 32 528
1 33 1759
1 34 1135
1 35 576
1 36 1807
1 37 1183
1 38 624
1 39 1855
1 40 1231
1 41 672
1 42 1903
1 43 1279
1 44 720
1 45 1951
1 46 1327
1 47 768
1 48 1999
1 49 1375
1 50 816
1 51 2047
1 52 1423
1 53 864
1 54 2095
1 55 1471
1 56 912
1 57 2143
1 58 1519
1 59 960
1 60 2191
1 61 1567
1 62 1008
1 63 2239
1 64 1615
1 65 1056
1 66 2287
1 67 1663
1 68 1104
1 69 2335
1 70 1711
1 71 1152
1 72 2383
1 73 1015
2 0 1484
2 1 469
2 2 0
2 3 468
2 4 401
2 5 469
2 6 343
2 7 1010
2 8 651
2 9 755
2 10 660
2 11 513
2 12 876
2 13 1786
2 14 707
2 15 753
2 16 486
2 17 1023
2 18 603
2 19 1364
2 20 133
2 21 1290
2 22 1316
2 23 85
2 24 1242
2 25 1268
2 26 37
2 27 1194
2 28 1316
2 29 85
2 30 1242
2 31 1364
2 32 133
2 33 1290
2 34 1412
2 35 181
2 36 1338
2 37 1460
2 38 229
2 39 1386
2 40 1508
2 41 277
2 42 1434
2 43 1556
2 44 325
2 45 1482
2 46 1604
2 47 373
2 48 1530
2 49 1652
2 50 421
2 51 1578
2 52 1700
2 53 469
2 54 1626
2 55 1748
2 56 517
2 57 1674
2 58 1796
2 59 565
2 60 1722
2 61 1844
2 62 613
2 63 1770
2 64 1892
2 65 661
2 66 1818
2 67 1940
2 68 709
2 69 1866
2 70 1988
2 71 757
2 72 1914
2 73 1484
3 0 1952
3 1 937
3 2 468
3 3 0
3 4 869
3 5 937
3 6 811
3 7 1478
3 8 1119
3 9 1223
3 10 1128
3 11 981
3 12 1214
3 13 2254
3 14 1175
3 15 1221
3 16 954
3 17 1491
3 18 1071
3 19 1832
3 20 601
3 21 822
3 22 1784
3 23 553
3 24 774
3 25 1736
3 26 505
3 27 726
3 28 1784
3 29 553
3 30 774
3 31 1832
3 32 601
3 33 822
3 34 1880
3 35 649
3 36 870
3 37 1928
3 38 697
3 39 918
3 40 1976
3 41 745
3 42 966
3 43 2024
3 44 793
3 45 1014
3 46 2072
3 47 841
3 48 1062
3 49 2120
3 50 889
3 51 1110
3 52 2168
3 53 937
3 54 1158
3 55 2216
3 56 985
3 57 1206
3 58 2264
3 59 1033
3 60 1254
3 61 2312
3 62 1081
3 63 1302
3 64 2360
3 65 1129
3 66 1350
3 67 2408
3 68 1177
3 69 1398
3 70 2456
3 71 1225
3 72 1446
3 73 1952
4 0 1811
4 1 796
4 2 401
4 3 869
4 4 0
4 5 796
4 6 670
4 7 1337
4 8 978
4 9 1082
4 10 699
4 11 456
4 12 1203
4 13 1537
4 14 1034
4 15 504
4 16 813
4 17 1350
4 18 834
4 19 1691
4 20 460
4 21 1539
4 22 1643
4 23 412
4 24 1491
4 25 1595
4 26 364
4 27 1443
4 28 1547
4 29 316
4 30 1395
4 31 1499
4 32 268
4 33 1347
4 34 1451
4 35 220
4 36 1299
4 37 1403
4 38 172
4 39 1251
4 40 1355
4 41 124
4 42 1203
4 43 1307
4 44 76
4 45 1155
4 46 1355
4 47 124
4 48 1203
4 49 1403
4 50 172
4 51 1251
4 52 1451
4 53 220
4 54 1299
4 55 1499
4 56 268
4 57 1347
4 58 1547
4 59 316
4 60 1395
4 61 1595
4 62 364
4 63 1443
4 64 1643
4 65 412
4 66 1491
4 67 1691
4 68 460
4 69 1539
4 70 1739
4 71 508
4 72 1587
4 73 1811
5 0 1687
5 1 672
5 2 469
5 3 937
5 4 796
5 5 0
5 6 642
5 7 1405
5 8 182
5 9 286
5 10 1055
5 11 908
5 12 1175
5 13 2181
5 14 1006
5 15 1148
5 16 785
5 17 1418
5 18 998
5 19 1567
5 20 336
5 21 895
5 22 1615
5 23 384
5 24 943
5 25 1663
5 26 432
5 27 991
5 28 1711
5 29 480
5 30 1039
5 31 1759
5 32 528
5 33 1087
5 34 1807
5 35 576
5 36 1135
5 37 1855
5 38 624
5 39 1183
5 40 1903
5 41 672
5 42 1231
5 43 1951
5 44 720
5 45 1279
5 46 1999
5 47 768
5 48 1327
5 49 2047
5 50 816
5 51 1375
5 52 2095
5 53 864
5 54 1423
5 55 2143
5 56 912
5 57 1471
5 58 2191
5 59 960
5 60 1519
5 61 2239
5 62 1008
5 63 1567
5 64 2287
5 65 1056
5 66 1615
5 67 2335
5 68 1104
5 69 1663
5 70 2383
5 71 1152
5 72 1711
5 73 1687
6 0 1657
6 1 642
6 2 343
6 3 811
6 4 670
6 5 642
6 6 0
6 7 1279
6 8 824
6 9 928
6 10 929
6 11 782
6 12 533
6 13 2055
6 14 364
6 15 1022
6 16 143
6 17 1292
6 18 872
6 19 1537
6 20 306
6 21 1021
6 22 1489
6 23 258
6 24 973
6 25 1537
6 26 306
6 27 1021
6 28 1585
6 29 354
6 30 1069
6 31 1633
6 32 402
6 33 1117
6 34 1681
6 35 450
6 36 1165
6 37 1729
6 38 498
6 39 1213
6 40 1777
6 41 546
6 42 1261
6 43 1825
6 44 594
6 45 1309
6 46 1873
6 47 642
6 48 1357
6 49 1921
6 50 690
6 51 1405
6 52 1969
6 53 738
6 54 1453
6 55 2017
6 56 786
6 57 1501
6 58 2065
6 59 834
6 60 1549
6 61 2113
6 62 882
6 63 1597
6 64 2161
6 65 930
6 66 1645
6 67 2209
6 68 978
6 69 1693
6 70 2257
6 71 1026
6 72 1741
6 73 1657
7 0 474
7 1 1249
7 2 1010
7 3 1478
7 4 1337
7 5 1405
7 6 1279
7 7 0
7 8 1587
7 9 1691
7 10 1596
7 11 1449
7 12 1812
7 13 1084
7 14 1643
7 15 1689
7 16 1422
7 17 13
7 18 1019
7 19 354
7 20 1069
7 21 2300
7 22 306
7 23 1021
7 24 2252
7 25 258
7 26 973
7 27 2204
7 28 306
7 29 1021
7 30 2252
7 31 354
7 32 1069
7 33 2300
7 34 402
7 35 1117
7 36 2348
7 37 450
7 38 1165
7 39 2396
7 40 498
7 41 1213
7 42 2444
7 43 546
7 44 1261
7 45 2492
7 46 594
7 47 1309
7 48 2540
7 49 642
7 50 1357
7 51 2588
7 52 690
7 53 1405
7 54 2636
7 55 738
7 56 1453
7 57 2684
7 58 786
7 59 1501
7 60 2732
7 61 834
7 62 1549
7 63 2780
7 64 882
7 65 1597
7 66 2828
7 67 930
7 68 1645
7 69 2876
7 70 978
7 71 1693
7 72 2924
7 73 474
8 0 1869
8 1 854
8 2 651
8 3 1119
8 4 978
8 5 182
8 6 824
8 7 1587
8 8 0
8 9 104
8 10 1237
8 11 1090
8 12 1201
8 13 2363
8 14 1188
8 15 1330
8 16 967
8 17 1600
8 18 1180
8 19 1749
8 20 518
8 21 713
8 22 1797
8 23 566
8 24 761
8 25 1845
8 26 614
8 27 809
8 28 1893
8 29 662
8 30 857
8 31 1941
8 32 710
8 33 905
8 34 1989
8 35 758
8 36 953
8 37 2037
8 38 806
8 39 1001
8 40 2085
8 41 854
8 42 1049
8 43 2133
8 44 902
8 45 1097
8 46 2181
8 47 950
8 48 1145
8 49 2229
8 50 998
8 51 1193
8 52 2277
8 53 1046
8 54 1241
8 55 2325
8 56 1094
8 57 1289
8 58 2373
8 59 1142
8 60 1337
8 61 2421
8 62 1190
8 63 1385
8 64 2469
8 65 1238
8 66 1433
8 67 2517
8 68 1286
8 69 1481
8 70 2565
8 71 1334
8 72 1529
8 73 1869
9 0 1973
9 1 958
9 2 755
9 3 1223
9 4 1082
9 5 286
9 6 928
9 7 1691
9 8 104
9 9 0
9 10 1341
9 11 1194
9 12 1097
9 13 2467
9 14 1266
9 15 1434
9 16 1071
9 17 1704
9 18 1284
9 19 1853
9 20 622
9 21 609
9 22 1901
9 23 670
9 24 657
9 25 1949
9 26 718
9 27 705
9 28 1997
9 29 766
9 30 753
9 31 2045
9 32 814
9 33 801
9 34 2093
9 35 862
9 36 849
9 37 2141
9 38 910
9 39 897
9 40 2189
9 41 958
9 42 945
9 43 2237
9 44 1006
9 45 993
9 46 2285
9 47 1054
9 48 1041
9 49 2333
9 50 1102
9 51 1089
9 52 2381
9 53 1150
9 54 1137
9 55 2429
9 56 1198
9 57 1185
9 58 2477
9 59 1246
9 60 1233
9 61 2525
9 62 1294
9 63 1281
9 64 2573
9 65 1342
9 66 1329
9 67 2621
9 68 1390
9 69 1377
9 70 2669
9 71 1438
9 72 1425
9 73 1973
10 0 2070
10 1 1055
10 2 660
10 3 1128
10 4 699
10 5 1055
10 6 929
10 7 1596
10 8 1237
10 9 1341
10 10 0
10 11 811
10 12 1384
10 13 2084
10 14 1293
10 15 1051
10 16 1072
10 17 1609
10 18 1093
10 19 1950
10 20 719
10 21 992
10 22 1902
10 23 671
10 24 944
10 25 1854
10 26 623
10 27 896
10 28 1806
10 29 575
10 30 848
10 31 1758
10 32 527
10 33 800
10 34 1710
10 35 479
10 36 752
10 37 1758
10 38 527
10 39 800
10 40 1806
10 41 575
10 42 848
10 43 1854
10 44 623
10 45 896
10 46 1902
10 47 671
10 48 944
10 49 1950
10 50 719
10 51 992
10 52 1998
10 53 767
10 54 1040
10 55 2046
10 56 815
10 57 1088
10 58 2094
10 59 863
10 60 1136
10 61 2142
10 62 911
10 63 1184
10 64 2190
10 65 959
10 66 1232
10 67 2238
10 68 1007
10 69 1280
10 70 2286
10 71 1055
10 72 1328
10 73 2070
11 0 1923
11 1 908
11 2 513
11 3 981
11 4 456
11 5 908
11 6 782
11 7 1449
11 8 1090
11 9 1194
11 10 811
11 11 0
11 12 1315
11 13 1841
11 14 1146
11 15 808
11 16 925
11 17 1462
11 18 946
11 19 1803
11 20 572
11 21 1235
11 22 1755
11 23 524
11 24 1187
11 25 1707
11 26 476
11 27 1139
11 28 1659
11 29 428
11 30 1091
11 31 1611
11 32 380
11 33 1043
11 34 1563
11 35 332
11 36 995
11 37 1515
11 38 284
11 39 947
11 40 1563
11 41 332
11 42 995
11 43 1611
11 44 380
11 45 1043
11 46 1659
11 47 428
11 48 1091
11 49 1707
11 50 476
11 51 1139
11 52 1755
11 53 524
11 54 1187
11 55 1803
11 56 572
11 57 1235
11 58 1851
11 59 620
11 60 1283
11 61 1899
11 62 668
11 63 1331
11 64 1947
11 65 716
11 66 1379
11 67 1995
11 68 764
11 69 1427
11 70 2043
11 71 812
11 72 1475
11 73 1923
12 0 2190
12 1 1175
12 2 876
12 3 1214
12 4 1203
12 5 1175
12 6 533
12 7 1812
12 8 1201
12 9 1097
12 10 1384
12 11 1315
12 12 0
12 13 2588
12 14 169
12 15 1555
12 16 390
12 17 1825
12 18 1405
12 19 2070
12 20 839
12 21 488
12 22 2022
12 23 791
12 24 440
12 25 2070
12 26 839
12 27 488
12 28 2118
12 29 887
12 30 536
12 31 2166
12 32 935
12 33 584
12 34 2214
12 35 983
12 36 632
12 37 2262
12 38 1031
12 39 680
12 40 2310
12 41 1079
12 42 728
12 43 2358
12 44 1127
12 45 776
12 46 2406
12 47 1175
12 48 824
12 49 2454
12 50 1223
12 51 872
12 52 2502
12 53 1271
12 54 920
12 55 2550
12 56 1319
12 57 968
12 58 2598
12 59 1367
12 60 1016
12 61 2646
12 62 1415
12 63 1064
12 64 2694
12 65 1463
12 66 1112
12 67 2742
12 68 1511
12 69 1160
12 70 2790
12 71 1559
12 72 1208
12 73 2190
13 0 1042
13 1 1817
13 2 1786
13 3 2254
13 4 1537
13 5 2181
13 6 2055
13 7 1084
13 8 2363
13 9 2467
13 10 2084
13 11 1841
13 12 2588
13 13 0
13 14 2419
13 15 1601
13 16 2198
13 17 1071
13 18 1491
13 19 922
13 20 1845
13 21 3076
13 22 874
13 23 1797
13 24 3028
13 25 826
13 26 1749
13 27 2980
13 28 778
13 29 1701
13 30 2932
13 31 730
13 32 1653
13 33 2884
13 34 682
13 35 1605
13 36 2836
13 37 634
13 38 1557
13 39 2788
13 40 586
13 41 1509
13 42 2740
13 43 538
13 44 1461
13 45 2692
13 46 490
13 47 1413
13 48 2644
13 49 442
13 50 1365
13 51 2596
13 52 394
13 53 1317
13 54 2548
13 55 346
13 56 1269
13 57 2500
13 58 298
13 59 1221
13 60 2452
13 61 250
13 62 1173
13 63 2404
13 64 202
13 65 1125
13 66 2356
13 67 154
13 68 1077
13 69 2308
13 70 202
13 71 1125
13 72 2356
13 73 1042
14 0 2021
14 1 1006
14 2 707
14 3 1175
14 4 1034
14 5 1006
14 6 364
14 7 1643
14 8 1188
14 9 1266
14 10 1293
14 11 1146
14 12 169
14 13 2419
14 14 0
14 15 1386
14 16 221
14 17 1656
14 18 1236
14 19 1901
14 20 670
14 21 657
14 22 1853
14 23 622
14 24 609
14 25 1901
14 26 670
14 27 657
14 28 1949
14 29 718
14 30 705
14 31 1997
14 32 766
14 33 753
14 34 2045
14 35 814
14 36 801
14 37 2093
14 38 862
14 39 849
14 40 2141
14 41 910
14 42 897
14 43 2189
14 44 958
14 45 945
14 46 2237
14 47 1006
14 48 993
14 49 2285
14 50 1054
14 51 1041
14 52 2333
14 53 1102
14 54 1089
14 55 2381
14 56 1150
14 57 1137
14 58 2429
14 59 1198
14 60 1185
14 61 2477
14 62 1246
14 63 1233
14 64 2525
14 65 1294
14 66 1281
14 67 2573
14 68 1342
14 69 1329
14 70 2621
14 71 1390
14 72 1377
14 73 2021
15 0 2163
15 1 1148
15 2 753
15 3 1221
15 4 504
15 5 1148
15 6 1022
15 7 1689
15 8 1330
15 9 1434
15 10 1051
15 11 808
15 12 1555
15 13 1601
15 14 1386
15 15 0
15 16 1165
15 17 1702
15 18 1186
15 19 2043
15 20 812
15 21 1475
15 22 1995
15 23 764
15 24 1427
15 25 1947
15 26 716
15 27 1379
15 28 1899
15 29 668
15 30 1331
15 31 1851
15 32 620
15 33 1283
15 34 1803
15 35 572
15 36 1235
15 37 1755
15 38 524
15 39 1187
15 40 1707
15 41 476
15 42 1139
15 43 1659
15 44 428
15 45 1091
15 46 1611
15 47 380
15 48 1043
15 49 1563
15 50 332
15 51 995
15 52 1515
15 53 284
15 54 947
15 55 1563
15 56 332
15 57 995
15 58 1611
15 59 380
15 60 1043
15 61 1659
15 62 428
15 63 1091
15 64 1707
15 65 476
15 66 1139
15 67 1755
15 68 524
15 69 1187
15 70 1803
15 71 572
15 72 1235
15 73 2163
16 0 1800
16 1 785
16 2 486
16 3 954
16 4 813
16 5 785
16 6 143
16 7 1422
16 8 967
16 9 1071
16 10 1072
16 11 925
16 12 390
16 13 2198
16 14 221
16 15 1165
16 16 0
16 17 1435
16 18 1015
16 19 1680
16 20 449
16 21 878
16 22 1632
16 23 401
16 24 830
16 25 1680
16 26 449
16 27 878
16 28 1728
16 29 497
16 30 926
16 31 1776
16 32 545
16 33 974
16 34 1824
16 35 593
16 36 1022
16 37 1872
16 38 641
16 39 1070
16 40 1920
16 41 689
16 42 1118
16 43 1968
16 44 737
16 45 1166
16 46 2016
16 47 785
16 48 1214
16 49 2064
16 50 833
16 51 1262
16 52 2112
16 53 881
16 54 1310
16 55 2160
16 56 929
16 57 1358
16 58 2208
16 59 977
16 60 1406
16 61 2256
16 62 1025
16 63 1454
16 64 2304
16 65 1073
16 66 1502
16 67 2352
16 68 1121
16 69 1550
16 70 2400
16 71 1169
16 72 1598
16 73 1800
17 0 461
17 1 1236
17 2 1023
17 3 1491
17 4 1350
17 5 1418
17 6 1292
17 7 13
17 8 1600
17 9 1704
17 10 1609
17 11 1462
17 12 1825
17 13 1071
17 14 1656
17 15 1702
17 16 1435
17 17 0
17 18 1006
17 19 341
17 20 1082
17 21 2313
17 22 293
17 23 1034
17 24 2265
17 25 245
17 26 986
17 27 2217
17 28 293
17 29 1034
17 30 2265
17 31 341
17 32 1082
17 33 2313
17 34 389
17 35 1130
17 36 2361
17 37 437
17 38 1178
17 39 2409
17 40 485
17 41 1226
17 42 2457
17 43 533
17 44 1274
17 45 2505
17 46 581
17 47 1322
17 48 2553
17 49 629
17 50 1370
17 51 2601
17 52 677
17 53 1418
17 54 2649
17 55 725
17 56 1466
17 57 2697
17 58 773
17 59 1514
17 60 2745
17 61 821
17 62 1562
17 63 2793
17 64 869
17 65 1610
17 66 2841
17 67 917
17 68 1658
17 69 2889
17 70 965
17 71 1706
17 72 2937
17 73 461
18 0 977
18 1 998
18 2 603
18 3 1071
18 4 834
18 5 998
18 6 872
18 7 1019
18 8 1180
18 9 1284
18 10 1093
18 11 946
18 12 1405
18 13 1491
18 14 1236
18 15 1186
18 16 1015
18 17 1006
18 18 0
18 19 857
18 20 662
18 21 1893
18 22 809
18 23 614
18 24 1845
18 25 761
18 26 566
18 27 1797
18 28 713
18 29 518
18 30 1749
18 31 761
18 32 566
18 33 1797
18 34 809
18 35 614
18 36 1845
18 37 857
18 38 662
18 39 1893
18 40 905
18 41 710
18 42 1941
18 43 953
18 44 758
18 45 1989
18 46 1001
18 47 806
18 48 2037
18 49 1049
18 50 854
18 51 2085
18 52 1097
18 53 902
18 54 2133
18 55 1145
18 56 950
18 57 2181
18 58 1193
18 59 998
18 60 2229
18 61 1241
18 62 1046
18 63 2277
18 64 1289
18 65 1094
18 66 2325
18 67 1337
18 68 1142
18 69 2373
18 70 1385
18 71 1190
18 72 2421
18 73 977
19 0 120
19 1 895
19 2 1364
19 3 1832
19 4 1691
19 5 1567
19 6 1537
19 7 354
19 8 1749
19 9 1853
19 10 1950
19 11 1803
19 12 2070
19 13 922
19 14 1901
19 15 2043
19 16 1680
19 17 341
19 18 857
19 19 0
19 20 1231
19 21 2462
19 22 48
19 23 1279
19 24 2510
19 25 96
19 26 1327
19 27 2558
19 28 144
19 29 1375
19 30 2606
19 31 192
19 32 1423
19 33 2654
19 34 240
19 35 1471
19 36 2702
19 37 288
19 38 1519
19 39 2750
19 40 336
19 41 1567
19 42 2798
19 43 384
19 44 1615
19 45 2846
19 46 432
19 47 1663
19 48 2894
19 49 480
19 50 1711
19 51 2942
19 52 528
19 53 1759
19 54 2990
19 55 576
19 56 1807
19 57 3038
19 58 624
19 59 1855
19 60 3086
19 61 672
19 62 1903
19 63 3134
19 64 720
19 65 1951
19 66 3182
19 67 768
19 68 1999
19 69 3230
19 70 816
19 71 2047
19 72 3278
19 73 120
20 0 1351
20 1 336
20 2 133
20 3 601
20 4 460
20 5 336
20 6 306
20 7 1069
20 8 518
20 9 622
20 10 719
20 11 572
20 12 839
20 13 1845
20 14 670
20 15 812
20 16 449
20 17 1082
20 18 662
20 19 1231
20 20 0
20 21 1231
20 22 1279
20 23 48
20 24 1279
20 25 1327
20 26 96
20 27 1327
20 28 1375
20 29 144
20 30 1375
20 31 1423
20 32 192
20 33 1423
20 34 1471
20 35 240
20 36 1471
20 37 1519
20 38 288
20 39 1519
20 40 1567
20 41 336
20 42 1567
20 43 1615
20 44 384
20 45 1615
20 46 1663
20 47 432
20 48 1663
20 49 1711
20 50 480
20 51 1711
20 52 1759
20 53 528
20 54 1759
20 55 1807
20 56 576
20 57 1807
20 58 1855
20 59 624
20 60 1855
20 61 1903
20 62 672
20 63 1903
20 64 1951
20 65 720
20 66 1951
20 67 1999
20 68 768
20 69 1999
20 70 2047
20 71 816
20 72 2047
20 73 1351
21 0 2582
21 1 1567
21 2 1290
21 3 822
21 4 1539
21 5 895
21 6 1021
21 7 2300
21 8 713
21 9 609
21 10 992
21 11 1235
21 12 488
21 13 3076
21 14 657
21 15 1475
21 16 878
21 17 2313
21 18 1893
21 19 2462
21 20 1231
21 21 0
21 22 2510
21 23 1279
21 24 48
21 25 2558
21 26 1327
21 27 96
21 28 2606
21 29 1375
21 30 144
21 31 2654
21 32 1423
21 33 192
21 34 2702
21 35 1471
21 36 240
21 37 2750
21 38 1519
21 39 288
21 40 2798
21 41 1567
21 42 336
21 43 2846
21 44 1615
21 45 384
21 46 2894
21 47 1663
21 48 432
21 49 2942
21 50 1711
21 51 480
21 52 2990
21 53 1759
21 54 528
21 55 3038
21 56 1807
21 57 576
21 58 3086
21 59 1855
21 60 624
21 61 3134
21 62 1903
21 63 672
21 64 3182
21 65 1951
21 66 720
21 67 3230
21 68 1999
21 69 768
21 70 3278
21 71 2047
21 72 816
21 73 2582
22 0 168
22 1 943
22 2 1316
22 3 1784
22 4 1643
22 5 1615
22 6 1489
22 7 306
22 8 1797
22 9 1901
22 10 1902
22 11 1755
22 12 2022
22 13 874
22 14 1853
22 15 1995
22 16 1632
22 17 293
22 18 809
22 19 48
22 20 1279
22 21 2510
22 22 0
22 23 1231
22 24 2462
22 25 48
22 26 1279
22 27 2510
22 28 96
22 29 1327
22 30 2558
22 31 144
22 32 1375
22 33 2606
22 34 192
22 35 1423
22 36 2654
22 37 240
22 38 1471
22 39 2702
22 40 288
22 41 1519
22 42 2750
22 43 336
22 44 1567
22 45 2798
22 46 384
22 47 1615
22 48 2846
22 49 432
22 50 1663
22 51 2894
22 52 480
22 53 1711
22 54 2942
22 55 528
22 56 1759
22 57 2990
22 58 576
22 59 1807
22 60 3038
22 61 624
22 62 1855
22 63 3086
22 64 672
22 65 1903
22 66 3134
22 67 720
22 68 1951
22 69 3182
22 70 768
22 71 1999
22 72 3230
22 73 168
23 0 1399
23 1 384
23 2 85
23 3 553
23 4 412
23 5 384
23 6 258
23 7 1021
23 8 566
23 9 670
23 10 671
23 11 524
23 12 791
23 13 1797
23 14 622
23 15 764
23 16 401
23 17 1034
23 18 614
23 19 1279
23 20 48
23 21 1279
23 22 1231
23 23 0
23 24 1231
23 25 1279
23 26 48
23 27 1279
23 28 1327
23 29 96
23 30 1327
23 31 1375
23 32 144
23 33 1375
23 34 1423
23 35 192
23 36 1423
23 37 1471
23 38 240
23 39 1471
23 40 1519
23 41 288
23 42 1519
23 43 1567
23 44 336
23 45 1567
23 46 1615
23 47 384
23 48 1615
23 49 1663
23 50 432
23 51 1663
23 52 1711
23 53 480
23 54 1711
23 55 1759
23 56 528
23 57 1759
23 58 1807
23 59 576
23 60 1807
23 61 1855
23 62 624
23 63 1855
23 64 1903
23 65 672
23 66 1903
23 67 1951
23 68 720
23 69 1951
23 70 1999
23 71 768
23 72 1999
23 73 1399
24 0 2630
24 1 1615
24 2 1242
24 3 774
24 4 1491
24 5 943
24 6 973
24 7 2252
24 8 761
24 9 657
24 10 944
24 11 1187
24 12 440
24 13 3028
24 14 609
24 15 1427
24 16 830
24 17 2265
24 18 1845
24 19 2510
24 20 1279
24 21 48
24 22 2462
24 23 1231
24 24 0
24 25 2510
24 26 1279
24 27 48
24 28 2558
24 29 1327
24 30 96
24 31 2606
24 32 1375
24 33 144
24 34 2654
24 35 1423
24 36 192
24 37 2702
24 38 1471
24 39 240
24 40 2750
24 41 1519
24 42 288
24 43 2798
24 44 1567
24 45 336
24 46 2846
24 47 1615
24 48 384
24 49 2894
24 50 1663
24 51 432
24 52 2942
24 53 1711
24 54 480
24 55 2990
24 56 1759
24 57 528
24 58 3038
24 59 1807
24 60 576
24 61 3086
24 62 1855
24 63 624
24 64 3134
24 65 1903
24 66 672
24 67 3182
24 68 1951
24 69 720
24 70 3230
24 71 1999
24 72 768
24 73 2630
25 0 216
25 1 991
25 2 1268
25 3 1736
25 4 1595
25 5 1663
25 6 1537
25 7 258
25 8 1845
25 9 1949
25 10 1854
25 11 1707
25 12 2070
25 13 826
25 14 1901
25 15 1947
25 16 1680
25 17 245
25 18 761
25 19 96
25 20 1327
25 21 2558
25 22 48
25 23 1279
25 24 2510
25 25 0
25 26 1231
25 27 2462
25 28 48
25 29 1279
25 30 2510
25 31 96
25 32 1327
25 33 2558
25 34 144
25 35 1375
25 36 2606
25 37 192
25 38 1423
25 39 2654
25 40 240
25 41 1471
25 42 2702
25 43 288
25 44 1519
25 45 2750
25 46 336
25 47 1567
25 48 2798
25 49 384
25 50 1615
25 51 2846
25 52 432
25 53 1663
25 54 2894
25 55 480
25 56 1711
25 57 2942
25 58 528
25 59 1759
25 60 2990
25 61 576
25 62 1807
25 63 3038
25 64 624
25 65 1855
25 66 3086
25 67 672
25 68 1903
25 69 3134
25 70 720
25 71 1951
25 72 3182
25 73 216
26 0 1447
26 1 432
26 2 37
26 3 505
26 4 364
26 5 432
26 6 306
26 7 973
26 8 614
26 9 718
26 10 623
26 11 476
26 12 839
26 13 1749
26 14 670
26 15 716
26 16 449
26 17 986
26 18 566
26 19 1327
26 20 96
26 21 1327
26 22 1279
26 23 48
26 24 1279
26 25 1231
26 26 0
26 27 1231
26 28 1279
26 29 48
26 30 1279
26 31 1327
26 32 96
26 33 1327
26 34 1375
26 35 144
26 36 1375
26 37 1423
26 38 192
26 39 1423
26 40 1471
26 41 240
26 42 1471
26 43 1519
26 44 288
26 45 1519
26 46 1567
26 47 336
26 48 1567
26 49 1615
26 50 384
26 51 1615
26 52 1663
26 53 432
26 54 1663
26 55 1711
26 56 480
26 57 1711
26 58 1759
26 59 528
26 60 1759
26 61 1807
26 62 576
26 63 1807
26 64 1855
26 65 624
26 66 1855
26 67 1903
26 68 672
26 69 1903
26 70 1951
26 71 720
26 72 1951
26 73 1447
27 0 2678
27 1 1663
27 2 1194
27 3 726
27 4 1443
27 5 991
27 6 1021
27 7 2204
27 8 809
27 9 705
27 10 896
27 11 1139
27 12 488
27 13 2980
27 14 657
27 15 1379
27 16 878
27 17 2217
27 18 1797
27 19 2558
27 20 1327
27 21 96
27 22 2510
27 23 1279
27 24 48
27 25 2462
27 26 1231
27 27 0
27 28 2510
27 29 1279
27 30 48
27 31 2558
27 32 1327
27 33 96
27 34 2606
27 35 1375
27 36 144
27 37 2654
27 38 1423
27 39 192
27 40 2702
27 41 1471
27 42 240
27 43 2750
27 44 1519
27 45 288
27 46 2798
27 47 1567
27 48 336
27 49 2846
27 50 1615
27 51 384
27 52 2894
27 53 1663
27 54 432
27 55 2942
27 56 1711
27 57 480
27 58 2990
27 59 1759
27 60 528
27 61 3038
27 62 1807
27 63 576
27 64 3086
27 65 1855
27 66 624
27 67 3134
27 68 1903
27 69 672
27 70 3182
27 71 1951
27 72 720
27 73 2678
28 0 264
28 1 1039
28 2 1316
28 3 1784
28 4 1547
28 5 1711
28 6 1585
28 7 306
28 8 1893
28 9 1997
28 10 1806
28 11 1659
28 12 2118
28 13 778
28 14 1949
28 15 1899
28 16 1728
28 17 293
28 18 713
28 19 144
28 20 1375
28 21 2606
28 22 96
28 23 1327
28 24 2558
28 25 48
28 26 1279
28 27 2510
28 28 0
28 29 1231
28 30 2462
28 31 48
28 32 1279
28 33 2510
28 34 96
28 35 1327
28 36 2558
28 37 144
28 38 1375
28 39 2606
28 40 192
28 41 1423
28 42 2654
28 43 240
28 44 1471
28 45 2702
28 46 288
28 47 1519
28 48 2750
28 49 336
28 50 1567
28 51 2798
28 52 384
28 53 1615
28 54 2846
28 55 432
28 56 1663
28 57 2894
28 58 480
28 59 1711
28 60 2942
28 61 528
28 62 1759
28 63 2990
28 64 576
28 65 1807
28 66 3038
28 67 624
28 68 1855
28 69 3086
28 70 672
28 71 1903
28 72 3134
28 73 264
29 0 1495
29 1 480
29 2 85
29 3 553
29 4 316
29 5 480
29 6 354
29 7 1021
29 8 662
29 9 766
29 10 575
29 11 428
29 12 887
29 13 1701
29 14 718
29 15 668
29 16 497
29 17 1034
29 18 518
29 19 1375
29 20 144
29 21 1375
29 22 1327
29 23 96
29 24 1327
29 25 1279
29 26 48
29 27 1279
29 28 1231
29 29 0
29 30 1231
29 31 1279
29 32 48
29 33 1279
29 34 1327
29 35 96
29 36 1327
29 37 1375
29 38 144
29 39 1375
29 40 1423
29 41 192
29 42 1423
29 43 1471
29 44 240
29 45 1471
29 46 1519
29 47 288
29 48 1519
29 49 1567
29 50 336
29 51 1567
29 52 1615
29 53 384
29 54 1615
29 55 1663
29 56 432
29 57 1663
29 58 1711
29 59 480
29 60 1711
29 61 1759
29 62 528
29 63 1759
29 64 1807
29 65 576
29 66 1807
29 67 1855
29 68 624
29 69 1855
29 70 1903
29 71 672
29 72 1903
29 73 1495
30 0 2726
30 1 1711
30 2 1242
30 3 774
30 4 1395
30 5 1039
30 6 1069
30 7 2252
30 8 857
30 9 753
30 10 848
30 11 1091
30 12 536
30 13 2932
30 14 705
30 15 1331
30 16 926
30 17 2265
30 18 1749
30 19 2606
30 20 1375
30 21 144
30 22 2558
30 23 1327
30 24 96
30 25 2510
30 26 1279
30 27 48
30 28 2462
30 29 1231
30 30 0
30 31 2510
30 32 1279
30 33 48
30 34 2558
30 35 1327
30 36 96
30 37 2606
30 38 1375
30 39 144
30 40 2654
30 41 1423
30 42 192
30 43 2702
30 44 1471
30 45 240
30 46 2750
30 47 1519
30 48 288
30 49 2798
30 50 1567
30 51 336
30 52 2846
30 53 1615
30 54 384
30 55 2894
30 56 1663
30 57 432
30 58 2942
30 59 1711
30 60 480
30 61 2990
30 62 1759
30 63 528
30 64 3038
30 65 1807
30 66 576
30 67 3086
30 68 1855
30 69 624
30 70 3134
30 71 1903
30 72 672
30 73 2726
31 0 312
31 1 1087
31 2 1364
31 3 1832
31 4 1499
31 5 1759
31 6 1633
31 7 354
31 8 1941
31 9 2045
31 10 1758
31 11 1611
31 12 2166
31 13 730
31 14 1997
31 15 1851
31 16 1776
31 17 341
31 18 761
31 19 192
31 20 1423
31 21 2654
31 22 144
31 23 1375
31 24 2606
31 25 96
31 26 1327
31 27 2558
31 28 48
31 29 1279
31 30 2510
31 31 0
31 32 1231
31 33 2462
31 34 48
31 35 1279
31 36 2510
31 37 96
31 38 1327
31 39 2558
31 40 144
31 41 1375
31 42 2606
31 43 192
31 44 1423
31 45 2654
31 46 240
31 47 1471
31 48 2702
31 49 288
31 50 1519
31 51 2750
31 52 336
31 53 1567
31 54 2798
31 55 384
31 56 1615
31 57 2846
31 58 432
31 59 1663
31 60 2894
31 61 480
31 62 1711
31 63 2942
31 64 528
31 65 1759
31 66 2990
31 67 576
31 68 1807
31 69 3038
31 70 624
31 71 1855
31 72 3086
31 73 312
32 0 1543
32 1 528
32 2 133
32 3 601
32 4 268
32 5 528
32 6 402
32 7 1069
32 8 710
32 9 814
32 10 527
32 11 380
32 12 935
32 13 1653
32 14 766
32 15 620
32 16 545
32 17 1082
32 18 566
32 19 1423
32 20 192
32 21 1423
32 22 1375
32 23 144
32 24 1375
32 25 1327
32 26 96
32 27 1327
32 28 1279
32 29 48
32 30 1279
32 31 1231
32 32 0
32 33 1231
32 34 1279
32 35 48
32 36 1279
32 37 1327
32 38 96
32 39 1327
32 40 1375
32 41 144
32 42 1375
32 43 1423
32 44 192
32 45 1423
32 46 1471
32 47 240
32 48 1471
32 49 1519
32 50 288
32 51 1519
32 52 1567
32 53 336
32 54 1567
32 55 1615
32 56 384
32 57 1615
32 58 1663
32 59 432
32 60 1663
32 61 1711
32 62 480
32 63 1711
32 64 1759
32 65 528
32 66 1759
32 67 1807
32 68 576
32 69 1807
32 70 1855
32 71 624
32 72 1855
32 73 1543
33 0 2774
33 1 1759
33 2 1290
33 3 822
33 4 1347
33 5 1087
33 6 1117
33 7 2300
33 8 905
33 9 801
33 10 800
33 11 1043
33 12 584
33 13 2884
33 14 753
33 15 1283
33 16 974
33 17 2313
33 18 1797
33 19 2654
33 20 1423
33 21 192
33 22 2606
33 23 1375
33 24 144
33 25 2558
33 26 1327
33 27 96
33 28 2510
33 29 1279
33 30 48
33 31 2462
33 32 1231
33 33 0
33 34 2510
33 35 1279
33 36 48
33 37 2558
33 38 1327
33 39 96
33 40 2606
33 41 1375
33 42 144
33 43 2654
33 44 1423
33 45 192
33 46 2702
33 47 1471
33 48 240
33 49 2750
33 50 1519
33 51 288
33 52 2798
33 53 1567
33 54 336
33 55 2846
33 56 1615
33 57 384
33 58 2894
33 59 1663
33 60 432
33 61 2942
33 62 1711
33 63 480
33 64 2990
33 65 1759
33 66 528
33 67 3038
33 68 1807
33 69 576
33 70 3086
33 71 1855
33 72 624
33 73 2774
34 0 360
34 1 1135
34 2 1412
34 3 1880
34 4 1451
34 5 1807
34 6 1681
34 7 402
34 8 1989
34 9 2093
34 10 1710
34 11 1563
34 12 2214
34 13 682
34 14 2045
34 15 1803
34 16 1824
34 17 389
34 18 809
34 19 240
34 20 1471
34 21 2702
34 22 192
34 23 1423
34 24 2654
34 25 144
34 26 1375
34 27 2606
34 28 96
34 29 1327
34 30 2558
34 31 48
34 32 1279
34 33 2510
34 34 0
34 35 1231
34 36 2462
34 37 48
34 38 1279
34 39 2510
34 40 96
34 41 1327
34 42 2558
34 43 144
34 44 1375
34 45 2606
34 46 192
34 47 1423
34 48 2654
34 49 240
34 50 1471
34 51 2702
34 52 288
34 53 1519
34 54 2750
34 55 336
34 56 1567
34 57 2798
34 58 384
34 59 1615
34 60 2846
34 61 432
34 62 1663
34 63 2894
34 64 480
34 65 1711
34 66 2942
34 67 528
34 68 1759
34 69 2990
34 70 576
34 71 1807
34 72 3038
34 73 360
35 0 1591
35 1 576
35 2 181
35 3 649
35 4 220
35 5 576
35 6 450
35 7 1117
35 8 758
35 9 862
35 10 479
35 11 332
35 12 983
35 13 1605
35 14 814
35 15 572
35 16 593
35 17 1130
35 18 614
35 19 1471
35 20 240
35 21 1471
35 22 1423
35 23 192
35 24 1423
35 25 1375
35 26 144
35 27 1375
35 28 1327
35 29 96
35 30 1327
35 31 1279
35 32 48
35 33 1279
35 34 1231
35 35 0
35 36 1231
35 37 1279
35 38 48
35 39 1279
35 40 1327
35 41 96
35 42 1327
35 43 1375
35 44 144
35 45 1375
35 46 1423
35 47 192
35 48 1423
35 49 1471
35 50 240
35 51 1471
35 52 1519
35 53 288
35 54 1519
35 55 1567
35 56 336
35 57 1567
35 58 1615
35 59 384
35 60 1615
35 61 1663
35 62 432
35 63 1663
35 64 1711
35 65 480
35 66 1711
35 67 1759
35 68 528
35 69 1759
35 70 1807
35 71 576
35 72 1807
35 73 1591
36 0 2822
36 1 1807
36 2 1338
36 3 870
36 4 1299
36 5 1135
36 6 1165
36 7 2348
36 8 953
36 9 849
36 10 752
36 11 995
36 12 632
36 13 2836
36 14 801
36 15 1235
36 16 1022
36 17 2361
36 18 1845
36 19 2702
36 20 1471
36 21 240
36 22 2654
36 23 1423
36 24 192
36 25 2606
36 26 1375
36 27 144
36 28 2558
36 29 1327
36 30 96
36 31 2510
36 32 1279
36 33 48
36 34 2462
36 35 1231
36 36 0
36 37 2510
36 38 1279
36 39 48
36 40 2558
36 41 1327
36 42 96
36 43 2606
36 44 1375
36 45 144
36 46 2654
36 47 1423
36 48 192
36 49 2702
36 50 1471
36 51 240
36 52 2750
36 53 1519
36 54 288
36 55 2798
36 56 1567
36 57 336
36 58 2846
36 59 1615
36 60 384
36 61 2894
36 62 1663
36 63 432
36 64 2942
36 65 1711
36 66 480
36 67 2990
36 68 1759
36 69 528
36 70 3038
36 71 1807
36 72 576
36 73 2822
37 0 408
37 1 1183
37 2 1460
37 3 1928
37 4 1403
37 5 1855
37 6 1729
37 7 450
37 8 2037
37 9 2141
37 10 1758
37 11 1515
37 12 2262
37 13 634
37 14 2093
37 15 1755
37 16 1872
37 17 437
37 18 857
37 19 288
37 20 1519
37 21 2750
37 22 240
37 23 1471
37 24 2702
37 25 192
37 26 1423
37 27 2654
37 28 144
37 29 1375
37 30 2606
37 31 96
37 32 1327
37 33 2558
37 34 48
37 35 1279
37 36 2510
37 37 0
37 38 1231
37 39 2462
37 40 48
37 41 1279
37 42 2510
37 43 96
37 44 1327
37 45 2558
37 46 144
37 47 1375
37 48 2606
37 49 192
37 50 1423
37 51 2654
37 52 240
37 53 1471
37 54 2702
37 55 288
37 56 1519
37 57 2750
37 58 336
37 59 1567
37 60 2798
37 61 384
37 62 1615
37 63 2846
37 64 432
37 65 1663
37 66 2894
37 67 480
37 68 1711
37 69 2942
37 70 528
37 71 1759
37 72 2990
37 73 408
38 0 1639
38 1 624
38 2 229
38 3 697
38 4 172
38 5 624
38 6 498
38 7 1165
38 8 806
38 9 910
38 10 527
38 11 284
38 12 1031
38 13 1557
38 14 862
38 15 524
38 16 641
38 17 1178
38 18 662
38 19 1519
38 20 288
38 21 1519
38 22 1471
38 23 240
38 24 1471
38 25 1423
38 26 192
38 27 1423
38 28 1375
38 29 144
38 30 1375
38 31 1327
38 32 96
38 33 1327
38 34 1279
38 35 48
38 36 1279
38 37 1231
38 38 0
38 39 1231
38 40 1279
38 41 48
38 42 1279
38 43 1327
38 44 96
38 45 1327
38 46 1375
38 47 144
38 48 1375
38 49 1423
38 50 192
38 51 1423
38 52 1471
38 53 240
38 54 1471
38 55 1519
38 56 288
38 57 1519
38 58 1567
38 59 336
38 60 1567
38 61 1615
38 62 384
38 63 1615
38 64 1663
38 65 432
38 66 1663
38 67 1711
38 68 480
38 69 1711
38 70 1759
38 71 528
38 72 1759
38 73 1639
39 0 2870
39 1 1855
39 2 1386
39 3 918
39 4 1251
39 5 1183
39 6 1213
39 7 2396
39 8 1001
39 9 897
39 10 800
39 11 947
39 12 680
39 13 2788
39 14 849
39 15 1187
39 16 1070
39 17 2409
39 18 1893
39 19 2750
39 20 1519
39 21 288
39 22 2702
39 23 1471
39 24 240
39 25 2654
39 26 1423
39 27 192
39 28 2606
39 29 1375
39 30 144
39 31 2558
39 32 1327
39 33 96
39 34 2510
39 35 1279
39 36 48
39 37 2462
39 38 1231
39 39 0
39 40 2510
39 41 1279
39 42 48
39 43 2558
39 44 1327
39 45 96
39 46 2606
39 47 1375
39 48 144
39 49 2654
39 50 1423
39 51 192
39 52 2702
39 53 1471
39 54 240
39 55 2750
39 56 1519
39 57 288
39 58 2798
39 59 1567
39 60 336
39 61 2846
39 62 1615
39 63 384
39 64 2894
39 65 1663
39 66 432
39 67 2942
39 68 1711
39 69 480
39 70 2990
39 71 1759
39 72 528
39 73 2870
40 0 456
40 1 1231
40 2 1508
40 3 1976
40 4 1355
40 5 1903
40 6 1777
40 7 498
40 8 2085
40 9 2189
40 10 1806
40 11 1563
40 12 2310
40 13 586
40 14 2141
40 15 1707
40 16 1920
40 17 485
40 18 905
40 19 336
40 20 1567
40 21 2798
40 22 288
40 23 1519
40 24 2750
40 25 240
40 26 1471
40 27 2702
40 28 192
40 29 1423
40 30 2654
40 31 144
40 32 1375
40 33 2606
40 34 96
40 35 1327
40 36 2558
40 37 48
40 38 1279
40 39 2510
40 40 0
40 41 1231
40 42 2462
40 43 48
40 44 1279
40 45 2510
40 46 96
40 47 1327
40 48 2558
40 49 144
40 50 1375
40 51 2606
40 52 192
40 53 1423
40 54 2654
40 55 240
40 56 1471
40 57 2702
40 58 288
40 59 1519
40 60 2750
40 61 336
40 62 1567
40 63 2798
40 64 384
40 65 1615
40 66 2846
40 67 432
40 68 1663
40 69 2894
40 70 480
40 71 1711
40 72 2942
40 73 456
41 0 1687
41 1 672
41 2 277
41 3 745
41 4 124
41 5 672
41 6 546
41 7 1213
41 8 854
41 9 958
41 10 575
41 11 332
41 12 1079
41 13 1509
41 14 910
41 15 476
41 16 689
41 17 1226
41 18 710
41 19 1567
41 20 336
41 21 1567
41 22 1519
41 23 288
41 24 1519
41 25 1471
41 26 240
41 27 1471
41 28 1423
41 29 192
41 30 1423
41 31 1375
41 32 144
41 33 1375
41 34 1327
41 35 96
41 36 1327
41 37 1279
41 38 48
41 39 1279
41 40 1231
41 41 0
41 42 1231
41 43 1279
41 44 48
41 45 1279
41 46 1327
41 47 96
41 48 1327
41 49 1375
41 50 144
41 51 1375
41 52 1423
41 53 192
41 54 1423
41 55 1471
41 56 240
41 57 1471
41 58 1519
41 59 288
41 60 1519
41 61 1567
41 62 336
41 63 1567
41 64 1615
41 65 384
41 66 1615
41 67 1663
41 68 432
41 69 1663
41 70 1711
41 71 480
41 72 1711
41 73 1687
42 0 2918
42 1 1903
42 2 1434
42 3 966
42 4 1203
42 5 1231
42 6 1261
42 7 2444
42 8 1049
42 9 945
42 10 848
42 11 995
42 12 728
42 13 2740
42 14 897
42 15 1139
42 16 1118
42 17 2457
42 18 1941
42 19 2798
42 20 1567
42 21 336
42 22 2750
42 23 1519
42 24 288
42 25 2702
42 26 1471
42 27 240
42 28 2654
42 29 1423
42 30 192
42 31 2606
42 32 1375
42 33 144
42 34 2558
42 35 1327
42 36 96
42 37 2510
42 38 1279
42 39 48
42 40 2462
42 41 1231
42 42 0
42 43 2510
42 44 1279
42 45 48
42 46 2558
42 47 1327
42 48 96
42 49 2606
42 50 1375
42 51 144
42 52 2654
42 53 1423
42 54 192
42 55 2702
42 56 1471
42 57 240
42 58 2750
42 59 1519
42 60 288
42 61 2798
42 62 1567
42 63 336
42 64 2846
42 65 1615
42 66 384
42 67 2894
42 68 1663
42 69 432
42 70 2942
42 71 1711
42 72 480
42 73 2918
43 0 504
43 1 1279
43 2 1556
43 3 2024
43 4 1307
43 5 1951
43 6 1825
43 7 546
43 8 2133
43 9 2237
43 10 1854
43 11 1611
43 12 2358
43 13 538
43 14 2189
43 15 1659
43 16 1968
43 17 533
43 18 953
43 19 384
43 20 1615
43 21 2846
43 22 336
43 23 1567
43 24 2798
43 25 288
43 26 1519
43 27 2750
43 28 240
43 29 1471
43 30 2702
43 31 192
43 32 1423
43 33 2654
43 34 144
43 35 1375
43 36 2606
43 37 96
43 38 1327
43 39 2558
43 40 48
43 41 1279
43 42 2510
43 43 0
43 44 1231
43 45 2462
43 46 48
43 47 1279
43 48 2510
43 49 96
43 50 1327
43 51 2558
43 52 144
43 53 1375
43 54 2606
43 55 192
43 56 1423
43 57 2654
43 58 240
43 59 1471
43 60 2702
43 61 288
43 62 1519
43 63 2750
43 64 336
43 65 1567
43 66 2798
43 67 384
43 68 1615
43 69 2846
43 70 432
43 71 1663
43 72 2894
43 73 504
44 0 1735
44 1 720
44 2 325
44 3 793
44 4 76
44 5 720
44 6 594
44 7 1261
44 8 902
44 9 1006
44 10 623
44 11 380
44 12 1127
44 13 1461
44 14 958
44 15 428
44 16 737
44 17 1274
44 18 758
44 19 1615
44 20 384
44 21 1615
44 22 1567
44 23 336
44 24 1567
44 25 1519
44 26 288
44 27 1519
44 28 1471
44 29 240
44 30 1471
44 31 1423
44 32 192
44 33 1423
44 34 1375
44 35 144
44 36 1375
44 37 1327
44 38 96
44 39 1327
44 40 1279
44 41 48
44 42 1279
44 43 1231
44 44 0
44 45 1231
44 46 1279
44 47 48
44 48 1279
44 49 1327
44 50 96
44 51 1327
44 52 1375
44 53 144
44 54 1375
44 55 1423
44 56 192
44 57 1423
44 58 1471
44 59 240
44 60 1471
44 61 1519
44 62 288
44 63 1519
44 64 1567
44 65 336
44 66 1567
44 67 1615
44 68 384
44 69 1615
44 70 1663
44 71 432
44 72 1663
44 73 1735
45 0 2966
45 1 1951
45 2 1482
45 3 1014
45 4 1155
45 5 1279
45 6 1309
45 7 2492
45 8 1097
45 9 993
45 10 896
45 11 1043
45 12 776
45 13 2692
45 14 945
45 15 1091
45 16 1166
45 17 2505
45 18 1989
45 19 2846
45 20 1615
45 21 384
45 22 2798
45 23 1567
45 24 336
45 25 2750
45 26 1519
45 27 288
45 28 2702
45 29 1471
45 30 240
45 31 2654
45 32 1423
45 33 192
45 34 2606
45 35 1375
45 36 144
45 37 2558
45 38 1327
45 39 96
45 40 2510
45 41 1279
45 42 48
45 43 2462
45 44 1231
45 45 0
45 46 2510
45 47 1279
45 48 48
45 49 2558
45 50 1327
45 51 96
45 52 2606
45 53 1375
45 54 144
45 55 2654
45 56 1423
45 57 192
45 58 2702
45 59 1471
45 60 240
45 61 2750
45 62 1519
45 63 288
45 64 2798
45 65 1567
45 66 336
45 67 2846
45 68 1615
45 69 384
45 70 2894
45 71 1663
45 72 432
45 73 2966
46 0 552
46 1 1327
46 2 1604
46 3 2072
46 4 1355
46 5 1999
46 6 1873
46 7 594
46 8 2181
46 9 2285
46 10 1902
46 11 1659
46 12 2406
46 13 490
46 14 2237
46 15 1611
46 16 2016
46 17 581
46 18 1001
46 19 432
46 20 1663
46 21 2894
46 22 384
46 23 1615
46 24 2846
46 25 336
46 26 1567
46 27 2798
46 28 288
46 29 1519
46 30 2750
46 31 240
46 32 1471
46 33 2702
46 34 192
46 35 1423
46 36 2654
46 37 144
46 38 1375
46 39 2606
46 40 96
46 41 1327
46 42 2558
46 43 48
46 44 1279
46 45 2510
46 46 0
46 47 1231
46 48 2462
46 49 48
46 50 1279
46 51 2510
46 52 96
46 53 1327
46 54 2558
46 55 144
46 56 1375
46 57 2606
46 58 192
46 59 1423
46 60 2654
46 61 240
46 62 1471
46 63 2702
46 64 288
46 65 1519
46 66 2750
46 67 336
46 68 1567
46 69 2798
46 70 384
46 71 1615
46 72 2846
46 73 552
47 0 1783
47 1 768
47 2 373
47 3 841
47 4 124
47 5 768
47 6 642
47 7 1309
47 8 950
47 9 1054
47 10 671
47 11 428
47 12 1175
47 13 1413
47 14 1006
47 15 380
47 16 785
47 17 1322
47 18 806
47 19 1663
47 20 432
47 21 1663
47 22 1615
47 23 384
47 24 1615
47 25 1567
47 26 336
47 27 1567
47 28 1519
47 29 288
47 30 1519
47 31 1471
47 32 240
47 33 1471
47 34 1423
47 35 192
47 36 1423
47 37 1375
47 38 144
47 39 1375
47 40 1327
47 41 96
47 42 1327
47 43 1279
47 44 48
47 45 1279
47 46 1231
47 47 0
47 48 1231
47 49 1279
47 50 48
47 51 1279
47 52 1327
47 53 96
47 54 1327
47 55 1375
47 56 144
47 57 1375
47 58 1423
47 59 192
47 60 1423
47 61 1471
47 62 240
47 63 1471
47 64 1519
47 65 288
47 66 1519
47 67 1567
47 68 336
47 69 1567
47 70 1615
47 71 384
47 72 1615
47 73 1783
48 0 3014
48 1 1999
48 2 1530
48 3 1062
48 4 1203
48 5 1327
48 6 1357
48 7 2540
48 8 1145
48 9 1041
48 10 944
48 11 1091
48 12 824
48 13 2644
48 14 993
48 15 1043
48 16 1214
48 17 2553
48 18 2037
48 19 2894
48 20 1663
48 21 432
48 22 2846
48 23 1615
48 24 384
48 25 2798
48 26 1567
48 27 336
48 28 2750
48 29 1519
48 30 288
48 31 2702
48 32 1471
48 33 240
48 34 2654
48 35 1423
48 36 192
48 37 2606
48 38 1375
48 39 144
48 40 2558
48 41 1327
48 42 96
48 43 2510
48 44 1279
48 45 48
48 46 2462
48 47 1231
48 48 0
48 49 2510
48 50 1279
48 51 48
48 52 2558
48 53 1327
48 54 96
48 55 2606
48 56 1375
48 57 144
48 58 2654
48 59 1423
48 60 192
48 61 2702
48 62 1471
48 63 240
48 64 2750
48 65 1519
48 66 288
48 67 2798
48 68 1567
48 69 336
48 70 2846
48 71 1615
48 72 384
48 73 3014
49 0 600
49 1 1375
49 2 1652
49 3 2120
49 4 1403
49 5 2047
49 6 1921
49 7 642
49 8 2229
49 9 2333
49 10 1950
49 11 1707
49 12 2454
49 13 442
49 14 2285
49 15 1563
49 16 2064
49 17 629
49 18 1049
49 19 480
49 20 1711
49 21 2942
49 22 432
49 23 1663
49 24 2894
49 25 384
49 26 1615
49 27 2846
49 28 336
49 29 1567
49 30 2798
49 31 288
49 32 1519
49 33 2750
49 34 240
49 35 1471
49 36 2702
49 37 192
49 38 1423
49 39 2654
49 40 144
49 41 1375
49 42 2606
49 43 96
49 44 1327
49 45 2558
49 46 48
49 47 1279
49 48 2510
49 49 0
49 50 1231
49 51 2462
49 52 48
49 53 1279
49 54 2510
49 55 96
49 56 1327
49 57 2558
49 58 144
49 59 1375
49 60 2606
49 61 192
49 62 1423
49 63 2654
49 64 240
49 65 1471
49 66 2702
49 67 288
49 68 1519
49 69 2750
49 70 336
49 71 1567
49 72 2798
49 73 600
50 0 1831
50 1 816
50 2 421
50 3 889
50 4 172
50 5 816
50 6 690
50 7 1357
50 8 998
50 9 1102
50 10 719
50 11 476
50 12 1223
50 13 1365
50 14 1054
50 15 332
50 16 833
50 17 1370
50 18 854
50 19 1711
50 20 480
50 21 1711
50 22 1663
50 23 432
50 24 1663
50 25 1615
50 26 384
50 27 1615
50 28 1567
50 29 336
50 30 1567
50 31 1519
50 32 288
50 33 1519
50 34 1471
50 35 240
50 36 1471
50 37 1423
50 38 192
50 39 1423
50 40 1375
50 41 144
50 42 1375
50 43 1327
50 44 96
50 45 1327
50 46 1279
50 47 48
50 48 1279
50 49 1231
50 50 0
50 51 1231
50 52 1279
50 53 48
50 54 1279
50 55 1327
50 56 96
50 57 1327
50 58 1375
50 59 144
50 60 1375
50 61 1423
50 62 192
50 63 1423
50 64 1471
50 65 240
50 66 1471
50 67 1519
50 68 288
50 69 1519
50 70 1567
50 71 336
50 72 1567
50 73 1831
51 0 3062
51 1 2047
51 2 1578
51 3 1110
51 4 1251
51 5 1375
51 6 1405
51 7 2588
51 8 1193
51 9 1089
51 10 992
51 11 1139
51 12 872
51 13 2596
51 14 1041
51 15 995
51 16 1262
51 17 2601
51 18 2085
51 19 2942
51 20 1711
51 21 480
51 22 2894
51 23 1663
51 24 432
51 25 2846
51 26 1615
51 27 384
51 28 2798
51 29 1567
51 30 336
51 31 2750
51 32 1519
51 33 288
51 34 2702
51 35 1471
51 36 240
51 37 2654
51 38 1423
51 39 192
51 40 2606
51 41 1375
51 42 144
51 43 2558
51 44 1327
51 45 96
51 46 2510
51 47 1279
51 48 48
51 49 2462
51 50 1231
51 51 0
51 52 2510
51 53 1279
51 54 48
51 55 2558
51 56 1327
51 57 96
51 58 2606
51 59 1375
51 60 144
51 61 2654
51 62 1423
51 63 192
51 64 2702
51 65 1471
51 66 240
51 67 2750
51 68 1519
51 69 288
51 70 2798
51 71 1567
51 72 336
51 73 3062
52 0 648
52 1 1423
52 2 1700
52 3 2168
52 4 1451
52 5 2095
52 6 1969
52 7 690
52 8 2277
52 9 2381
52 10 1998
52 11 1755
52 12 2502
52 13 394
52 14 2333
52 15 1515
52 16 2112
52 17 677
52 18 1097
52 19 528
52 20 1759
52 21 2990
52 22 480
52 23 1711
52 24 2942
52 25 432
52 26 1663
52 27 2894
52 28 384
52 29 1615
52 30 2846
52 31 336
52 32 1567
52 33 2798
52 34 288
52 35 1519
52 36 2750
52 37 240
52 38 1471
52 39 2702
52 40 192
52 41 1423
52 42 2654
52 43 144
52 44 1375
52 45 2606
52 46 96
52 47 1327
52 48 2558
52 49 48
52 50 1279
52 51 2510
52 52 0
52 53 1231
52 54 2462
52 55 48
52 56 1279
52 57 2510
52 58 96
52 59 1327
52 60 2558
52 61 144
52 62 1375
52 63 2606
52 64 192
52 65 1423
52 66 2654
52 67 240
52 68 1471
52 69 2702
52 70 288
52 71 1519
52 72 2750
52 73 648
53 0 1879
53 1 864
53 2 469
53 3 937
53 4 220
53 5 864
53 6 738
53 7 1405
53 8 1046
53 9 1150
53 10 767
53 11 524
53 12 1271
53 13 1317
53 14 1102
53 15 284
53 16 881
53 17 1418
53 18 902
53 19 1759
53 20 528
53 21 1759
53 22 1711
53 23 480
53 24 1711
53 25 1663
53 26 432
53 27 1663
53 28 1615
53 29 384
53 30 1615
53 31 1567
53 32 336
53 33 1567
53 34 1519
53 35 288
53 36 1519
53 37 1471
53 38 240
53 39 1471
53 40 1423
53 41 192
53 42 1423
53 43 1375
53 44 144
53 45 1375
53 46 1327
53 47 96
53 48 1327
53 49 1279
53 50 48
53 51 1279
53 52 1231
53 53 0
53 54 1231
53 55 1279
53 56 48
53 57 1279
53 58 1327
53 59 96
53 60 1327
53 61 1375
53 62 144
53 63 1375
53 64 1423
53 65 192
53 66 1423
53 67 1471
53 68 240
53 69 1471
53 70 1519
53 71 288
53 72 1519
53 73 1879
54 0 3110
54 1 2095
54 2 1626
54 3 1158
54 4 1299
54 5 1423
54 6 1453
54 7 2636
54 8 1241
54 9 1137
54 10 1040
54 11 1187
54 12 920
54 13 2548
54 14 1089
54 15 947
54 16 1310
54 17 2649
54 18 2133
54 19 2990
54 20 1759
54 21 528
54 22 2942
54 23 1711
54 24 480
54 25 2894
54 26 1663
54 27 432
54 28 2846
54 29 1615
54 30 384
54 31 2798
54 32 1567
54 33 336
54 34 2750
54 35 1519
54 36 288
54 37 2702
54 38 1471
54 39 240
54 40 2654
54 41 1423
54 42 192
54 43 2606
54 44 1375
54 45 144
54 46 2558
54 47 1327
54 48 96
54 49 2510
54 50 1279
54 51 48
54 52 2462
54 53 1231
54 54 0
54 55 2510
54 56 1279
54 57 48
54 58 2558
54 59 1327
54 60 96
54 61 2606
54 62 1375
54 63 144
54 64 2654
54 65 1423
54 66 192
54 67 2702
54 68 1471
54 69 240
54 70 2750
54 71 1519
54 72 288
54 73 3110
55 0 696
55 1 1471
55 2 1748
55 3 2216
55 4 1499
55 5 2143
55 6 2017
55 7 738
55 8 2325
55 9 2429
55 10 2046
55 11 1803
55 12 2550
55 13 346
55 14 2381
55 15 1563
55 16 2160
55 17 725
55 18 1145
55 19 576
55 20 1807
55 21 3038
55 22 528
55 23 1759
55 24 2990
55 25 480
55 26 1711
55 27 2942
55 28 432
55 29 1663
55 30 2894
55 31 384
55 32 1615
55 33 2846
55 34 336
55 35 1567
55 36 2798
55 37 288
55 38 1519
55 39 2750
55 40 240
55 41 1471
55 42 2702
55 43 192
55 44 1423
55 45 2654
55 46 144
55 47 1375
55 48 2606
55 49 96
55 50 1327
55 51 2558
55 52 48
55 53 1279
55 54 2510
55 55 0
55 56 1231
55 57 2462
55 58 48
55 59 1279
55 60 2510
55 61 96
55 62 1327
55 63 2558
55 64 144
55 65 1375
55 66 2606
55 67 192
55 68 1423
55 69 2654
55 70 240
55 71 1471
55 72 2702
55 73 696
56 0 1927
56 1 912
56 2 517
56 3 985
56 4 268
56 5 912
56 6 786
56 7 1453
56 8 1094
56 9 1198
56 10 815
56 11 572
56 12 1319
56 13 1269
56 14 1150
56 15 332
56 16 929
56 17 1466
56 18 950
56 19 1807
56 20 576
56 21 1807
56 22 1759
56 23 528
56 24 1759
56 25 1711
56 26 480
56 27 1711
56 28 1663
56 29 432
56 30 1663
56 31 1615
56 32 384
56 33 1615
56 34 1567
56 35 336
56 36 1567
56 37 1519
56 38 288
56 39 1519
56 40 1471
56 41 240
56 42 1471
56 43 1423
56 44 192
56 45 1423
56 46 1375
56 47 144
56 48 1375
56 49 1327
56 50 96
56 51 1327
56 52 1279
56 53 48
56 54 1279
56 55 1231
56 56 0
56 57 1231
56 58 1279
56 59 48
56 60 1279
56 61 1327
56 62 96
56 63 1327
56 64 1375
56 65 144
56 66 1375
56 67 1423
56 68 192
56 69 1423
56 70 1471
56 71 240
56 72 1471
56 73 1927
57 0 3158
57 1 2143
57 2 1674
57 3 1206
57 4 1347
57 5 1471
57 6 1501
57 7 2684
57 8 1289
57 9 1185
57 10 1088
57 11 1235
57 12 968
57 13 2500
57 14 1137
57 15 995
57 16 1358
57 17 2697
57 18 2181
57 19 3038
57 20 1807
57 21 576
57 22 2990
57 23 1759
57 24 528
57 25 2942
57 26 1711
57 27 480
57 28 2894
57 29 1663
57 30 432
57 31 2846
57 32 1615
57 33 384
57 34 2798
57 35 1567
57 36 336
57 37 2750
57 38 1519
57 39 288
57 40 2702
57 41 1471
57 42 240
57 43 2654
57 44 1423
57 45 192
57 46 2606
57 47 1375
57 48 144
57 49 2558
57 50 1327
57 51 96
57 52 2510
57 53 1279
57 54 48
57 55 2462
57 56 1231
57 57 0
57 58 2510
57 59 1279
57 60 48
57 61 2558
57 62 1327
57 63 96
57 64 2606
57 65 1375
57 66 144
57 67 2654
57 68 1423
57 69 192
57 70 2702
57 71 1471
57 72 240
57 73 3158
58 0 744
58 1 1519
58 2 1796
58 3 2264
58 4 1547
58 5 2191
58 6 2065
58 7 786
58 8 2373
58 9 2477
58 10 2094
58 11 1851
58 12 2598
58 13 298
58 14 2429
58 15 1611
58 16 2208
58 17 773
58 18 1193
58 19 624
58 20 1855
58 21 3086
58 22 576
58 23 1807
58 24 3038
58 25 528
58 26 1759
58 27 2990
58 28 480
58 29 1711
58 30 2942
58 31 432
58 32 1663
58 33 2894
58 34 384
58 35 1615
58 36 2846
58 37 336
58 38 1567
58 39 2798
58 40 288
58 41 1519
58 42 2750
58 43 240
58 44 1471
58 45 2702
58 46 192
58 47 1423
58 48 2654
58 49 144
58 50 1375
58 51 2606
58 52 96
58 53 1327
58 54 2558
58 55 48
58 56 1279
58 57 2510
58 58 0
58 59 1231
58 60 2462
58 61 48
58 62 1279
58 63 2510
58 64 96
58 65 1327
58 66 2558
58 67 144
58 68 1375
58 69 2606
58 70 192
58 71 1423
58 72 2654
58 73 744
59 0 1975
59 1 960
59 2 565
59 3 1033
59 4 316
59 5 960
59 6 834
59 7 1501
59 8 1142
59 9 1246
59 10 863
59 11 620
59 12 1367
59 13 1221
59 14 1198
59 15 380
59 16 977
59 17 1514
59 18 998
59 19 1855
59 20 624
59 21 1855
59 22 1807
59 23 576
59 24 1807
59 25 1759
59 26 528
59 27 1759
59 28 1711
59 29 480
59 30 1711
59 31 1663
59 32 432
59 33 1663
59 34 1615
59 35 384
59 36 1615
59 37 1567
59 38 336
59 39 1567
59 40 1519
59 41 288
59 42 1519
59 43 1471
59 44 240
59 45 1471
59 46 1423
59 47 192
59 48 1423
59 49 1375
59 50 144
59 51 1375
59 52 1327
59 53 96
59 54 1327
59 55 1279
59 56 48
59 57 1279
59 58 1231
59 59 0
59 60 1231
59 61 1279
59 62 48
59 63 1279
59 64 1327
59 65 96
59 66 1327
59 67 1375
59 68 144
59 69 1375
59 70 1423
59 71 192
59 72 1423
59 73 1975
60 0 3206
60 1 2191
60 2 1722
60 3 1254
60 4 1395
60 5 1519
60 6 1549
60 7 2732
60 8 1337
60 9 1233
60 10 1136
60 11 1283
60 12 1016
60 13 2452
60 14 1185
60 15 1043
60 16 1406
60 17 2745
60 18 2229
60 19 3086
60 20 1855
60 21 624
60 22 3038
60 23 1807
60 24 576
60 25 2990
60 26 1759
60 27 528
60 28 2942
60 29 1711
60 30 480
60 31 2894
60 32 1663
60 33 432
60 34 2846
60 35 1615
60 36 384
60 37 2798
60 38 1567
60 39 336
60 40 2750
60 41 1519
60 42 288
60 43 2702
60 44 1471
60 45 240
60 46 2654
60 47 1423
60 48 192
60 49 2606
60 50 1375
60 51 144
60 52 2558
60 53 1327
60 54 96
60 55 2510
60 56 1279
60 57 48
60 58 2462
60 59 1231
60 60 0
60 61 2510
60 62 1279
60 63 48
60 64 2558
60 65 1327
60 66 96
60 67 2606
60 68 1375
60 69 144
60 70 2654
60 71 1423
60 72 192
60 73 3206
61 0 792
61 1 1567
61 2 1844
61 3 2312
61 4 1595
61 5 2239
61 6 2113
61 7 834
61 8 2421
61 9 2525
61 10 2142
61 11 1899
61 12 2646
61 13 250
61 14 2477
61 15 1659
61 16 2256
61 17 821
61 18 1241
61 19 672
61 20 1903
61 21 3134
61 22 624
61 23 1855
61 24 3086
61 25 576
61 26 1807
61 27 3038
61 28 528
61 29 1759
61 30 2990
61 31 480
61 32 1711
61 33 2942
61 34 432
61 35 1663
61 36 2894
61 37 384
61 38 1615
61 39 2846
61 40 336
61 41 1567
61 42 2798
61 43 288
61 44 1519
61 45 2750
61 46 240
61 47 1471
61 48 2702
61 49 192
61 50 1423
61 51 2654
61 52 144
61 53 1375
61 54 2606
61 55 96
61 56 1327
61 57 2558
61 58 48
61 59 1279
61 60 2510
61 61 0
61 62 1231
61 63 2462
61 64 48
61 65 1279
61 66 2510
61 67 96
61 68 1327
61 69 2558
61 70 144
61 71 1375
61 72 2606
61 73 792
62 0 2023
62 1 1008
62 2 613
62 3 1081
62 4 364
62 5 1008
62 6 882
62 7 1549
62 8 1190
62 9 1294
62 10 911
62 11 668
62 12 1415
62 13 1173
62 14 1246
62 15 428
62 16 1025
62 17 1562
62 18 1046
62 19 1903
62 20 672
62 21 1903
62 22 1855
62 23 624
62 24 1855
62 25 1807
62 26 576
62 27 1807
62 28 1759
62 29 528
62 30 1759
62 31 1711
62 32 480
62 33 1711
62 34 1663
62 35 432
62 36 1663
62 37 1615
62 38 384
62 39 1615
62 40 1567
62 41 336
62 42 1567
62 43 1519
62 44 288
62 45 1519
62 46 1471
62 47 240
62 48 1471
62 49 1423
62 50 192
62 51 1423
62 52 1375
62 53 144
62 54 1375
62 55 1327
62 56 96
62 57 1327
62 58 1279
62 59 48
62 60 1279
62 61 1231
62 62 0
62 63 1231
62 64 1279
62 65 48
62 66 1279
62 67 1327
62 68 96
62 69 1327
62 70 1375
62 71 144
62 72 1375
62 73 2023
63 0 3254
63 1 2239
63 2 1770
63 3 1302
63 4 1443
63 5 1567
63 6 1597
63 7 2780
63 8 1385
63 9 1281
63 10 1184
63 11 1331
63 12 1064
63 13 2404
63 14 1233
63 15 1091
63 16 1454
63 17 2793
63 18 2277
63 19 3134
63 20 1903
63 21 672
63 22 3086
63 23 1855
63 24 624
63 25 3038
63 26 1807
63 27 576
63 28 2990
63 29 1759
63 30 528
63 31 2942
63 32 1711
63 33 480
63 34 2894
63 35 1663
63 36 432
63 37 2846
63 38 1615
63 39 384
63 40 2798
63 41 1567
63 42 336
63 43 2750
63 44 1519
63 45 288
63 46 2702
63 47 1471
63 48 240
63 49 2654
63 50 1423
63 51 192
63 52 2606
63 53 1375
63 54 144
63 55 2558
63 56 1327
63 57 96
63 58 2510
63 59 1279
63 60 48
63 61 2462
63 62 1231
63 63 0
63 64 2510
63 65 1279
63 66 48
63 67 2558
63 68 1327
63 69 96
63 70 2606
63 71 1375
63 72 144
63 73 3254
64 0 840
64 1 1615
64 2 1892
64 3 2360
64 4 1643
64 5 2287
64 6 2161
64 7 882
64 8 2469
64 9 2573
64 10 2190
64 11 1947
64 12 2694
64 13 202
64 14 2525
64 15 1707
64 16 2304
64 17 869
64 18 1289
64 19 720
64 20 1951
64 21 3182
64 22 672
64 23 1903
64 24 3134
64 25 624
64 26 1855
64 27 3086
64 28 576
64 29 1807
64 30 3038
64 31 528
64 32 1759
64 33 2990
64 34 480
64 35 1711
64 36 2942
64 37 432
64 38 1663
64 39 2894
64 40 384
64 41 1615
64 42 2846
64 43 336
64 44 1567
64 45 2798
64 46 288
64 47 1519
64 48 2750
64 49 240
64 50 1471
64 51 2702
64 52 192
64 53 1423
64 54 2654
64 55 144
64 56 1375
64 57 2606
64 58 96
64 59 1327
64 60 2558
64 61 48
64 62 1279
64 63 2510
64 64 0
64 65 1231
64 66 2462
64 67 48
64 68 1279
64 69 2510
64 70 96
64 71 1327
64 72 2558
64 73 840
65 0 2071
65 1 1056
65 2 661
65 3 1129
65 4 412
65 5 1056
65 6 930
65 7 1597
65 8 1238
65 9 1342
65 10 959
65 11 716
65 12 1463
65 13 1125
65 14 1294
65 15 476
65 16 1073
65 17 1610
65 18 1094
65 19 1951
65 20 720
65 21 1951
65 22 1903
65 23 672
65 24 1903
65 25 1855
65 26 624
65 27 1855
65 28 1807
65 29 576
65 30 1807
65 31 1759
65 32 528
65 33 1759
65 34 1711
65 35 480
65 36 1711
65 37 1663
65 38 432
65 39 1663
65 40 1615
65 41 384
65 42 1615
65 43 1567
65 44 336
65 45 1567
65 46 1519
65 47 288
65 48 1519
65 49 1471
65 50 240
65 51 1471
65 52 1423
65 53 192
65 54 1423
65 55 1375
65 56 144
65 57 1375
65 58 1327
65 59 96
65 60 1327
65 61 1279
65 62 48
65 63 1279
65 64 1231
65 65 0
65 66 1231
65 67 1279
65 68 48
65 69 1279
65 70 1327
65 71 96
65 72 1327
65 73 2071
66 0 3302
66 1 2287
66 2 1818
66 3 1350
66 4 1491
66 5 1615
66 6 1645
66 7 2828
66 8 1433
66 9 1329
66 10 1232
66 11 1379
66 12 1112
66 13 2356
66 14 1281
66 15 1139
66 16 1502
66 17 2841
66 18 2325
66 19 3182
66 20 1951
66 21 720
66 22 3134
66 23 1903
66 24 672
66 25 3086
66 26 1855
66 27 624
66 28 3038
66 29 1807
66 30 576
66 31 2990
66 32 1759
66 33 528
66 34 2942
66 35 1711
66 36 480
66 37 2894
66 38 1663
66 39 432
66 40 2846
66 41 1615
66 42 384
66 43 2798
66 44 1567
66 45 336
66 46 2750
66 47 1519
66 48 288
66 49 2702
66 50 1471
66 51 240
66 52 2654
66 53 1423
66 54 192
66 55 2606
66 56 1375
66 57 144
66 58 2558
66 59 1327
66 60 96
66 61 2510
66 62 1279
66 63 48
66 64 2462
66 65 1231
66 66 0
66 67 2510
66 68 1279
66 69 48
66 70 2558
66 71 1327
66 72 96
66 73 3302
67 0 888
67 1 1663
67 2 1940
67 3 2408
67 4 1691
67 5 2335
67 6 2209
67 7 930
67 8 2517
67 9 2621
67 10 2238
67 11 1995
67 12 2742
67 13 154
67 14 2573
67 15 1755
67 16 2352
67 17 917
67 18 1337
67 19 768
67 20 1999
67 21 3230
67 22 720
67 23 1951
67 24 3182
67 25 672
67 26 1903
67 27 3134
67 28 624
67 29 1855
67 30 3086
67 31 576
67 32 1807
67 33 3038
67 34 528
67 35 1759
67 36 2990
67 37 480
67 38 1711
67 39 2942
67 40 432
67 41 1663
67 42 2894
67 43 384
67 44 1615
67 45 2846
67 46 336
67 47 1567
67 48 2798
67 49 288
67 50 1519
67 51 2750
67 52 240
67 53 1471
67 54 2702
67 55 192
67 56 1423
67 57 2654
67 58 144
67 59 1375
67 60 2606
67 61 96
67 62 1327
67 63 2558
67 64 48
67 65 1279
67 66 2510
67 67 0
67 68 1231
67 69 2462
67 70 48
67 71 1279
67 72 2510
67 73 888
68 0 2119
68 1 1104
68 2 709
68 3 1177
68 4 460
68 5 1104
68 6 978
68 7 1645
68 8 1286
68 9 1390
68 10 1007
68 11 764
68 12 1511
68 13 1077
68 14 1342
68 15 524
68 16 1121
68 17 1658
68 18 1142
68 19 1999
68 20 768
68 21 1999
68 22 1951
68 23 720
68 24 1951
68 25 1903
68 26 672
68 27 1903
68 28 1855
68 29 624
68 30 1855
68 31 1807
68 32 576
68 33 1807
68 34 1759
68 35 528
68 36 1759
68 37 1711
68 38 480
68 39 1711
68 40 1663
68 41 432
68 42 1663
68 43 1615
68 44 384
68 45 1615
68 46 1567
68 47 336
68 48 1567
68 49 1519
68 50 288
68 51 1519
68 52 1471
68 53 240
68 54 1471
68 55 1423
68 56 192
68 57 1423
68 58 1375
68 59 144
68 60 1375
68 61 1327
68 62 96
68 63 1327
68 64 1279
68 65 48
68 66 1279
68 67 1231
68 68 0
68 69 1231
68 70 1279
68 71 48
68 72 1279
68 73 2119
69 0 3350
69 1 2335
69 2 1866
69 3 1398
69 4 1539
69 5 1663
69 6 1693
69 7 2876
69 8 1481
69 9 1377
69 10 1280
69 11 1427
69 12 1160
69 13 2308
69 14 1329
69 15 1187
69 16 1550
69 17 2889
69 18 2373
69 19 3230
69 20 1999
69 21 768
69 22 3182
69 23 1951
69 24 720
69 25 3134
69 26 1903
69 27 672
69 28 3086
69 29 1855
69 30 624
69 31 3038
69 32 1807
69 33 576
69 34 2990
69 35 1759
69 36 528
69 37 2942
69 38 1711
69 39 480
69 40 2894
69 41 1663
69 42 432
69 43 2846
69 44 1615
69 45 384
69 46 2798
69 47 1567
69 48 336
69 49 2750
69 50 1519
69 51 288
69 52 2702
69 53 1471
69 54 240
69 55 2654
69 56 1423
69 57 192
69 58 2606
69 59 1375
69 60 144
69 61 2558
69 62 1327
69 63 96
69 64 2510
69 65 1279
69 66 48
69 67 2462
69 68 1231
69 69 0
69 70 2510
69 71 1279
69 72 48
69 73 3350
70 0 936
70 1 1711
70 2 1988
70 3 2456
70 4 1739
70 5 2383
70 6 2257
70 7 978
70 8 2565
70 9 2669
70 10 2286
70 11 2043
70 12 2790
70 13 202
70 14 2621
70 15 1803
70 16 2400
70 17 965
70 18 1385
70 19 816
70 20 2047
70 21 3278
70 22 768
70 23 1999
70 24 3230
70 25 720
70 26 1951
70 27 3182
70 28 672
70 29 1903
70 30 3134
70 31 624
70 32 1855
70 33 3086
70 34 576
70 35 1807
70 36 3038
70 37 528
70 38 1759
70 39 2990
70 40 480
70 41 1711
70 42 2942
70 43 432
70 44 1663
70 45 2894
70 46 384
70 47 1615
70 48 2846
70 49 336
70 50 1567
70 51 2798
70 52 288
70 53 1519
70 54 2750
70 55 240
70 56 1471
70 57 2702
70 58 192
70 59 1423
70 60 2654
70 61 144
70 62 1375
70 63 2606
70 64 96
70 65 1327
70 66 2558
70 67 48
70 68 1279
70 69 2510
70 70 0
70 71 1231
70 72 2462
70 73 936
71 0 2167
71 1 1152
71 2 757
71 3 1225
71 4 508
71 5 1152
71 6 1026
71 7 1693
71 8 1334
71 9 1438
71 10 1055
71 11 812
71 12 1559
71 13 1125
71 14 1390
71 15 572
71 16 1169
71 17 1706
71 18 1190
71 19 2047
71 20 816
71 21 2047
71 22 1999
71 23 768
71 24 1999
71 25 1951
71 26 720
71 27 1951
71 28 1903
71 29 672
71 30 1903
71 31 1855
71 32 624
71 33 1855
71 34 1807
71 35 576
71 36 1807
71 37 1759
71 38 528
71 39 1759
71 40 1711
71 41 480
71 42 1711
71 43 1663
71 44 432
71 45 1663
71 46 1615
71 47 384
71 48 1615
71 49 1567
71 50 336
71 51 1567
71 52 1519
71 53 288
71 54 1519
71 55 1471
71 56 240
71 57 1471
71 58 1423
71 59 192
71 60 1423
71 61 1375
71 62 144
71 63 1375
71 64 1327
71 65 96
71 66 1327
71 67 1279
71 68 48
71 69 1279
71 70 1231
71 71 0
71 72 1231
71 73 2167
72 0 3398
72 1 2383
72 2 1914
72 3 1446
72 4 1587
72 5 1711
72 6 1741
72 7 2924
72 8 1529
72 9 1425
72 10 1328
72 11 1475
72 12 1208
72 13 2356
72 14 1377
72 15 1235
72 16 1598
72 17 2937
72 18 2421
72 19 3278
72 20 2047
72 21 816
72 22 3230
72 23 1999
72 24 768
72 25 3182
72 26 1951
72 27 720
72 28 3134
72 29 1903
72 30 672
72 31 3086
72 32 1855
72 33 624
72 34 3038
72 35 1807
72 36 576
72 37 2990
72 38 1759
72 39 528
72 40 2942
72 41 1711
72 42 480
72 43 2894
72 44 1663
72 45 432
72 46 2846
72 47 1615
72 48 384
72 49 2798
72 50 1567
72 51 336
72 52 2750
72 53 1519
72 54 288
72 55 2702
72 56 1471
72 57 240
72 58 2654
72 59 1423
72 60 192
72 61 2606
72 62 1375
72 63 144
72 64 2558
72 65 1327
72 66 96
72 67 2510
72 68 1279
72 69 48
72 70 2462
72 71 1231
72 72 0
72 73 3398
73 0 0
73 1 1015
73 2 1484
73 3 1952
73 4 1811
73 5 1687
73 6 1657
73 7 474
73 8 1869
73 9 1973
73 10 2070
73 11 1923
73 12 2190
73 13 1042
73 14 2021
73 15 2163
73 16 1800
73 17 461
73 18 977
73 19 120
73 20 1351
73 21 2582
73 22 168
73 23 1399
73 24 2630
73 25 216
73 26 1447
73 27 2678
73 28 264
73 29 1495
73 30 2726
73 31 312
73 32 1543
73 33 2774
73 34 360
73 35 1591
73 36 2822
73 37 408
73 38 1639
73 39 2870
73 40 456
73 41 1687
73 42 2918
73 43 504
73 44 1735
73 45 2966
73 46 552
73 47 1783
73 48 3014
73 49 600
73 50 1831
73 51 3062
73 52 648
73 53 1879
73 54 3110
73 55 696
73 56 1927
73 57 3158
73 58 744
73 59 1975
73 60 3206
73 61 792
73 62 2023
73 63 3254
73 64 840
73 65 2071
73 66 3302
73 67 888
73 68 2119
73 69 3350
73 70 936
73 71 2167
73 72 3398
73 73 0
//Location coordinates LocationName
//Loc x y
0 0.0 0.0 "depot"
1 0.0 1015.0 "product aisle 0 bloc 0 rank 134"
2 96.0 1388.0 "product aisle 2 bloc 1 rank 2"
3 96.0 1856.0 "product aisle 2 bloc 1 rank 74"
4 384.0 1427.0 "product aisle 8 bloc 1 rank 8"
5 0.0 1687.0 "product aisle 0 bloc 1 rank 47"
6 48.0 1609.0 "product aisle 1 bloc 1 rank 36"
7 96.0 378.0 "product aisle 2 bloc 0 rank 35"
8 0.0 1869.0 "product aisle 0 bloc 1 rank 76"
9 0.0 1973.0 "product aisle 0 bloc 1 rank 91"
10 240.0 1830.0 "product aisle 5 bloc 1 rank 69"
11 288.0 1635.0 "product aisle 6 bloc 1 rank 40"
12 48.0 2142.0 "product aisle 1 bloc 1 rank 118"
13 768.0 274.0 "product aisle 16 bloc 0 rank 19"
14 48.0 1973.0 "product aisle 1 bloc 1 rank 92"
15 528.0 1635.0 "product aisle 11 bloc 1 rank 40"
16 48.0 1752.0 "product aisle 1 bloc 1 rank 58"
17 96.0 365.0 "product aisle 2 bloc 0 rank 34"
18 144.0 833.0 "product aisle 3 bloc 0 rank 105"
19 24.0 120.0 "intersection aisle 0 bloc 0 rank 0"
20 24.0 1351.0 "intersection aisle 0 bloc 1 rank 1"
21 24.0 2582.0 "intersection aisle 0 bloc 2 rank 2"
22 72.0 120.0 "intersection aisle 1 bloc 0 rank 0"
23 72.0 1351.0 "intersection aisle 1 bloc 1 rank 1"
24 72.0 2582.0 "intersection aisle 1 bloc 2 rank 2"
25 120.0 120.0 "intersection aisle 2 bloc 0 rank 0"
26 120.0 1351.0 "intersection aisle 2 bloc 1 rank 1"
27 120.0 2582.0 "intersection aisle 2 bloc 2 rank 2"
28 168.0 120.0 "intersection aisle 3 bloc 0 rank 0"
29 168.0 1351.0 "intersection aisle 3 bloc 1 rank 1"
30 168.0 2582.0 "intersection aisle 3 bloc 2 rank 2"
31 216.0 120.0 "intersection aisle 4 bloc 0 rank 0"
32 216.0 1351.0 "intersection aisle 4 bloc 1 rank 1"
33 216.0 2582.0 "intersection aisle 4 bloc 2 rank 2"
34 264.0 120.0 "intersection aisle 5 bloc 0 rank 0"
35 264.0 1351.0 "intersection aisle 5 bloc 1 rank 1"
36 264.0 2582.0 "intersection aisle 5 bloc 2 rank 2"
37 312.0 120.0 "intersection aisle 6 bloc 0 rank 0"
38 312.0 1351.0 "intersection aisle 6 bloc 1 rank 1"
39 312.0 2582.0 "intersection aisle 6 bloc 2 rank 2"
40 360.0 120.0 "intersection aisle 7 bloc 0 rank 0"
41 360.0 1351.0 "intersection aisle 7 bloc 1 rank 1"
42 360.0 2582.0 "intersection aisle 7 bloc 2 rank 2"
43 408.0 120.0 "intersection aisle 8 bloc 0 rank 0"
44 408.0 1351.0 "intersection aisle 8 bloc 1 rank 1"
45 408.0 2582.0 "intersection aisle 8 bloc 2 rank 2"
46 456.0 120.0 "intersection aisle 9 bloc 0 rank 0"
47 456.0 1351.0 "intersection aisle 9 bloc 1 rank 1"
48 456.0 2582.0 "intersection aisle 9 bloc 2 rank 2"
49 504.0 120.0 "intersection aisle 10 bloc 0 rank 0"
50 504.0 1351.0 "intersection aisle 10 bloc 1 rank 1"
51 504.0 2582.0 "intersection aisle 10 bloc 2 rank 2"
52 552.0 120.0 "intersection aisle 11 bloc 0 rank 0"
53 552.0 1351.0 "intersection aisle 11 bloc 1 rank 1"
54 552.0 2582.0 "intersection aisle 11 bloc 2 rank 2"
55 600.0 120.0 "intersection aisle 12 bloc 0 rank 0"
56 600.0 1351.0 "intersection aisle 12 bloc 1 rank 1"
57 600.0 2582.0 "intersection aisle 12 bloc 2 rank 2"
58 648.0 120.0 "intersection aisle 13 bloc 0 rank 0"
59 648.0 1351.0 "intersection aisle 13 bloc 1 rank 1"
60 648.0 2582.0 "intersection aisle 13 bloc 2 rank 2"
61 696.0 120.0 "intersection aisle 14 bloc 0 rank 0"
62 696.0 1351.0 "intersection aisle 14 bloc 1 rank 1"
63 696.0 2582.0 "intersection aisle 14 bloc 2 rank 2"
64 744.0 120.0 "intersection aisle 15 bloc 0 rank 0"
65 744.0 1351.0 "intersection aisle 15 bloc 1 rank 1"
66 744.0 2582.0 "intersection aisle 15 bloc 2 rank 2"
67 792.0 120.0 "intersection aisle 16 bloc 0 rank 0"
68 792.0 1351.0 "intersection aisle 16 bloc 1 rank 1"
69 792.0 2582.0 "intersection aisle 16 bloc 2 rank 2"
70 840.0 120.0 "intersection aisle 17 bloc 0 rank 0"
71 840.0 1351.0 "intersection aisle 17 bloc 1 rank 1"
72 840.0 2582.0 "intersection aisle 17 bloc 2 rank 2"
73 0.0 0.0 "depot"
