//alpha
1
//NbLocations
80
//NbProducts
26
//NbPickers
2
//CapaPicker
8
//TimeToTravelOneDistanceUnit
3
//SetupTime
5400
//PickTime
300
//Products
//Idx Location Size
1 1 1
2 2 1
3 3 1
4 4 1
5 5 1
6 6 1
7 7 1
8 8 1
9 9 1
10 10 1
11 11 1
12 12 1
13 13 1
14 14 1
15 15 1
16 13 1
17 16 1
18 17 1
19 18 1
20 19 1
21 20 1
22 21 1
23 22 1
24 23 1
25 24 1
26 25 1
//Orders
//NbOrders
12
//Idx DueDate TardinessPenalty NbProdInOrder ProdIdx1 Qty1 ProdIdx2 Qty2 ...
1 90000 0 1 1 1
2 108000 0 1 2 1
3 54000 0 2 3 1 4 1
4 90000 0 2 5 1 6 1
5 36000 0 3 7 1 8 1 9 1
6 90000 0 4 10 1 11 1 12 1 13 1
7 126000 0 2 14 1 15 1
8 72000 0 1 16 1
9 72000 0 2 17 1 18 1
10 54000 0 3 19 1 20 1 21 1
11 54000 0 4 22 1 23 1 24 1 25 1
12 90000 0 1 26 1
//Graph (Products are vertices indexed from 1 to NbProducts)
//NbVerticesIntersections
54
//DepartingDepot
0
//ArrivalDepot
80
//Arcs
//Start End Distance
0 26 120
1 6 91
1 28 323
2 5 273
2 7 52
3 22 26
3 31 739
4 25 182
4 26 89
5 2 273
5 32 713
6 1 91
6 9 195
7 2 52
7 33 193
8 12 195
8 18 65
9 6 195
9 16 91
10 14 429
10 25 117
11 29 674
11 30 557
12 8 195
12 15 351
13 20 455
13 38 531
14 10 429
14 27 414
15 12 351
15 48 258
16 9 91
16 19 91
17 33 791
17 34 440
18 8 65
18 49 362
19 16 91
19 23 130
20 13 455
20 39 245
21 24 195
21 44 193
22 3 26
22 30 466
23 19 130
23 27 310
24 21 195
24 45 843
25 4 182
25 10 117
26 4 89
26 29 48
26 80 120
27 14 414
27 23 310
27 30 48
28 1 323
28 31 48
29 11 674
29 26 48
29 32 48
30 11 557
30 22 466
30 27 48
30 33 48
31 3 739
31 28 48
31 34 48
32 5 713
32 29 48
32 35 48
33 7 193
33 17 791
33 30 48
33 36 48
34 17 440
34 31 48
34 37 48
35 32 48
35 36 1231
35 38 48
36 33 48
36 35 1231
36 37 1231
36 39 48
37 34 48
37 36 1231
37 40 48
38 13 531
38 35 48
38 41 48
39 20 245
39 36 48
39 40 1231
39 42 48
40 37 48
40 39 1231
40 43 48
41 38 48
41 42 1231
41 44 48
42 39 48
42 41 1231
42 43 1231
42 45 48
43 40 48
43 42 1231
43 46 48
44 21 193
44 41 48
44 47 48
45 24 843
45 42 48
45 46 1231
45 48 48
46 43 48
46 45 1231
46 49 48
47 44 48
47 48 1231
47 50 48
48 15 258
48 45 48
48 47 1231
48 51 48
49 18 362
49 46 48
49 52 48
50 47 48
50 51 1231
50 53 48
51 48 48
51 50 1231
51 52 1231
51 54 48
52 49 48
52 51 1231
52 55 48
53 50 48
53 54 1231
53 56 48
54 51 48
54 53 1231
54 55 1231
54 57 48
55 52 48
55 54 1231
55 58 48
56 53 48
56 57 1231
56 59 48
57 54 48
57 56 1231
57 58 1231
57 60 48
58 55 48
58 57 1231
58 61 48
59 56 48
59 60 1231
59 62 48
60 57 48
60 59 1231
60 61 1231
60 63 48
61 58 48
61 60 1231
61 64 48
62 59 48
62 63 1231
62 65 48
63 60 48
63 62 1231
63 64 1231
63 66 48
64 61 48
64 63 1231
64 67 48
65 62 48
65 66 1231
65 68 48
66 63 48
66 65 1231
66 67 1231
66 69 48
67 64 48
67 66 1231
67 70 48
68 65 48
68 69 1231
68 71 48
69 66 48
69 68 1231
69 70 1231
69 72 48
70 67 48
70 69 1231
70 73 48
71 68 48
71 72 1231
71 74 48
72 69 48
72 71 1231
72 73 1231
72 75 48
73 70 48
73 72 1231
73 76 48
74 71 48
74 75 1231
74 77 48
75 72 48
75 74 1231
75 76 1231
75 78 48
76 73 48
76 75 1231
76 79 48
77 74 48
77 78 1231
78 75 48
78 77 1231
78 79 1231
79 76 48
79 78 1231
//LocStart LocEnd ShortestPath
0 0 0
0 1 2259
0 2 1202
0 3 1891
0 4 209
0 5 929
0 6 2168
0 7 1254
0 8 2491
0 9 1973
0 10 508
0 11 842
0 12 2296
0 13 843
0 14 937
0 15 1945
0 16 1882
0 17 2238
0 18 2556
0 19 1791
0 20 1298
0 21 601
0 22 1865
0 23 1661
0 24 796
0 25 391
0 26 120
0 27 1351
0 28 2582
0 29 168
0 30 1399
0 31 2630
0 32 216
0 33 1447
0 34 2678
0 35 264
0 36 1495
0 37 2726
0 38 312
0 39 1543
0 40 2774
0 41 360
0 42 1591
0 43 2822
0 44 408
0 45 1639
0 46 2870
0 47 456
0 48 1687
0 49 2918
0 50 504
0 51 1735
0 52 2966
0 53 552
0 54 1783
0 55 3014
0 56 600
0 57 1831
0 58 3062
0 59 648
0 60 1879
0 61 3110
0 62 696
0 63 1927
0 64 3158
0 65 744
0 66 1975
0 67 3206
0 68 792
0 69 2023
0 70 3254
0 71 840
0 72 2071
0 73 3302
0 74 888
0 75 2119
0 76 3350
0 77 936
0 78 2167
0 79 3398
0 80 0
1 0 2259
1 1 0
1 2 1249
1 3 1110
1 4 2050
1 5 1522
1 6 91
1 7 1197
1 8 1086
1 9 286
1 10 1751
1 11 1513
1 12 1281
1 13 1800
1 14 1322
1 15 1502
1 16 377
1 17 859
1 18 1021
1 19 468
1 20 1345
1 21 2234
1 22 1136
1 23 598
1 24 2039
1 25 1868
1 26 2139
1 27 908
1 28 323
1 29 2187
1 30 956
1 31 371
1 32 2235
1 33 1004
1 34 419
1 35 2283
1 36 1052
1 37 467
1 38 2331
1 39 1100
1 40 515
1 41 2379
1 42 1148
1 43 563
1 44 2427
1 45 1196
1 46 611
1 47 2475
1 48 1244
1 49 659
1 50 2523
1 51 1292
1 52 707
1 53 2571
1 54 1340
1 55 755
1 56 2619
1 57 1388
1 58 803
1 59 2667
1 60 1436
1 61 851
1 62 2715
1 63 1484
1 64 899
1 65 2763
1 66 1532
1 67 947
1 68 2811
1 69 1580
1 70 995
1 71 2859
1 72 1628
1 73 1043
1 74 2907
1 75 1676
1 76 1091
1 77 2955
1 78 1724
1 79 1139
1 80 2259
2 0 1202
2 1 1249
2 2 0
2 3 785
2 4 1171
2 5 273
2 6 1158
2 7 52
2 8 1289
2 9 963
2 10 1184
2 11 850
2 12 1094
2 13 1041
2 14 755
2 15 743
2 16 872
2 17 1036
2 18 1354
2 19 781
2 20 586
2 21 1371
2 22 759
2 23 651
2 24 1280
2 25 1301
2 26 1082
2 27 341
2 28 1572
2 29 1034
2 30 293
2 31 1524
2 32 986
2 33 245
2 34 1476
2 35 1034
2 36 293
2 37 1524
2 38 1082
2 39 341
2 40 1572
2 41 1130
2 42 389
2 43 1620
2 44 1178
2 45 437
2 46 1668
2 47 1226
2 48 485
2 49 1716
2 50 1274
2 51 533
2 52 1764
2 53 1322
2 54 581
2 55 1812
2 56 1370
2 57 629
2 58 1860
2 59 1418
2 60 677
2 61 1908
2 62 1466
2 63 725
2 64 1956
2 65 1514
2 66 773
2 67 2004
2 68 1562
2 69 821
2 70 2052
2 71 1610
2 72 869
2 73 2100
2 74 1658
2 75 917
2 76 2148
2 77 1706
2 78 965
2 79 2196
2 80 1202
3 0 1891
3 1 1110
3 2 785
3 3 0
3 4 1682
3 5 1058
3 6 1201
3 7 733
3 8 1454
3 9 1162
3 10 1383
3 11 1049
3 12 1389
3 13 1336
3 14 954
3 15 1038
3 16 1071
3 17 1227
3 18 1389
3 19 980
3 20 881
3 21 1770
3 22 26
3 23 850
3 24 1575
3 25 1500
3 26 1771
3 27 540
3 28 787
3 29 1723
3 30 492
3 31 739
3 32 1771
3 33 540
3 34 787
3 35 1819
3 36 588
3 37 835
3 38 1867
3 39 636
3 40 883
3 41 1915
3 42 684
3 43 931
3 44 1963
3 45 732
3 46 979
3 47 2011
3 48 780
3 49 1027
3 50 2059
3 51 828
3 52 1075
3 53 2107
3 54 876
3 55 1123
3 56 2155
3 57 924
3 58 1171
3 59 2203
3 60 972
3 61 1219
3 62 2251
3 63 1020
3 64 1267
3 65 2299
3 66 1068
3 67 1315
3 68 2347
3 69 1116
3 70 1363
3 71 2395
3 72 1164
3 73 1411
3 74 2443
3 75 1212
3 76 1459
3 77 2491
3 78 1260
3 79 1507
3 80 1891
4 0 209
4 1 2050
4 2 1171
4 3 1682
4 4 0
4 5 898
4 6 1959
4 7 1223
4 8 2282
4 9 1764
4 10 299
4 11 811
4 12 2087
4 13 812
4 14 728
4 15 1736
4 16 1673
4 17 2029
4 18 2347
4 19 1582
4 20 1267
4 21 570
4 22 1656
4 23 1452
4 24 765
4 25 182
4 26 89
4 27 1142
4 28 2373
4 29 137
4 30 1190
4 31 2421
4 32 185
4 33 1238
4 34 2469
4 35 233
4 36 1286
4 37 2517
4 38 281
4 39 1334
4 40 2565
4 41 329
4 42 1382
4 43 2613
4 44 377
4 45 1430
4 46 2661
4 47 425
4 48 1478
4 49 2709
4 50 473
4 51 1526
4 52 2757
4 53 521
4 54 1574
4 55 2805
4 56 569
4 57 1622
4 58 2853
4 59 617
4 60 1670
4 61 2901
4 62 665
4 63 1718
4 64 2949
4 65 713
4 66 1766
4 67 2997
4 68 761
4 69 1814
4 70 3045
4 71 809
4 72 1862
4 73 3093
4 74 857
4 75 1910
4 76 3141
4 77 905
4 78 1958
4 79 3189
4 80 209
5 0 929
5 1 1522
5 2 273
5 3 1058
5 4 898
5 5 0
5 6 1431
5 7 325
5 8 1562
5 9 1236
5 10 1197
5 11 1123
5 12 1367
5 13 1314
5 14 1028
5 15 1016
5 16 1145
5 17 1309
5 18 1627
5 19 1054
5 20 859
5 21 1098
5 22 1032
5 23 924
5 24 1293
5 25 1080
5 26 809
5 27 614
5 28 1845
5 29 761
5 30 566
5 31 1797
5 32 713
5 33 518
5 34 1749
5 35 761
5 36 566
5 37 1797
5 38 809
5 39 614
5 40 1845
5 41 857
5 42 662
5 43 1893
5 44 905
5 45 710
5 46 1941
5 47 953
5 48 758
5 49 1989
5 50 1001
5 51 806
5 52 2037
5 53 1049
5 54 854
5 55 2085
5 56 1097
5 57 902
5 58 2133
5 59 1145
5 60 950
5 61 2181
5 62 1193
5 63 998
5 64 2229
5 65 1241
5 66 1046
5 67 2277
5 68 1289
5 69 1094
5 70 2325
5 71 1337
5 72 1142
5 73 2373
5 74 1385
5 75 1190
5 76 2421
5 77 1433
5 78 1238
5 79 2469
5 80 929
6 0 2168
6 1 91
6 2 1158
6 3 1201
6 4 1959
6 5 1431
6 6 0
6 7 1106
6 8 1177
6 9 195
6 10 1660
6 11 1422
6 12 1372
6 13 1709
6 14 1231
6 15 1411
6 16 286
6 17 950
6 18 1112
6 19 377
6 20 1254
6 21 2143
6 22 1227
6 23 507
6 24 1948
6 25 1777
6 26 2048
6 27 817
6 28 414
6 29 2096
6 30 865
6 31 462
6 32 2144
6 33 913
6 34 510
6 35 2192
6 36 961
6 37 558
6 38 2240
6 39 1009
6 40 606
6 41 2288
6 42 1057
6 43 654
6 44 2336
6 45 1105
6 46 702
6 47 2384
6 48 1153
6 49 750
6 50 2432
6 51 1201
6 52 798
6 53 2480
6 54 1249
6 55 846
6 56 2528
6 57 1297
6 58 894
6 59 2576
6 60 1345
6 61 942
6 62 2624
6 63 1393
6 64 990
6 65 2672
6 66 1441
6 67 1038
6 68 2720
6 69 1489
6 70 1086
6 71 2768
6 72 1537
6 73 1134
6 74 2816
6 75 1585
6 76 1182
6 77 2864
6 78 1633
6 79 1230
6 80 2168
7 0 1254
7 1 1197
7 2 52
7 3 733
7 4 1223
7 5 325
7 6 1106
7 7 0
7 8 1237
7 9 911
7 10 1132
7 11 798
7 12 1042
7 13 989
7 14 703
7 15 691
7 16 820
7 17 984
7 18 1302
7 19 729
7 20 534
7 21 1423
7 22 707
7 23 599
7 24 1228
7 25 1249
7 26 1134
7 27 289
7 28 1520
7 29 1086
7 30 241
7 31 1472
7 32 1038
7 33 193
7 34 1424
7 35 1086
7 36 241
7 37 1472
7 38 1134
7 39 289
7 40 1520
7 41 1182
7 42 337
7 43 1568
7 44 1230
7 45 385
7 46 1616
7 47 1278
7 48 433
7 49 1664
7 50 1326
7 51 481
7 52 1712
7 53 1374
7 54 529
7 55 1760
7 56 1422
7 57 577
7 58 1808
7 59 1470
7 60 625
7 61 1856
7 62 1518
7 63 673
7 64 1904
7 65 1566
7 66 721
7 67 1952
7 68 1614
7 69 769
7 70 2000
7 71 1662
7 72 817
7 73 2048
7 74 1710
7 75 865
7 76 2096
7 77 1758
7 78 913
7 79 2144
7 80 1254
8 0 2491
8 1 1086
8 2 1289
8 3 1454
8 4 2282
8 5 1562
8 6 1177
8 7 1237
8 8 0
8 9 1372
8 10 1983
8 11 1649
8 12 195
8 13 1648
8 14 1554
8 15 546
8 16 1463
8 17 1107
8 18 65
8 19 1554
8 20 1193
8 21 1890
8 22 1480
8 23 1450
8 24 1695
8 25 2100
8 26 2371
8 27 1140
8 28 763
8 29 2323
8 30 1092
8 31 715
8 32 2275
8 33 1044
8 34 667
8 35 2227
8 36 996
8 37 619
8 38 2179
8 39 948
8 40 571
8 41 2131
8 42 900
8 43 523
8 44 2083
8 45 852
8 46 475
8 47 2035
8 48 804
8 49 427
8 50 2083
8 51 852
8 52 475
8 53 2131
8 54 900
8 55 523
8 56 2179
8 57 948
8 58 571
8 59 2227
8 60 996
8 61 619
8 62 2275
8 63 1044
8 64 667
8 65 2323
8 66 1092
8 67 715
8 68 2371
8 69 1140
8 70 763
8 71 2419
8 72 1188
8 73 811
8 74 2467
8 75 1236
8 76 859
8 77 2515
8 78 1284
8 79 907
8 80 2491
9 0 1973
9 1 286
9 2 963
9 3 1162
9 4 1764
9 5 1236
9 6 195
9 7 911
9 8 1372
9 9 0
9 10 1465
9 11 1227
9 12 1567
9 13 1514
9 14 1036
9 15 1216
9 16 91
9 17 1145
9 18 1307
9 19 182
9 20 1059
9 21 1948
9 22 1136
9 23 312
9 24 1753
9 25 1582
9 26 1853
9 27 622
9 28 609
9 29 1901
9 30 670
9 31 657
9 32 1949
9 33 718
9 34 705
9 35 1997
9 36 766
9 37 753
9 38 2045
9 39 814
9 40 801
9 41 2093
9 42 862
9 43 849
9 44 2141
9 45 910
9 46 897
9 47 2189
9 48 958
9 49 945
9 50 2237
9 51 1006
9 52 993
9 53 2285
9 54 1054
9 55 1041
9 56 2333
9 57 1102
9 58 1089
9 59 2381
9 60 1150
9 61 1137
9 62 2429
9 63 1198
9 64 1185
9 65 2477
9 66 1246
9 67 1233
9 68 2525
9 69 1294
9 70 1281
9 71 2573
9 72 1342
9 73 1329
9 74 2621
9 75 1390
9 76 1377
9 77 2669
9 78 1438
9 79 1425
9 80 1973
10 0 508
10 1 1751
10 2 1184
10 3 1383
10 4 299
10 5 1197
10 6 1660
10 7 1132
10 8 1983
10 9 1465
10 10 0
10 11 1110
10 12 1788
10 13 1111
10 14 429
10 15 1437
10 16 1374
10 17 1730
10 18 2048
10 19 1283
10 20 1280
10 21 869
10 22 1357
10 23 1153
10 24 1064
10 25 117
10 26 388
10 27 843
10 28 2074
10 29 436
10 30 891
10 31 2122
10 32 484
10 33 939
10 34 2170
10 35 532
10 36 987
10 37 2218
10 38 580
10 39 1035
10 40 2266
10 41 628
10 42 1083
10 43 2314
10 44 676
10 45 1131
10 46 2362
10 47 724
10 48 1179
10 49 2410
10 50 772
10 51 1227
10 52 2458
10 53 820
10 54 1275
10 55 2506
10 56 868
10 57 1323
10 58 2554
10 59 916
10 60 1371
10 61 2602
10 62 964
10 63 1419
10 64 2650
10 65 1012
10 66 1467
10 67 2698
10 68 1060
10 69 1515
10 70 2746
10 71 1108
10 72 1563
10 73 2794
10 74 1156
10 75 1611
10 76 2842
10 77 1204
10 78 1659
10 79 2890
10 80 508
11 0 842
11 1 1513
11 2 850
11 3 1049
11 4 811
11 5 1123
11 6 1422
11 7 798
11 8 1649
11 9 1227
11 10 1110
11 11 0
11 12 1454
11 13 1349
11 14 1019
11 15 1103
11 16 1136
11 17 1396
11 18 1714
11 19 1045
11 20 946
11 21 1107
11 22 1023
11 23 915
11 24 1302
11 25 993
11 26 722
11 27 605
11 28 1836
11 29 674
11 30 557
11 31 1788
11 32 722
11 33 605
11 34 1836
11 35 770
11 36 653
11 37 1884
11 38 818
11 39 701
11 40 1932
11 41 866
11 42 749
11 43 1980
11 44 914
11 45 797
11 46 2028
11 47 962
11 48 845
11 49 2076
11 50 1010
11 51 893
11 52 2124
11 53 1058
11 54 941
11 55 2172
11 56 1106
11 57 989
11 58 2220
11 59 1154
11 60 1037
11 61 2268
11 62 1202
11 63 1085
11 64 2316
11 65 1250
11 66 1133
11 67 2364
11 68 1298
11 69 1181
11 70 2412
11 71 1346
11 72 1229
11 73 2460
11 74 1394
11 75 1277
11 76 2508
11 77 1442
11 78 1325
11 79 2556
11 80 842
12 0 2296
12 1 1281
12 2 1094
12 3 1389
12 4 2087
12 5 1367
12 6 1372
12 7 1042
12 8 195
12 9 1567
12 10 1788
12 11 1454
12 12 0
12 13 1453
12 14 1359
12 15 351
12 16 1476
12 17 1302
12 18 260
12 19 1385
12 20 998
12 21 1695
12 22 1363
12 23 1255
12 24 1500
12 25 1905
12 26 2176
12 27 945
12 28 958
12 29 2128
12 30 897
12 31 910
12 32 2080
12 33 849
12 34 862
12 35 2032
12 36 801
12 37 814
12 38 1984
12 39 753
12 40 766
12 41 1936
12 42 705
12 43 718
12 44 1888
12 45 657
12 46 670
12 47 1840
12 48 609
12 49 622
12 50 1888
12 51 657
12 52 670
12 53 1936
12 54 705
12 55 718
12 56 1984
12 57 753
12 58 766
12 59 2032
12 60 801
12 61 814
12 62 2080
12 63 849
12 64 862
12 65 2128
12 66 897
12 67 910
12 68 2176
12 69 945
12 70 958
12 71 2224
12 72 993
12 73 1006
12 74 2272
12 75 1041
12 76 1054
12 77 2320
12 78 1089
12 79 1102
12 80 2296
13 0 843
13 1 1800
13 2 1041
13 3 1336
13 4 812
13 5 1314
13 6 1709
13 7 989
13 8 1648
13 9 1514
13 10 1111
13 11 1349
13 12 1453
13 13 0
13 14 1306
13 15 1102
13 16 1423
13 17 1587
13 18 1713
13 19 1332
13 20 455
13 21 820
13 22 1310
13 23 1202
13 24 1015
13 25 994
13 26 723
13 27 892
13 28 2123
13 29 675
13 30 844
13 31 2075
13 32 627
13 33 796
13 34 2027
13 35 579
13 36 748
13 37 1979
13 38 531
13 39 700
13 40 1931
13 41 579
13 42 748
13 43 1979
13 44 627
13 45 796
13 46 2027
13 47 675
13 48 844
13 49 2075
13 50 723
13 51 892
13 52 2123
13 53 771
13 54 940
13 55 2171
13 56 819
13 57 988
13 58 2219
13 59 867
13 60 1036
13 61 2267
13 62 915
13 63 1084
13 64 2315
13 65 963
13 66 1132
13 67 2363
13 68 1011
13 69 1180
13 70 2411
13 71 1059
13 72 1228
13 73 2459
13 74 1107
13 75 1276
13 76 2507
13 77 1155
13 78 1324
13 79 2555
13 80 843
14 0 937
14 1 1322
14 2 755
14 3 954
14 4 728
14 5 1028
14 6 1231
14 7 703
14 8 1554
14 9 1036
14 10 429
14 11 1019
14 12 1359
14 13 1306
14 14 0
14 15 1008
14 16 945
14 17 1301
14 18 1619
14 19 854
14 20 851
14 21 1298
14 22 928
14 23 724
14 24 1493
14 25 546
14 26 817
14 27 414
14 28 1645
14 29 865
14 30 462
14 31 1693
14 32 913
14 33 510
14 34 1741
14 35 961
14 36 558
14 37 1789
14 38 1009
14 39 606
14 40 1837
14 41 1057
14 42 654
14 43 1885
14 44 1105
14 45 702
14 46 1933
14 47 1153
14 48 750
14 49 1981
14 50 1201
14 51 798
14 52 2029
14 53 1249
14 54 846
14 55 2077
14 56 1297
14 57 894
14 58 2125
14 59 1345
14 60 942
14 61 2173
14 62 1393
14 63 990
14 64 2221
14 65 1441
14 66 1038
14 67 2269
14 68 1489
14 69 1086
14 70 2317
14 71 1537
14 72 1134
14 73 2365
14 74 1585
14 75 1182
14 76 2413
14 77 1633
14 78 1230
14 79 2461
14 80 937
15 0 1945
15 1 1502
15 2 743
15 3 1038
15 4 1736
15 5 1016
15 6 1411
15 7 691
15 8 546
15 9 1216
15 10 1437
15 11 1103
15 12 351
15 13 1102
15 14 1008
15 15 0
15 16 1125
15 17 1289
15 18 611
15 19 1034
15 20 647
15 21 1344
15 22 1012
15 23 904
15 24 1149
15 25 1554
15 26 1825
15 27 594
15 28 1309
15 29 1777
15 30 546
15 31 1261
15 32 1729
15 33 498
15 34 1213
15 35 1681
15 36 450
15 37 1165
15 38 1633
15 39 402
15 40 1117
15 41 1585
15 42 354
15 43 1069
15 44 1537
15 45 306
15 46 1021
15 47 1489
15 48 258
15 49 973
15 50 1537
15 51 306
15 52 1021
15 53 1585
15 54 354
15 55 1069
15 56 1633
15 57 402
15 58 1117
15 59 1681
15 60 450
15 61 1165
15 62 1729
15 63 498
15 64 1213
15 65 1777
15 66 546
15 67 1261
15 68 1825
15 69 594
15 70 1309
15 71 1873
15 72 642
15 73 1357
15 74 1921
15 75 690
15 76 1405
15 77 1969
15 78 738
15 79 1453
15 80 1945
16 0 1882
16 1 377
16 2 872
16 3 1071
16 4 1673
16 5 1145
16 6 286
16 7 820
16 8 1463
16 9 91
16 10 1374
16 11 1136
16 12 1476
16 13 1423
16 14 945
16 15 1125
16 16 0
16 17 1236
16 18 1398
16 19 91
16 20 968
16 21 1857
16 22 1045
16 23 221
16 24 1662
16 25 1491
16 26 1762
16 27 531
16 28 700
16 29 1810
16 30 579
16 31 748
16 32 1858
16 33 627
16 34 796
16 35 1906
16 36 675
16 37 844
16 38 1954
16 39 723
16 40 892
16 41 2002
16 42 771
16 43 940
16 44 2050
16 45 819
16 46 988
16 47 2098
16 48 867
16 49 1036
16 50 2146
16 51 915
16 52 1084
16 53 2194
16 54 963
16 55 1132
16 56 2242
16 57 1011
16 58 1180
16 59 2290
16 60 1059
16 61 1228
16 62 2338
16 63 1107
16 64 1276
16 65 2386
16 66 1155
16 67 1324
16 68 2434
16 69 1203
16 70 1372
16 71 2482
16 72 1251
16 73 1420
16 74 2530
16 75 1299
16 76 1468
16 77 2578
16 78 1347
16 79 1516
16 80 1882
17 0 2238
17 1 859
17 2 1036
17 3 1227
17 4 2029
17 5 1309
17 6 950
17 7 984
17 8 1107
17 9 1145
17 10 1730
17 11 1396
17 12 1302
17 13 1587
17 14 1301
17 15 1289
17 16 1236
17 17 0
17 18 1042
17 19 1327
17 20 1132
17 21 2021
17 22 1253
17 23 1197
17 24 1826
17 25 1847
17 26 2118
17 27 887
17 28 536
17 29 2070
17 30 839
17 31 488
17 32 2022
17 33 791
17 34 440
17 35 2070
17 36 839
17 37 488
17 38 2118
17 39 887
17 40 536
17 41 2166
17 42 935
17 43 584
17 44 2214
17 45 983
17 46 632
17 47 2262
17 48 1031
17 49 680
17 50 2310
17 51 1079
17 52 728
17 53 2358
17 54 1127
17 55 776
17 56 2406
17 57 1175
17 58 824
17 59 2454
17 60 1223
17 61 872
17 62 2502
17 63 1271
17 64 920
17 65 2550
17 66 1319
17 67 968
17 68 2598
17 69 1367
17 70 1016
17 71 2646
17 72 1415
17 73 1064
17 74 2694
17 75 1463
17 76 1112
17 77 2742
17 78 1511
17 79 1160
17 80 2238
18 0 2556
18 1 1021
18 2 1354
18 3 1389
18 4 2347
18 5 1627
18 6 1112
18 7 1302
18 8 65
18 9 1307
18 10 2048
18 11 1714
18 12 260
18 13 1713
18 14 1619
18 15 611
18 16 1398
18 17 1042
18 18 0
18 19 1489
18 20 1258
18 21 1955
18 22 1415
18 23 1515
18 24 1760
18 25 2165
18 26 2436
18 27 1205
18 28 698
18 29 2388
18 30 1157
18 31 650
18 32 2340
18 33 1109
18 34 602
18 35 2292
18 36 1061
18 37 554
18 38 2244
18 39 1013
18 40 506
18 41 2196
18 42 965
18 43 458
18 44 2148
18 45 917
18 46 410
18 47 2100
18 48 869
18 49 362
18 50 2148
18 51 917
18 52 410
18 53 2196
18 54 965
18 55 458
18 56 2244
18 57 1013
18 58 506
18 59 2292
18 60 1061
18 61 554
18 62 2340
18 63 1109
18 64 602
18 65 2388
18 66 1157
18 67 650
18 68 2436
18 69 1205
18 70 698
18 71 2484
18 72 1253
18 73 746
18 74 2532
18 75 1301
18 76 794
18 77 2580
18 78 1349
18 79 842
18 80 2556
19 0 1791
19 1 468
19 2 781
19 3 980
19 4 1582
19 5 1054
19 6 377
19 7 729
19 8 1554
19 9 182
19 10 1283
19 11 1045
19 12 1385
19 13 1332
19 14 854
19 15 1034
19 16 91
19 17 1327
19 18 1489
19 19 0
19 20 877
19 21 1766
19 22 954
19 23 130
19 24 1571
19 25 1400
19 26 1671
19 27 440
19 28 791
19 29 1719
19 30 488
19 31 839
19 32 1767
19 33 536
19 34 887
19 35 1815
19 36 584
19 37 935
19 38 1863
19 39 632
19 40 983
19 41 1911
19 42 680
19 43 1031
19 44 1959
19 45 728
19 46 1079
19 47 2007
19 48 776
19 49 1127
19 50 2055
19 51 824
19 52 1175
19 53 2103
19 54 872
19 55 1223
19 56 2151
19 57 920
19 58 1271
19 59 2199
19 60 968
19 61 1319
19 62 2247
19 63 1016
19 64 1367
19 65 2295
19 66 1064
19 67 1415
19 68 2343
19 69 1112
19 70 1463
19 71 2391
19 72 1160
19 73 1511
19 74 2439
19 75 1208
19 76 1559
19 77 2487
19 78 1256
19 79 1607
19 80 1791
20 0 1298
20 1 1345
20 2 586
20 3 881
20 4 1267
20 5 859
20 6 1254
20 7 534
20 8 1193
20 9 1059
20 10 1280
20 11 946
20 12 998
20 13 455
20 14 851
20 15 647
20 16 968
20 17 1132
20 18 1258
20 19 877
20 20 0
20 21 1275
20 22 855
20 23 747
20 24 1184
20 25 1397
20 26 1178
20 27 437
20 28 1668
20 29 1130
20 30 389
20 31 1620
20 32 1082
20 33 341
20 34 1572
20 35 1034
20 36 293
20 37 1524
20 38 986
20 39 245
20 40 1476
20 41 1034
20 42 293
20 43 1524
20 44 1082
20 45 341
20 46 1572
20 47 1130
20 48 389
20 49 1620
20 50 1178
20 51 437
20 52 1668
20 53 1226
20 54 485
20 55 1716
20 56 1274
20 57 533
20 58 1764
20 59 1322
20 60 581
20 61 1812
20 62 1370
20 63 629
20 64 1860
20 65 1418
20 66 677
20 67 1908
20 68 1466
20 69 725
20 70 1956
20 71 1514
20 72 773
20 73 2004
20 74 1562
20 75 821
20 76 2052
20 77 1610
20 78 869
20 79 2100
20 80 1298
21 0 601
21 1 2234
21 2 1371
21 3 1770
21 4 570
21 5 1098
21 6 2143
21 7 1423
21 8 1890
21 9 1948
21 10 869
21 11 1107
21 12 1695
21 13 820
21 14 1298
21 15 1344
21 16 1857
21 17 2021
21 18 1955
21 19 1766
21 20 1275
21 21 0
21 22 1744
21 23 1636
21 24 195
21 25 752
21 26 481
21 27 1326
21 28 2557
21 29 433
21 30 1278
21 31 2509
21 32 385
21 33 1230
21 34 2461
21 35 337
21 36 1182
21 37 2413
21 38 289
21 39 1134
21 40 2365
21 41 241
21 42 1086
21 43 2317
21 44 193
21 45 1038
21 46 2269
21 47 241
21 48 1086
21 49 2317
21 50 289
21 51 1134
21 52 2365
21 53 337
21 54 1182
21 55 2413
21 56 385
21 57 1230
21 58 2461
21 59 433
21 60 1278
21 61 2509
21 62 481
21 63 1326
21 64 2557
21 65 529
21 66 1374
21 67 2605
21 68 577
21 69 1422
21 70 2653
21 71 625
21 72 1470
21 73 2701
21 74 673
21 75 1518
21 76 2749
21 77 721
21 78 1566
21 79 2797
21 80 601
22 0 1865
22 1 1136
22 2 759
22 3 26
22 4 1656
22 5 1032
22 6 1227
22 7 707
22 8 1480
22 9 1136
22 10 1357
22 11 1023
22 12 1363
22 13 1310
22 14 928
22 15 1012
22 16 1045
22 17 1253
22 18 1415
22 19 954
22 20 855
22 21 1744
22 22 0
22 23 824
22 24 1549
22 25 1474
22 26 1745
22 27 514
22 28 813
22 29 1697
22 30 466
22 31 765
22 32 1745
22 33 514
22 34 813
22 35 1793
22 36 562
22 37 861
22 38 1841
22 39 610
22 40 909
22 41 1889
22 42 658
22 43 957
22 44 1937
22 45 706
22 46 1005
22 47 1985
22 48 754
22 49 1053
22 50 2033
22 51 802
22 52 1101
22 53 2081
22 54 850
22 55 1149
22 56 2129
22 57 898
22 58 1197
22 59 2177
22 60 946
22 61 1245
22 62 2225
22 63 994
22 64 1293
22 65 2273
22 66 1042
22 67 1341
22 68 2321
22 69 1090
22 70 1389
22 71 2369
22 72 1138
22 73 1437
22 74 2417
22 75 1186
22 76 1485
22 77 2465
22 78 1234
22 79 1533
22 80 1865
23 0 1661
23 1 598
23 2 651
23 3 850
23 4 1452
23 5 924
23 6 507
23 7 599
23 8 1450
23 9 312
23 10 1153
23 11 915
23 12 1255
23 13 1202
23 14 724
23 15 904
23 16 221
23 17 1197
23 18 1515
23 19 130
23 20 747
23 21 1636
23 22 824
23 23 0
23 24 1441
23 25 1270
23 26 1541
23 27 310
23 28 921
23 29 1589
23 30 358
23 31 969
23 32 1637
23 33 406
23 34 1017
23 35 1685
23 36 454
23 37 1065
23 38 1733
23 39 502
23 40 1113
23 41 1781
23 42 550
23 43 1161
23 44 1829
23 45 598
23 46 1209
23 47 1877
23 48 646
23 49 1257
23 50 1925
23 51 694
23 52 1305
23 53 1973
23 54 742
23 55 1353
23 56 2021
23 57 790
23 58 1401
23 59 2069
23 60 838
23 61 1449
23 62 2117
23 63 886
23 64 1497
23 65 2165
23 66 934
23 67 1545
23 68 2213
23 69 982
23 70 1593
23 71 2261
23 72 1030
23 73 1641
23 74 2309
23 75 1078
23 76 1689
23 77 2357
23 78 1126
23 79 1737
23 80 1661
24 0 796
24 1 2039
24 2 1280
24 3 1575
24 4 765
24 5 1293
24 6 1948
24 7 1228
24 8 1695
24 9 1753
24 10 1064
24 11 1302
24 12 1500
24 13 1015
24 14 1493
24 15 1149
24 16 1662
24 17 1826
24 18 1760
24 19 1571
24 20 1184
24 21 195
24 22 1549
24 23 1441
24 24 0
24 25 947
24 26 676
24 27 1131
24 28 2362
24 29 628
24 30 1083
24 31 2314
24 32 580
24 33 1035
24 34 2266
24 35 532
24 36 987
24 37 2218
24 38 484
24 39 939
24 40 2170
24 41 436
24 42 891
24 43 2122
24 44 388
24 45 843
24 46 2074
24 47 436
24 48 891
24 49 2122
24 50 484
24 51 939
24 52 2170
24 53 532
24 54 987
24 55 2218
24 56 580
24 57 1035
24 58 2266
24 59 628
24 60 1083
24 61 2314
24 62 676
24 63 1131
24 64 2362
24 65 724
24 66 1179
24 67 2410
24 68 772
24 69 1227
24 70 2458
24 71 820
24 72 1275
24 73 2506
24 74 868
24 75 1323
24 76 2554
24 77 916
24 78 1371
24 79 2602
24 80 796
25 0 391
25 1 1868
25 2 1301
25 3 1500
25 4 182
25 5 1080
25 6 1777
25 7 1249
25 8 2100
25 9 1582
25 10 117
25 11 993
25 12 1905
25 13 994
25 14 546
25 15 1554
25 16 1491
25 17 1847
25 18 2165
25 19 1400
25 20 1397
25 21 752
25 22 1474
25 23 1270
25 24 947
25 25 0
25 26 271
25 27 960
25 28 2191
25 29 319
25 30 1008
25 31 2239
25 32 367
25 33 1056
25 34 2287
25 35 415
25 36 1104
25 37 2335
25 38 463
25 39 1152
25 40 2383
25 41 511
25 42 1200
25 43 2431
25 44 559
25 45 1248
25 46 2479
25 47 607
25 48 1296
25 49 2527
25 50 655
25 51 1344
25 52 2575
25 53 703
25 54 1392
25 55 2623
25 56 751
25 57 1440
25 58 2671
25 59 799
25 60 1488
25 61 2719
25 62 847
25 63 1536
25 64 2767
25 65 895
25 66 1584
25 67 2815
25 68 943
25 69 1632
25 70 2863
25 71 991
25 72 1680
25 73 2911
25 74 1039
25 75 1728
25 76 2959
25 77 1087
25 78 1776
25 79 3007
25 80 391
26 0 120
26 1 2139
26 2 1082
26 3 1771
26 4 89
26 5 809
26 6 2048
26 7 1134
26 8 2371
26 9 1853
26 10 388
26 11 722
26 12 2176
26 13 723
26 14 817
26 15 1825
26 16 1762
26 17 2118
26 18 2436
26 19 1671
26 20 1178
26 21 481
26 22 1745
26 23 1541
26 24 676
26 25 271
26 26 0
26 27 1231
26 28 2462
26 29 48
26 30 1279
26 31 2510
26 32 96
26 33 1327
26 34 2558
26 35 144
26 36 1375
26 37 2606
26 38 192
26 39 1423
26 40 2654
26 41 240
26 42 1471
26 43 2702
26 44 288
26 45 1519
26 46 2750
26 47 336
26 48 1567
26 49 2798
26 50 384
26 51 1615
26 52 2846
26 53 432
26 54 1663
26 55 2894
26 56 480
26 57 1711
26 58 2942
26 59 528
26 60 1759
26 61 2990
26 62 576
26 63 1807
26 64 3038
26 65 624
26 66 1855
26 67 3086
26 68 672
26 69 1903
26 70 3134
26 71 720
26 72 1951
26 73 3182
26 74 768
26 75 1999
26 76 3230
26 77 816
26 78 2047
26 79 3278
26 80 120
27 0 1351
27 1 908
27 2 341
27 3 540
27 4 1142
27 5 614
27 6 817
27 7 289
27 8 1140
27 9 622
27 10 843
27 11 605
27 12 945
27 13 892
27 14 414
27 15 594
27 16 531
27 17 887
27 18 1205
27 19 440
27 20 437
27 21 1326
27 22 514
27 23 310
27 24 1131
27 25 960
27 26 1231
27 27 0
27 28 1231
27 29 1279
27 30 48
27 31 1279
27 32 1327
27 33 96
27 34 1327
27 35 1375
27 36 144
27 37 1375
27 38 1423
27 39 192
27 40 1423
27 41 1471
27 42 240
27 43 1471
27 44 1519
27 45 288
27 46 1519
27 47 1567
27 48 336
27 49 1567
27 50 1615
27 51 384
27 52 1615
27 53 1663
27 54 432
27 55 1663
27 56 1711
27 57 480
27 58 1711
27 59 1759
27 60 528
27 61 1759
27 62 1807
27 63 576
27 64 1807
27 65 1855
27 66 624
27 67 1855
27 68 1903
27 69 672
27 70 1903
27 71 1951
27 72 720
27 73 1951
27 74 1999
27 75 768
27 76 1999
27 77 2047
27 78 816
27 79 2047
27 80 1351
28 0 2582
28 1 323
28 2 1572
28 3 787
28 4 2373
28 5 1845
28 6 414
28 7 1520
28 8 763
28 9 609
28 10 2074
28 11 1836
28 12 958
28 13 2123
28 14 1645
28 15 1309
28 16 700
28 17 536
28 18 698
28 19 791
28 20 1668
28 21 2557
28 22 813
28 23 921
28 24 2362
28 25 2191
28 26 2462
28 27 1231
28 28 0
28 29 2510
28 30 1279
28 31 48
28 32 2558
28 33 1327
28 34 96
28 35 2606
28 36 1375
28 37 144
28 38 2654
28 39 1423
28 40 192
28 41 2702
28 42 1471
28 43 240
28 44 2750
28 45 1519
28 46 288
28 47 2798
28 48 1567
28 49 336
28 50 2846
28 51 1615
28 52 384
28 53 2894
28 54 1663
28 55 432
28 56 2942
28 57 1711
28 58 480
28 59 2990
28 60 1759
28 61 528
28 62 3038
28 63 1807
28 64 576
28 65 3086
28 66 1855
28 67 624
28 68 3134
28 69 1903
28 70 672
28 71 3182
28 72 1951
28 73 720
28 74 3230
28 75 1999
28 76 768
28 77 3278
28 78 2047
28 79 816
28 80 2582
29 0 168
29 1 2187
29 2 1034
29 3 1723
29 4 137
29 5 761
29 6 2096
29 7 1086
29 8 2323
29 9 1901
29 10 436
29 11 674
29 12 2128
29 13 675
29 14 865
29 15 1777
29 16 1810
29 17 2070
29 18 2388
29 19 1719
29 20 1130
29 21 433
29 22 1697
29 23 1589
29 24 628
29 25 319
29 26 48
29 27 1279
29 28 2510
29 29 0
29 30 1231
29 31 2462
29 32 48
29 33 1279
29 34 2510
29 35 96
29 36 1327
29 37 2558
29 38 144
29 39 1375
29 40 2606
29 41 192
29 42 1423
29 43 2654
29 44 240
29 45 1471
29 46 2702
29 47 288
29 48 1519
29 49 2750
29 50 336
29 51 1567
29 52 2798
29 53 384
29 54 1615
29 55 2846
29 56 432
29 57 1663
29 58 2894
29 59 480
29 60 1711
29 61 2942
29 62 528
29 63 1759
29 64 2990
29 65 576
29 66 1807
29 67 3038
29 68 624
29 69 1855
29 70 3086
29 71 672
29 72 1903
29 73 3134
29 74 720
29 75 1951
29 76 3182
29 77 768
29 78 1999
29 79 3230
29 80 168
30 0 1399
30 1 956
30 2 293
30 3 492
30 4 1190
30 5 566
30 6 865
30 7 241
30 8 1092
30 9 670
30 10 891
30 11 557
30 12 897
30 13 844
30 14 462
30 15 546
30 16 579
30 17 839
30 18 1157
30 19 488
30 20 389
30 21 1278
30 22 466
30 23 358
30 24 1083
30 25 1008
30 26 1279
30 27 48
30 28 1279
30 29 1231
30 30 0
30 31 1231
30 32 1279
30 33 48
30 34 1279
30 35 1327
30 36 96
30 37 1327
30 38 1375
30 39 144
30 40 1375
30 41 1423
30 42 192
30 43 1423
30 44 1471
30 45 240
30 46 1471
30 47 1519
30 48 288
30 49 1519
30 50 1567
30 51 336
30 52 1567
30 53 1615
30 54 384
30 55 1615
30 56 1663
30 57 432
30 58 1663
30 59 1711
30 60 480
30 61 1711
30 62 1759
30 63 528
30 64 1759
30 65 1807
30 66 576
30 67 1807
30 68 1855
30 69 624
30 70 1855
30 71 1903
30 72 672
30 73 1903
30 74 1951
30 75 720
30 76 1951
30 77 1999
30 78 768
30 79 1999
30 80 1399
31 0 2630
31 1 371
31 2 1524
31 3 739
31 4 2421
31 5 1797
31 6 462
31 7 1472
31 8 715
31 9 657
31 10 2122
31 11 1788
31 12 910
31 13 2075
31 14 1693
31 15 1261
31 16 748
31 17 488
31 18 650
31 19 839
31 20 1620
31 21 2509
31 22 765
31 23 969
31 24 2314
31 25 2239
31 26 2510
31 27 1279
31 28 48
31 29 2462
31 30 1231
31 31 0
31 32 2510
31 33 1279
31 34 48
31 35 2558
31 36 1327
31 37 96
31 38 2606
31 39 1375
31 40 144
31 41 2654
31 42 1423
31 43 192
31 44 2702
31 45 1471
31 46 240
31 47 2750
31 48 1519
31 49 288
31 50 2798
31 51 1567
31 52 336
31 53 2846
31 54 1615
31 55 384
31 56 2894
31 57 1663
31 58 432
31 59 2942
31 60 1711
31 61 480
31 62 2990
31 63 1759
31 64 528
31 65 3038
31 66 1807
31 67 576
31 68 3086
31 69 1855
31 70 624
31 71 3134
31 72 1903
31 73 672
31 74 3182
31 75 1951
31 76 720
31 77 3230
31 78 1999
31 79 768
31 80 2630
32 0 216
32 1 2235
32 2 986
32 3 1771
32 4 185
32 5 713
32 6 2144
32 7 1038
32 8 2275
32 9 1949
32 10 484
32 11 722
32 12 2080
32 13 627
32 14 913
32 15 1729
32 16 1858
32 17 2022
32 18 2340
32 19 1767
32 20 1082
32 21 385
32 22 1745
32 23 1637
32 24 580
32 25 367
32 26 96
32 27 1327
32 28 2558
32 29 48
32 30 1279
32 31 2510
32 32 0
32 33 1231
32 34 2462
32 35 48
32 36 1279
32 37 2510
32 38 96
32 39 1327
32 40 2558
32 41 144
32 42 1375
32 43 2606
32 44 192
32 45 1423
32 46 2654
32 47 240
32 48 1471
32 49 2702
32 50 288
32 51 1519
32 52 2750
32 53 336
32 54 1567
32 55 2798
32 56 384
32 57 1615
32 58 2846
32 59 432
32 60 1663
32 61 2894
32 62 480
32 63 1711
32 64 2942
32 65 528
32 66 1759
32 67 2990
32 68 576
32 69 1807
32 70 3038
32 71 624
32 72 1855
32 73 3086
32 74 672
32 75 1903
32 76 3134
32 77 720
32 78 1951
32 79 3182
32 80 216
33 0 1447
33 1 1004
33 2 245
33 3 540
33 4 1238
33 5 518
33 6 913
33 7 193
33 8 1044
33 9 718
33 10 939
33 11 605
33 12 849
33 13 796
33 14 510
33 15 498
33 16 627
33 17 791
33 18 1109
33 19 536
33 20 341
33 21 1230
33 22 514
33 23 406
33 24 1035
33 25 1056
33 26 1327
33 27 96
33 28 1327
33 29 1279
33 30 48
33 31 1279
33 32 1231
33 33 0
33 34 1231
33 35 1279
33 36 48
33 37 1279
33 38 1327
33 39 96
33 40 1327
33 41 1375
33 42 144
33 43 1375
33 44 1423
33 45 192
33 46 1423
33 47 1471
33 48 240
33 49 1471
33 50 1519
33 51 288
33 52 1519
33 53 1567
33 54 336
33 55 1567
33 56 1615
33 57 384
33 58 1615
33 59 1663
33 60 432
33 61 1663
33 62 1711
33 63 480
33 64 1711
33 65 1759
33 66 528
33 67 1759
33 68 1807
33 69 576
33 70 1807
33 71 1855
33 72 624
33 73 1855
33 74 1903
33 75 672
33 76 1903
33 77 1951
33 78 720
33 79 1951
33 80 1447
34 0 2678
34 1 419
34 2 1476
34 3 787
34 4 2469
34 5 1749
34 6 510
34 7 1424
34 8 667
34 9 705
34 10 2170
34 11 1836
34 12 862
34 13 2027
34 14 1741
34 15 1213
34 16 796
34 17 440
34 18 602
34 19 887
34 20 1572
34 21 2461
34 22 813
34 23 1017
34 24 2266
34 25 2287
34 26 2558
34 27 1327
34 28 96
34 29 2510
34 30 1279
34 31 48
34 32 2462
34 33 1231
34 34 0
34 35 2510
34 36 1279
34 37 48
34 38 2558
34 39 1327
34 40 96
34 41 2606
34 42 1375
34 43 144
34 44 2654
34 45 1423
34 46 192
34 47 2702
34 48 1471
34 49 240
34 50 2750
34 51 1519
34 52 288
34 53 2798
34 54 1567
34 55 336
34 56 2846
34 57 1615
34 58 384
34 59 2894
34 60 1663
34 61 432
34 62 2942
34 63 1711
34 64 480
34 65 2990
34 66 1759
34 67 528
34 68 3038
34 69 1807
34 70 576
34 71 3086
34 72 1855
34 73 624
34 74 3134
34 75 1903
34 76 672
34 77 3182
34 78 1951
34 79 720
34 80 2678
35 0 264
35 1 2283
35 2 1034
35 3 1819
35 4 233
35 5 761
35 6 2192
35 7 1086
35 8 2227
35 9 1997
35 10 532
35 11 770
35 12 2032
35 13 579
35 14 961
35 15 1681
35 16 1906
35 17 2070
35 18 2292
35 19 1815
35 20 1034
35 21 337
35 22 1793
35 23 1685
35 24 532
35 25 415
35 26 144
35 27 1375
35 28 2606
35 29 96
35 30 1327
35 31 2558
35 32 48
35 33 1279
35 34 2510
35 35 0
35 36 1231
35 37 2462
35 38 48
35 39 1279
35 40 2510
35 41 96
35 42 1327
35 43 2558
35 44 144
35 45 1375
35 46 2606
35 47 192
35 48 1423
35 49 2654
35 50 240
35 51 1471
35 52 2702
35 53 288
35 54 1519
35 55 2750
35 56 336
35 57 1567
35 58 2798
35 59 384
35 60 1615
35 61 2846
35 62 432
35 63 1663
35 64 2894
35 65 480
35 66 1711
35 67 2942
35 68 528
35 69 1759
35 70 2990
35 71 576
35 72 1807
35 73 3038
35 74 624
35 75 1855
35 76 3086
35 77 672
35 78 1903
35 79 3134
35 80 264
36 0 1495
36 1 1052
36 2 293
36 3 588
36 4 1286
36 5 566
36 6 961
36 7 241
36 8 996
36 9 766
36 10 987
36 11 653
36 12 801
36 13 748
36 14 558
36 15 450
36 16 675
36 17 839
36 18 1061
36 19 584
36 20 293
36 21 1182
36 22 562
36 23 454
36 24 987
36 25 1104
36 26 1375
36 27 144
36 28 1375
36 29 1327
36 30 96
36 31 1327
36 32 1279
36 33 48
36 34 1279
36 35 1231
36 36 0
36 37 1231
36 38 1279
36 39 48
36 40 1279
36 41 1327
36 42 96
36 43 1327
36 44 1375
36 45 144
36 46 1375
36 47 1423
36 48 192
36 49 1423
36 50 1471
36 51 240
36 52 1471
36 53 1519
36 54 288
36 55 1519
36 56 1567
36 57 336
36 58 1567
36 59 1615
36 60 384
36 61 1615
36 62 1663
36 63 432
36 64 1663
36 65 1711
36 66 480
36 67 1711
36 68 1759
36 69 528
36 70 1759
36 71 1807
36 72 576
36 73 1807
36 74 1855
36 75 624
36 76 1855
36 77 1903
36 78 672
36 79 1903
36 80 1495
37 0 2726
37 1 467
37 2 1524
37 3 835
37 4 2517
37 5 1797
37 6 558
37 7 1472
37 8 619
37 9 753
37 10 2218
37 11 1884
37 12 814
37 13 1979
37 14 1789
37 15 1165
37 16 844
37 17 488
37 18 554
37 19 935
37 20 1524
37 21 2413
37 22 861
37 23 1065
37 24 2218
37 25 2335
37 26 2606
37 27 1375
37 28 144
37 29 2558
37 30 1327
37 31 96
37 32 2510
37 33 1279
37 34 48
37 35 2462
37 36 1231
37 37 0
37 38 2510
37 39 1279
37 40 48
37 41 2558
37 42 1327
37 43 96
37 44 2606
37 45 1375
37 46 144
37 47 2654
37 48 1423
37 49 192
37 50 2702
37 51 1471
37 52 240
37 53 2750
37 54 1519
37 55 288
37 56 2798
37 57 1567
37 58 336
37 59 2846
37 60 1615
37 61 384
37 62 2894
37 63 1663
37 64 432
37 65 2942
37 66 1711
37 67 480
37 68 2990
37 69 1759
37 70 528
37 71 3038
37 72 1807
37 73 576
37 74 3086
37 75 1855
37 76 624
37 77 3134
37 78 1903
37 79 672
37 80 2726
38 0 312
38 1 2331
38 2 1082
38 3 1867
38 4 281
38 5 809
38 6 2240
38 7 1134
38 8 2179
38 9 2045
38 10 580
38 11 818
38 12 1984
38 13 531
38 14 1009
38 15 1633
38 16 1954
38 17 2118
38 18 2244
38 19 1863
38 20 986
38 21 289
38 22 1841
38 23 1733
38 24 484
38 25 463
38 26 192
38 27 1423
38 28 2654
38 29 144
38 30 1375
38 31 2606
38 32 96
38 33 1327
38 34 2558
38 35 48
38 36 1279
38 37 2510
38 38 0
38 39 1231
38 40 2462
38 41 48
38 42 1279
38 43 2510
38 44 96
38 45 1327
38 46 2558
38 47 144
38 48 1375
38 49 2606
38 50 192
38 51 1423
38 52 2654
38 53 240
38 54 1471
38 55 2702
38 56 288
38 57 1519
38 58 2750
38 59 336
38 60 1567
38 61 2798
38 62 384
38 63 1615
38 64 2846
38 65 432
38 66 1663
38 67 2894
38 68 480
38 69 1711
38 70 2942
38 71 528
38 72 1759
38 73 2990
38 74 576
38 75 1807
38 76 3038
38 77 624
38 78 1855
38 79 3086
38 80 312
39 0 1543
39 1 1100
39 2 341
39 3 636
39 4 1334
39 5 614
39 6 1009
39 7 289
39 8 948
39 9 814
39 10 1035
39 11 701
39 12 753
39 13 700
39 14 606
39 15 402
39 16 723
39 17 887
39 18 1013
39 19 632
39 20 245
39 21 1134
39 22 610
39 23 502
39 24 939
39 25 1152
39 26 1423
39 27 192
39 28 1423
39 29 1375
39 30 144
39 31 1375
39 32 1327
39 33 96
39 34 1327
39 35 1279
39 36 48
39 37 1279
39 38 1231
39 39 0
39 40 1231
39 41 1279
39 42 48
39 43 1279
39 44 1327
39 45 96
39 46 1327
39 47 1375
39 48 144
39 49 1375
39 50 1423
39 51 192
39 52 1423
39 53 1471
39 54 240
39 55 1471
39 56 1519
39 57 288
39 58 1519
39 59 1567
39 60 336
39 61 1567
39 62 1615
39 63 384
39 64 1615
39 65 1663
39 66 432
39 67 1663
39 68 1711
39 69 480
39 70 1711
39 71 1759
39 72 528
39 73 1759
39 74 1807
39 75 576
39 76 1807
39 77 1855
39 78 624
39 79 1855
39 80 1543
40 0 2774
40 1 515
40 2 1572
40 3 883
40 4 2565
40 5 1845
40 6 606
40 7 1520
40 8 571
40 9 801
40 10 2266
40 11 1932
40 12 766
40 13 1931
40 14 1837
40 15 1117
40 16 892
40 17 536
40 18 506
40 19 983
40 20 1476
40 21 2365
40 22 909
40 23 1113
40 24 2170
40 25 2383
40 26 2654
40 27 1423
40 28 192
40 29 2606
40 30 1375
40 31 144
40 32 2558
40 33 1327
40 34 96
40 35 2510
40 36 1279
40 37 48
40 38 2462
40 39 1231
40 40 0
40 41 2510
40 42 1279
40 43 48
40 44 2558
40 45 1327
40 46 96
40 47 2606
40 48 1375
40 49 144
40 50 2654
40 51 1423
40 52 192
40 53 2702
40 54 1471
40 55 240
40 56 2750
40 57 1519
40 58 288
40 59 2798
40 60 1567
40 61 336
40 62 2846
40 63 1615
40 64 384
40 65 2894
40 66 1663
40 67 432
40 68 2942
40 69 1711
40 70 480
40 71 2990
40 72 1759
40 73 528
40 74 3038
40 75 1807
40 76 576
40 77 3086
40 78 1855
40 79 624
40 80 2774
41 0 360
41 1 2379
41 2 1130
41 3 1915
41 4 329
41 5 857
41 6 2288
41 7 1182
41 8 2131
41 9 2093
41 10 628
41 11 866
41 12 1936
41 13 579
41 14 1057
41 15 1585
41 16 2002
41 17 2166
41 18 2196
41 19 1911
41 20 1034
41 21 241
41 22 1889
41 23 1781
41 24 436
41 25 511
41 26 240
41 27 1471
41 28 2702
41 29 192
41 30 1423
41 31 2654
41 32 144
41 33 1375
41 34 2606
41 35 96
41 36 1327
41 37 2558
41 38 48
41 39 1279
41 40 2510
41 41 0
41 42 1231
41 43 2462
41 44 48
41 45 1279
41 46 2510
41 47 96
41 48 1327
41 49 2558
41 50 144
41 51 1375
41 52 2606
41 53 192
41 54 1423
41 55 2654
41 56 240
41 57 1471
41 58 2702
41 59 288
41 60 1519
41 61 2750
41 62 336
41 63 1567
41 64 2798
41 65 384
41 66 1615
41 67 2846
41 68 432
41 69 1663
41 70 2894
41 71 480
41 72 1711
41 73 2942
41 74 528
41 75 1759
41 76 2990
41 77 576
41 78 1807
41 79 3038
41 80 360
42 0 1591
42 1 1148
42 2 389
42 3 684
42 4 1382
42 5 662
42 6 1057
42 7 337
42 8 900
42 9 862
42 10 1083
42 11 749
42 12 705
42 13 748
42 14 654
42 15 354
42 16 771
42 17 935
42 18 965
42 19 680
42 20 293
42 21 1086
42 22 658
42 23 550
42 24 891
42 25 1200
42 26 1471
42 27 240
42 28 1471
42 29 1423
42 30 192
42 31 1423
42 32 1375
42 33 144
42 34 1375
42 35 1327
42 36 96
42 37 1327
42 38 1279
42 39 48
42 40 1279
42 41 1231
42 42 0
42 43 1231
42 44 1279
42 45 48
42 46 1279
42 47 1327
42 48 96
42 49 1327
42 50 1375
42 51 144
42 52 1375
42 53 1423
42 54 192
42 55 1423
42 56 1471
42 57 240
42 58 1471
42 59 1519
42 60 288
42 61 1519
42 62 1567
42 63 336
42 64 1567
42 65 1615
42 66 384
42 67 1615
42 68 1663
42 69 432
42 70 1663
42 71 1711
42 72 480
42 73 1711
42 74 1759
42 75 528
42 76 1759
42 77 1807
42 78 576
42 79 1807
42 80 1591
43 0 2822
43 1 563
43 2 1620
43 3 931
43 4 2613
43 5 1893
43 6 654
43 7 1568
43 8 523
43 9 849
43 10 2314
43 11 1980
43 12 718
43 13 1979
43 14 1885
43 15 1069
43 16 940
43 17 584
43 18 458
43 19 1031
43 20 1524
43 21 2317
43 22 957
43 23 1161
43 24 2122
43 25 2431
43 26 2702
43 27 1471
43 28 240
43 29 2654
43 30 1423
43 31 192
43 32 2606
43 33 1375
43 34 144
43 35 2558
43 36 1327
43 37 96
43 38 2510
43 39 1279
43 40 48
43 41 2462
43 42 1231
43 43 0
43 44 2510
43 45 1279
43 46 48
43 47 2558
43 48 1327
43 49 96
43 50 2606
43 51 1375
43 52 144
43 53 2654
43 54 1423
43 55 192
43 56 2702
43 57 1471
43 58 240
43 59 2750
43 60 1519
43 61 288
43 62 2798
43 63 1567
43 64 336
43 65 2846
43 66 1615
43 67 384
43 68 2894
43 69 1663
43 70 432
43 71 2942
43 72 1711
43 73 480
43 74 2990
43 75 1759
43 76 528
43 77 3038
43 78 1807
43 79 576
43 80 2822
44 0 408
44 1 2427
44 2 1178
44 3 1963
44 4 377
44 5 905
44 6 2336
44 7 1230
44 8 2083
44 9 2141
44 10 676
44 11 914
44 12 1888
44 13 627
44 14 1105
44 15 1537
44 16 2050
44 17 2214
44 18 2148
44 19 1959
44 20 1082
44 21 193
44 22 1937
44 23 1829
44 24 388
44 25 559
44 26 288
44 27 1519
44 28 2750
44 29 240
44 30 1471
44 31 2702
44 32 192
44 33 1423
44 34 2654
44 35 144
44 36 1375
44 37 2606
44 38 96
44 39 1327
44 40 2558
44 41 48
44 42 1279
44 43 2510
44 44 0
44 45 1231
44 46 2462
44 47 48
44 48 1279
44 49 2510
44 50 96
44 51 1327
44 52 2558
44 53 144
44 54 1375
44 55 2606
44 56 192
44 57 1423
44 58 2654
44 59 240
44 60 1471
44 61 2702
44 62 288
44 63 1519
44 64 2750
44 65 336
44 66 1567
44 67 2798
44 68 384
44 69 1615
44 70 2846
44 71 432
44 72 1663
44 73 2894
44 74 480
44 75 1711
44 76 2942
44 77 528
44 78 1759
44 79 2990
44 80 408
45 0 1639
45 1 1196
45 2 437
45 3 732
45 4 1430
45 5 710
45 6 1105
45 7 385
45 8 852
45 9 910
45 10 1131
45 11 797
45 12 657
45 13 796
45 14 702
45 15 306
45 16 819
45 17 983
45 18 917
45 19 728
45 20 341
45 21 1038
45 22 706
45 23 598
45 24 843
45 25 1248
45 26 1519
45 27 288
45 28 1519
45 29 1471
45 30 240
45 31 1471
45 32 1423
45 33 192
45 34 1423
45 35 1375
45 36 144
45 37 1375
45 38 1327
45 39 96
45 40 1327
45 41 1279
45 42 48
45 43 1279
45 44 1231
45 45 0
45 46 1231
45 47 1279
45 48 48
45 49 1279
45 50 1327
45 51 96
45 52 1327
45 53 1375
45 54 144
45 55 1375
45 56 1423
45 57 192
45 58 1423
45 59 1471
45 60 240
45 61 1471
45 62 1519
45 63 288
45 64 1519
45 65 1567
45 66 336
45 67 1567
45 68 1615
45 69 384
45 70 1615
45 71 1663
45 72 432
45 73 1663
45 74 1711
45 75 480
45 76 1711
45 77 1759
45 78 528
45 79 1759
45 80 1639
46 0 2870
46 1 611
46 2 1668
46 3 979
46 4 2661
46 5 1941
46 6 702
46 7 1616
46 8 475
46 9 897
46 10 2362
46 11 2028
46 12 670
46 13 2027
46 14 1933
46 15 1021
46 16 988
46 17 632
46 18 410
46 19 1079
46 20 1572
46 21 2269
46 22 1005
46 23 1209
46 24 2074
46 25 2479
46 26 2750
46 27 1519
46 28 288
46 29 2702
46 30 1471
46 31 240
46 32 2654
46 33 1423
46 34 192
46 35 2606
46 36 1375
46 37 144
46 38 2558
46 39 1327
46 40 96
46 41 2510
46 42 1279
46 43 48
46 44 2462
46 45 1231
46 46 0
46 47 2510
46 48 1279
46 49 48
46 50 2558
46 51 1327
46 52 96
46 53 2606
46 54 1375
46 55 144
46 56 2654
46 57 1423
46 58 192
46 59 2702
46 60 1471
46 61 240
46 62 2750
46 63 1519
46 64 288
46 65 2798
46 66 1567
46 67 336
46 68 2846
46 69 1615
46 70 384
46 71 2894
46 72 1663
46 73 432
46 74 2942
46 75 1711
46 76 480
46 77 2990
46 78 1759
46 79 528
46 80 2870
47 0 456
47 1 2475
47 2 1226
47 3 2011
47 4 425
47 5 953
47 6 2384
47 7 1278
47 8 2035
47 9 2189
47 10 724
47 11 962
47 12 1840
47 13 675
47 14 1153
47 15 1489
47 16 2098
47 17 2262
47 18 2100
47 19 2007
47 20 1130
47 21 241
47 22 1985
47 23 1877
47 24 436
47 25 607
47 26 336
47 27 1567
47 28 2798
47 29 288
47 30 1519
47 31 2750
47 32 240
47 33 1471
47 34 2702
47 35 192
47 36 1423
47 37 2654
47 38 144
47 39 1375
47 40 2606
47 41 96
47 42 1327
47 43 2558
47 44 48
47 45 1279
47 46 2510
47 47 0
47 48 1231
47 49 2462
47 50 48
47 51 1279
47 52 2510
47 53 96
47 54 1327
47 55 2558
47 56 144
47 57 1375
47 58 2606
47 59 192
47 60 1423
47 61 2654
47 62 240
47 63 1471
47 64 2702
47 65 288
47 66 1519
47 67 2750
47 68 336
47 69 1567
47 70 2798
47 71 384
47 72 1615
47 73 2846
47 74 432
47 75 1663
47 76 2894
47 77 480
47 78 1711
47 79 2942
47 80 456
48 0 1687
48 1 1244
48 2 485
48 3 780
48 4 1478
48 5 758
48 6 1153
48 7 433
48 8 804
48 9 958
48 10 1179
48 11 845
48 12 609
48 13 844
48 14 750
48 15 258
48 16 867
48 17 1031
48 18 869
48 19 776
48 20 389
48 21 1086
48 22 754
48 23 646
48 24 891
48 25 1296
48 26 1567
48 27 336
48 28 1567
48 29 1519
48 30 288
48 31 1519
48 32 1471
48 33 240
48 34 1471
48 35 1423
48 36 192
48 37 1423
48 38 1375
48 39 144
48 40 1375
48 41 1327
48 42 96
48 43 1327
48 44 1279
48 45 48
48 46 1279
48 47 1231
48 48 0
48 49 1231
48 50 1279
48 51 48
48 52 1279
48 53 1327
48 54 96
48 55 1327
48 56 1375
48 57 144
48 58 1375
48 59 1423
48 60 192
48 61 1423
48 62 1471
48 63 240
48 64 1471
48 65 1519
48 66 288
48 67 1519
48 68 1567
48 69 336
48 70 1567
48 71 1615
48 72 384
48 73 1615
48 74 1663
48 75 432
48 76 1663
48 77 1711
48 78 480
48 79 1711
48 80 1687
49 0 2918
49 1 659
49 2 1716
49 3 1027
49 4 2709
49 5 1989
49 6 750
49 7 1664
49 8 427
49 9 945
49 10 2410
49 11 2076
49 12 622
49 13 2075
49 14 1981
49 15 973
49 16 1036
49 17 680
49 18 362
49 19 1127
49 20 1620
49 21 2317
49 22 1053
49 23 1257
49 24 2122
49 25 2527
49 26 2798
49 27 1567
49 28 336
49 29 2750
49 30 1519
49 31 288
49 32 2702
49 33 1471
49 34 240
49 35 2654
49 36 1423
49 37 192
49 38 2606
49 39 1375
49 40 144
49 41 2558
49 42 1327
49 43 96
49 44 2510
49 45 1279
49 46 48
49 47 2462
49 48 1231
49 49 0
49 50 2510
49 51 1279
49 52 48
49 53 2558
49 54 1327
49 55 96
49 56 2606
49 57 1375
49 58 144
49 59 2654
49 60 1423
49 61 192
49 62 2702
49 63 1471
49 64 240
49 65 2750
49 66 1519
49 67 288
49 68 2798
49 69 1567
49 70 336
49 71 2846
49 72 1615
49 73 384
49 74 2894
49 75 1663
49 76 432
49 77 2942
49 78 1711
49 79 480
49 80 2918
50 0 504
50 1 2523
50 2 1274
50 3 2059
50 4 473
50 5 1001
50 6 2432
50 7 1326
50 8 2083
50 9 2237
50 10 772
50 11 1010
50 12 1888
50 13 723
50 14 1201
50 15 1537
50 16 2146
50 17 2310
50 18 2148
50 19 2055
50 20 1178
50 21 289
50 22 2033
50 23 1925
50 24 484
50 25 655
50 26 384
50 27 1615
50 28 2846
50 29 336
50 30 1567
50 31 2798
50 32 288
50 33 1519
50 34 2750
50 35 240
50 36 1471
50 37 2702
50 38 192
50 39 1423
50 40 2654
50 41 144
50 42 1375
50 43 2606
50 44 96
50 45 1327
50 46 2558
50 47 48
50 48 1279
50 49 2510
50 50 0
50 51 1231
50 52 2462
50 53 48
50 54 1279
50 55 2510
50 56 96
50 57 1327
50 58 2558
50 59 144
50 60 1375
50 61 2606
50 62 192
50 63 1423
50 64 2654
50 65 240
50 66 1471
50 67 2702
50 68 288
50 69 1519
50 70 2750
50 71 336
50 72 1567
50 73 2798
50 74 384
50 75 1615
50 76 2846
50 77 432
50 78 1663
50 79 2894
50 80 504
51 0 1735
51 1 1292
51 2 533
51 3 828
51 4 1526
51 5 806
51 6 1201
51 7 481
51 8 852
51 9 1006
51 10 1227
51 11 893
51 12 657
51 13 892
51 14 798
51 15 306
51 16 915
51 17 1079
51 18 917
51 19 824
51 20 437
51 21 1134
51 22 802
51 23 694
51 24 939
51 25 1344
51 26 1615
51 27 384
51 28 1615
51 29 1567
51 30 336
51 31 1567
51 32 1519
51 33 288
51 34 1519
51 35 1471
51 36 240
51 37 1471
51 38 1423
51 39 192
51 40 1423
51 41 1375
51 42 144
51 43 1375
51 44 1327
51 45 96
51 46 1327
51 47 1279
51 48 48
51 49 1279
51 50 1231
51 51 0
51 52 1231
51 53 1279
51 54 48
51 55 1279
51 56 1327
51 57 96
51 58 1327
51 59 1375
51 60 144
51 61 1375
51 62 1423
51 63 192
51 64 1423
51 65 1471
51 66 240
51 67 1471
51 68 1519
51 69 288
51 70 1519
51 71 1567
51 72 336
51 73 1567
51 74 1615
51 75 384
51 76 1615
51 77 1663
51 78 432
51 79 1663
51 80 1735
52 0 2966
52 1 707
52 2 1764
52 3 1075
52 4 2757
52 5 2037
52 6 798
52 7 1712
52 8 475
52 9 993
52 10 2458
52 11 2124
52 12 670
52 13 2123
52 14 2029
52 15 1021
52 16 1084
52 17 728
52 18 410
52 19 1175
52 20 1668
52 21 2365
52 22 1101
52 23 1305
52 24 2170
52 25 2575
52 26 2846
52 27 1615
52 28 384
52 29 2798
52 30 1567
52 31 336
52 32 2750
52 33 1519
52 34 288
52 35 2702
52 36 1471
52 37 240
52 38 2654
52 39 1423
52 40 192
52 41 2606
52 42 1375
52 43 144
52 44 2558
52 45 1327
52 46 96
52 47 2510
52 48 1279
52 49 48
52 50 2462
52 51 1231
52 52 0
52 53 2510
52 54 1279
52 55 48
52 56 2558
52 57 1327
52 58 96
52 59 2606
52 60 1375
52 61 144
52 62 2654
52 63 1423
52 64 192
52 65 2702
52 66 1471
52 67 240
52 68 2750
52 69 1519
52 70 288
52 71 2798
52 72 1567
52 73 336
52 74 2846
52 75 1615
52 76 384
52 77 2894
52 78 1663
52 79 432
52 80 2966
53 0 552
53 1 2571
53 2 1322
53 3 2107
53 4 521
53 5 1049
53 6 2480
53 7 1374
53 8 2131
53 9 2285
53 10 820
53 11 1058
53 12 1936
53 13 771
53 14 1249
53 15 1585
53 16 2194
53 17 2358
53 18 2196
53 19 2103
53 20 1226
53 21 337
53 22 2081
53 23 1973
53 24 532
53 25 703
53 26 432
53 27 1663
53 28 2894
53 29 384
53 30 1615
53 31 2846
53 32 336
53 33 1567
53 34 2798
53 35 288
53 36 1519
53 37 2750
53 38 240
53 39 1471
53 40 2702
53 41 192
53 42 1423
53 43 2654
53 44 144
53 45 1375
53 46 2606
53 47 96
53 48 1327
53 49 2558
53 50 48
53 51 1279
53 52 2510
53 53 0
53 54 1231
53 55 2462
53 56 48
53 57 1279
53 58 2510
53 59 96
53 60 1327
53 61 2558
53 62 144
53 63 1375
53 64 2606
53 65 192
53 66 1423
53 67 2654
53 68 240
53 69 1471
53 70 2702
53 71 288
53 72 1519
53 73 2750
53 74 336
53 75 1567
53 76 2798
53 77 384
53 78 1615
53 79 2846
53 80 552
54 0 1783
54 1 1340
54 2 581
54 3 876
54 4 1574
54 5 854
54 6 1249
54 7 529
54 8 900
54 9 1054
54 10 1275
54 11 941
54 12 705
54 13 940
54 14 846
54 15 354
54 16 963
54 17 1127
54 18 965
54 19 872
54 20 485
54 21 1182
54 22 850
54 23 742
54 24 987
54 25 1392
54 26 1663
54 27 432
54 28 1663
54 29 1615
54 30 384
54 31 1615
54 32 1567
54 33 336
54 34 1567
54 35 1519
54 36 288
54 37 1519
54 38 1471
54 39 240
54 40 1471
54 41 1423
54 42 192
54 43 1423
54 44 1375
54 45 144
54 46 1375
54 47 1327
54 48 96
54 49 1327
54 50 1279
54 51 48
54 52 1279
54 53 1231
54 54 0
54 55 1231
54 56 1279
54 57 48
54 58 1279
54 59 1327
54 60 96
54 61 1327
54 62 1375
54 63 144
54 64 1375
54 65 1423
54 66 192
54 67 1423
54 68 1471
54 69 240
54 70 1471
54 71 1519
54 72 288
54 73 1519
54 74 1567
54 75 336
54 76 1567
54 77 1615
54 78 384
54 79 1615
54 80 1783
55 0 3014
55 1 755
55 2 1812
55 3 1123
55 4 2805
55 5 2085
55 6 846
55 7 1760
55 8 523
55 9 1041
55 10 2506
55 11 2172
55 12 718
55 13 2171
55 14 2077
55 15 1069
55 16 1132
55 17 776
55 18 458
55 19 1223
55 20 1716
55 21 2413
55 22 1149
55 23 1353
55 24 2218
55 25 2623
55 26 2894
55 27 1663
55 28 432
55 29 2846
55 30 1615
55 31 384
55 32 2798
55 33 1567
55 34 336
55 35 2750
55 36 1519
55 37 288
55 38 2702
55 39 1471
55 40 240
55 41 2654
55 42 1423
55 43 192
55 44 2606
55 45 1375
55 46 144
55 47 2558
55 48 1327
55 49 96
55 50 2510
55 51 1279
55 52 48
55 53 2462
55 54 1231
55 55 0
55 56 2510
55 57 1279
55 58 48
55 59 2558
55 60 1327
55 61 96
55 62 2606
55 63 1375
55 64 144
55 65 2654
55 66 1423
55 67 192
55 68 2702
55 69 1471
55 70 240
55 71 2750
55 72 1519
55 73 288
55 74 2798
55 75 1567
55 76 336
55 77 2846
55 78 1615
55 79 384
55 80 3014
56 0 600
56 1 2619
56 2 1370
56 3 2155
56 4 569
56 5 1097
56 6 2528
56 7 1422
56 8 2179
56 9 2333
56 10 868
56 11 1106
56 12 1984
56 13 819
56 14 1297
56 15 1633
56 16 2242
56 17 2406
56 18 2244
56 19 2151
56 20 1274
56 21 385
56 22 2129
56 23 2021
56 24 580
56 25 751
56 26 480
56 27 1711
56 28 2942
56 29 432
56 30 1663
56 31 2894
56 32 384
56 33 1615
56 34 2846
56 35 336
56 36 1567
56 37 2798
56 38 288
56 39 1519
56 40 2750
56 41 240
56 42 1471
56 43 2702
56 44 192
56 45 1423
56 46 2654
56 47 144
56 48 1375
56 49 2606
56 50 96
56 51 1327
56 52 2558
56 53 48
56 54 1279
56 55 2510
56 56 0
56 57 1231
56 58 2462
56 59 48
56 60 1279
56 61 2510
56 62 96
56 63 1327
56 64 2558
56 65 144
56 66 1375
56 67 2606
56 68 192
56 69 1423
56 70 2654
56 71 240
56 72 1471
56 73 2702
56 74 288
56 75 1519
56 76 2750
56 77 336
56 78 1567
56 79 2798
56 80 600
57 0 1831
57 1 1388
57 2 629
57 3 924
57 4 1622
57 5 902
57 6 1297
57 7 577
57 8 948
57 9 1102
57 10 1323
57 11 989
57 12 753
57 13 988
57 14 894
57 15 402
57 16 1011
57 17 1175
57 18 1013
57 19 920
57 20 533
57 21 1230
57 22 898
57 23 790
57 24 1035
57 25 1440
57 26 1711
57 27 480
57 28 1711
57 29 1663
57 30 432
57 31 1663
57 32 1615
57 33 384
57 34 1615
57 35 1567
57 36 336
57 37 1567
57 38 1519
57 39 288
57 40 1519
57 41 1471
57 42 240
57 43 1471
57 44 1423
57 45 192
57 46 1423
57 47 1375
57 48 144
57 49 1375
57 50 1327
57 51 96
57 52 1327
57 53 1279
57 54 48
57 55 1279
57 56 1231
57 57 0
57 58 1231
57 59 1279
57 60 48
57 61 1279
57 62 1327
57 63 96
57 64 1327
57 65 1375
57 66 144
57 67 1375
57 68 1423
57 69 192
57 70 1423
57 71 1471
57 72 240
57 73 1471
57 74 1519
57 75 288
57 76 1519
57 77 1567
57 78 336
57 79 1567
57 80 1831
58 0 3062
58 1 803
58 2 1860
58 3 1171
58 4 2853
58 5 2133
58 6 894
58 7 1808
58 8 571
58 9 1089
58 10 2554
58 11 2220
58 12 766
58 13 2219
58 14 2125
58 15 1117
58 16 1180
58 17 824
58 18 506
58 19 1271
58 20 1764
58 21 2461
58 22 1197
58 23 1401
58 24 2266
58 25 2671
58 26 2942
58 27 1711
58 28 480
58 29 2894
58 30 1663
58 31 432
58 32 2846
58 33 1615
58 34 384
58 35 2798
58 36 1567
58 37 336
58 38 2750
58 39 1519
58 40 288
58 41 2702
58 42 1471
58 43 240
58 44 2654
58 45 1423
58 46 192
58 47 2606
58 48 1375
58 49 144
58 50 2558
58 51 1327
58 52 96
58 53 2510
58 54 1279
58 55 48
58 56 2462
58 57 1231
58 58 0
58 59 2510
58 60 1279
58 61 48
58 62 2558
58 63 1327
58 64 96
58 65 2606
58 66 1375
58 67 144
58 68 2654
58 69 1423
58 70 192
58 71 2702
58 72 1471
58 73 240
58 74 2750
58 75 1519
58 76 288
58 77 2798
58 78 1567
58 79 336
58 80 3062
59 0 648
59 1 2667
59 2 1418
59 3 2203
59 4 617
59 5 1145
59 6 2576
59 7 1470
59 8 2227
59 9 2381
59 10 916
59 11 1154
59 12 2032
59 13 867
59 14 1345
59 15 1681
59 16 2290
59 17 2454
59 18 2292
59 19 2199
59 20 1322
59 21 433
59 22 2177
59 23 2069
59 24 628
59 25 799
59 26 528
59 27 1759
59 28 2990
59 29 480
59 30 1711
59 31 2942
59 32 432
59 33 1663
59 34 2894
59 35 384
59 36 1615
59 37 2846
59 38 336
59 39 1567
59 40 2798
59 41 288
59 42 1519
59 43 2750
59 44 240
59 45 1471
59 46 2702
59 47 192
59 48 1423
59 49 2654
59 50 144
59 51 1375
59 52 2606
59 53 96
59 54 1327
59 55 2558
59 56 48
59 57 1279
59 58 2510
59 59 0
59 60 1231
59 61 2462
59 62 48
59 63 1279
59 64 2510
59 65 96
59 66 1327
59 67 2558
59 68 144
59 69 1375
59 70 2606
59 71 192
59 72 1423
59 73 2654
59 74 240
59 75 1471
59 76 2702
59 77 288
59 78 1519
59 79 2750
59 80 648
60 0 1879
60 1 1436
60 2 677
60 3 972
60 4 1670
60 5 950
60 6 1345
60 7 625
60 8 996
60 9 1150
60 10 1371
60 11 1037
60 12 801
60 13 1036
60 14 942
60 15 450
60 16 1059
60 17 1223
60 18 1061
60 19 968
60 20 581
60 21 1278
60 22 946
60 23 838
60 24 1083
60 25 1488
60 26 1759
60 27 528
60 28 1759
60 29 1711
60 30 480
60 31 1711
60 32 1663
60 33 432
60 34 1663
60 35 1615
60 36 384
60 37 1615
60 38 1567
60 39 336
60 40 1567
60 41 1519
60 42 288
60 43 1519
60 44 1471
60 45 240
60 46 1471
60 47 1423
60 48 192
60 49 1423
60 50 1375
60 51 144
60 52 1375
60 53 1327
60 54 96
60 55 1327
60 56 1279
60 57 48
60 58 1279
60 59 1231
60 60 0
60 61 1231
60 62 1279
60 63 48
60 64 1279
60 65 1327
60 66 96
60 67 1327
60 68 1375
60 69 144
60 70 1375
60 71 1423
60 72 192
60 73 1423
60 74 1471
60 75 240
60 76 1471
60 77 1519
60 78 288
60 79 1519
60 80 1879
61 0 3110
61 1 851
61 2 1908
61 3 1219
61 4 2901
61 5 2181
61 6 942
61 7 1856
61 8 619
61 9 1137
61 10 2602
61 11 2268
61 12 814
61 13 2267
61 14 2173
61 15 1165
61 16 1228
61 17 872
61 18 554
61 19 1319
61 20 1812
61 21 2509
61 22 1245
61 23 1449
61 24 2314
61 25 2719
61 26 2990
61 27 1759
61 28 528
61 29 2942
61 30 1711
61 31 480
61 32 2894
61 33 1663
61 34 432
61 35 2846
61 36 1615
61 37 384
61 38 2798
61 39 1567
61 40 336
61 41 2750
61 42 1519
61 43 288
61 44 2702
61 45 1471
61 46 240
61 47 2654
61 48 1423
61 49 192
61 50 2606
61 51 1375
61 52 144
61 53 2558
61 54 1327
61 55 96
61 56 2510
61 57 1279
61 58 48
61 59 2462
61 60 1231
61 61 0
61 62 2510
61 63 1279
61 64 48
61 65 2558
61 66 1327
61 67 96
61 68 2606
61 69 1375
61 70 144
61 71 2654
61 72 1423
61 73 192
61 74 2702
61 75 1471
61 76 240
61 77 2750
61 78 1519
61 79 288
61 80 3110
62 0 696
62 1 2715
62 2 1466
62 3 2251
62 4 665
62 5 1193
62 6 2624
62 7 1518
62 8 2275
62 9 2429
62 10 964
62 11 1202
62 12 2080
62 13 915
62 14 1393
62 15 1729
62 16 2338
62 17 2502
62 18 2340
62 19 2247
62 20 1370
62 21 481
62 22 2225
62 23 2117
62 24 676
62 25 847
62 26 576
62 27 1807
62 28 3038
62 29 528
62 30 1759
62 31 2990
62 32 480
62 33 1711
62 34 2942
62 35 432
62 36 1663
62 37 2894
62 38 384
62 39 1615
62 40 2846
62 41 336
62 42 1567
62 43 2798
62 44 288
62 45 1519
62 46 2750
62 47 240
62 48 1471
62 49 2702
62 50 192
62 51 1423
62 52 2654
62 53 144
62 54 1375
62 55 2606
62 56 96
62 57 1327
62 58 2558
62 59 48
62 60 1279
62 61 2510
62 62 0
62 63 1231
62 64 2462
62 65 48
62 66 1279
62 67 2510
62 68 96
62 69 1327
62 70 2558
62 71 144
62 72 1375
62 73 2606
62 74 192
62 75 1423
62 76 2654
62 77 240
62 78 1471
62 79 2702
62 80 696
63 0 1927
63 1 1484
63 2 725
63 3 1020
63 4 1718
63 5 998
63 6 1393
63 7 673
63 8 1044
63 9 1198
63 10 1419
63 11 1085
63 12 849
63 13 1084
63 14 990
63 15 498
63 16 1107
63 17 1271
63 18 1109
63 19 1016
63 20 629
63 21 1326
63 22 994
63 23 886
63 24 1131
63 25 1536
63 26 1807
63 27 576
63 28 1807
63 29 1759
63 30 528
63 31 1759
63 32 1711
63 33 480
63 34 1711
63 35 1663
63 36 432
63 37 1663
63 38 1615
63 39 384
63 40 1615
63 41 1567
63 42 336
63 43 1567
63 44 1519
63 45 288
63 46 1519
63 47 1471
63 48 240
63 49 1471
63 50 1423
63 51 192
63 52 1423
63 53 1375
63 54 144
63 55 1375
63 56 1327
63 57 96
63 58 1327
63 59 1279
63 60 48
63 61 1279
63 62 1231
63 63 0
63 64 1231
63 65 1279
63 66 48
63 67 1279
63 68 1327
63 69 96
63 70 1327
63 71 1375
63 72 144
63 73 1375
63 74 1423
63 75 192
63 76 1423
63 77 1471
63 78 240
63 79 1471
63 80 1927
64 0 3158
64 1 899
64 2 1956
64 3 1267
64 4 2949
64 5 2229
64 6 990
64 7 1904
64 8 667
64 9 1185
64 10 2650
64 11 2316
64 12 862
64 13 2315
64 14 2221
64 15 1213
64 16 1276
64 17 920
64 18 602
64 19 1367
64 20 1860
64 21 2557
64 22 1293
64 23 1497
64 24 2362
64 25 2767
64 26 3038
64 27 1807
64 28 576
64 29 2990
64 30 1759
64 31 528
64 32 2942
64 33 1711
64 34 480
64 35 2894
64 36 1663
64 37 432
64 38 2846
64 39 1615
64 40 384
64 41 2798
64 42 1567
64 43 336
64 44 2750
64 45 1519
64 46 288
64 47 2702
64 48 1471
64 49 240
64 50 2654
64 51 1423
64 52 192
64 53 2606
64 54 1375
64 55 144
64 56 2558
64 57 1327
64 58 96
64 59 2510
64 60 1279
64 61 48
64 62 2462
64 63 1231
64 64 0
64 65 2510
64 66 1279
64 67 48
64 68 2558
64 69 1327
64 70 96
64 71 2606
64 72 1375
64 73 144
64 74 2654
64 75 1423
64 76 192
64 77 2702
64 78 1471
64 79 240
64 80 3158
65 0 744
65 1 2763
65 2 1514
65 3 2299
65 4 713
65 5 1241
65 6 2672
65 7 1566
65 8 2323
65 9 2477
65 10 1012
65 11 1250
65 12 2128
65 13 963
65 14 1441
65 15 1777
65 16 2386
65 17 2550
65 18 2388
65 19 2295
65 20 1418
65 21 529
65 22 2273
65 23 2165
65 24 724
65 25 895
65 26 624
65 27 1855
65 28 3086
65 29 576
65 30 1807
65 31 3038
65 32 528
65 33 1759
65 34 2990
65 35 480
65 36 1711
65 37 2942
65 38 432
65 39 1663
65 40 2894
65 41 384
65 42 1615
65 43 2846
65 44 336
65 45 1567
65 46 2798
65 47 288
65 48 1519
65 49 2750
65 50 240
65 51 1471
65 52 2702
65 53 192
65 54 1423
65 55 2654
65 56 144
65 57 1375
65 58 2606
65 59 96
65 60 1327
65 61 2558
65 62 48
65 63 1279
65 64 2510
65 65 0
65 66 1231
65 67 2462
65 68 48
65 69 1279
65 70 2510
65 71 96
65 72 1327
65 73 2558
65 74 144
65 75 1375
65 76 2606
65 77 192
65 78 1423
65 79 2654
65 80 744
66 0 1975
66 1 1532
66 2 773
66 3 1068
66 4 1766
66 5 1046
66 6 1441
66 7 721
66 8 1092
66 9 1246
66 10 1467
66 11 1133
66 12 897
66 13 1132
66 14 1038
66 15 546
66 16 1155
66 17 1319
66 18 1157
66 19 1064
66 20 677
66 21 1374
66 22 1042
66 23 934
66 24 1179
66 25 1584
66 26 1855
66 27 624
66 28 1855
66 29 1807
66 30 576
66 31 1807
66 32 1759
66 33 528
66 34 1759
66 35 1711
66 36 480
66 37 1711
66 38 1663
66 39 432
66 40 1663
66 41 1615
66 42 384
66 43 1615
66 44 1567
66 45 336
66 46 1567
66 47 1519
66 48 288
66 49 1519
66 50 1471
66 51 240
66 52 1471
66 53 1423
66 54 192
66 55 1423
66 56 1375
66 57 144
66 58 1375
66 59 1327
66 60 96
66 61 1327
66 62 1279
66 63 48
66 64 1279
66 65 1231
66 66 0
66 67 1231
66 68 1279
66 69 48
66 70 1279
66 71 1327
66 72 96
66 73 1327
66 74 1375
66 75 144
66 76 1375
66 77 1423
66 78 192
66 79 1423
66 80 1975
67 0 3206
67 1 947
67 2 2004
67 3 1315
67 4 2997
67 5 2277
67 6 1038
67 7 1952
67 8 715
67 9 1233
67 10 2698
67 11 2364
67 12 910
67 13 2363
67 14 2269
67 15 1261
67 16 1324
67 17 968
67 18 650
67 19 1415
67 20 1908
67 21 2605
67 22 1341
67 23 1545
67 24 2410
67 25 2815
67 26 3086
67 27 1855
67 28 624
67 29 3038
67 30 1807
67 31 576
67 32 2990
67 33 1759
67 34 528
67 35 2942
67 36 1711
67 37 480
67 38 2894
67 39 1663
67 40 432
67 41 2846
67 42 1615
67 43 384
67 44 2798
67 45 1567
67 46 336
67 47 2750
67 48 1519
67 49 288
67 50 2702
67 51 1471
67 52 240
67 53 2654
67 54 1423
67 55 192
67 56 2606
67 57 1375
67 58 144
67 59 2558
67 60 1327
67 61 96
67 62 2510
67 63 1279
67 64 48
67 65 2462
67 66 1231
67 67 0
67 68 2510
67 69 1279
67 70 48
67 71 2558
67 72 1327
67 73 96
67 74 2606
67 75 1375
67 76 144
67 77 2654
67 78 1423
67 79 192
67 80 3206
68 0 792
68 1 2811
68 2 1562
68 3 2347
68 4 761
68 5 1289
68 6 2720
68 7 1614
68 8 2371
68 9 2525
68 10 1060
68 11 1298
68 12 2176
68 13 1011
68 14 1489
68 15 1825
68 16 2434
68 17 2598
68 18 2436
68 19 2343
68 20 1466
68 21 577
68 22 2321
68 23 2213
68 24 772
68 25 943
68 26 672
68 27 1903
68 28 3134
68 29 624
68 30 1855
68 31 3086
68 32 576
68 33 1807
68 34 3038
68 35 528
68 36 1759
68 37 2990
68 38 480
68 39 1711
68 40 2942
68 41 432
68 42 1663
68 43 2894
68 44 384
68 45 1615
68 46 2846
68 47 336
68 48 1567
68 49 2798
68 50 288
68 51 1519
68 52 2750
68 53 240
68 54 1471
68 55 2702
68 56 192
68 57 1423
68 58 2654
68 59 144
68 60 1375
68 61 2606
68 62 96
68 63 1327
68 64 2558
68 65 48
68 66 1279
68 67 2510
68 68 0
68 69 1231
68 70 2462
68 71 48
68 72 1279
68 73 2510
68 74 96
68 75 1327
68 76 2558
68 77 144
68 78 1375
68 79 2606
68 80 792
69 0 2023
69 1 1580
69 2 821
69 3 1116
69 4 1814
69 5 1094
69 6 1489
69 7 769
69 8 1140
69 9 1294
69 10 1515
69 11 1181
69 12 945
69 13 1180
69 14 1086
69 15 594
69 16 1203
69 17 1367
69 18 1205
69 19 1112
69 20 725
69 21 1422
69 22 1090
69 23 982
69 24 1227
69 25 1632
69 26 1903
69 27 672
69 28 1903
69 29 1855
69 30 624
69 31 1855
69 32 1807
69 33 576
69 34 1807
69 35 1759
69 36 528
69 37 1759
69 38 1711
69 39 480
69 40 1711
69 41 1663
69 42 432
69 43 1663
69 44 1615
69 45 384
69 46 1615
69 47 1567
69 48 336
69 49 1567
69 50 1519
69 51 288
69 52 1519
69 53 1471
69 54 240
69 55 1471
69 56 1423
69 57 192
69 58 1423
69 59 1375
69 60 144
69 61 1375
69 62 1327
69 63 96
69 64 1327
69 65 1279
69 66 48
69 67 1279
69 68 1231
69 69 0
69 70 1231
69 71 1279
69 72 48
69 73 1279
69 74 1327
69 75 96
69 76 1327
69 77 1375
69 78 144
69 79 1375
69 80 2023
70 0 3254
70 1 995
70 2 2052
70 3 1363
70 4 3045
70 5 2325
70 6 1086
70 7 2000
70 8 763
70 9 1281
70 10 2746
70 11 2412
70 12 958
70 13 2411
70 14 2317
70 15 1309
70 16 1372
70 17 1016
70 18 698
70 19 1463
70 20 1956
70 21 2653
70 22 1389
70 23 1593
70 24 2458
70 25 2863
70 26 3134
70 27 1903
70 28 672
70 29 3086
70 30 1855
70 31 624
70 32 3038
70 33 1807
70 34 576
70 35 2990
70 36 1759
70 37 528
70 38 2942
70 39 1711
70 40 480
70 41 2894
70 42 1663
70 43 432
70 44 2846
70 45 1615
70 46 384
70 47 2798
70 48 1567
70 49 336
70 50 2750
70 51 1519
70 52 288
70 53 2702
70 54 1471
70 55 240
70 56 2654
70 57 1423
70 58 192
70 59 2606
70 60 1375
70 61 144
70 62 2558
70 63 1327
70 64 96
70 65 2510
70 66 1279
70 67 48
70 68 2462
70 69 1231
70 70 0
70 71 2510
70 72 1279
70 73 48
70 74 2558
70 75 1327
70 76 96
70 77 2606
70 78 1375
70 79 144
70 80 3254
71 0 840
71 1 2859
71 2 1610
71 3 2395
71 4 809
71 5 1337
71 6 2768
71 7 1662
71 8 2419
71 9 2573
71 10 1108
71 11 1346
71 12 2224
71 13 1059
71 14 1537
71 15 1873
71 16 2482
71 17 2646
71 18 2484
71 19 2391
71 20 1514
71 21 625
71 22 2369
71 23 2261
71 24 820
71 25 991
71 26 720
71 27 1951
71 28 3182
71 29 672
71 30 1903
71 31 3134
71 32 624
71 33 1855
71 34 3086
71 35 576
71 36 1807
71 37 3038
71 38 528
71 39 1759
71 40 2990
71 41 480
71 42 1711
71 43 2942
71 44 432
71 45 1663
71 46 2894
71 47 384
71 48 1615
71 49 2846
71 50 336
71 51 1567
71 52 2798
71 53 288
71 54 1519
71 55 2750
71 56 240
71 57 1471
71 58 2702
71 59 192
71 60 1423
71 61 2654
71 62 144
71 63 1375
71 64 2606
71 65 96
71 66 1327
71 67 2558
71 68 48
71 69 1279
71 70 2510
71 71 0
71 72 1231
71 73 2462
71 74 48
71 75 1279
71 76 2510
71 77 96
71 78 1327
71 79 2558
71 80 840
72 0 2071
72 1 1628
72 2 869
72 3 1164
72 4 1862
72 5 1142
72 6 1537
72 7 817
72 8 1188
72 9 1342
72 10 1563
72 11 1229
72 12 993
72 13 1228
72 14 1134
72 15 642
72 16 1251
72 17 1415
72 18 1253
72 19 1160
72 20 773
72 21 1470
72 22 1138
72 23 1030
72 24 1275
72 25 1680
72 26 1951
72 27 720
72 28 1951
72 29 1903
72 30 672
72 31 1903
72 32 1855
72 33 624
72 34 1855
72 35 1807
72 36 576
72 37 1807
72 38 1759
72 39 528
72 40 1759
72 41 1711
72 42 480
72 43 1711
72 44 1663
72 45 432
72 46 1663
72 47 1615
72 48 384
72 49 1615
72 50 1567
72 51 336
72 52 1567
72 53 1519
72 54 288
72 55 1519
72 56 1471
72 57 240
72 58 1471
72 59 1423
72 60 192
72 61 1423
72 62 1375
72 63 144
72 64 1375
72 65 1327
72 66 96
72 67 1327
72 68 1279
72 69 48
72 70 1279
72 71 1231
72 72 0
72 73 1231
72 74 1279
72 75 48
72 76 1279
72 77 1327
72 78 96
72 79 1327
72 80 2071
73 0 3302
73 1 1043
73 2 2100
73 3 1411
73 4 3093
73 5 2373
73 6 1134
73 7 2048
73 8 811
73 9 1329
73 10 2794
73 11 2460
73 12 1006
73 13 2459
73 14 2365
73 15 1357
73 16 1420
73 17 1064
73 18 746
73 19 1511
73 20 2004
73 21 2701
73 22 1437
73 23 1641
73 24 2506
73 25 2911
73 26 3182
73 27 1951
73 28 720
73 29 3134
73 30 1903
73 31 672
73 32 3086
73 33 1855
73 34 624
73 35 3038
73 36 1807
73 37 576
73 38 2990
73 39 1759
73 40 528
73 41 2942
73 42 1711
73 43 480
73 44 2894
73 45 1663
73 46 432
73 47 2846
73 48 1615
73 49 384
73 50 2798
73 51 1567
73 52 336
73 53 2750
73 54 1519
73 55 288
73 56 2702
73 57 1471
73 58 240
73 59 2654
73 60 1423
73 61 192
73 62 2606
73 63 1375
73 64 144
73 65 2558
73 66 1327
73 67 96
73 68 2510
73 69 1279
73 70 48
73 71 2462
73 72 1231
73 73 0
73 74 2510
73 75 1279
73 76 48
73 77 2558
73 78 1327
73 79 96
73 80 3302
74 0 888
74 1 2907
74 2 1658
74 3 2443
74 4 857
74 5 1385
74 6 2816
74 7 1710
74 8 2467
74 9 2621
74 10 1156
74 11 1394
74 12 2272
74 13 1107
74 14 1585
74 15 1921
74 16 2530
74 17 2694
74 18 2532
74 19 2439
74 20 1562
74 21 673
74 22 2417
74 23 2309
74 24 868
74 25 1039
74 26 768
74 27 1999
74 28 3230
74 29 720
74 30 1951
74 31 3182
74 32 672
74 33 1903
74 34 3134
74 35 624
74 36 1855
74 37 3086
74 38 576
74 39 1807
74 40 3038
74 41 528
74 42 1759
74 43 2990
74 44 480
74 45 1711
74 46 2942
74 47 432
74 48 1663
74 49 2894
74 50 384
74 51 1615
74 52 2846
74 53 336
74 54 1567
74 55 2798
74 56 288
74 57 1519
74 58 2750
74 59 240
74 60 1471
74 61 2702
74 62 192
74 63 1423
74 64 2654
74 65 144
74 66 1375
74 67 2606
74 68 96
74 69 1327
74 70 2558
74 71 48
74 72 1279
74 73 2510
74 74 0
74 75 1231
74 76 2462
74 77 48
74 78 1279
74 79 2510
74 80 888
75 0 2119
75 1 1676
75 2 917
75 3 1212
75 4 1910
75 5 1190
75 6 1585
75 7 865
75 8 1236
75 9 1390
75 10 1611
75 11 1277
75 12 1041
75 13 1276
75 14 1182
75 15 690
75 16 1299
75 17 1463
75 18 1301
75 19 1208
75 20 821
75 21 1518
75 22 1186
75 23 1078
75 24 1323
75 25 1728
75 26 1999
75 27 768
75 28 1999
75 29 1951
75 30 720
75 31 1951
75 32 1903
75 33 672
75 34 1903
75 35 1855
75 36 624
75 37 1855
75 38 1807
75 39 576
75 40 1807
75 41 1759
75 42 528
75 43 1759
75 44 1711
75 45 480
75 46 1711
75 47 1663
75 48 432
75 49 1663
75 50 1615
75 51 384
75 52 1615
75 53 1567
75 54 336
75 55 1567
75 56 1519
75 57 288
75 58 1519
75 59 1471
75 60 240
75 61 1471
75 62 1423
75 63 192
75 64 1423
75 65 1375
75 66 144
75 67 1375
75 68 1327
75 69 96
75 70 1327
75 71 1279
75 72 48
75 73 1279
75 74 1231
75 75 0
75 76 1231
75 77 1279
75 78 48
75 79 1279
75 80 2119
76 0 3350
76 1 1091
76 2 2148
76 3 1459
76 4 3141
76 5 2421
76 6 1182
76 7 2096
76 8 859
76 9 1377
76 10 2842
76 11 2508
76 12 1054
76 13 2507
76 14 2413
76 15 1405
76 16 1468
76 17 1112
76 18 794
76 19 1559
76 20 2052
76 21 2749
76 22 1485
76 23 1689
76 24 2554
76 25 2959
76 26 3230
76 27 1999
76 28 768
76 29 3182
76 30 1951
76 31 720
76 32 3134
76 33 1903
76 34 672
76 35 3086
76 36 1855
76 37 624
76 38 3038
76 39 1807
76 40 576
76 41 2990
76 42 1759
76 43 528
76 44 2942
76 45 1711
76 46 480
76 47 2894
76 48 1663
76 49 432
76 50 2846
76 51 1615
76 52 384
76 53 2798
76 54 1567
76 55 336
76 56 2750
76 57 1519
76 58 288
76 59 2702
76 60 1471
76 61 240
76 62 2654
76 63 1423
76 64 192
76 65 2606
76 66 1375
76 67 144
76 68 2558
76 69 1327
76 70 96
76 71 2510
76 72 1279
76 73 48
76 74 2462
76 75 1231
76 76 0
76 77 2510
76 78 1279
76 79 48
76 80 3350
77 0 936
77 1 2955
77 2 1706
77 3 2491
77 4 905
77 5 1433
77 6 2864
77 7 1758
77 8 2515
77 9 2669
77 10 1204
77 11 1442
77 12 2320
77 13 1155
77 14 1633
77 15 1969
77 16 2578
77 17 2742
77 18 2580
77 19 2487
77 20 1610
77 21 721
77 22 2465
77 23 2357
77 24 916
77 25 1087
77 26 816
77 27 2047
77 28 3278
77 29 768
77 30 1999
77 31 3230
77 32 720
77 33 1951
77 34 3182
77 35 672
77 36 1903
77 37 3134
77 38 624
77 39 1855
77 40 3086
77 41 576
77 42 1807
77 43 3038
77 44 528
77 45 1759
77 46 2990
77 47 480
77 48 1711
77 49 2942
77 50 432
77 51 1663
77 52 2894
77 53 384
77 54 1615
77 55 2846
77 56 336
77 57 1567
77 58 2798
77 59 288
77 60 1519
77 61 2750
77 62 240
77 63 1471
77 64 2702
77 65 192
77 66 1423
77 67 2654
77 68 144
77 69 1375
77 70 2606
77 71 96
77 72 1327
77 73 2558
77 74 48
77 75 1279
77 76 2510
77 77 0
77 78 1231
77 79 2462
77 80 936
78 0 2167
78 1 1724
78 2 965
78 3 1260
78 4 1958
78 5 1238
78 6 1633
78 7 913
78 8 1284
78 9 1438
78 10 1659
78 11 1325
78 12 1089
78 13 1324
78 14 1230
78 15 738
78 16 1347
78 17 1511
78 18 1349
78 19 1256
78 20 869
78 21 1566
78 22 1234
78 23 1126
78 24 1371
78 25 1776
78 26 2047
78 27 816
78 28 2047
78 29 1999
78 30 768
78 31 1999
78 32 1951
78 33 720
78 34 1951
78 35 1903
78 36 672
78 37 1903
78 38 1855
78 39 624
78 40 1855
78 41 1807
78 42 576
78 43 1807
78 44 1759
78 45 528
78 46 1759
78 47 1711
78 48 480
78 49 1711
78 50 1663
78 51 432
78 52 1663
78 53 1615
78 54 384
78 55 1615
78 56 1567
78 57 336
78 58 1567
78 59 1519
78 60 288
78 61 1519
78 62 1471
78 63 240
78 64 1471
78 65 1423
78 66 192
78 67 1423
78 68 1375
78 69 144
78 70 1375
78 71 1327
78 72 96
78 73 1327
78 74 1279
78 75 48
78 76 1279
78 77 1231
78 78 0
78 79 1231
78 80 2167
79 0 3398
79 1 1139
79 2 2196
79 3 1507
79 4 3189
79 5 2469
79 6 1230
79 7 2144
79 8 907
79 9 1425
79 10 2890
79 11 2556
79 12 1102
79 13 2555
79 14 2461
79 15 1453
79 16 1516
79 17 1160
79 18 842
79 19 1607
79 20 2100
79 21 2797
79 22 1533
79 23 1737
79 24 2602
79 25 3007
79 26 3278
79 27 2047
79 28 816
79 29 3230
79 30 1999
79 31 768
79 32 3182
79 33 1951
79 34 720
79 35 3134
79 36 1903
79 37 672
79 38 3086
79 39 1855
79 40 624
79 41 3038
79 42 1807
79 43 576
79 44 2990
79 45 1759
79 46 528
79 47 2942
79 48 1711
79 49 480
79 50 2894
79 51 1663
79 52 432
79 53 2846
79 54 1615
79 55 384
79 56 2798
79 57 1567
79 58 336
79 59 2750
79 60 1519
79 61 288
79 62 2702
79 63 1471
79 64 240
79 65 2654
79 66 1423
79 67 192
79 68 2606
79 69 1375
79 70 144
79 71 2558
79 72 1327
79 73 96
79 74 2510
79 75 1279
79 76 48
79 77 2462
79 78 1231
79 79 0
79 80 3398
80 0 0
80 1 2259
80 2 1202
80 3 1891
80 4 209
80 5 929
80 6 2168
80 7 1254
80 8 2491
80 9 1973
80 10 508
80 11 842
80 12 2296
80 13 843
80 14 937
80 15 1945
80 16 1882
80 17 2238
80 18 2556
80 19 1791
80 20 1298
80 21 601
80 22 1865
80 23 1661
80 24 796
80 25 391
80 26 120
80 27 1351
80 28 2582
80 29 168
80 30 1399
80 31 2630
80 32 216
80 33 1447
80 34 2678
80 35 264
80 36 1495
80 37 2726
80 38 312
80 39 1543
80 40 2774
80 41 360
80 42 1591
80 43 2822
80 44 408
80 45 1639
80 46 2870
80 47 456
80 48 1687
80 49 2918
80 50 504
80 51 1735
80 52 2966
80 53 552
80 54 1783
80 55 3014
80 56 600
80 57 1831
80 58 3062
80 59 648
80 60 1879
80 61 3110
80 62 696
80 63 1927
80 64 3158
80 65 744
80 66 1975
80 67 3206
80 68 792
80 69 2023
80 70 3254
80 71 840
80 72 2071
80 73 3302
80 74 888
80 75 2119
80 76 3350
80 77 936
80 78 2167
80 79 3398
80 80 0
//Location coordinates LocationName
//Loc x y
0 0.0 0.0 "depot"
1 0.0 2259.0 "product aisle 0 bloc 1 rank 135"
2 96.0 1106.0 "product aisle 2 bloc 0 rank 148"
3 48.0 1843.0 "product aisle 1 bloc 1 rank 71"
4 0.0 209.0 "product aisle 0 bloc 0 rank 9"
5 96.0 833.0 "product aisle 2 bloc 0 rank 106"
6 0.0 2168.0 "product aisle 0 bloc 1 rank 121"
7 96.0 1158.0 "product aisle 2 bloc 0 rank 156"
8 336.0 2155.0 "product aisle 7 bloc 1 rank 120"
9 0.0 1973.0 "product aisle 0 bloc 1 rank 91"
10 0.0 508.0 "product aisle 0 bloc 0 rank 56"
11 48.0 794.0 "product aisle 1 bloc 0 rank 100"
12 336.0 1960.0 "product aisle 7 bloc 1 rank 89"
13 192.0 651.0 "product aisle 4 bloc 0 rank 78"
14 0.0 937.0 "product aisle 0 bloc 0 rank 122"
15 336.0 1609.0 "product aisle 7 bloc 1 rank 35"
16 0.0 1882.0 "product aisle 0 bloc 1 rank 77"
17 96.0 2142.0 "product aisle 2 bloc 1 rank 118"
18 336.0 2220.0 "product aisle 7 bloc 1 rank 129"
19 0.0 1791.0 "product aisle 0 bloc 1 rank 64"
20 192.0 1106.0 "product aisle 4 bloc 0 rank 147"
21 288.0 313.0 "product aisle 6 bloc 0 rank 25"
22 48.0 1817.0 "product aisle 1 bloc 1 rank 67"
23 0.0 1661.0 "product aisle 0 bloc 1 rank 43"
24 288.0 508.0 "product aisle 6 bloc 0 rank 56"
25 0.0 391.0 "product aisle 0 bloc 0 rank 38"
26 24.0 120.0 "intersection aisle 0 bloc 0 rank 0"
27 24.0 1351.0 "intersection aisle 0 bloc 1 rank 1"
28 24.0 2582.0 "intersection aisle 0 bloc 2 rank 2"
29 72.0 120.0 "intersection aisle 1 bloc 0 rank 0"
30 72.0 1351.0 "intersection aisle 1 bloc 1 rank 1"
31 72.0 2582.0 "intersection aisle 1 bloc 2 rank 2"
32 120.0 120.0 "intersection aisle 2 bloc 0 rank 0"
33 120.0 1351.0 "intersection aisle 2 bloc 1 rank 1"
34 120.0 2582.0 "intersection aisle 2 bloc 2 rank 2"
35 168.0 120.0 "intersection aisle 3 bloc 0 rank 0"
36 168.0 1351.0 "intersection aisle 3 bloc 1 rank 1"
37 168.0 2582.0 "intersection aisle 3 bloc 2 rank 2"
38 216.0 120.0 "intersection aisle 4 bloc 0 rank 0"
39 216.0 1351.0 "intersection aisle 4 bloc 1 rank 1"
40 216.0 2582.0 "intersection aisle 4 bloc 2 rank 2"
41 264.0 120.0 "intersection aisle 5 bloc 0 rank 0"
42 264.0 1351.0 "intersection aisle 5 bloc 1 rank 1"
43 264.0 2582.0 "intersection aisle 5 bloc 2 rank 2"
44 312.0 120.0 "intersection aisle 6 bloc 0 rank 0"
45 312.0 1351.0 "intersection aisle 6 bloc 1 rank 1"
46 312.0 2582.0 "intersection aisle 6 bloc 2 rank 2"
47 360.0 120.0 "intersection aisle 7 bloc 0 rank 0"
48 360.0 1351.0 "intersection aisle 7 bloc 1 rank 1"
49 360.0 2582.0 "intersection aisle 7 bloc 2 rank 2"
50 408.0 120.0 "intersection aisle 8 bloc 0 rank 0"
51 408.0 1351.0 "intersection aisle 8 bloc 1 rank 1"
52 408.0 2582.0 "intersection aisle 8 bloc 2 rank 2"
53 456.0 120.0 "intersection aisle 9 bloc 0 rank 0"
54 456.0 1351.0 "intersection aisle 9 bloc 1 rank 1"
55 456.0 2582.0 "intersection aisle 9 bloc 2 rank 2"
56 504.0 120.0 "intersection aisle 10 bloc 0 rank 0"
57 504.0 1351.0 "intersection aisle 10 bloc 1 rank 1"
58 504.0 2582.0 "intersection aisle 10 bloc 2 rank 2"
59 552.0 120.0 "intersection aisle 11 bloc 0 rank 0"
60 552.0 1351.0 "intersection aisle 11 bloc 1 rank 1"
61 552.0 2582.0 "intersection aisle 11 bloc 2 rank 2"
62 600.0 120.0 "intersection aisle 12 bloc 0 rank 0"
63 600.0 1351.0 "intersection aisle 12 bloc 1 rank 1"
64 600.0 2582.0 "intersection aisle 12 bloc 2 rank 2"
65 648.0 120.0 "intersection aisle 13 bloc 0 rank 0"
66 648.0 1351.0 "intersection aisle 13 bloc 1 rank 1"
67 648.0 2582.0 "intersection aisle 13 bloc 2 rank 2"
68 696.0 120.0 "intersection aisle 14 bloc 0 rank 0"
69 696.0 1351.0 "intersection aisle 14 bloc 1 rank 1"
70 696.0 2582.0 "intersection aisle 14 bloc 2 rank 2"
71 744.0 120.0 "intersection aisle 15 bloc 0 rank 0"
72 744.0 1351.0 "intersection aisle 15 bloc 1 rank 1"
73 744.0 2582.0 "intersection aisle 15 bloc 2 rank 2"
74 792.0 120.0 "intersection aisle 16 bloc 0 rank 0"
75 792.0 1351.0 "intersection aisle 16 bloc 1 rank 1"
76 792.0 2582.0 "intersection aisle 16 bloc 2 rank 2"
77 840.0 120.0 "intersection aisle 17 bloc 0 rank 0"
78 840.0 1351.0 "intersection aisle 17 bloc 1 rank 1"
79 840.0 2582.0 "intersection aisle 17 bloc 2 rank 2"
80 0.0 0.0 "depot"
