//alpha
1
//NbLocations
62
//NbProducts
25
//NbPickers
2
//CapaPicker
4
//TimeToTravelOneDistanceUnit
3
//SetupTime
5400
//PickTime
300
//Products
//Idx Location Size
1 1 1
2 2 1
3 3 1
4 4 1
5 5 1
6 6 1
7 7 1
8 8 1
9 9 1
10 10 1
11 11 1
12 12 1
13 13 1
14 14 1
15 15 1
16 16 1
17 17 1
18 18 1
19 19 1
20 20 1
21 21 1
22 22 1
23 23 1
24 24 1
25 25 1
//Orders
//NbOrders
12
//Idx DueDate TardinessPenalty NbProdInOrder ProdIdx1 Qty1 ProdIdx2 Qty2 ...
1 108000 0 1 1 1
2 90000 0 3 2 1 3 1 4 1
3 36000 0 2 5 1 6 1
4 108000 0 2 7 1 8 1
5 72000 0 4 9 1 10 1 11 1 12 1
6 144000 0 1 13 1
7 72000 0 1 14 1
8 90000 0 1 15 1
9 72000 0 1 16 1
10 144000 0 2 17 1 18 1
11 126000 0 3 19 1 20 1 21 1
12 54000 0 4 22 1 23 1 24 1 25 1
//Graph (Products are vertices indexed from 1 to NbProducts)
//NbVerticesIntersections
36
//DepartingDepot
0
//ArrivalDepot
62
//Arcs
//Start End Distance
0 26 120
1 21 13
1 27 674
2 14 208
2 31 128
3 4 91
3 19 117
4 3 91
4 8 26
5 39 154
5 40 687
6 32 349
6 33 492
7 45 258
7 46 583
8 4 26
8 26 128
9 17 26
9 42 167
10 15 299
10 33 323
11 19 247
11 23 26
12 22 221
12 29 63
13 25 195
13 30 102
14 2 208
14 30 505
15 10 299
15 34 219
16 35 466
16 36 375
17 9 26
17 43 648
18 41 440
18 42 401
19 3 117
19 11 247
20 21 78
20 28 76
21 1 13
21 20 78
22 12 221
22 25 260
23 11 26
23 27 206
24 36 232
24 37 609
25 13 195
25 22 260
26 8 128
26 29 48
26 62 120
27 1 674
27 23 206
27 30 48
28 20 76
28 31 48
29 12 63
29 26 48
29 32 48
30 13 102
30 14 505
30 27 48
30 33 48
31 2 128
31 28 48
31 34 48
32 6 349
32 29 48
32 35 48
33 6 492
33 10 323
33 30 48
33 36 48
34 15 219
34 31 48
34 37 48
35 16 466
35 32 48
35 38 48
36 16 375
36 24 232
36 33 48
36 39 48
37 24 609
37 34 48
37 40 48
38 35 48
38 39 841
38 41 48
39 5 154
39 36 48
39 38 841
39 42 48
40 5 687
40 37 48
40 43 48
41 18 440
41 38 48
41 44 48
42 9 167
42 18 401
42 39 48
42 45 48
43 17 648
43 40 48
43 46 48
44 41 48
44 45 841
44 47 48
45 7 258
45 42 48
45 44 841
45 48 48
46 7 583
46 43 48
46 49 48
47 44 48
47 48 841
47 50 48
48 45 48
48 47 841
48 49 841
48 51 48
49 46 48
49 48 841
49 52 48
50 47 48
50 51 841
50 53 48
51 48 48
51 50 841
51 52 841
51 54 48
52 49 48
52 51 841
52 55 48
53 50 48
53 54 841
53 56 48
54 51 48
54 53 841
54 55 841
54 57 48
55 52 48
55 54 841
55 58 48
56 53 48
56 57 841
56 59 48
57 54 48
57 56 841
57 58 841
57 60 48
58 55 48
58 57 841
58 61 48
59 56 48
59 60 841
60 57 48
60 59 841
60 61 841
61 58 48
61 60 841
//LocStart LocEnd ShortestPath
0 0 0
0 1 1635
0 2 1722
0 3 365
0 4 274
0 5 1307
0 6 565
0 7 1507
0 8 248
0 9 1368
0 10 1380
0 11 729
0 12 231
0 13 907
0 14 1514
0 15 1679
0 16 730
0 17 1394
0 18 800
0 19 482
0 20 1726
0 21 1648
0 22 452
0 23 755
0 24 1337
0 25 712
0 26 120
0 27 961
0 28 1802
0 29 168
0 30 1009
0 31 1850
0 32 216
0 33 1057
0 34 1898
0 35 264
0 36 1105
0 37 1946
0 38 312
0 39 1153
0 40 1994
0 41 360
0 42 1201
0 43 2042
0 44 408
0 45 1249
0 46 2090
0 47 456
0 48 1297
0 49 2138
0 50 504
0 51 1345
0 52 2186
0 53 552
0 54 1393
0 55 2234
0 56 600
0 57 1441
0 58 2282
0 59 648
0 60 1489
0 61 2330
0 62 0
1 0 1635
1 1 0
1 2 343
1 3 1270
1 4 1361
1 5 1020
1 6 1262
1 7 1038
1 8 1387
1 9 1081
1 10 781
1 11 906
1 12 1500
1 13 824
1 14 551
1 15 482
1 16 1193
1 17 1055
1 18 1315
1 19 1153
1 20 91
1 21 13
1 22 1279
1 23 880
1 24 920
1 25 1019
1 26 1515
1 27 674
1 28 167
1 29 1563
1 30 722
1 31 215
1 32 1611
1 33 770
1 34 263
1 35 1659
1 36 818
1 37 311
1 38 1707
1 39 866
1 40 359
1 41 1755
1 42 914
1 43 407
1 44 1803
1 45 962
1 46 455
1 47 1851
1 48 1010
1 49 503
1 50 1899
1 51 1058
1 52 551
1 53 1947
1 54 1106
1 55 599
1 56 1995
1 57 1154
1 58 647
1 59 2043
1 60 1202
1 61 695
1 62 1635
2 0 1722
2 1 343
2 2 0
2 3 1357
2 4 1448
2 5 959
2 6 1253
2 7 951
2 8 1474
2 9 994
2 10 694
2 11 993
2 12 1491
2 13 815
2 14 208
2 15 395
2 16 1184
2 17 968
2 18 1306
2 19 1240
2 20 252
2 21 330
2 22 1270
2 23 967
2 24 833
2 25 1010
2 26 1602
2 27 761
2 28 176
2 29 1554
2 30 713
2 31 128
2 32 1602
2 33 761
2 34 176
2 35 1650
2 36 809
2 37 224
2 38 1698
2 39 857
2 40 272
2 41 1746
2 42 905
2 43 320
2 44 1794
2 45 953
2 46 368
2 47 1842
2 48 1001
2 49 416
2 50 1890
2 51 1049
2 52 464
2 53 1938
2 54 1097
2 55 512
2 56 1986
2 57 1145
2 58 560
2 59 2034
2 60 1193
2 61 608
2 62 1722
3 0 365
3 1 1270
3 2 1357
3 3 0
3 4 91
3 5 942
3 6 690
3 7 1142
3 8 117
3 9 1003
3 10 1015
3 11 364
3 12 356
3 13 746
3 14 1149
3 15 1314
3 16 855
3 17 1029
3 18 925
3 19 117
3 20 1361
3 21 1283
3 22 577
3 23 390
3 24 972
3 25 837
3 26 245
3 27 596
3 28 1437
3 29 293
3 30 644
3 31 1485
3 32 341
3 33 692
3 34 1533
3 35 389
3 36 740
3 37 1581
3 38 437
3 39 788
3 40 1629
3 41 485
3 42 836
3 43 1677
3 44 533
3 45 884
3 46 1725
3 47 581
3 48 932
3 49 1773
3 50 629
3 51 980
3 52 1821
3 53 677
3 54 1028
3 55 1869
3 56 725
3 57 1076
3 58 1917
3 59 773
3 60 1124
3 61 1965
3 62 365
4 0 274
4 1 1361
4 2 1448
4 3 91
4 4 0
4 5 1033
4 6 599
4 7 1233
4 8 26
4 9 1094
4 10 1106
4 11 455
4 12 265
4 13 837
4 14 1240
4 15 1405
4 16 764
4 17 1120
4 18 834
4 19 208
4 20 1452
4 21 1374
4 22 486
4 23 481
4 24 1063
4 25 746
4 26 154
4 27 687
4 28 1528
4 29 202
4 30 735
4 31 1576
4 32 250
4 33 783
4 34 1624
4 35 298
4 36 831
4 37 1672
4 38 346
4 39 879
4 40 1720
4 41 394
4 42 927
4 43 1768
4 44 442
4 45 975
4 46 1816
4 47 490
4 48 1023
4 49 1864
4 50 538
4 51 1071
4 52 1912
4 53 586
4 54 1119
4 55 1960
4 56 634
4 57 1167
4 58 2008
4 59 682
4 60 1215
4 61 2056
4 62 274
5 0 1307
5 1 1020
5 2 959
5 3 942
5 4 1033
5 5 0
5 6 742
5 7 508
5 8 1059
5 9 369
5 10 573
5 11 578
5 12 1076
5 13 400
5 14 803
5 15 872
5 16 577
5 17 395
5 18 603
5 19 825
5 20 955
5 21 1033
5 22 855
5 23 552
5 24 434
5 25 595
5 26 1187
5 27 346
5 28 879
5 29 1139
5 30 298
5 31 831
5 32 1091
5 33 250
5 34 783
5 35 1043
5 36 202
5 37 735
5 38 995
5 39 154
5 40 687
5 41 1043
5 42 202
5 43 735
5 44 1091
5 45 250
5 46 783
5 47 1139
5 48 298
5 49 831
5 50 1187
5 51 346
5 52 879
5 53 1235
5 54 394
5 55 927
5 56 1283
5 57 442
5 58 975
5 59 1331
5 60 490
5 61 1023
5 62 1307
6 0 565
6 1 1262
6 2 1253
6 3 690
6 4 599
6 5 742
6 6 0
6 7 942
6 8 573
6 9 803
6 10 815
6 11 820
6 12 460
6 13 642
6 14 1045
6 15 1114
6 16 863
6 17 829
6 18 933
6 19 807
6 20 1353
6 21 1275
6 22 681
6 23 794
6 24 772
6 25 837
6 26 445
6 27 588
6 28 1429
6 29 397
6 30 540
6 31 1381
6 32 349
6 33 492
6 34 1333
6 35 397
6 36 540
6 37 1381
6 38 445
6 39 588
6 40 1429
6 41 493
6 42 636
6 43 1477
6 44 541
6 45 684
6 46 1525
6 47 589
6 48 732
6 49 1573
6 50 637
6 51 780
6 52 1621
6 53 685
6 54 828
6 55 1669
6 56 733
6 57 876
6 58 1717
6 59 781
6 60 924
6 61 1765
6 62 565
7 0 1507
7 1 1038
7 2 951
7 3 1142
7 4 1233
7 5 508
7 6 942
7 7 0
7 8 1259
7 9 473
7 10 773
7 11 778
7 12 1276
7 13 600
7 14 1003
7 15 994
7 16 777
7 17 499
7 18 707
7 19 1025
7 20 947
7 21 1025
7 22 1055
7 23 752
7 24 634
7 25 795
7 26 1387
7 27 546
7 28 871
7 29 1339
7 30 498
7 31 823
7 32 1291
7 33 450
7 34 775
7 35 1243
7 36 402
7 37 727
7 38 1195
7 39 354
7 40 679
7 41 1147
7 42 306
7 43 631
7 44 1099
7 45 258
7 46 583
7 47 1147
7 48 306
7 49 631
7 50 1195
7 51 354
7 52 679
7 53 1243
7 54 402
7 55 727
7 56 1291
7 57 450
7 58 775
7 59 1339
7 60 498
7 61 823
7 62 1507
8 0 248
8 1 1387
8 2 1474
8 3 117
8 4 26
8 5 1059
8 6 573
8 7 1259
8 8 0
8 9 1120
8 10 1132
8 11 481
8 12 239
8 13 863
8 14 1266
8 15 1431
8 16 738
8 17 1146
8 18 808
8 19 234
8 20 1478
8 21 1400
8 22 460
8 23 507
8 24 1089
8 25 720
8 26 128
8 27 713
8 28 1554
8 29 176
8 30 761
8 31 1602
8 32 224
8 33 809
8 34 1650
8 35 272
8 36 857
8 37 1698
8 38 320
8 39 905
8 40 1746
8 41 368
8 42 953
8 43 1794
8 44 416
8 45 1001
8 46 1842
8 47 464
8 48 1049
8 49 1890
8 50 512
8 51 1097
8 52 1938
8 53 560
8 54 1145
8 55 1986
8 56 608
8 57 1193
8 58 2034
8 59 656
8 60 1241
8 61 2082
8 62 248
9 0 1368
9 1 1081
9 2 994
9 3 1003
9 4 1094
9 5 369
9 6 803
9 7 473
9 8 1120
9 9 0
9 10 634
9 11 639
9 12 1137
9 13 461
9 14 864
9 15 933
9 16 638
9 17 26
9 18 568
9 19 886
9 20 990
9 21 1068
9 22 916
9 23 613
9 24 495
9 25 656
9 26 1248
9 27 407
9 28 914
9 29 1200
9 30 359
9 31 866
9 32 1152
9 33 311
9 34 818
9 35 1104
9 36 263
9 37 770
9 38 1056
9 39 215
9 40 722
9 41 1008
9 42 167
9 43 674
9 44 1056
9 45 215
9 46 722
9 47 1104
9 48 263
9 49 770
9 50 1152
9 51 311
9 52 818
9 53 1200
9 54 359
9 55 866
9 56 1248
9 57 407
9 58 914
9 59 1296
9 60 455
9 61 962
9 62 1368
10 0 1380
10 1 781
10 2 694
10 3 1015
10 4 1106
10 5 573
10 6 815
10 7 773
10 8 1132
10 9 634
10 10 0
10 11 651
10 12 1149
10 13 473
10 14 876
10 15 299
10 16 746
10 17 660
10 18 868
10 19 898
10 20 690
10 21 768
10 22 928
10 23 625
10 24 603
10 25 668
10 26 1260
10 27 419
10 28 614
10 29 1212
10 30 371
10 31 566
10 32 1164
10 33 323
10 34 518
10 35 1212
10 36 371
10 37 566
10 38 1260
10 39 419
10 40 614
10 41 1308
10 42 467
10 43 662
10 44 1356
10 45 515
10 46 710
10 47 1404
10 48 563
10 49 758
10 50 1452
10 51 611
10 52 806
10 53 1500
10 54 659
10 55 854
10 56 1548
10 57 707
10 58 902
10 59 1596
10 60 755
10 61 950
10 62 1380
11 0 729
11 1 906
11 2 993
11 3 364
11 4 455
11 5 578
11 6 820
11 7 778
11 8 481
11 9 639
11 10 651
11 11 0
11 12 720
11 13 382
11 14 785
11 15 950
11 16 751
11 17 665
11 18 873
11 19 247
11 20 997
11 21 919
11 22 837
11 23 26
11 24 608
11 25 577
11 26 609
11 27 232
11 28 1073
11 29 657
11 30 280
11 31 1121
11 32 705
11 33 328
11 34 1169
11 35 753
11 36 376
11 37 1217
11 38 801
11 39 424
11 40 1265
11 41 849
11 42 472
11 43 1313
11 44 897
11 45 520
11 46 1361
11 47 945
11 48 568
11 49 1409
11 50 993
11 51 616
11 52 1457
11 53 1041
11 54 664
11 55 1505
11 56 1089
11 57 712
11 58 1553
11 59 1137
11 60 760
11 61 1601
11 62 729
12 0 231
12 1 1500
12 2 1491
12 3 356
12 4 265
12 5 1076
12 6 460
12 7 1276
12 8 239
12 9 1137
12 10 1149
12 11 720
12 12 0
12 13 676
12 14 1283
12 15 1448
12 16 625
12 17 1163
12 18 695
12 19 473
12 20 1591
12 21 1513
12 22 221
12 23 746
12 24 1106
12 25 481
12 26 111
12 27 826
12 28 1667
12 29 63
12 30 778
12 31 1619
12 32 111
12 33 826
12 34 1667
12 35 159
12 36 874
12 37 1715
12 38 207
12 39 922
12 40 1763
12 41 255
12 42 970
12 43 1811
12 44 303
12 45 1018
12 46 1859
12 47 351
12 48 1066
12 49 1907
12 50 399
12 51 1114
12 52 1955
12 53 447
12 54 1162
12 55 2003
12 56 495
12 57 1210
12 58 2051
12 59 543
12 60 1258
12 61 2099
12 62 231
13 0 907
13 1 824
13 2 815
13 3 746
13 4 837
13 5 400
13 6 642
13 7 600
13 8 863
13 9 461
13 10 473
13 11 382
13 12 676
13 13 0
13 14 607
13 15 772
13 16 573
13 17 487
13 18 695
13 19 629
13 20 915
13 21 837
13 22 455
13 23 356
13 24 430
13 25 195
13 26 787
13 27 150
13 28 991
13 29 739
13 30 102
13 31 943
13 32 787
13 33 150
13 34 991
13 35 835
13 36 198
13 37 1039
13 38 883
13 39 246
13 40 1087
13 41 931
13 42 294
13 43 1135
13 44 979
13 45 342
13 46 1183
13 47 1027
13 48 390
13 49 1231
13 50 1075
13 51 438
13 52 1279
13 53 1123
13 54 486
13 55 1327
13 56 1171
13 57 534
13 58 1375
13 59 1219
13 60 582
13 61 1423
13 62 907
14 0 1514
14 1 551
14 2 208
14 3 1149
14 4 1240
14 5 803
14 6 1045
14 7 1003
14 8 1266
14 9 864
14 10 876
14 11 785
14 12 1283
14 13 607
14 14 0
14 15 603
14 16 976
14 17 890
14 18 1098
14 19 1032
14 20 460
14 21 538
14 22 1062
14 23 759
14 24 833
14 25 802
14 26 1394
14 27 553
14 28 384
14 29 1346
14 30 505
14 31 336
14 32 1394
14 33 553
14 34 384
14 35 1442
14 36 601
14 37 432
14 38 1490
14 39 649
14 40 480
14 41 1538
14 42 697
14 43 528
14 44 1586
14 45 745
14 46 576
14 47 1634
14 48 793
14 49 624
14 50 1682
14 51 841
14 52 672
14 53 1730
14 54 889
14 55 720
14 56 1778
14 57 937
14 58 768
14 59 1826
14 60 985
14 61 816
14 62 1514
15 0 1679
15 1 482
15 2 395
15 3 1314
15 4 1405
15 5 872
15 6 1114
15 7 994
15 8 1431
15 9 933
15 10 299
15 11 950
15 12 1448
15 13 772
15 14 603
15 15 0
15 16 1045
15 17 959
15 18 1167
15 19 1197
15 20 391
15 21 469
15 22 1227
15 23 924
15 24 876
15 25 967
15 26 1559
15 27 718
15 28 315
15 29 1511
15 30 670
15 31 267
15 32 1463
15 33 622
15 34 219
15 35 1511
15 36 670
15 37 267
15 38 1559
15 39 718
15 40 315
15 41 1607
15 42 766
15 43 363
15 44 1655
15 45 814
15 46 411
15 47 1703
15 48 862
15 49 459
15 50 1751
15 51 910
15 52 507
15 53 1799
15 54 958
15 55 555
15 56 1847
15 57 1006
15 58 603
15 59 1895
15 60 1054
15 61 651
15 62 1679
16 0 730
16 1 1193
16 2 1184
16 3 855
16 4 764
16 5 577
16 6 863
16 7 777
16 8 738
16 9 638
16 10 746
16 11 751
16 12 625
16 13 573
16 14 976
16 15 1045
16 16 0
16 17 664
16 18 872
16 19 972
16 20 1284
16 21 1206
16 22 846
16 23 725
16 24 607
16 25 768
16 26 610
16 27 519
16 28 1360
16 29 562
16 30 471
16 31 1312
16 32 514
16 33 423
16 34 1264
16 35 466
16 36 375
16 37 1216
16 38 514
16 39 423
16 40 1264
16 41 562
16 42 471
16 43 1312
16 44 610
16 45 519
16 46 1360
16 47 658
16 48 567
16 49 1408
16 50 706
16 51 615
16 52 1456
16 53 754
16 54 663
16 55 1504
16 56 802
16 57 711
16 58 1552
16 59 850
16 60 759
16 61 1600
16 62 730
17 0 1394
17 1 1055
17 2 968
17 3 1029
17 4 1120
17 5 395
17 6 829
17 7 499
17 8 1146
17 9 26
17 10 660
17 11 665
17 12 1163
17 13 487
17 14 890
17 15 959
17 16 664
17 17 0
17 18 594
17 19 912
17 20 964
17 21 1042
17 22 942
17 23 639
17 24 521
17 25 682
17 26 1274
17 27 433
17 28 888
17 29 1226
17 30 385
17 31 840
17 32 1178
17 33 337
17 34 792
17 35 1130
17 36 289
17 37 744
17 38 1082
17 39 241
17 40 696
17 41 1034
17 42 193
17 43 648
17 44 1082
17 45 241
17 46 696
17 47 1130
17 48 289
17 49 744
17 50 1178
17 51 337
17 52 792
17 53 1226
17 54 385
17 55 840
17 56 1274
17 57 433
17 58 888
17 59 1322
17 60 481
17 61 936
17 62 1394
18 0 800
18 1 1315
18 2 1306
18 3 925
18 4 834
18 5 603
18 6 933
18 7 707
18 8 808
18 9 568
18 10 868
18 11 873
18 12 695
18 13 695
18 14 1098
18 15 1167
18 16 872
18 17 594
18 18 0
18 19 1042
18 20 1406
18 21 1328
18 22 916
18 23 847
18 24 729
18 25 890
18 26 680
18 27 641
18 28 1482
18 29 632
18 30 593
18 31 1434
18 32 584
18 33 545
18 34 1386
18 35 536
18 36 497
18 37 1338
18 38 488
18 39 449
18 40 1290
18 41 440
18 42 401
18 43 1242
18 44 488
18 45 449
18 46 1290
18 47 536
18 48 497
18 49 1338
18 50 584
18 51 545
18 52 1386
18 53 632
18 54 593
18 55 1434
18 56 680
18 57 641
18 58 1482
18 59 728
18 60 689
18 61 1530
18 62 800
19 0 482
19 1 1153
19 2 1240
19 3 117
19 4 208
19 5 825
19 6 807
19 7 1025
19 8 234
19 9 886
19 10 898
19 11 247
19 12 473
19 13 629
19 14 1032
19 15 1197
19 16 972
19 17 912
19 18 1042
19 19 0
19 20 1244
19 21 1166
19 22 694
19 23 273
19 24 855
19 25 824
19 26 362
19 27 479
19 28 1320
19 29 410
19 30 527
19 31 1368
19 32 458
19 33 575
19 34 1416
19 35 506
19 36 623
19 37 1464
19 38 554
19 39 671
19 40 1512
19 41 602
19 42 719
19 43 1560
19 44 650
19 45 767
19 46 1608
19 47 698
19 48 815
19 49 1656
19 50 746
19 51 863
19 52 1704
19 53 794
19 54 911
19 55 1752
19 56 842
19 57 959
19 58 1800
19 59 890
19 60 1007
19 61 1848
19 62 482
20 0 1726
20 1 91
20 2 252
20 3 1361
20 4 1452
20 5 955
20 6 1353
20 7 947
20 8 1478
20 9 990
20 10 690
20 11 997
20 12 1591
20 13 915
20 14 460
20 15 391
20 16 1284
20 17 964
20 18 1406
20 19 1244
20 20 0
20 21 78
20 22 1370
20 23 971
20 24 829
20 25 1110
20 26 1606
20 27 765
20 28 76
20 29 1654
20 30 813
20 31 124
20 32 1702
20 33 861
20 34 172
20 35 1750
20 36 909
20 37 220
20 38 1798
20 39 957
20 40 268
20 41 1846
20 42 1005
20 43 316
20 44 1894
20 45 1053
20 46 364
20 47 1942
20 48 1101
20 49 412
20 50 1990
20 51 1149
20 52 460
20 53 2038
20 54 1197
20 55 508
20 56 2086
20 57 1245
20 58 556
20 59 2134
20 60 1293
20 61 604
20 62 1726
21 0 1648
21 1 13
21 2 330
21 3 1283
21 4 1374
21 5 1033
21 6 1275
21 7 1025
21 8 1400
21 9 1068
21 10 768
21 11 919
21 12 1513
21 13 837
21 14 538
21 15 469
21 16 1206
21 17 1042
21 18 1328
21 19 1166
21 20 78
21 21 0
21 22 1292
21 23 893
21 24 907
21 25 1032
21 26 1528
21 27 687
21 28 154
21 29 1576
21 30 735
21 31 202
21 32 1624
21 33 783
21 34 250
21 35 1672
21 36 831
21 37 298
21 38 1720
21 39 879
21 40 346
21 41 1768
21 42 927
21 43 394
21 44 1816
21 45 975
21 46 442
21 47 1864
21 48 1023
21 49 490
21 50 1912
21 51 1071
21 52 538
21 53 1960
21 54 1119
21 55 586
21 56 2008
21 57 1167
21 58 634
21 59 2056
21 60 1215
21 61 682
21 62 1648
22 0 452
22 1 1279
22 2 1270
22 3 577
22 4 486
22 5 855
22 6 681
22 7 1055
22 8 460
22 9 916
22 10 928
22 11 837
22 12 221
22 13 455
22 14 1062
22 15 1227
22 16 846
22 17 942
22 18 916
22 19 694
22 20 1370
22 21 1292
22 22 0
22 23 811
22 24 885
22 25 260
22 26 332
22 27 605
22 28 1446
22 29 284
22 30 557
22 31 1398
22 32 332
22 33 605
22 34 1446
22 35 380
22 36 653
22 37 1494
22 38 428
22 39 701
22 40 1542
22 41 476
22 42 749
22 43 1590
22 44 524
22 45 797
22 46 1638
22 47 572
22 48 845
22 49 1686
22 50 620
22 51 893
22 52 1734
22 53 668
22 54 941
22 55 1782
22 56 716
22 57 989
22 58 1830
22 59 764
22 60 1037
22 61 1878
22 62 452
23 0 755
23 1 880
23 2 967
23 3 390
23 4 481
23 5 552
23 6 794
23 7 752
23 8 507
23 9 613
23 10 625
23 11 26
23 12 746
23 13 356
23 14 759
23 15 924
23 16 725
23 17 639
23 18 847
23 19 273
23 20 971
23 21 893
23 22 811
23 23 0
23 24 582
23 25 551
23 26 635
23 27 206
23 28 1047
23 29 683
23 30 254
23 31 1095
23 32 731
23 33 302
23 34 1143
23 35 779
23 36 350
23 37 1191
23 38 827
23 39 398
23 40 1239
23 41 875
23 42 446
23 43 1287
23 44 923
23 45 494
23 46 1335
23 47 971
23 48 542
23 49 1383
23 50 1019
23 51 590
23 52 1431
23 53 1067
23 54 638
23 55 1479
23 56 1115
23 57 686
23 58 1527
23 59 1163
23 60 734
23 61 1575
23 62 755
24 0 1337
24 1 920
24 2 833
24 3 972
24 4 1063
24 5 434
24 6 772
24 7 634
24 8 1089
24 9 495
24 10 603
24 11 608
24 12 1106
24 13 430
24 14 833
24 15 876
24 16 607
24 17 521
24 18 729
24 19 855
24 20 829
24 21 907
24 22 885
24 23 582
24 24 0
24 25 625
24 26 1217
24 27 376
24 28 753
24 29 1169
24 30 328
24 31 705
24 32 1121
24 33 280
24 34 657
24 35 1073
24 36 232
24 37 609
24 38 1121
24 39 280
24 40 657
24 41 1169
24 42 328
24 43 705
24 44 1217
24 45 376
24 46 753
24 47 1265
24 48 424
24 49 801
24 50 1313
24 51 472
24 52 849
24 53 1361
24 54 520
24 55 897
24 56 1409
24 57 568
24 58 945
24 59 1457
24 60 616
24 61 993
24 62 1337
25 0 712
25 1 1019
25 2 1010
25 3 837
25 4 746
25 5 595
25 6 837
25 7 795
25 8 720
25 9 656
25 10 668
25 11 577
25 12 481
25 13 195
25 14 802
25 15 967
25 16 768
25 17 682
25 18 890
25 19 824
25 20 1110
25 21 1032
25 22 260
25 23 551
25 24 625
25 25 0
25 26 592
25 27 345
25 28 1186
25 29 544
25 30 297
25 31 1138
25 32 592
25 33 345
25 34 1186
25 35 640
25 36 393
25 37 1234
25 38 688
25 39 441
25 40 1282
25 41 736
25 42 489
25 43 1330
25 44 784
25 45 537
25 46 1378
25 47 832
25 48 585
25 49 1426
25 50 880
25 51 633
25 52 1474
25 53 928
25 54 681
25 55 1522
25 56 976
25 57 729
25 58 1570
25 59 1024
25 60 777
25 61 1618
25 62 712
26 0 120
26 1 1515
26 2 1602
26 3 245
26 4 154
26 5 1187
26 6 445
26 7 1387
26 8 128
26 9 1248
26 10 1260
26 11 609
26 12 111
26 13 787
26 14 1394
26 15 1559
26 16 610
26 17 1274
26 18 680
26 19 362
26 20 1606
26 21 1528
26 22 332
26 23 635
26 24 1217
26 25 592
26 26 0
26 27 841
26 28 1682
26 29 48
26 30 889
26 31 1730
26 32 96
26 33 937
26 34 1778
26 35 144
26 36 985
26 37 1826
26 38 192
26 39 1033
26 40 1874
26 41 240
26 42 1081
26 43 1922
26 44 288
26 45 1129
26 46 1970
26 47 336
26 48 1177
26 49 2018
26 50 384
26 51 1225
26 52 2066
26 53 432
26 54 1273
26 55 2114
26 56 480
26 57 1321
26 58 2162
26 59 528
26 60 1369
26 61 2210
26 62 120
27 0 961
27 1 674
27 2 761
27 3 596
27 4 687
27 5 346
27 6 588
27 7 546
27 8 713
27 9 407
27 10 419
27 11 232
27 12 826
27 13 150
27 14 553
27 15 718
27 16 519
27 17 433
27 18 641
27 19 479
27 20 765
27 21 687
27 22 605
27 23 206
27 24 376
27 25 345
27 26 841
27 27 0
27 28 841
27 29 889
27 30 48
27 31 889
27 32 937
27 33 96
27 34 937
27 35 985
27 36 144
27 37 985
27 38 1033
27 39 192
27 40 1033
27 41 1081
27 42 240
27 43 1081
27 44 1129
27 45 288
27 46 1129
27 47 1177
27 48 336
27 49 1177
27 50 1225
27 51 384
27 52 1225
27 53 1273
27 54 432
27 55 1273
27 56 1321
27 57 480
27 58 1321
27 59 1369
27 60 528
27 61 1369
27 62 961
28 0 1802
28 1 167
28 2 176
28 3 1437
28 4 1528
28 5 879
28 6 1429
28 7 871
28 8 1554
28 9 914
28 10 614
28 11 1073
28 12 1667
28 13 991
28 14 384
28 15 315
28 16 1360
28 17 888
28 18 1482
28 19 1320
28 20 76
28 21 154
28 22 1446
28 23 1047
28 24 753
28 25 1186
28 26 1682
28 27 841
28 28 0
28 29 1730
28 30 889
28 31 48
28 32 1778
28 33 937
28 34 96
28 35 1826
28 36 985
28 37 144
28 38 1874
28 39 1033
28 40 192
28 41 1922
28 42 1081
28 43 240
28 44 1970
28 45 1129
28 46 288
28 47 2018
28 48 1177
28 49 336
28 50 2066
28 51 1225
28 52 384
28 53 2114
28 54 1273
28 55 432
28 56 2162
28 57 1321
28 58 480
28 59 2210
28 60 1369
28 61 528
28 62 1802
29 0 168
29 1 1563
29 2 1554
29 3 293
29 4 202
29 5 1139
29 6 397
29 7 1339
29 8 176
29 9 1200
29 10 1212
29 11 657
29 12 63
29 13 739
29 14 1346
29 15 1511
29 16 562
29 17 1226
29 18 632
29 19 410
29 20 1654
29 21 1576
29 22 284
29 23 683
29 24 1169
29 25 544
29 26 48
29 27 889
29 28 1730
29 29 0
29 30 841
29 31 1682
29 32 48
29 33 889
29 34 1730
29 35 96
29 36 937
29 37 1778
29 38 144
29 39 985
29 40 1826
29 41 192
29 42 1033
29 43 1874
29 44 240
29 45 1081
29 46 1922
29 47 288
29 48 1129
29 49 1970
29 50 336
29 51 1177
29 52 2018
29 53 384
29 54 1225
29 55 2066
29 56 432
29 57 1273
29 58 2114
29 59 480
29 60 1321
29 61 2162
29 62 168
30 0 1009
30 1 722
30 2 713
30 3 644
30 4 735
30 5 298
30 6 540
30 7 498
30 8 761
30 9 359
30 10 371
30 11 280
30 12 778
30 13 102
30 14 505
30 15 670
30 16 471
30 17 385
30 18 593
30 19 527
30 20 813
30 21 735
30 22 557
30 23 254
30 24 328
30 25 297
30 26 889
30 27 48
30 28 889
30 29 841
30 30 0
30 31 841
30 32 889
30 33 48
30 34 889
30 35 937
30 36 96
30 37 937
30 38 985
30 39 144
30 40 985
30 41 1033
30 42 192
30 43 1033
30 44 1081
30 45 240
30 46 1081
30 47 1129
30 48 288
30 49 1129
30 50 1177
30 51 336
30 52 1177
30 53 1225
30 54 384
30 55 1225
30 56 1273
30 57 432
30 58 1273
30 59 1321
30 60 480
30 61 1321
30 62 1009
31 0 1850
31 1 215
31 2 128
31 3 1485
31 4 1576
31 5 831
31 6 1381
31 7 823
31 8 1602
31 9 866
31 10 566
31 11 1121
31 12 1619
31 13 943
31 14 336
31 15 267
31 16 1312
31 17 840
31 18 1434
31 19 1368
31 20 124
31 21 202
31 22 1398
31 23 1095
31 24 705
31 25 1138
31 26 1730
31 27 889
31 28 48
31 29 1682
31 30 841
31 31 0
31 32 1730
31 33 889
31 34 48
31 35 1778
31 36 937
31 37 96
31 38 1826
31 39 985
31 40 144
31 41 1874
31 42 1033
31 43 192
31 44 1922
31 45 1081
31 46 240
31 47 1970
31 48 1129
31 49 288
31 50 2018
31 51 1177
31 52 336
31 53 2066
31 54 1225
31 55 384
31 56 2114
31 57 1273
31 58 432
31 59 2162
31 60 1321
31 61 480
31 62 1850
32 0 216
32 1 1611
32 2 1602
32 3 341
32 4 250
32 5 1091
32 6 349
32 7 1291
32 8 224
32 9 1152
32 10 1164
32 11 705
32 12 111
32 13 787
32 14 1394
32 15 1463
32 16 514
32 17 1178
32 18 584
32 19 458
32 20 1702
32 21 1624
32 22 332
32 23 731
32 24 1121
32 25 592
32 26 96
32 27 937
32 28 1778
32 29 48
32 30 889
32 31 1730
32 32 0
32 33 841
32 34 1682
32 35 48
32 36 889
32 37 1730
32 38 96
32 39 937
32 40 1778
32 41 144
32 42 985
32 43 1826
32 44 192
32 45 1033
32 46 1874
32 47 240
32 48 1081
32 49 1922
32 50 288
32 51 1129
32 52 1970
32 53 336
32 54 1177
32 55 2018
32 56 384
32 57 1225
32 58 2066
32 59 432
32 60 1273
32 61 2114
32 62 216
33 0 1057
33 1 770
33 2 761
33 3 692
33 4 783
33 5 250
33 6 492
33 7 450
33 8 809
33 9 311
33 10 323
33 11 328
33 12 826
33 13 150
33 14 553
33 15 622
33 16 423
33 17 337
33 18 545
33 19 575
33 20 861
33 21 783
33 22 605
33 23 302
33 24 280
33 25 345
33 26 937
33 27 96
33 28 937
33 29 889
33 30 48
33 31 889
33 32 841
33 33 0
33 34 841
33 35 889
33 36 48
33 37 889
33 38 937
33 39 96
33 40 937
33 41 985
33 42 144
33 43 985
33 44 1033
33 45 192
33 46 1033
33 47 1081
33 48 240
33 49 1081
33 50 1129
33 51 288
33 52 1129
33 53 1177
33 54 336
33 55 1177
33 56 1225
33 57 384
33 58 1225
33 59 1273
33 60 432
33 61 1273
33 62 1057
34 0 1898
34 1 263
34 2 176
34 3 1533
34 4 1624
34 5 783
34 6 1333
34 7 775
34 8 1650
34 9 818
34 10 518
34 11 1169
34 12 1667
34 13 991
34 14 384
34 15 219
34 16 1264
34 17 792
34 18 1386
34 19 1416
34 20 172
34 21 250
34 22 1446
34 23 1143
34 24 657
34 25 1186
34 26 1778
34 27 937
34 28 96
34 29 1730
34 30 889
34 31 48
34 32 1682
34 33 841
34 34 0
34 35 1730
34 36 889
34 37 48
34 38 1778
34 39 937
34 40 96
34 41 1826
34 42 985
34 43 144
34 44 1874
34 45 1033
34 46 192
34 47 1922
34 48 1081
34 49 240
34 50 1970
34 51 1129
34 52 288
34 53 2018
34 54 1177
34 55 336
34 56 2066
34 57 1225
34 58 384
34 59 2114
34 60 1273
34 61 432
34 62 1898
35 0 264
35 1 1659
35 2 1650
35 3 389
35 4 298
35 5 1043
35 6 397
35 7 1243
35 8 272
35 9 1104
35 10 1212
35 11 753
35 12 159
35 13 835
35 14 1442
35 15 1511
35 16 466
35 17 1130
35 18 536
35 19 506
35 20 1750
35 21 1672
35 22 380
35 23 779
35 24 1073
35 25 640
35 26 144
35 27 985
35 28 1826
35 29 96
35 30 937
35 31 1778
35 32 48
35 33 889
35 34 1730
35 35 0
35 36 841
35 37 1682
35 38 48
35 39 889
35 40 1730
35 41 96
35 42 937
35 43 1778
35 44 144
35 45 985
35 46 1826
35 47 192
35 48 1033
35 49 1874
35 50 240
35 51 1081
35 52 1922
35 53 288
35 54 1129
35 55 1970
35 56 336
35 57 1177
35 58 2018
35 59 384
35 60 1225
35 61 2066
35 62 264
36 0 1105
36 1 818
36 2 809
36 3 740
36 4 831
36 5 202
36 6 540
36 7 402
36 8 857
36 9 263
36 10 371
36 11 376
36 12 874
36 13 198
36 14 601
36 15 670
36 16 375
36 17 289
36 18 497
36 19 623
36 20 909
36 21 831
36 22 653
36 23 350
36 24 232
36 25 393
36 26 985
36 27 144
36 28 985
36 29 937
36 30 96
36 31 937
36 32 889
36 33 48
36 34 889
36 35 841
36 36 0
36 37 841
36 38 889
36 39 48
36 40 889
36 41 937
36 42 96
36 43 937
36 44 985
36 45 144
36 46 985
36 47 1033
36 48 192
36 49 1033
36 50 1081
36 51 240
36 52 1081
36 53 1129
36 54 288
36 55 1129
36 56 1177
36 57 336
36 58 1177
36 59 1225
36 60 384
36 61 1225
36 62 1105
37 0 1946
37 1 311
37 2 224
37 3 1581
37 4 1672
37 5 735
37 6 1381
37 7 727
37 8 1698
37 9 770
37 10 566
37 11 1217
37 12 1715
37 13 1039
37 14 432
37 15 267
37 16 1216
37 17 744
37 18 1338
37 19 1464
37 20 220
37 21 298
37 22 1494
37 23 1191
37 24 609
37 25 1234
37 26 1826
37 27 985
37 28 144
37 29 1778
37 30 937
37 31 96
37 32 1730
37 33 889
37 34 48
37 35 1682
37 36 841
37 37 0
37 38 1730
37 39 889
37 40 48
37 41 1778
37 42 937
37 43 96
37 44 1826
37 45 985
37 46 144
37 47 1874
37 48 1033
37 49 192
37 50 1922
37 51 1081
37 52 240
37 53 1970
37 54 1129
37 55 288
37 56 2018
37 57 1177
37 58 336
37 59 2066
37 60 1225
37 61 384
37 62 1946
38 0 312
38 1 1707
38 2 1698
38 3 437
38 4 346
38 5 995
38 6 445
38 7 1195
38 8 320
38 9 1056
38 10 1260
38 11 801
38 12 207
38 13 883
38 14 1490
38 15 1559
38 16 514
38 17 1082
38 18 488
38 19 554
38 20 1798
38 21 1720
38 22 428
38 23 827
38 24 1121
38 25 688
38 26 192
38 27 1033
38 28 1874
38 29 144
38 30 985
38 31 1826
38 32 96
38 33 937
38 34 1778
38 35 48
38 36 889
38 37 1730
38 38 0
38 39 841
38 40 1682
38 41 48
38 42 889
38 43 1730
38 44 96
38 45 937
38 46 1778
38 47 144
38 48 985
38 49 1826
38 50 192
38 51 1033
38 52 1874
38 53 240
38 54 1081
38 55 1922
38 56 288
38 57 1129
38 58 1970
38 59 336
38 60 1177
38 61 2018
38 62 312
39 0 1153
39 1 866
39 2 857
39 3 788
39 4 879
39 5 154
39 6 588
39 7 354
39 8 905
39 9 215
39 10 419
39 11 424
39 12 922
39 13 246
39 14 649
39 15 718
39 16 423
39 17 241
39 18 449
39 19 671
39 20 957
39 21 879
39 22 701
39 23 398
39 24 280
39 25 441
39 26 1033
39 27 192
39 28 1033
39 29 985
39 30 144
39 31 985
39 32 937
39 33 96
39 34 937
39 35 889
39 36 48
39 37 889
39 38 841
39 39 0
39 40 841
39 41 889
39 42 48
39 43 889
39 44 937
39 45 96
39 46 937
39 47 985
39 48 144
39 49 985
39 50 1033
39 51 192
39 52 1033
39 53 1081
39 54 240
39 55 1081
39 56 1129
39 57 288
39 58 1129
39 59 1177
39 60 336
39 61 1177
39 62 1153
40 0 1994
40 1 359
40 2 272
40 3 1629
40 4 1720
40 5 687
40 6 1429
40 7 679
40 8 1746
40 9 722
40 10 614
40 11 1265
40 12 1763
40 13 1087
40 14 480
40 15 315
40 16 1264
40 17 696
40 18 1290
40 19 1512
40 20 268
40 21 346
40 22 1542
40 23 1239
40 24 657
40 25 1282
40 26 1874
40 27 1033
40 28 192
40 29 1826
40 30 985
40 31 144
40 32 1778
40 33 937
40 34 96
40 35 1730
40 36 889
40 37 48
40 38 1682
40 39 841
40 40 0
40 41 1730
40 42 889
40 43 48
40 44 1778
40 45 937
40 46 96
40 47 1826
40 48 985
40 49 144
40 50 1874
40 51 1033
40 52 192
40 53 1922
40 54 1081
40 55 240
40 56 1970
40 57 1129
40 58 288
40 59 2018
40 60 1177
40 61 336
40 62 1994
41 0 360
41 1 1755
41 2 1746
41 3 485
41 4 394
41 5 1043
41 6 493
41 7 1147
41 8 368
41 9 1008
41 10 1308
41 11 849
41 12 255
41 13 931
41 14 1538
41 15 1607
41 16 562
41 17 1034
41 18 440
41 19 602
41 20 1846
41 21 1768
41 22 476
41 23 875
41 24 1169
41 25 736
41 26 240
41 27 1081
41 28 1922
41 29 192
41 30 1033
41 31 1874
41 32 144
41 33 985
41 34 1826
41 35 96
41 36 937
41 37 1778
41 38 48
41 39 889
41 40 1730
41 41 0
41 42 841
41 43 1682
41 44 48
41 45 889
41 46 1730
41 47 96
41 48 937
41 49 1778
41 50 144
41 51 985
41 52 1826
41 53 192
41 54 1033
41 55 1874
41 56 240
41 57 1081
41 58 1922
41 59 288
41 60 1129
41 61 1970
41 62 360
42 0 1201
42 1 914
42 2 905
42 3 836
42 4 927
42 5 202
42 6 636
42 7 306
42 8 953
42 9 167
42 10 467
42 11 472
42 12 970
42 13 294
42 14 697
42 15 766
42 16 471
42 17 193
42 18 401
42 19 719
42 20 1005
42 21 927
42 22 749
42 23 446
42 24 328
42 25 489
42 26 1081
42 27 240
42 28 1081
42 29 1033
42 30 192
42 31 1033
42 32 985
42 33 144
42 34 985
42 35 937
42 36 96
42 37 937
42 38 889
42 39 48
42 40 889
42 41 841
42 42 0
42 43 841
42 44 889
42 45 48
42 46 889
42 47 937
42 48 96
42 49 937
42 50 985
42 51 144
42 52 985
42 53 1033
42 54 192
42 55 1033
42 56 1081
42 57 240
42 58 1081
42 59 1129
42 60 288
42 61 1129
42 62 1201
43 0 2042
43 1 407
43 2 320
43 3 1677
43 4 1768
43 5 735
43 6 1477
43 7 631
43 8 1794
43 9 674
43 10 662
43 11 1313
43 12 1811
43 13 1135
43 14 528
43 15 363
43 16 1312
43 17 648
43 18 1242
43 19 1560
43 20 316
43 21 394
43 22 1590
43 23 1287
43 24 705
43 25 1330
43 26 1922
43 27 1081
43 28 240
43 29 1874
43 30 1033
43 31 192
43 32 1826
43 33 985
43 34 144
43 35 1778
43 36 937
43 37 96
43 38 1730
43 39 889
43 40 48
43 41 1682
43 42 841
43 43 0
43 44 1730
43 45 889
43 46 48
43 47 1778
43 48 937
43 49 96
43 50 1826
43 51 985
43 52 144
43 53 1874
43 54 1033
43 55 192
43 56 1922
43 57 1081
43 58 240
43 59 1970
43 60 1129
43 61 288
43 62 2042
44 0 408
44 1 1803
44 2 1794
44 3 533
44 4 442
44 5 1091
44 6 541
44 7 1099
44 8 416
44 9 1056
44 10 1356
44 11 897
44 12 303
44 13 979
44 14 1586
44 15 1655
44 16 610
44 17 1082
44 18 488
44 19 650
44 20 1894
44 21 1816
44 22 524
44 23 923
44 24 1217
44 25 784
44 26 288
44 27 1129
44 28 1970
44 29 240
44 30 1081
44 31 1922
44 32 192
44 33 1033
44 34 1874
44 35 144
44 36 985
44 37 1826
44 38 96
44 39 937
44 40 1778
44 41 48
44 42 889
44 43 1730
44 44 0
44 45 841
44 46 1682
44 47 48
44 48 889
44 49 1730
44 50 96
44 51 937
44 52 1778
44 53 144
44 54 985
44 55 1826
44 56 192
44 57 1033
44 58 1874
44 59 240
44 60 1081
44 61 1922
44 62 408
45 0 1249
45 1 962
45 2 953
45 3 884
45 4 975
45 5 250
45 6 684
45 7 258
45 8 1001
45 9 215
45 10 515
45 11 520
45 12 1018
45 13 342
45 14 745
45 15 814
45 16 519
45 17 241
45 18 449
45 19 767
45 20 1053
45 21 975
45 22 797
45 23 494
45 24 376
45 25 537
45 26 1129
45 27 288
45 28 1129
45 29 1081
45 30 240
45 31 1081
45 32 1033
45 33 192
45 34 1033
45 35 985
45 36 144
45 37 985
45 38 937
45 39 96
45 40 937
45 41 889
45 42 48
45 43 889
45 44 841
45 45 0
45 46 841
45 47 889
45 48 48
45 49 889
45 50 937
45 51 96
45 52 937
45 53 985
45 54 144
45 55 985
45 56 1033
45 57 192
45 58 1033
45 59 1081
45 60 240
45 61 1081
45 62 1249
46 0 2090
46 1 455
46 2 368
46 3 1725
46 4 1816
46 5 783
46 6 1525
46 7 583
46 8 1842
46 9 722
46 10 710
46 11 1361
46 12 1859
46 13 1183
46 14 576
46 15 411
46 16 1360
46 17 696
46 18 1290
46 19 1608
46 20 364
46 21 442
46 22 1638
46 23 1335
46 24 753
46 25 1378
46 26 1970
46 27 1129
46 28 288
46 29 1922
46 30 1081
46 31 240
46 32 1874
46 33 1033
46 34 192
46 35 1826
46 36 985
46 37 144
46 38 1778
46 39 937
46 40 96
46 41 1730
46 42 889
46 43 48
46 44 1682
46 45 841
46 46 0
46 47 1730
46 48 889
46 49 48
46 50 1778
46 51 937
46 52 96
46 53 1826
46 54 985
46 55 144
46 56 1874
46 57 1033
46 58 192
46 59 1922
46 60 1081
46 61 240
46 62 2090
47 0 456
47 1 1851
47 2 1842
47 3 581
47 4 490
47 5 1139
47 6 589
47 7 1147
47 8 464
47 9 1104
47 10 1404
47 11 945
47 12 351
47 13 1027
47 14 1634
47 15 1703
47 16 658
47 17 1130
47 18 536
47 19 698
47 20 1942
47 21 1864
47 22 572
47 23 971
47 24 1265
47 25 832
47 26 336
47 27 1177
47 28 2018
47 29 288
47 30 1129
47 31 1970
47 32 240
47 33 1081
47 34 1922
47 35 192
47 36 1033
47 37 1874
47 38 144
47 39 985
47 40 1826
47 41 96
47 42 937
47 43 1778
47 44 48
47 45 889
47 46 1730
47 47 0
47 48 841
47 49 1682
47 50 48
47 51 889
47 52 1730
47 53 96
47 54 937
47 55 1778
47 56 144
47 57 985
47 58 1826
47 59 192
47 60 1033
47 61 1874
47 62 456
48 0 1297
48 1 1010
48 2 1001
48 3 932
48 4 1023
48 5 298
48 6 732
48 7 306
48 8 1049
48 9 263
48 10 563
48 11 568
48 12 1066
48 13 390
48 14 793
48 15 862
48 16 567
48 17 289
48 18 497
48 19 815
48 20 1101
48 21 1023
48 22 845
48 23 542
48 24 424
48 25 585
48 26 1177
48 27 336
48 28 1177
48 29 1129
48 30 288
48 31 1129
48 32 1081
48 33 240
48 34 1081
48 35 1033
48 36 192
48 37 1033
48 38 985
48 39 144
48 40 985
48 41 937
48 42 96
48 43 937
48 44 889
48 45 48
48 46 889
48 47 841
48 48 0
48 49 841
48 50 889
48 51 48
48 52 889
48 53 937
48 54 96
48 55 937
48 56 985
48 57 144
48 58 985
48 59 1033
48 60 192
48 61 1033
48 62 1297
49 0 2138
49 1 503
49 2 416
49 3 1773
49 4 1864
49 5 831
49 6 1573
49 7 631
49 8 1890
49 9 770
49 10 758
49 11 1409
49 12 1907
49 13 1231
49 14 624
49 15 459
49 16 1408
49 17 744
49 18 1338
49 19 1656
49 20 412
49 21 490
49 22 1686
49 23 1383
49 24 801
49 25 1426
49 26 2018
49 27 1177
49 28 336
49 29 1970
49 30 1129
49 31 288
49 32 1922
49 33 1081
49 34 240
49 35 1874
49 36 1033
49 37 192
49 38 1826
49 39 985
49 40 144
49 41 1778
49 42 937
49 43 96
49 44 1730
49 45 889
49 46 48
49 47 1682
49 48 841
49 49 0
49 50 1730
49 51 889
49 52 48
49 53 1778
49 54 937
49 55 96
49 56 1826
49 57 985
49 58 144
49 59 1874
49 60 1033
49 61 192
49 62 2138
50 0 504
50 1 1899
50 2 1890
50 3 629
50 4 538
50 5 1187
50 6 637
50 7 1195
50 8 512
50 9 1152
50 10 1452
50 11 993
50 12 399
50 13 1075
50 14 1682
50 15 1751
50 16 706
50 17 1178
50 18 584
50 19 746
50 20 1990
50 21 1912
50 22 620
50 23 1019
50 24 1313
50 25 880
50 26 384
50 27 1225
50 28 2066
50 29 336
50 30 1177
50 31 2018
50 32 288
50 33 1129
50 34 1970
50 35 240
50 36 1081
50 37 1922
50 38 192
50 39 1033
50 40 1874
50 41 144
50 42 985
50 43 1826
50 44 96
50 45 937
50 46 1778
50 47 48
50 48 889
50 49 1730
50 50 0
50 51 841
50 52 1682
50 53 48
50 54 889
50 55 1730
50 56 96
50 57 937
50 58 1778
50 59 144
50 60 985
50 61 1826
50 62 504
51 0 1345
51 1 1058
51 2 1049
51 3 980
51 4 1071
51 5 346
51 6 780
51 7 354
51 8 1097
51 9 311
51 10 611
51 11 616
51 12 1114
51 13 438
51 14 841
51 15 910
51 16 615
51 17 337
51 18 545
51 19 863
51 20 1149
51 21 1071
51 22 893
51 23 590
51 24 472
51 25 633
51 26 1225
51 27 384
51 28 1225
51 29 1177
51 30 336
51 31 1177
51 32 1129
51 33 288
51 34 1129
51 35 1081
51 36 240
51 37 1081
51 38 1033
51 39 192
51 40 1033
51 41 985
51 42 144
51 43 985
51 44 937
51 45 96
51 46 937
51 47 889
51 48 48
51 49 889
51 50 841
51 51 0
51 52 841
51 53 889
51 54 48
51 55 889
51 56 937
51 57 96
51 58 937
51 59 985
51 60 144
51 61 985
51 62 1345
52 0 2186
52 1 551
52 2 464
52 3 1821
52 4 1912
52 5 879
52 6 1621
52 7 679
52 8 1938
52 9 818
52 10 806
52 11 1457
52 12 1955
52 13 1279
52 14 672
52 15 507
52 16 1456
52 17 792
52 18 1386
52 19 1704
52 20 460
52 21 538
52 22 1734
52 23 1431
52 24 849
52 25 1474
52 26 2066
52 27 1225
52 28 384
52 29 2018
52 30 1177
52 31 336
52 32 1970
52 33 1129
52 34 288
52 35 1922
52 36 1081
52 37 240
52 38 1874
52 39 1033
52 40 192
52 41 1826
52 42 985
52 43 144
52 44 1778
52 45 937
52 46 96
52 47 1730
52 48 889
52 49 48
52 50 1682
52 51 841
52 52 0
52 53 1730
52 54 889
52 55 48
52 56 1778
52 57 937
52 58 96
52 59 1826
52 60 985
52 61 144
52 62 2186
53 0 552
53 1 1947
53 2 1938
53 3 677
53 4 586
53 5 1235
53 6 685
53 7 1243
53 8 560
53 9 1200
53 10 1500
53 11 1041
53 12 447
53 13 1123
53 14 1730
53 15 1799
53 16 754
53 17 1226
53 18 632
53 19 794
53 20 2038
53 21 1960
53 22 668
53 23 1067
53 24 1361
53 25 928
53 26 432
53 27 1273
53 28 2114
53 29 384
53 30 1225
53 31 2066
53 32 336
53 33 1177
53 34 2018
53 35 288
53 36 1129
53 37 1970
53 38 240
53 39 1081
53 40 1922
53 41 192
53 42 1033
53 43 1874
53 44 144
53 45 985
53 46 1826
53 47 96
53 48 937
53 49 1778
53 50 48
53 51 889
53 52 1730
53 53 0
53 54 841
53 55 1682
53 56 48
53 57 889
53 58 1730
53 59 96
53 60 937
53 61 1778
53 62 552
54 0 1393
54 1 1106
54 2 1097
54 3 1028
54 4 1119
54 5 394
54 6 828
54 7 402
54 8 1145
54 9 359
54 10 659
54 11 664
54 12 1162
54 13 486
54 14 889
54 15 958
54 16 663
54 17 385
54 18 593
54 19 911
54 20 1197
54 21 1119
54 22 941
54 23 638
54 24 520
54 25 681
54 26 1273
54 27 432
54 28 1273
54 29 1225
54 30 384
54 31 1225
54 32 1177
54 33 336
54 34 1177
54 35 1129
54 36 288
54 37 1129
54 38 1081
54 39 240
54 40 1081
54 41 1033
54 42 192
54 43 1033
54 44 985
54 45 144
54 46 985
54 47 937
54 48 96
54 49 937
54 50 889
54 51 48
54 52 889
54 53 841
54 54 0
54 55 841
54 56 889
54 57 48
54 58 889
54 59 937
54 60 96
54 61 937
54 62 1393
55 0 2234
55 1 599
55 2 512
55 3 1869
55 4 1960
55 5 927
55 6 1669
55 7 727
55 8 1986
55 9 866
55 10 854
55 11 1505
55 12 2003
55 13 1327
55 14 720
55 15 555
55 16 1504
55 17 840
55 18 1434
55 19 1752
55 20 508
55 21 586
55 22 1782
55 23 1479
55 24 897
55 25 1522
55 26 2114
55 27 1273
55 28 432
55 29 2066
55 30 1225
55 31 384
55 32 2018
55 33 1177
55 34 336
55 35 1970
55 36 1129
55 37 288
55 38 1922
55 39 1081
55 40 240
55 41 1874
55 42 1033
55 43 192
55 44 1826
55 45 985
55 46 144
55 47 1778
55 48 937
55 49 96
55 50 1730
55 51 889
55 52 48
55 53 1682
55 54 841
55 55 0
55 56 1730
55 57 889
55 58 48
55 59 1778
55 60 937
55 61 96
55 62 2234
56 0 600
56 1 1995
56 2 1986
56 3 725
56 4 634
56 5 1283
56 6 733
56 7 1291
56 8 608
56 9 1248
56 10 1548
56 11 1089
56 12 495
56 13 1171
56 14 1778
56 15 1847
56 16 802
56 17 1274
56 18 680
56 19 842
56 20 2086
56 21 2008
56 22 716
56 23 1115
56 24 1409
56 25 976
56 26 480
56 27 1321
56 28 2162
56 29 432
56 30 1273
56 31 2114
56 32 384
56 33 1225
56 34 2066
56 35 336
56 36 1177
56 37 2018
56 38 288
56 39 1129
56 40 1970
56 41 240
56 42 1081
56 43 1922
56 44 192
56 45 1033
56 46 1874
56 47 144
56 48 985
56 49 1826
56 50 96
56 51 937
56 52 1778
56 53 48
56 54 889
56 55 1730
56 56 0
56 57 841
56 58 1682
56 59 48
56 60 889
56 61 1730
56 62 600
57 0 1441
57 1 1154
57 2 1145
57 3 1076
57 4 1167
57 5 442
57 6 876
57 7 450
57 8 1193
57 9 407
57 10 707
57 11 712
57 12 1210
57 13 534
57 14 937
57 15 1006
57 16 711
57 17 433
57 18 641
57 19 959
57 20 1245
57 21 1167
57 22 989
57 23 686
57 24 568
57 25 729
57 26 1321
57 27 480
57 28 1321
57 29 1273
57 30 432
57 31 1273
57 32 1225
57 33 384
57 34 1225
57 35 1177
57 36 336
57 37 1177
57 38 1129
57 39 288
57 40 1129
57 41 1081
57 42 240
57 43 1081
57 44 1033
57 45 192
57 46 1033
57 47 985
57 48 144
57 49 985
57 50 937
57 51 96
57 52 937
57 53 889
57 54 48
57 55 889
57 56 841
57 57 0
57 58 841
57 59 889
57 60 48
57 61 889
57 62 1441
58 0 2282
58 1 647
58 2 560
58 3 1917
58 4 2008
58 5 975
58 6 1717
58 7 775
58 8 2034
58 9 914
58 10 902
58 11 1553
58 12 2051
58 13 1375
58 14 768
58 15 603
58 16 1552
58 17 888
58 18 1482
58 19 1800
58 20 556
58 21 634
58 22 1830
58 23 1527
58 24 945
58 25 1570
58 26 2162
58 27 1321
58 28 480
58 29 2114
58 30 1273
58 31 432
58 32 2066
58 33 1225
58 34 384
58 35 2018
58 36 1177
58 37 336
58 38 1970
58 39 1129
58 40 288
58 41 1922
58 42 1081
58 43 240
58 44 1874
58 45 1033
58 46 192
58 47 1826
58 48 985
58 49 144
58 50 1778
58 51 937
58 52 96
58 53 1730
58 54 889
58 55 48
58 56 1682
58 57 841
58 58 0
58 59 1730
58 60 889
58 61 48
58 62 2282
59 0 648
59 1 2043
59 2 2034
59 3 773
59 4 682
59 5 1331
59 6 781
59 7 1339
59 8 656
59 9 1296
59 10 1596
59 11 1137
59 12 543
59 13 1219
59 14 1826
59 15 1895
59 16 850
59 17 1322
59 18 728
59 19 890
59 20 2134
59 21 2056
59 22 764
59 23 1163
59 24 1457
59 25 1024
59 26 528
59 27 1369
59 28 2210
59 29 480
59 30 1321
59 31 2162
59 32 432
59 33 1273
59 34 2114
59 35 384
59 36 1225
59 37 2066
59 38 336
59 39 1177
59 40 2018
59 41 288
59 42 1129
59 43 1970
59 44 240
59 45 1081
59 46 1922
59 47 192
59 48 1033
59 49 1874
59 50 144
59 51 985
59 52 1826
59 53 96
59 54 937
59 55 1778
59 56 48
59 57 889
59 58 1730
59 59 0
59 60 841
59 61 1682
59 62 648
60 0 1489
60 1 1202
60 2 1193
60 3 1124
60 4 1215
60 5 490
60 6 924
60 7 498
60 8 1241
60 9 455
60 10 755
60 11 760
60 12 1258
60 13 582
60 14 985
60 15 1054
60 16 759
60 17 481
60 18 689
60 19 1007
60 20 1293
60 21 1215
60 22 1037
60 23 734
60 24 616
60 25 777
60 26 1369
60 27 528
60 28 1369
60 29 1321
60 30 480
60 31 1321
60 32 1273
60 33 432
60 34 1273
60 35 1225
60 36 384
60 37 1225
60 38 1177
60 39 336
60 40 1177
60 41 1129
60 42 288
60 43 1129
60 44 1081
60 45 240
60 46 1081
60 47 1033
60 48 192
60 49 1033
60 50 985
60 51 144
60 52 985
60 53 937
60 54 96
60 55 937
60 56 889
60 57 48
60 58 889
60 59 841
60 60 0
60 61 841
60 62 1489
61 0 2330
61 1 695
61 2 608
61 3 1965
61 4 2056
61 5 1023
61 6 1765
61 7 823
61 8 2082
61 9 962
61 10 950
61 11 1601
61 12 2099
61 13 1423
61 14 816
61 15 651
61 16 1600
61 17 936
61 18 1530
61 19 1848
61 20 604
61 21 682
61 22 1878
61 23 1575
61 24 993
61 25 1618
61 26 2210
61 27 1369
61 28 528
61 29 2162
61 30 1321
61 31 480
61 32 2114
61 33 1273
61 34 432
61 35 2066
61 36 1225
61 37 384
61 38 2018
61 39 1177
61 40 336
61 41 1970
61 42 1129
61 43 288
61 44 1922
61 45 1081
61 46 240
61 47 1874
61 48 1033
61 49 192
61 50 1826
61 51 985
61 52 144
61 53 1778
61 54 937
61 55 96
61 56 1730
61 57 889
61 58 48
61 59 1682
61 60 841
61 61 0
61 62 2330
62 0 0
62 1 1635
62 2 1722
62 3 365
62 4 274
62 5 1307
62 6 565
62 7 1507
62 8 248
62 9 1368
62 10 1380
62 11 729
62 12 231
62 13 907
62 14 1514
62 15 1679
62 16 730
62 17 1394
62 18 800
62 19 482
62 20 1726
62 21 1648
62 22 452
62 23 755
62 24 1337
62 25 712
62 26 120
62 27 961
62 28 1802
62 29 168
62 30 1009
62 31 1850
62 32 216
62 33 1057
62 34 1898
62 35 264
62 36 1105
62 37 1946
62 38 312
62 39 1153
62 40 1994
62 41 360
62 42 1201
62 43 2042
62 44 408
62 45 1249
62 46 2090
62 47 456
62 48 1297
62 49 2138
62 50 504
62 51 1345
62 52 2186
62 53 552
62 54 1393
62 55 2234
62 56 600
62 57 1441
62 58 2282
62 59 648
62 60 1489
62 61 2330
62 62 0
//Location coordinates LocationName
//Loc x y
0 0.0 0.0 "depot"
1 0.0 1635.0 "product aisle 0 bloc 1 rank 100"
2 48.0 1674.0 "product aisle 1 bloc 1 rank 106"
3 0.0 365.0 "product aisle 0 bloc 0 rank 34"
4 0.0 274.0 "product aisle 0 bloc 0 rank 20"
5 192.0 1115.0 "product aisle 4 bloc 1 rank 19"
6 96.0 469.0 "product aisle 2 bloc 0 rank 50"
7 288.0 1219.0 "product aisle 6 bloc 1 rank 36"
8 0.0 248.0 "product aisle 0 bloc 0 rank 15"
9 240.0 1128.0 "product aisle 5 bloc 1 rank 21"
10 96.0 1284.0 "product aisle 2 bloc 1 rank 46"
11 0.0 729.0 "product aisle 0 bloc 0 rank 89"
12 48.0 183.0 "product aisle 1 bloc 0 rank 6"
13 48.0 859.0 "product aisle 1 bloc 0 rank 110"
14 48.0 1466.0 "product aisle 1 bloc 1 rank 73"
15 96.0 1583.0 "product aisle 2 bloc 1 rank 92"
16 144.0 586.0 "product aisle 3 bloc 0 rank 67"
17 240.0 1154.0 "product aisle 5 bloc 1 rank 25"
18 240.0 560.0 "product aisle 5 bloc 0 rank 64"
19 0.0 482.0 "product aisle 0 bloc 0 rank 51"
20 0.0 1726.0 "product aisle 0 bloc 1 rank 113"
21 0.0 1648.0 "product aisle 0 bloc 1 rank 101"
22 48.0 404.0 "product aisle 1 bloc 0 rank 39"
23 0.0 755.0 "product aisle 0 bloc 0 rank 93"
24 144.0 1193.0 "product aisle 3 bloc 1 rank 32"
25 48.0 664.0 "product aisle 1 bloc 0 rank 80"
26 24.0 120.0 "intersection aisle 0 bloc 0 rank 0"
27 24.0 961.0 "intersection aisle 0 bloc 1 rank 1"
28 24.0 1802.0 "intersection aisle 0 bloc 2 rank 2"
29 72.0 120.0 "intersection aisle 1 bloc 0 rank 0"
30 72.0 961.0 "intersection aisle 1 bloc 1 rank 1"
31 72.0 1802.0 "intersection aisle 1 bloc 2 rank 2"
32 120.0 120.0 "intersection aisle 2 bloc 0 rank 0"
33 120.0 961.0 "intersection aisle 2 bloc 1 rank 1"
34 120.0 1802.0 "intersection aisle 2 bloc 2 rank 2"
35 168.0 120.0 "intersection aisle 3 bloc 0 rank 0"
36 168.0 961.0 "intersection aisle 3 bloc 1 rank 1"
37 168.0 1802.0 "intersection aisle 3 bloc 2 rank 2"
38 216.0 120.0 "intersection aisle 4 bloc 0 rank 0"
39 216.0 961.0 "intersection aisle 4 bloc 1 rank 1"
40 216.0 1802.0 "intersection aisle 4 bloc 2 rank 2"
41 264.0 120.0 "intersection aisle 5 bloc 0 rank 0"
42 264.0 961.0 "intersection aisle 5 bloc 1 rank 1"
43 264.0 1802.0 "intersection aisle 5 bloc 2 rank 2"
44 312.0 120.0 "intersection aisle 6 bloc 0 rank 0"
45 312.0 961.0 "intersection aisle 6 bloc 1 rank 1"
46 312.0 1802.0 "intersection aisle 6 bloc 2 rank 2"
47 360.0 120.0 "intersection aisle 7 bloc 0 rank 0"
48 360.0 961.0 "intersection aisle 7 bloc 1 rank 1"
49 360.0 1802.0 "intersection aisle 7 bloc 2 rank 2"
50 408.0 120.0 "intersection aisle 8 bloc 0 rank 0"
51 408.0 961.0 "intersection aisle 8 bloc 1 rank 1"
52 408.0 1802.0 "intersection aisle 8 bloc 2 rank 2"
53 456.0 120.0 "intersection aisle 9 bloc 0 rank 0"
54 456.0 961.0 "intersection aisle 9 bloc 1 rank 1"
55 456.0 1802.0 "intersection aisle 9 bloc 2 rank 2"
56 504.0 120.0 "intersection aisle 10 bloc 0 rank 0"
57 504.0 961.0 "intersection aisle 10 bloc 1 rank 1"
58 504.0 1802.0 "intersection aisle 10 bloc 2 rank 2"
59 552.0 120.0 "intersection aisle 11 bloc 0 rank 0"
60 552.0 961.0 "intersection aisle 11 bloc 1 rank 1"
61 552.0 1802.0 "intersection aisle 11 bloc 2 rank 2"
62 0.0 0.0 "depot"
