//alpha
1
//NbLocations
81
//NbProducts
26
//NbPickers
2
//CapaPicker
12
//TimeToTravelOneDistanceUnit
3
//SetupTime
5400
//PickTime
300
//Products
//Idx Location Size
1 1 1
2 2 1
3 3 1
4 4 1
5 5 1
6 6 1
7 7 1
8 8 1
9 9 1
10 10 1
11 11 1
12 12 1
13 13 1
14 14 1
15 15 1
16 16 1
17 17 1
18 18 1
19 19 1
20 20 1
21 21 1
22 22 1
23 23 1
24 24 1
25 25 1
26 26 1
//Orders
//NbOrders
12
//Idx DueDate TardinessPenalty NbProdInOrder ProdIdx1 Qty1 ProdIdx2 Qty2 ...
1 72000 0 4 1 1 2 1 3 1 4 1
2 54000 0 4 5 1 6 1 7 1 8 1
3 72000 0 1 9 1
4 108000 0 2 10 1 11 1
5 90000 0 1 12 1
6 36000 0 1 13 1
7 72000 0 4 14 1 15 1 16 1 17 1
8 90000 0 2 18 1 19 1
9 72000 0 1 20 1
10 90000 0 1 21 1
11 108000 0 3 22 1 23 1 24 1
12 72000 0 2 25 1 26 1
//Graph (Products are vertices indexed from 1 to NbProducts)
//NbVerticesIntersections
54
//DepartingDepot
0
//ArrivalDepot
81
//Arcs
//Start End Distance
0 27 120
1 4 182
1 52 375
2 9 663
2 64 336
3 43 115
3 44 1116
4 1 182
4 53 674
5 22 195
5 57 492
6 24 78
6 64 388
7 10 351
7 12 559
8 51 778
8 52 453
9 2 663
9 63 232
10 7 351
10 72 37
11 25 377
11 76 778
12 7 559
12 73 284
13 31 102
13 32 1129
14 73 596
14 74 635
15 39 1181
15 40 50
16 60 141
16 61 1090
17 48 1181
17 49 50
18 46 492
18 47 739
19 69 245
19 70 986
20 28 856
20 29 375
21 70 882
21 71 349
22 5 195
22 58 544
23 54 700
23 55 531
24 6 78
24 65 765
25 11 377
25 75 76
26 33 882
26 34 349
27 28 1231
27 30 48
27 81 120
28 20 856
28 27 1231
28 31 48
29 20 375
29 32 48
30 27 48
30 31 1231
30 33 48
31 13 102
31 28 48
31 30 1231
31 34 48
32 13 1129
32 29 48
32 35 48
33 26 882
33 30 48
33 36 48
34 26 349
34 31 48
34 35 1231
34 37 48
35 32 48
35 34 1231
35 38 48
36 33 48
36 37 1231
36 39 48
37 34 48
37 36 1231
37 38 1231
37 40 48
38 35 48
38 37 1231
38 41 48
39 15 1181
39 36 48
39 42 48
40 15 50
40 37 48
40 41 1231
40 43 48
41 38 48
41 40 1231
41 44 48
42 39 48
42 43 1231
42 45 48
43 3 115
43 40 48
43 42 1231
43 46 48
44 3 1116
44 41 48
44 47 48
45 42 48
45 46 1231
45 48 48
46 18 492
46 43 48
46 45 1231
46 49 48
47 18 739
47 44 48
47 50 48
48 17 1181
48 45 48
48 51 48
49 17 50
49 46 48
49 50 1231
49 52 48
50 47 48
50 49 1231
50 53 48
51 8 778
51 48 48
51 54 48
52 1 375
52 8 453
52 49 48
52 55 48
53 4 674
53 50 48
53 56 48
54 23 700
54 51 48
54 57 48
55 23 531
55 52 48
55 56 1231
55 58 48
56 53 48
56 55 1231
56 59 48
57 5 492
57 54 48
57 60 48
58 22 544
58 55 48
58 59 1231
58 61 48
59 56 48
59 58 1231
59 62 48
60 16 141
60 57 48
60 63 48
61 16 1090
61 58 48
61 62 1231
61 64 48
62 59 48
62 61 1231
62 65 48
63 9 232
63 60 48
63 66 48
64 2 336
64 6 388
64 61 48
64 67 48
65 24 765
65 62 48
65 68 48
66 63 48
66 67 1231
66 69 48
67 64 48
67 66 1231
67 68 1231
67 70 48
68 65 48
68 67 1231
68 71 48
69 19 245
69 66 48
69 72 48
70 19 986
70 21 882
70 67 48
70 73 48
71 21 349
71 68 48
71 74 48
72 10 37
72 69 48
72 75 48
73 12 284
73 14 596
73 70 48
73 76 48
74 14 635
74 71 48
74 77 48
75 25 76
75 72 48
75 78 48
76 11 778
76 73 48
76 77 1231
76 79 48
77 74 48
77 76 1231
77 80 48
78 75 48
78 79 1231
79 76 48
79 78 1231
79 80 1231
80 77 48
80 79 1231
//LocStart LocEnd ShortestPath
0 0 0
0 1 2110
0 2 1591
0 3 1706
0 4 2292
0 5 1092
0 6 2315
0 7 1228
0 8 1282
0 9 928
0 10 877
0 11 1341
0 12 1787
0 13 1501
0 14 2667
0 15 1493
0 16 789
0 17 1637
0 18 2131
0 19 1037
0 20 2207
0 21 2905
0 22 1287
0 23 1252
0 24 2393
0 25 964
0 26 1098
0 27 120
0 28 1351
0 29 2582
0 30 168
0 31 1399
0 32 2630
0 33 216
0 34 1447
0 35 2678
0 36 264
0 37 1495
0 38 2726
0 39 312
0 40 1543
0 41 2774
0 42 360
0 43 1591
0 44 2822
0 45 408
0 46 1639
0 47 2870
0 48 456
0 49 1687
0 50 2918
0 51 504
0 52 1735
0 53 2966
0 54 552
0 55 1783
0 56 3014
0 57 600
0 58 1831
0 59 3062
0 60 648
0 61 1879
0 62 3110
0 63 696
0 64 1927
0 65 3158
0 66 744
0 67 1975
0 68 3206
0 69 792
0 70 2023
0 71 3254
0 72 840
0 73 2071
0 74 3302
0 75 888
0 76 2119
0 77 3350
0 78 936
0 79 2167
0 80 3398
0 81 0
1 0 2110
1 1 0
1 2 903
1 3 634
1 4 182
1 5 1210
1 6 955
1 7 1554
1 8 828
1 9 1566
1 10 1905
1 11 1537
1 12 995
1 13 813
1 14 1307
1 15 617
1 16 1609
1 17 473
1 18 963
1 19 1649
1 20 1615
1 21 1493
1 22 1015
1 23 954
1 24 1033
1 25 1914
1 26 1012
1 27 1990
1 28 759
1 29 1240
1 30 1942
1 31 711
1 32 1192
1 33 1894
1 34 663
1 35 1144
1 36 1846
1 37 615
1 38 1096
1 39 1798
1 40 567
1 41 1048
1 42 1750
1 43 519
1 44 1000
1 45 1702
1 46 471
1 47 952
1 48 1654
1 49 423
1 50 904
1 51 1606
1 52 375
1 53 856
1 54 1654
1 55 423
1 56 904
1 57 1702
1 58 471
1 59 952
1 60 1750
1 61 519
1 62 1000
1 63 1798
1 64 567
1 65 1048
1 66 1846
1 67 615
1 68 1096
1 69 1894
1 70 663
1 71 1144
1 72 1942
1 73 711
1 74 1192
1 75 1990
1 76 759
1 77 1240
1 78 2038
1 79 807
1 80 1288
1 81 2110
2 0 1591
2 1 903
2 2 0
2 3 787
2 4 1085
2 5 1171
2 6 724
2 7 1323
2 8 981
2 9 663
2 10 1076
2 11 1306
2 12 764
2 13 966
2 14 1076
2 15 770
2 16 1084
2 17 626
2 18 1116
2 19 1236
2 20 1768
2 21 1314
2 22 976
2 23 1011
2 24 802
2 25 1163
2 26 1165
2 27 1471
2 28 912
2 29 2143
2 30 1423
2 31 864
2 32 2095
2 33 1375
2 34 816
2 35 2047
2 36 1327
2 37 768
2 38 1999
2 39 1279
2 40 720
2 41 1951
2 42 1231
2 43 672
2 44 1903
2 45 1183
2 46 624
2 47 1855
2 48 1135
2 49 576
2 50 1807
2 51 1087
2 52 528
2 53 1759
2 54 1039
2 55 480
2 56 1711
2 57 991
2 58 432
2 59 1663
2 60 943
2 61 384
2 62 1615
2 63 895
2 64 336
2 65 1567
2 66 943
2 67 384
2 68 1615
2 69 991
2 70 432
2 71 1663
2 72 1039
2 73 480
2 74 1711
2 75 1087
2 76 528
2 77 1759
2 78 1135
2 79 576
2 80 1807
2 81 1591
3 0 1706
3 1 634
3 2 787
3 3 0
3 4 816
3 5 1094
3 6 839
3 7 1438
3 8 712
3 9 1450
3 10 1789
3 11 1421
3 12 879
3 13 409
3 14 1191
3 15 213
3 16 1493
3 17 261
3 18 655
3 19 1533
3 20 1211
3 21 1429
3 22 899
3 23 838
3 24 917
3 25 1798
3 26 608
3 27 1586
3 28 355
3 29 1356
3 30 1538
3 31 307
3 32 1308
3 33 1490
3 34 259
3 35 1260
3 36 1442
3 37 211
3 38 1212
3 39 1394
3 40 163
3 41 1164
3 42 1346
3 43 115
3 44 1116
3 45 1394
3 46 163
3 47 1164
3 48 1442
3 49 211
3 50 1212
3 51 1490
3 52 259
3 53 1260
3 54 1538
3 55 307
3 56 1308
3 57 1586
3 58 355
3 59 1356
3 60 1634
3 61 403
3 62 1404
3 63 1682
3 64 451
3 65 1452
3 66 1730
3 67 499
3 68 1500
3 69 1778
3 70 547
3 71 1548
3 72 1826
3 73 595
3 74 1596
3 75 1874
3 76 643
3 77 1644
3 78 1922
3 79 691
3 80 1692
3 81 1706
4 0 2292
4 1 182
4 2 1085
4 3 816
4 4 0
4 5 1392
4 6 1137
4 7 1736
4 8 1010
4 9 1748
4 10 2087
4 11 1719
4 12 1177
4 13 995
4 14 1489
4 15 799
4 16 1791
4 17 655
4 18 1145
4 19 1831
4 20 1433
4 21 1311
4 22 1197
4 23 1136
4 24 1215
4 25 2096
4 26 1194
4 27 2172
4 28 941
4 29 1058
4 30 2124
4 31 893
4 32 1010
4 33 2076
4 34 845
4 35 962
4 36 2028
4 37 797
4 38 914
4 39 1980
4 40 749
4 41 866
4 42 1932
4 43 701
4 44 818
4 45 1884
4 46 653
4 47 770
4 48 1836
4 49 605
4 50 722
4 51 1788
4 52 557
4 53 674
4 54 1836
4 55 605
4 56 722
4 57 1884
4 58 653
4 59 770
4 60 1932
4 61 701
4 62 818
4 63 1980
4 64 749
4 65 866
4 66 2028
4 67 797
4 68 914
4 69 2076
4 70 845
4 71 962
4 72 2124
4 73 893
4 74 1010
4 75 2172
4 76 941
4 77 1058
4 78 2220
4 79 989
4 80 1106
4 81 2292
5 0 1092
5 1 1210
5 2 1171
5 3 1094
5 4 1392
5 5 0
5 6 1223
5 7 1120
5 8 1288
5 9 820
5 10 769
5 11 1233
5 12 1263
5 13 1273
5 14 1575
5 15 1077
5 16 681
5 17 933
5 18 1423
5 19 929
5 20 2075
5 21 1813
5 22 195
5 23 1240
5 24 1301
5 25 856
5 26 1472
5 27 972
5 28 1219
5 29 2450
5 30 924
5 31 1171
5 32 2402
5 33 876
5 34 1123
5 35 2354
5 36 828
5 37 1075
5 38 2306
5 39 780
5 40 1027
5 41 2258
5 42 732
5 43 979
5 44 2210
5 45 684
5 46 931
5 47 2162
5 48 636
5 49 883
5 50 2114
5 51 588
5 52 835
5 53 2066
5 54 540
5 55 787
5 56 2018
5 57 492
5 58 739
5 59 1970
5 60 540
5 61 787
5 62 2018
5 63 588
5 64 835
5 65 2066
5 66 636
5 67 883
5 68 2114
5 69 684
5 70 931
5 71 2162
5 72 732
5 73 979
5 74 2210
5 75 780
5 76 1027
5 77 2258
5 78 828
5 79 1075
5 80 2306
5 81 1092
6 0 2315
6 1 955
6 2 724
6 3 839
6 4 1137
6 5 1223
6 6 0
6 7 1375
6 8 1033
6 9 1387
6 10 1726
6 11 1358
6 12 816
6 13 1018
6 14 1128
6 15 822
6 16 1526
6 17 678
6 18 1168
6 19 1470
6 20 1794
6 21 1288
6 22 1028
6 23 1063
6 24 78
6 25 1735
6 26 1217
6 27 2195
6 28 964
6 29 1419
6 30 2147
6 31 916
6 32 1371
6 33 2099
6 34 868
6 35 1323
6 36 2051
6 37 820
6 38 1275
6 39 2003
6 40 772
6 41 1227
6 42 1955
6 43 724
6 44 1179
6 45 1907
6 46 676
6 47 1131
6 48 1859
6 49 628
6 50 1083
6 51 1811
6 52 580
6 53 1035
6 54 1763
6 55 532
6 56 987
6 57 1715
6 58 484
6 59 939
6 60 1667
6 61 436
6 62 891
6 63 1619
6 64 388
6 65 843
6 66 1667
6 67 436
6 68 891
6 69 1715
6 70 484
6 71 939
6 72 1763
6 73 532
6 74 987
6 75 1811
6 76 580
6 77 1035
6 78 1859
6 79 628
6 80 1083
6 81 2315
7 0 1228
7 1 1554
7 2 1323
7 3 1438
7 4 1736
7 5 1120
7 6 1375
7 7 0
7 8 1502
7 9 764
7 10 351
7 11 889
7 12 559
7 13 1617
7 14 1439
7 15 1421
7 16 721
7 17 1277
7 18 1767
7 19 681
7 20 2419
7 21 1773
7 22 1315
7 23 1376
7 24 1453
7 25 512
7 26 1816
7 27 1108
7 28 1563
7 29 2794
7 30 1060
7 31 1515
7 32 2746
7 33 1012
7 34 1467
7 35 2698
7 36 964
7 37 1419
7 38 2650
7 39 916
7 40 1371
7 41 2602
7 42 868
7 43 1323
7 44 2554
7 45 820
7 46 1275
7 47 2506
7 48 772
7 49 1227
7 50 2458
7 51 724
7 52 1179
7 53 2410
7 54 676
7 55 1131
7 56 2362
7 57 628
7 58 1083
7 59 2314
7 60 580
7 61 1035
7 62 2266
7 63 532
7 64 987
7 65 2218
7 66 484
7 67 939
7 68 2170
7 69 436
7 70 891
7 71 2122
7 72 388
7 73 843
7 74 2074
7 75 436
7 76 891
7 77 2122
7 78 484
7 79 939
7 80 2170
7 81 1228
8 0 1282
8 1 828
8 2 981
8 3 712
8 4 1010
8 5 1288
8 6 1033
8 7 1502
8 8 0
8 9 1202
8 10 1151
8 11 1615
8 12 1073
8 13 891
8 14 1385
8 15 695
8 16 1063
8 17 551
8 18 1041
8 19 1311
8 20 1693
8 21 1623
8 22 1093
8 23 1032
8 24 1111
8 25 1238
8 26 1090
8 27 1162
8 28 837
8 29 2068
8 30 1114
8 31 789
8 32 2020
8 33 1066
8 34 741
8 35 1972
8 36 1018
8 37 693
8 38 1924
8 39 970
8 40 645
8 41 1876
8 42 922
8 43 597
8 44 1828
8 45 874
8 46 549
8 47 1780
8 48 826
8 49 501
8 50 1732
8 51 778
8 52 453
8 53 1684
8 54 826
8 55 501
8 56 1732
8 57 874
8 58 549
8 59 1780
8 60 922
8 61 597
8 62 1828
8 63 970
8 64 645
8 65 1876
8 66 1018
8 67 693
8 68 1924
8 69 1066
8 70 741
8 71 1972
8 72 1114
8 73 789
8 74 2020
8 75 1162
8 76 837
8 77 2068
8 78 1210
8 79 885
8 80 2116
8 81 1282
9 0 928
9 1 1566
9 2 663
9 3 1450
9 4 1748
9 5 820
9 6 1387
9 7 764
9 8 1202
9 9 0
9 10 413
9 11 877
9 12 1323
9 13 1629
9 14 1739
9 15 1433
9 16 421
9 17 1289
9 18 1779
9 19 573
9 20 2431
9 21 1977
9 22 1015
9 23 1076
9 24 1465
9 25 500
9 26 1594
9 27 808
9 28 1575
9 29 2806
9 30 760
9 31 1527
9 32 2758
9 33 712
9 34 1479
9 35 2710
9 36 664
9 37 1431
9 38 2662
9 39 616
9 40 1383
9 41 2614
9 42 568
9 43 1335
9 44 2566
9 45 520
9 46 1287
9 47 2518
9 48 472
9 49 1239
9 50 2470
9 51 424
9 52 1191
9 53 2422
9 54 376
9 55 1143
9 56 2374
9 57 328
9 58 1095
9 59 2326
9 60 280
9 61 1047
9 62 2278
9 63 232
9 64 999
9 65 2230
9 66 280
9 67 1047
9 68 2278
9 69 328
9 70 1095
9 71 2326
9 72 376
9 73 1143
9 74 2374
9 75 424
9 76 1191
9 77 2422
9 78 472
9 79 1239
9 80 2470
9 81 928
10 0 877
10 1 1905
10 2 1076
10 3 1789
10 4 2087
10 5 769
10 6 1726
10 7 351
10 8 1151
10 9 413
10 10 0
10 11 538
10 12 910
10 13 1968
10 14 1790
10 15 1746
10 16 370
10 17 1602
10 18 2118
10 19 330
10 20 2770
10 21 2124
10 22 964
10 23 1025
10 24 1804
10 25 161
10 26 1543
10 27 757
10 28 1914
10 29 3145
10 30 709
10 31 1866
10 32 3097
10 33 661
10 34 1818
10 35 3049
10 36 613
10 37 1770
10 38 3001
10 39 565
10 40 1722
10 41 2953
10 42 517
10 43 1674
10 44 2905
10 45 469
10 46 1626
10 47 2857
10 48 421
10 49 1578
10 50 2809
10 51 373
10 52 1530
10 53 2761
10 54 325
10 55 1482
10 56 2713
10 57 277
10 58 1434
10 59 2665
10 60 229
10 61 1386
10 62 2617
10 63 181
10 64 1338
10 65 2569
10 66 133
10 67 1290
10 68 2521
10 69 85
10 70 1242
10 71 2473
10 72 37
10 73 1194
10 74 2425
10 75 85
10 76 1242
10 77 2473
10 78 133
10 79 1290
10 80 2521
10 81 877
11 0 1341
11 1 1537
11 2 1306
11 3 1421
11 4 1719
11 5 1233
11 6 1358
11 7 889
11 8 1615
11 9 877
11 10 538
11 11 0
11 12 1110
11 13 1600
11 14 1422
11 15 1404
11 16 834
11 17 1260
11 18 1750
11 19 794
11 20 2402
11 21 1756
11 22 1428
11 23 1489
11 24 1436
11 25 377
11 26 1799
11 27 1221
11 28 1546
11 29 2777
11 30 1173
11 31 1498
11 32 2729
11 33 1125
11 34 1450
11 35 2681
11 36 1077
11 37 1402
11 38 2633
11 39 1029
11 40 1354
11 41 2585
11 42 981
11 43 1306
11 44 2537
11 45 933
11 46 1258
11 47 2489
11 48 885
11 49 1210
11 50 2441
11 51 837
11 52 1162
11 53 2393
11 54 789
11 55 1114
11 56 2345
11 57 741
11 58 1066
11 59 2297
11 60 693
11 61 1018
11 62 2249
11 63 645
11 64 970
11 65 2201
11 66 597
11 67 922
11 68 2153
11 69 549
11 70 874
11 71 2105
11 72 501
11 73 826
11 74 2057
11 75 453
11 76 778
11 77 2009
11 78 501
11 79 826
11 80 2057
11 81 1341
12 0 1787
12 1 995
12 2 764
12 3 879
12 4 1177
12 5 1263
12 6 816
12 7 559
12 8 1073
12 9 1323
12 10 910
12 11 1110
12 12 0
12 13 1058
12 14 880
12 15 862
12 16 1280
12 17 718
12 18 1208
12 19 1240
12 20 1860
12 21 1214
12 22 1068
12 23 1103
12 24 894
12 25 1071
12 26 1257
12 27 1667
12 28 1004
12 29 2235
12 30 1619
12 31 956
12 32 2187
12 33 1571
12 34 908
12 35 2139
12 36 1523
12 37 860
12 38 2091
12 39 1475
12 40 812
12 41 2043
12 42 1427
12 43 764
12 44 1995
12 45 1379
12 46 716
12 47 1947
12 48 1331
12 49 668
12 50 1899
12 51 1283
12 52 620
12 53 1851
12 54 1235
12 55 572
12 56 1803
12 57 1187
12 58 524
12 59 1755
12 60 1139
12 61 476
12 62 1707
12 63 1091
12 64 428
12 65 1659
12 66 1043
12 67 380
12 68 1611
12 69 995
12 70 332
12 71 1563
12 72 947
12 73 284
12 74 1515
12 75 995
12 76 332
12 77 1563
12 78 1043
12 79 380
12 80 1611
12 81 1787
13 0 1501
13 1 813
13 2 966
13 3 409
13 4 995
13 5 1273
13 6 1018
13 7 1617
13 8 891
13 9 1629
13 10 1968
13 11 1600
13 12 1058
13 13 0
13 14 1370
13 15 296
13 16 1672
13 17 440
13 18 834
13 19 1712
13 20 1006
13 21 1608
13 22 1078
13 23 1017
13 24 1096
13 25 1977
13 26 499
13 27 1381
13 28 150
13 29 1177
13 30 1333
13 31 102
13 32 1129
13 33 1381
13 34 150
13 35 1177
13 36 1429
13 37 198
13 38 1225
13 39 1477
13 40 246
13 41 1273
13 42 1525
13 43 294
13 44 1321
13 45 1573
13 46 342
13 47 1369
13 48 1621
13 49 390
13 50 1417
13 51 1669
13 52 438
13 53 1465
13 54 1717
13 55 486
13 56 1513
13 57 1765
13 58 534
13 59 1561
13 60 1813
13 61 582
13 62 1609
13 63 1861
13 64 630
13 65 1657
13 66 1909
13 67 678
13 68 1705
13 69 1957
13 70 726
13 71 1753
13 72 2005
13 73 774
13 74 1801
13 75 2053
13 76 822
13 77 1849
13 78 2101
13 79 870
13 80 1897
13 81 1501
14 0 2667
14 1 1307
14 2 1076
14 3 1191
14 4 1489
14 5 1575
14 6 1128
14 7 1439
14 8 1385
14 9 1739
14 10 1790
14 11 1422
14 12 880
14 13 1370
14 14 0
14 15 1174
14 16 1878
14 17 1030
14 18 1520
14 19 1630
14 20 1730
14 21 1032
14 22 1380
14 23 1415
14 24 1206
14 25 1799
14 26 1569
14 27 2547
14 28 1316
14 29 1355
14 30 2499
14 31 1268
14 32 1307
14 33 2451
14 34 1220
14 35 1259
14 36 2403
14 37 1172
14 38 1211
14 39 2355
14 40 1124
14 41 1163
14 42 2307
14 43 1076
14 44 1115
14 45 2259
14 46 1028
14 47 1067
14 48 2211
14 49 980
14 50 1019
14 51 2163
14 52 932
14 53 971
14 54 2115
14 55 884
14 56 923
14 57 2067
14 58 836
14 59 875
14 60 2019
14 61 788
14 62 827
14 63 1971
14 64 740
14 65 779
14 66 1923
14 67 692
14 68 731
14 69 1875
14 70 644
14 71 683
14 72 1827
14 73 596
14 74 635
14 75 1875
14 76 644
14 77 683
14 78 1923
14 79 692
14 80 731
14 81 2667
15 0 1493
15 1 617
15 2 770
15 3 213
15 4 799
15 5 1077
15 6 822
15 7 1421
15 8 695
15 9 1433
15 10 1746
15 11 1404
15 12 862
15 13 296
15 14 1174
15 15 0
15 16 1476
15 17 244
15 18 638
15 19 1516
15 20 1098
15 21 1412
15 22 882
15 23 821
15 24 900
15 25 1781
15 26 495
15 27 1373
15 28 242
15 29 1473
15 30 1325
15 31 194
15 32 1425
15 33 1277
15 34 146
15 35 1377
15 36 1229
15 37 98
15 38 1329
15 39 1181
15 40 50
15 41 1281
15 42 1229
15 43 98
15 44 1329
15 45 1277
15 46 146
15 47 1377
15 48 1325
15 49 194
15 50 1425
15 51 1373
15 52 242
15 53 1473
15 54 1421
15 55 290
15 56 1521
15 57 1469
15 58 338
15 59 1569
15 60 1517
15 61 386
15 62 1617
15 63 1565
15 64 434
15 65 1665
15 66 1613
15 67 482
15 68 1713
15 69 1661
15 70 530
15 71 1761
15 72 1709
15 73 578
15 74 1809
15 75 1757
15 76 626
15 77 1857
15 78 1805
15 79 674
15 80 1905
15 81 1493
16 0 789
16 1 1609
16 2 1084
16 3 1493
16 4 1791
16 5 681
16 6 1526
16 7 721
16 8 1063
16 9 421
16 10 370
16 11 834
16 12 1280
16 13 1672
16 14 1878
16 15 1476
16 16 0
16 17 1332
16 18 1822
16 19 530
16 20 2474
16 21 2116
16 22 876
16 23 937
16 24 1604
16 25 457
16 26 1455
16 27 669
16 28 1618
16 29 2849
16 30 621
16 31 1570
16 32 2801
16 33 573
16 34 1522
16 35 2753
16 36 525
16 37 1474
16 38 2705
16 39 477
16 40 1426
16 41 2657
16 42 429
16 43 1378
16 44 2609
16 45 381
16 46 1330
16 47 2561
16 48 333
16 49 1282
16 50 2513
16 51 285
16 52 1234
16 53 2465
16 54 237
16 55 1186
16 56 2417
16 57 189
16 58 1138
16 59 2369
16 60 141
16 61 1090
16 62 2321
16 63 189
16 64 1138
16 65 2369
16 66 237
16 67 1186
16 68 2417
16 69 285
16 70 1234
16 71 2465
16 72 333
16 73 1282
16 74 2513
16 75 381
16 76 1330
16 77 2561
16 78 429
16 79 1378
16 80 2609
16 81 789
17 0 1637
17 1 473
17 2 626
17 3 261
17 4 655
17 5 933
17 6 678
17 7 1277
17 8 551
17 9 1289
17 10 1602
17 11 1260
17 12 718
17 13 440
17 14 1030
17 15 244
17 16 1332
17 17 0
17 18 590
17 19 1372
17 20 1242
17 21 1268
17 22 738
17 23 677
17 24 756
17 25 1637
17 26 639
17 27 1517
17 28 386
17 29 1617
17 30 1469
17 31 338
17 32 1569
17 33 1421
17 34 290
17 35 1521
17 36 1373
17 37 242
17 38 1473
17 39 1325
17 40 194
17 41 1425
17 42 1277
17 43 146
17 44 1377
17 45 1229
17 46 98
17 47 1329
17 48 1181
17 49 50
17 50 1281
17 51 1229
17 52 98
17 53 1329
17 54 1277
17 55 146
17 56 1377
17 57 1325
17 58 194
17 59 1425
17 60 1373
17 61 242
17 62 1473
17 63 1421
17 64 290
17 65 1521
17 66 1469
17 67 338
17 68 1569
17 69 1517
17 70 386
17 71 1617
17 72 1565
17 73 434
17 74 1665
17 75 1613
17 76 482
17 77 1713
17 78 1661
17 79 530
17 80 1761
17 81 1637
18 0 2131
18 1 963
18 2 1116
18 3 655
18 4 1145
18 5 1423
18 6 1168
18 7 1767
18 8 1041
18 9 1779
18 10 2118
18 11 1750
18 12 1208
18 13 834
18 14 1520
18 15 638
18 16 1822
18 17 590
18 18 0
18 19 1862
18 20 1402
18 21 1472
18 22 1228
18 23 1167
18 24 1246
18 25 2127
18 26 1033
18 27 2011
18 28 780
18 29 1027
18 30 1963
18 31 732
18 32 979
18 33 1915
18 34 684
18 35 931
18 36 1867
18 37 636
18 38 883
18 39 1819
18 40 588
18 41 835
18 42 1771
18 43 540
18 44 787
18 45 1723
18 46 492
18 47 739
18 48 1771
18 49 540
18 50 787
18 51 1819
18 52 588
18 53 835
18 54 1867
18 55 636
18 56 883
18 57 1915
18 58 684
18 59 931
18 60 1963
18 61 732
18 62 979
18 63 2011
18 64 780
18 65 1027
18 66 2059
18 67 828
18 68 1075
18 69 2107
18 70 876
18 71 1123
18 72 2155
18 73 924
18 74 1171
18 75 2203
18 76 972
18 77 1219
18 78 2251
18 79 1020
18 80 1267
18 81 2131
19 0 1037
19 1 1649
19 2 1236
19 3 1533
19 4 1831
19 5 929
19 6 1470
19 7 681
19 8 1311
19 9 573
19 10 330
19 11 794
19 12 1240
19 13 1712
19 14 1630
19 15 1516
19 16 530
19 17 1372
19 18 1862
19 19 0
19 20 2514
19 21 1868
19 22 1124
19 23 1185
19 24 1548
19 25 417
19 26 1703
19 27 917
19 28 1658
19 29 2889
19 30 869
19 31 1610
19 32 2841
19 33 821
19 34 1562
19 35 2793
19 36 773
19 37 1514
19 38 2745
19 39 725
19 40 1466
19 41 2697
19 42 677
19 43 1418
19 44 2649
19 45 629
19 46 1370
19 47 2601
19 48 581
19 49 1322
19 50 2553
19 51 533
19 52 1274
19 53 2505
19 54 485
19 55 1226
19 56 2457
19 57 437
19 58 1178
19 59 2409
19 60 389
19 61 1130
19 62 2361
19 63 341
19 64 1082
19 65 2313
19 66 293
19 67 1034
19 68 2265
19 69 245
19 70 986
19 71 2217
19 72 293
19 73 1034
19 74 2265
19 75 341
19 76 1082
19 77 2313
19 78 389
19 79 1130
19 80 2361
19 81 1037
20 0 2207
20 1 1615
20 2 1768
20 3 1211
20 4 1433
20 5 2075
20 6 1794
20 7 2419
20 8 1693
20 9 2431
20 10 2770
20 11 2402
20 12 1860
20 13 1006
20 14 1730
20 15 1098
20 16 2474
20 17 1242
20 18 1402
20 19 2514
20 20 0
20 21 1396
20 22 1880
20 23 1819
20 24 1716
20 25 2779
20 26 1301
20 27 2087
20 28 856
20 29 375
20 30 2135
20 31 904
20 32 423
20 33 2183
20 34 952
20 35 471
20 36 2231
20 37 1000
20 38 519
20 39 2279
20 40 1048
20 41 567
20 42 2327
20 43 1096
20 44 615
20 45 2375
20 46 1144
20 47 663
20 48 2423
20 49 1192
20 50 711
20 51 2471
20 52 1240
20 53 759
20 54 2519
20 55 1288
20 56 807
20 57 2567
20 58 1336
20 59 855
20 60 2615
20 61 1384
20 62 903
20 63 2663
20 64 1432
20 65 951
20 66 2711
20 67 1480
20 68 999
20 69 2759
20 70 1528
20 71 1047
20 72 2807
20 73 1576
20 74 1095
20 75 2855
20 76 1624
20 77 1143
20 78 2903
20 79 1672
20 80 1191
20 81 2207
21 0 2905
21 1 1493
21 2 1314
21 3 1429
21 4 1311
21 5 1813
21 6 1288
21 7 1773
21 8 1623
21 9 1977
21 10 2124
21 11 1756
21 12 1214
21 13 1608
21 14 1032
21 15 1412
21 16 2116
21 17 1268
21 18 1472
21 19 1868
21 20 1396
21 21 0
21 22 1618
21 23 1653
21 24 1210
21 25 2133
21 26 1807
21 27 2785
21 28 1554
21 29 1021
21 30 2737
21 31 1506
21 32 973
21 33 2689
21 34 1458
21 35 925
21 36 2641
21 37 1410
21 38 877
21 39 2593
21 40 1362
21 41 829
21 42 2545
21 43 1314
21 44 781
21 45 2497
21 46 1266
21 47 733
21 48 2449
21 49 1218
21 50 685
21 51 2401
21 52 1170
21 53 637
21 54 2353
21 55 1122
21 56 589
21 57 2305
21 58 1074
21 59 541
21 60 2257
21 61 1026
21 62 493
21 63 2209
21 64 978
21 65 445
21 66 2161
21 67 930
21 68 397
21 69 2113
21 70 882
21 71 349
21 72 2161
21 73 930
21 74 397
21 75 2209
21 76 978
21 77 445
21 78 2257
21 79 1026
21 80 493
21 81 2905
22 0 1287
22 1 1015
22 2 976
22 3 899
22 4 1197
22 5 195
22 6 1028
22 7 1315
22 8 1093
22 9 1015
22 10 964
22 11 1428
22 12 1068
22 13 1078
22 14 1380
22 15 882
22 16 876
22 17 738
22 18 1228
22 19 1124
22 20 1880
22 21 1618
22 22 0
22 23 1123
22 24 1106
22 25 1051
22 26 1277
22 27 1167
22 28 1024
22 29 2255
22 30 1119
22 31 976
22 32 2207
22 33 1071
22 34 928
22 35 2159
22 36 1023
22 37 880
22 38 2111
22 39 975
22 40 832
22 41 2063
22 42 927
22 43 784
22 44 2015
22 45 879
22 46 736
22 47 1967
22 48 831
22 49 688
22 50 1919
22 51 783
22 52 640
22 53 1871
22 54 735
22 55 592
22 56 1823
22 57 687
22 58 544
22 59 1775
22 60 735
22 61 592
22 62 1823
22 63 783
22 64 640
22 65 1871
22 66 831
22 67 688
22 68 1919
22 69 879
22 70 736
22 71 1967
22 72 927
22 73 784
22 74 2015
22 75 975
22 76 832
22 77 2063
22 78 1023
22 79 880
22 80 2111
22 81 1287
23 0 1252
23 1 954
23 2 1011
23 3 838
23 4 1136
23 5 1240
23 6 1063
23 7 1376
23 8 1032
23 9 1076
23 10 1025
23 11 1489
23 12 1103
23 13 1017
23 14 1415
23 15 821
23 16 937
23 17 677
23 18 1167
23 19 1185
23 20 1819
23 21 1653
23 22 1123
23 23 0
23 24 1141
23 25 1112
23 26 1216
23 27 1132
23 28 963
23 29 2194
23 30 1084
23 31 915
23 32 2146
23 33 1036
23 34 867
23 35 2098
23 36 988
23 37 819
23 38 2050
23 39 940
23 40 771
23 41 2002
23 42 892
23 43 723
23 44 1954
23 45 844
23 46 675
23 47 1906
23 48 796
23 49 627
23 50 1858
23 51 748
23 52 579
23 53 1810
23 54 700
23 55 531
23 56 1762
23 57 748
23 58 579
23 59 1810
23 60 796
23 61 627
23 62 1858
23 63 844
23 64 675
23 65 1906
23 66 892
23 67 723
23 68 1954
23 69 940
23 70 771
23 71 2002
23 72 988
23 73 819
23 74 2050
23 75 1036
23 76 867
23 77 2098
23 78 1084
23 79 915
23 80 2146
23 81 1252
24 0 2393
24 1 1033
24 2 802
24 3 917
24 4 1215
24 5 1301
24 6 78
24 7 1453
24 8 1111
24 9 1465
24 10 1804
24 11 1436
24 12 894
24 13 1096
24 14 1206
24 15 900
24 16 1604
24 17 756
24 18 1246
24 19 1548
24 20 1716
24 21 1210
24 22 1106
24 23 1141
24 24 0
24 25 1813
24 26 1295
24 27 2273
24 28 1042
24 29 1341
24 30 2225
24 31 994
24 32 1293
24 33 2177
24 34 946
24 35 1245
24 36 2129
24 37 898
24 38 1197
24 39 2081
24 40 850
24 41 1149
24 42 2033
24 43 802
24 44 1101
24 45 1985
24 46 754
24 47 1053
24 48 1937
24 49 706
24 50 1005
24 51 1889
24 52 658
24 53 957
24 54 1841
24 55 610
24 56 909
24 57 1793
24 58 562
24 59 861
24 60 1745
24 61 514
24 62 813
24 63 1697
24 64 466
24 65 765
24 66 1745
24 67 514
24 68 813
24 69 1793
24 70 562
24 71 861
24 72 1841
24 73 610
24 74 909
24 75 1889
24 76 658
24 77 957
24 78 1937
24 79 706
24 80 1005
24 81 2393
25 0 964
25 1 1914
25 2 1163
25 3 1798
25 4 2096
25 5 856
25 6 1735
25 7 512
25 8 1238
25 9 500
25 10 161
25 11 377
25 12 1071
25 13 1977
25 14 1799
25 15 1781
25 16 457
25 17 1637
25 18 2127
25 19 417
25 20 2779
25 21 2133
25 22 1051
25 23 1112
25 24 1813
25 25 0
25 26 1630
25 27 844
25 28 1923
25 29 3154
25 30 796
25 31 1875
25 32 3106
25 33 748
25 34 1827
25 35 3058
25 36 700
25 37 1779
25 38 3010
25 39 652
25 40 1731
25 41 2962
25 42 604
25 43 1683
25 44 2914
25 45 556
25 46 1635
25 47 2866
25 48 508
25 49 1587
25 50 2818
25 51 460
25 52 1539
25 53 2770
25 54 412
25 55 1491
25 56 2722
25 57 364
25 58 1443
25 59 2674
25 60 316
25 61 1395
25 62 2626
25 63 268
25 64 1347
25 65 2578
25 66 220
25 67 1299
25 68 2530
25 69 172
25 70 1251
25 71 2482
25 72 124
25 73 1203
25 74 2434
25 75 76
25 76 1155
25 77 2386
25 78 124
25 79 1203
25 80 2434
25 81 964
26 0 1098
26 1 1012
26 2 1165
26 3 608
26 4 1194
26 5 1472
26 6 1217
26 7 1816
26 8 1090
26 9 1594
26 10 1543
26 11 1799
26 12 1257
26 13 499
26 14 1569
26 15 495
26 16 1455
26 17 639
26 18 1033
26 19 1703
26 20 1301
26 21 1807
26 22 1277
26 23 1216
26 24 1295
26 25 1630
26 26 0
26 27 978
26 28 445
26 29 1676
26 30 930
26 31 397
26 32 1628
26 33 882
26 34 349
26 35 1580
26 36 930
26 37 397
26 38 1628
26 39 978
26 40 445
26 41 1676
26 42 1026
26 43 493
26 44 1724
26 45 1074
26 46 541
26 47 1772
26 48 1122
26 49 589
26 50 1820
26 51 1170
26 52 637
26 53 1868
26 54 1218
26 55 685
26 56 1916
26 57 1266
26 58 733
26 59 1964
26 60 1314
26 61 781
26 62 2012
26 63 1362
26 64 829
26 65 2060
26 66 1410
26 67 877
26 68 2108
26 69 1458
26 70 925
26 71 2156
26 72 1506
26 73 973
26 74 2204
26 75 1554
26 76 1021
26 77 2252
26 78 1602
26 79 1069
26 80 2300
26 81 1098
27 0 120
27 1 1990
27 2 1471
27 3 1586
27 4 2172
27 5 972
27 6 2195
27 7 1108
27 8 1162
27 9 808
27 10 757
27 11 1221
27 12 1667
27 13 1381
27 14 2547
27 15 1373
27 16 669
27 17 1517
27 18 2011
27 19 917
27 20 2087
27 21 2785
27 22 1167
27 23 1132
27 24 2273
27 25 844
27 26 978
27 27 0
27 28 1231
27 29 2462
27 30 48
27 31 1279
27 32 2510
27 33 96
27 34 1327
27 35 2558
27 36 144
27 37 1375
27 38 2606
27 39 192
27 40 1423
27 41 2654
27 42 240
27 43 1471
27 44 2702
27 45 288
27 46 1519
27 47 2750
27 48 336
27 49 1567
27 50 2798
27 51 384
27 52 1615
27 53 2846
27 54 432
27 55 1663
27 56 2894
27 57 480
27 58 1711
27 59 2942
27 60 528
27 61 1759
27 62 2990
27 63 576
27 64 1807
27 65 3038
27 66 624
27 67 1855
27 68 3086
27 69 672
27 70 1903
27 71 3134
27 72 720
27 73 1951
27 74 3182
27 75 768
27 76 1999
27 77 3230
27 78 816
27 79 2047
27 80 3278
27 81 120
28 0 1351
28 1 759
28 2 912
28 3 355
28 4 941
28 5 1219
28 6 964
28 7 1563
28 8 837
28 9 1575
28 10 1914
28 11 1546
28 12 1004
28 13 150
28 14 1316
28 15 242
28 16 1618
28 17 386
28 18 780
28 19 1658
28 20 856
28 21 1554
28 22 1024
28 23 963
28 24 1042
28 25 1923
28 26 445
28 27 1231
28 28 0
28 29 1231
28 30 1279
28 31 48
28 32 1279
28 33 1327
28 34 96
28 35 1327
28 36 1375
28 37 144
28 38 1375
28 39 1423
28 40 192
28 41 1423
28 42 1471
28 43 240
28 44 1471
28 45 1519
28 46 288
28 47 1519
28 48 1567
28 49 336
28 50 1567
28 51 1615
28 52 384
28 53 1615
28 54 1663
28 55 432
28 56 1663
28 57 1711
28 58 480
28 59 1711
28 60 1759
28 61 528
28 62 1759
28 63 1807
28 64 576
28 65 1807
28 66 1855
28 67 624
28 68 1855
28 69 1903
28 70 672
28 71 1903
28 72 1951
28 73 720
28 74 1951
28 75 1999
28 76 768
28 77 1999
28 78 2047
28 79 816
28 80 2047
28 81 1351
29 0 2582
29 1 1240
29 2 2143
29 3 1356
29 4 1058
29 5 2450
29 6 1419
29 7 2794
29 8 2068
29 9 2806
29 10 3145
29 11 2777
29 12 2235
29 13 1177
29 14 1355
29 15 1473
29 16 2849
29 17 1617
29 18 1027
29 19 2889
29 20 375
29 21 1021
29 22 2255
29 23 2194
29 24 1341
29 25 3154
29 26 1676
29 27 2462
29 28 1231
29 29 0
29 30 2510
29 31 1279
29 32 48
29 33 2558
29 34 1327
29 35 96
29 36 2606
29 37 1375
29 38 144
29 39 2654
29 40 1423
29 41 192
29 42 2702
29 43 1471
29 44 240
29 45 2750
29 46 1519
29 47 288
29 48 2798
29 49 1567
29 50 336
29 51 2846
29 52 1615
29 53 384
29 54 2894
29 55 1663
29 56 432
29 57 2942
29 58 1711
29 59 480
29 60 2990
29 61 1759
29 62 528
29 63 3038
29 64 1807
29 65 576
29 66 3086
29 67 1855
29 68 624
29 69 3134
29 70 1903
29 71 672
29 72 3182
29 73 1951
29 74 720
29 75 3230
29 76 1999
29 77 768
29 78 3278
29 79 2047
29 80 816
29 81 2582
30 0 168
30 1 1942
30 2 1423
30 3 1538
30 4 2124
30 5 924
30 6 2147
30 7 1060
30 8 1114
30 9 760
30 10 709
30 11 1173
30 12 1619
30 13 1333
30 14 2499
30 15 1325
30 16 621
30 17 1469
30 18 1963
30 19 869
30 20 2135
30 21 2737
30 22 1119
30 23 1084
30 24 2225
30 25 796
30 26 930
30 27 48
30 28 1279
30 29 2510
30 30 0
30 31 1231
30 32 2462
30 33 48
30 34 1279
30 35 2510
30 36 96
30 37 1327
30 38 2558
30 39 144
30 40 1375
30 41 2606
30 42 192
30 43 1423
30 44 2654
30 45 240
30 46 1471
30 47 2702
30 48 288
30 49 1519
30 50 2750
30 51 336
30 52 1567
30 53 2798
30 54 384
30 55 1615
30 56 2846
30 57 432
30 58 1663
30 59 2894
30 60 480
30 61 1711
30 62 2942
30 63 528
30 64 1759
30 65 2990
30 66 576
30 67 1807
30 68 3038
30 69 624
30 70 1855
30 71 3086
30 72 672
30 73 1903
30 74 3134
30 75 720
30 76 1951
30 77 3182
30 78 768
30 79 1999
30 80 3230
30 81 168
31 0 1399
31 1 711
31 2 864
31 3 307
31 4 893
31 5 1171
31 6 916
31 7 1515
31 8 789
31 9 1527
31 10 1866
31 11 1498
31 12 956
31 13 102
31 14 1268
31 15 194
31 16 1570
31 17 338
31 18 732
31 19 1610
31 20 904
31 21 1506
31 22 976
31 23 915
31 24 994
31 25 1875
31 26 397
31 27 1279
31 28 48
31 29 1279
31 30 1231
31 31 0
31 32 1231
31 33 1279
31 34 48
31 35 1279
31 36 1327
31 37 96
31 38 1327
31 39 1375
31 40 144
31 41 1375
31 42 1423
31 43 192
31 44 1423
31 45 1471
31 46 240
31 47 1471
31 48 1519
31 49 288
31 50 1519
31 51 1567
31 52 336
31 53 1567
31 54 1615
31 55 384
31 56 1615
31 57 1663
31 58 432
31 59 1663
31 60 1711
31 61 480
31 62 1711
31 63 1759
31 64 528
31 65 1759
31 66 1807
31 67 576
31 68 1807
31 69 1855
31 70 624
31 71 1855
31 72 1903
31 73 672
31 74 1903
31 75 1951
31 76 720
31 77 1951
31 78 1999
31 79 768
31 80 1999
31 81 1399
32 0 2630
32 1 1192
32 2 2095
32 3 1308
32 4 1010
32 5 2402
32 6 1371
32 7 2746
32 8 2020
32 9 2758
32 10 3097
32 11 2729
32 12 2187
32 13 1129
32 14 1307
32 15 1425
32 16 2801
32 17 1569
32 18 979
32 19 2841
32 20 423
32 21 973
32 22 2207
32 23 2146
32 24 1293
32 25 3106
32 26 1628
32 27 2510
32 28 1279
32 29 48
32 30 2462
32 31 1231
32 32 0
32 33 2510
32 34 1279
32 35 48
32 36 2558
32 37 1327
32 38 96
32 39 2606
32 40 1375
32 41 144
32 42 2654
32 43 1423
32 44 192
32 45 2702
32 46 1471
32 47 240
32 48 2750
32 49 1519
32 50 288
32 51 2798
32 52 1567
32 53 336
32 54 2846
32 55 1615
32 56 384
32 57 2894
32 58 1663
32 59 432
32 60 2942
32 61 1711
32 62 480
32 63 2990
32 64 1759
32 65 528
32 66 3038
32 67 1807
32 68 576
32 69 3086
32 70 1855
32 71 624
32 72 3134
32 73 1903
32 74 672
32 75 3182
32 76 1951
32 77 720
32 78 3230
32 79 1999
32 80 768
32 81 2630
33 0 216
33 1 1894
33 2 1375
33 3 1490
33 4 2076
33 5 876
33 6 2099
33 7 1012
33 8 1066
33 9 712
33 10 661
33 11 1125
33 12 1571
33 13 1381
33 14 2451
33 15 1277
33 16 573
33 17 1421
33 18 1915
33 19 821
33 20 2183
33 21 2689
33 22 1071
33 23 1036
33 24 2177
33 25 748
33 26 882
33 27 96
33 28 1327
33 29 2558
33 30 48
33 31 1279
33 32 2510
33 33 0
33 34 1231
33 35 2462
33 36 48
33 37 1279
33 38 2510
33 39 96
33 40 1327
33 41 2558
33 42 144
33 43 1375
33 44 2606
33 45 192
33 46 1423
33 47 2654
33 48 240
33 49 1471
33 50 2702
33 51 288
33 52 1519
33 53 2750
33 54 336
33 55 1567
33 56 2798
33 57 384
33 58 1615
33 59 2846
33 60 432
33 61 1663
33 62 2894
33 63 480
33 64 1711
33 65 2942
33 66 528
33 67 1759
33 68 2990
33 69 576
33 70 1807
33 71 3038
33 72 624
33 73 1855
33 74 3086
33 75 672
33 76 1903
33 77 3134
33 78 720
33 79 1951
33 80 3182
33 81 216
34 0 1447
34 1 663
34 2 816
34 3 259
34 4 845
34 5 1123
34 6 868
34 7 1467
34 8 741
34 9 1479
34 10 1818
34 11 1450
34 12 908
34 13 150
34 14 1220
34 15 146
34 16 1522
34 17 290
34 18 684
34 19 1562
34 20 952
34 21 1458
34 22 928
34 23 867
34 24 946
34 25 1827
34 26 349
34 27 1327
34 28 96
34 29 1327
34 30 1279
34 31 48
34 32 1279
34 33 1231
34 34 0
34 35 1231
34 36 1279
34 37 48
34 38 1279
34 39 1327
34 40 96
34 41 1327
34 42 1375
34 43 144
34 44 1375
34 45 1423
34 46 192
34 47 1423
34 48 1471
34 49 240
34 50 1471
34 51 1519
34 52 288
34 53 1519
34 54 1567
34 55 336
34 56 1567
34 57 1615
34 58 384
34 59 1615
34 60 1663
34 61 432
34 62 1663
34 63 1711
34 64 480
34 65 1711
34 66 1759
34 67 528
34 68 1759
34 69 1807
34 70 576
34 71 1807
34 72 1855
34 73 624
34 74 1855
34 75 1903
34 76 672
34 77 1903
34 78 1951
34 79 720
34 80 1951
34 81 1447
35 0 2678
35 1 1144
35 2 2047
35 3 1260
35 4 962
35 5 2354
35 6 1323
35 7 2698
35 8 1972
35 9 2710
35 10 3049
35 11 2681
35 12 2139
35 13 1177
35 14 1259
35 15 1377
35 16 2753
35 17 1521
35 18 931
35 19 2793
35 20 471
35 21 925
35 22 2159
35 23 2098
35 24 1245
35 25 3058
35 26 1580
35 27 2558
35 28 1327
35 29 96
35 30 2510
35 31 1279
35 32 48
35 33 2462
35 34 1231
35 35 0
35 36 2510
35 37 1279
35 38 48
35 39 2558
35 40 1327
35 41 96
35 42 2606
35 43 1375
35 44 144
35 45 2654
35 46 1423
35 47 192
35 48 2702
35 49 1471
35 50 240
35 51 2750
35 52 1519
35 53 288
35 54 2798
35 55 1567
35 56 336
35 57 2846
35 58 1615
35 59 384
35 60 2894
35 61 1663
35 62 432
35 63 2942
35 64 1711
35 65 480
35 66 2990
35 67 1759
35 68 528
35 69 3038
35 70 1807
35 71 576
35 72 3086
35 73 1855
35 74 624
35 75 3134
35 76 1903
35 77 672
35 78 3182
35 79 1951
35 80 720
35 81 2678
36 0 264
36 1 1846
36 2 1327
36 3 1442
36 4 2028
36 5 828
36 6 2051
36 7 964
36 8 1018
36 9 664
36 10 613
36 11 1077
36 12 1523
36 13 1429
36 14 2403
36 15 1229
36 16 525
36 17 1373
36 18 1867
36 19 773
36 20 2231
36 21 2641
36 22 1023
36 23 988
36 24 2129
36 25 700
36 26 930
36 27 144
36 28 1375
36 29 2606
36 30 96
36 31 1327
36 32 2558
36 33 48
36 34 1279
36 35 2510
36 36 0
36 37 1231
36 38 2462
36 39 48
36 40 1279
36 41 2510
36 42 96
36 43 1327
36 44 2558
36 45 144
36 46 1375
36 47 2606
36 48 192
36 49 1423
36 50 2654
36 51 240
36 52 1471
36 53 2702
36 54 288
36 55 1519
36 56 2750
36 57 336
36 58 1567
36 59 2798
36 60 384
36 61 1615
36 62 2846
36 63 432
36 64 1663
36 65 2894
36 66 480
36 67 1711
36 68 2942
36 69 528
36 70 1759
36 71 2990
36 72 576
36 73 1807
36 74 3038
36 75 624
36 76 1855
36 77 3086
36 78 672
36 79 1903
36 80 3134
36 81 264
37 0 1495
37 1 615
37 2 768
37 3 211
37 4 797
37 5 1075
37 6 820
37 7 1419
37 8 693
37 9 1431
37 10 1770
37 11 1402
37 12 860
37 13 198
37 14 1172
37 15 98
37 16 1474
37 17 242
37 18 636
37 19 1514
37 20 1000
37 21 1410
37 22 880
37 23 819
37 24 898
37 25 1779
37 26 397
37 27 1375
37 28 144
37 29 1375
37 30 1327
37 31 96
37 32 1327
37 33 1279
37 34 48
37 35 1279
37 36 1231
37 37 0
37 38 1231
37 39 1279
37 40 48
37 41 1279
37 42 1327
37 43 96
37 44 1327
37 45 1375
37 46 144
37 47 1375
37 48 1423
37 49 192
37 50 1423
37 51 1471
37 52 240
37 53 1471
37 54 1519
37 55 288
37 56 1519
37 57 1567
37 58 336
37 59 1567
37 60 1615
37 61 384
37 62 1615
37 63 1663
37 64 432
37 65 1663
37 66 1711
37 67 480
37 68 1711
37 69 1759
37 70 528
37 71 1759
37 72 1807
37 73 576
37 74 1807
37 75 1855
37 76 624
37 77 1855
37 78 1903
37 79 672
37 80 1903
37 81 1495
38 0 2726
38 1 1096
38 2 1999
38 3 1212
38 4 914
38 5 2306
38 6 1275
38 7 2650
38 8 1924
38 9 2662
38 10 3001
38 11 2633
38 12 2091
38 13 1225
38 14 1211
38 15 1329
38 16 2705
38 17 1473
38 18 883
38 19 2745
38 20 519
38 21 877
38 22 2111
38 23 2050
38 24 1197
38 25 3010
38 26 1628
38 27 2606
38 28 1375
38 29 144
38 30 2558
38 31 1327
38 32 96
38 33 2510
38 34 1279
38 35 48
38 36 2462
38 37 1231
38 38 0
38 39 2510
38 40 1279
38 41 48
38 42 2558
38 43 1327
38 44 96
38 45 2606
38 46 1375
38 47 144
38 48 2654
38 49 1423
38 50 192
38 51 2702
38 52 1471
38 53 240
38 54 2750
38 55 1519
38 56 288
38 57 2798
38 58 1567
38 59 336
38 60 2846
38 61 1615
38 62 384
38 63 2894
38 64 1663
38 65 432
38 66 2942
38 67 1711
38 68 480
38 69 2990
38 70 1759
38 71 528
38 72 3038
38 73 1807
38 74 576
38 75 3086
38 76 1855
38 77 624
38 78 3134
38 79 1903
38 80 672
38 81 2726
39 0 312
39 1 1798
39 2 1279
39 3 1394
39 4 1980
39 5 780
39 6 2003
39 7 916
39 8 970
39 9 616
39 10 565
39 11 1029
39 12 1475
39 13 1477
39 14 2355
39 15 1181
39 16 477
39 17 1325
39 18 1819
39 19 725
39 20 2279
39 21 2593
39 22 975
39 23 940
39 24 2081
39 25 652
39 26 978
39 27 192
39 28 1423
39 29 2654
39 30 144
39 31 1375
39 32 2606
39 33 96
39 34 1327
39 35 2558
39 36 48
39 37 1279
39 38 2510
39 39 0
39 40 1231
39 41 2462
39 42 48
39 43 1279
39 44 2510
39 45 96
39 46 1327
39 47 2558
39 48 144
39 49 1375
39 50 2606
39 51 192
39 52 1423
39 53 2654
39 54 240
39 55 1471
39 56 2702
39 57 288
39 58 1519
39 59 2750
39 60 336
39 61 1567
39 62 2798
39 63 384
39 64 1615
39 65 2846
39 66 432
39 67 1663
39 68 2894
39 69 480
39 70 1711
39 71 2942
39 72 528
39 73 1759
39 74 2990
39 75 576
39 76 1807
39 77 3038
39 78 624
39 79 1855
39 80 3086
39 81 312
40 0 1543
40 1 567
40 2 720
40 3 163
40 4 749
40 5 1027
40 6 772
40 7 1371
40 8 645
40 9 1383
40 10 1722
40 11 1354
40 12 812
40 13 246
40 14 1124
40 15 50
40 16 1426
40 17 194
40 18 588
40 19 1466
40 20 1048
40 21 1362
40 22 832
40 23 771
40 24 850
40 25 1731
40 26 445
40 27 1423
40 28 192
40 29 1423
40 30 1375
40 31 144
40 32 1375
40 33 1327
40 34 96
40 35 1327
40 36 1279
40 37 48
40 38 1279
40 39 1231
40 40 0
40 41 1231
40 42 1279
40 43 48
40 44 1279
40 45 1327
40 46 96
40 47 1327
40 48 1375
40 49 144
40 50 1375
40 51 1423
40 52 192
40 53 1423
40 54 1471
40 55 240
40 56 1471
40 57 1519
40 58 288
40 59 1519
40 60 1567
40 61 336
40 62 1567
40 63 1615
40 64 384
40 65 1615
40 66 1663
40 67 432
40 68 1663
40 69 1711
40 70 480
40 71 1711
40 72 1759
40 73 528
40 74 1759
40 75 1807
40 76 576
40 77 1807
40 78 1855
40 79 624
40 80 1855
40 81 1543
41 0 2774
41 1 1048
41 2 1951
41 3 1164
41 4 866
41 5 2258
41 6 1227
41 7 2602
41 8 1876
41 9 2614
41 10 2953
41 11 2585
41 12 2043
41 13 1273
41 14 1163
41 15 1281
41 16 2657
41 17 1425
41 18 835
41 19 2697
41 20 567
41 21 829
41 22 2063
41 23 2002
41 24 1149
41 25 2962
41 26 1676
41 27 2654
41 28 1423
41 29 192
41 30 2606
41 31 1375
41 32 144
41 33 2558
41 34 1327
41 35 96
41 36 2510
41 37 1279
41 38 48
41 39 2462
41 40 1231
41 41 0
41 42 2510
41 43 1279
41 44 48
41 45 2558
41 46 1327
41 47 96
41 48 2606
41 49 1375
41 50 144
41 51 2654
41 52 1423
41 53 192
41 54 2702
41 55 1471
41 56 240
41 57 2750
41 58 1519
41 59 288
41 60 2798
41 61 1567
41 62 336
41 63 2846
41 64 1615
41 65 384
41 66 2894
41 67 1663
41 68 432
41 69 2942
41 70 1711
41 71 480
41 72 2990
41 73 1759
41 74 528
41 75 3038
41 76 1807
41 77 576
41 78 3086
41 79 1855
41 80 624
41 81 2774
42 0 360
42 1 1750
42 2 1231
42 3 1346
42 4 1932
42 5 732
42 6 1955
42 7 868
42 8 922
42 9 568
42 10 517
42 11 981
42 12 1427
42 13 1525
42 14 2307
42 15 1229
42 16 429
42 17 1277
42 18 1771
42 19 677
42 20 2327
42 21 2545
42 22 927
42 23 892
42 24 2033
42 25 604
42 26 1026
42 27 240
42 28 1471
42 29 2702
42 30 192
42 31 1423
42 32 2654
42 33 144
42 34 1375
42 35 2606
42 36 96
42 37 1327
42 38 2558
42 39 48
42 40 1279
42 41 2510
42 42 0
42 43 1231
42 44 2462
42 45 48
42 46 1279
42 47 2510
42 48 96
42 49 1327
42 50 2558
42 51 144
42 52 1375
42 53 2606
42 54 192
42 55 1423
42 56 2654
42 57 240
42 58 1471
42 59 2702
42 60 288
42 61 1519
42 62 2750
42 63 336
42 64 1567
42 65 2798
42 66 384
42 67 1615
42 68 2846
42 69 432
42 70 1663
42 71 2894
42 72 480
42 73 1711
42 74 2942
42 75 528
42 76 1759
42 77 2990
42 78 576
42 79 1807
42 80 3038
42 81 360
43 0 1591
43 1 519
43 2 672
43 3 115
43 4 701
43 5 979
43 6 724
43 7 1323
43 8 597
43 9 1335
43 10 1674
43 11 1306
43 12 764
43 13 294
43 14 1076
43 15 98
43 16 1378
43 17 146
43 18 540
43 19 1418
43 20 1096
43 21 1314
43 22 784
43 23 723
43 24 802
43 25 1683
43 26 493
43 27 1471
43 28 240
43 29 1471
43 30 1423
43 31 192
43 32 1423
43 33 1375
43 34 144
43 35 1375
43 36 1327
43 37 96
43 38 1327
43 39 1279
43 40 48
43 41 1279
43 42 1231
43 43 0
43 44 1231
43 45 1279
43 46 48
43 47 1279
43 48 1327
43 49 96
43 50 1327
43 51 1375
43 52 144
43 53 1375
43 54 1423
43 55 192
43 56 1423
43 57 1471
43 58 240
43 59 1471
43 60 1519
43 61 288
43 62 1519
43 63 1567
43 64 336
43 65 1567
43 66 1615
43 67 384
43 68 1615
43 69 1663
43 70 432
43 71 1663
43 72 1711
43 73 480
43 74 1711
43 75 1759
43 76 528
43 77 1759
43 78 1807
43 79 576
43 80 1807
43 81 1591
44 0 2822
44 1 1000
44 2 1903
44 3 1116
44 4 818
44 5 2210
44 6 1179
44 7 2554
44 8 1828
44 9 2566
44 10 2905
44 11 2537
44 12 1995
44 13 1321
44 14 1115
44 15 1329
44 16 2609
44 17 1377
44 18 787
44 19 2649
44 20 615
44 21 781
44 22 2015
44 23 1954
44 24 1101
44 25 2914
44 26 1724
44 27 2702
44 28 1471
44 29 240
44 30 2654
44 31 1423
44 32 192
44 33 2606
44 34 1375
44 35 144
44 36 2558
44 37 1327
44 38 96
44 39 2510
44 40 1279
44 41 48
44 42 2462
44 43 1231
44 44 0
44 45 2510
44 46 1279
44 47 48
44 48 2558
44 49 1327
44 50 96
44 51 2606
44 52 1375
44 53 144
44 54 2654
44 55 1423
44 56 192
44 57 2702
44 58 1471
44 59 240
44 60 2750
44 61 1519
44 62 288
44 63 2798
44 64 1567
44 65 336
44 66 2846
44 67 1615
44 68 384
44 69 2894
44 70 1663
44 71 432
44 72 2942
44 73 1711
44 74 480
44 75 2990
44 76 1759
44 77 528
44 78 3038
44 79 1807
44 80 576
44 81 2822
45 0 408
45 1 1702
45 2 1183
45 3 1394
45 4 1884
45 5 684
45 6 1907
45 7 820
45 8 874
45 9 520
45 10 469
45 11 933
45 12 1379
45 13 1573
45 14 2259
45 15 1277
45 16 381
45 17 1229
45 18 1723
45 19 629
45 20 2375
45 21 2497
45 22 879
45 23 844
45 24 1985
45 25 556
45 26 1074
45 27 288
45 28 1519
45 29 2750
45 30 240
45 31 1471
45 32 2702
45 33 192
45 34 1423
45 35 2654
45 36 144
45 37 1375
45 38 2606
45 39 96
45 40 1327
45 41 2558
45 42 48
45 43 1279
45 44 2510
45 45 0
45 46 1231
45 47 2462
45 48 48
45 49 1279
45 50 2510
45 51 96
45 52 1327
45 53 2558
45 54 144
45 55 1375
45 56 2606
45 57 192
45 58 1423
45 59 2654
45 60 240
45 61 1471
45 62 2702
45 63 288
45 64 1519
45 65 2750
45 66 336
45 67 1567
45 68 2798
45 69 384
45 70 1615
45 71 2846
45 72 432
45 73 1663
45 74 2894
45 75 480
45 76 1711
45 77 2942
45 78 528
45 79 1759
45 80 2990
45 81 408
46 0 1639
46 1 471
46 2 624
46 3 163
46 4 653
46 5 931
46 6 676
46 7 1275
46 8 549
46 9 1287
46 10 1626
46 11 1258
46 12 716
46 13 342
46 14 1028
46 15 146
46 16 1330
46 17 98
46 18 492
46 19 1370
46 20 1144
46 21 1266
46 22 736
46 23 675
46 24 754
46 25 1635
46 26 541
46 27 1519
46 28 288
46 29 1519
46 30 1471
46 31 240
46 32 1471
46 33 1423
46 34 192
46 35 1423
46 36 1375
46 37 144
46 38 1375
46 39 1327
46 40 96
46 41 1327
46 42 1279
46 43 48
46 44 1279
46 45 1231
46 46 0
46 47 1231
46 48 1279
46 49 48
46 50 1279
46 51 1327
46 52 96
46 53 1327
46 54 1375
46 55 144
46 56 1375
46 57 1423
46 58 192
46 59 1423
46 60 1471
46 61 240
46 62 1471
46 63 1519
46 64 288
46 65 1519
46 66 1567
46 67 336
46 68 1567
46 69 1615
46 70 384
46 71 1615
46 72 1663
46 73 432
46 74 1663
46 75 1711
46 76 480
46 77 1711
46 78 1759
46 79 528
46 80 1759
46 81 1639
47 0 2870
47 1 952
47 2 1855
47 3 1164
47 4 770
47 5 2162
47 6 1131
47 7 2506
47 8 1780
47 9 2518
47 10 2857
47 11 2489
47 12 1947
47 13 1369
47 14 1067
47 15 1377
47 16 2561
47 17 1329
47 18 739
47 19 2601
47 20 663
47 21 733
47 22 1967
47 23 1906
47 24 1053
47 25 2866
47 26 1772
47 27 2750
47 28 1519
47 29 288
47 30 2702
47 31 1471
47 32 240
47 33 2654
47 34 1423
47 35 192
47 36 2606
47 37 1375
47 38 144
47 39 2558
47 40 1327
47 41 96
47 42 2510
47 43 1279
47 44 48
47 45 2462
47 46 1231
47 47 0
47 48 2510
47 49 1279
47 50 48
47 51 2558
47 52 1327
47 53 96
47 54 2606
47 55 1375
47 56 144
47 57 2654
47 58 1423
47 59 192
47 60 2702
47 61 1471
47 62 240
47 63 2750
47 64 1519
47 65 288
47 66 2798
47 67 1567
47 68 336
47 69 2846
47 70 1615
47 71 384
47 72 2894
47 73 1663
47 74 432
47 75 2942
47 76 1711
47 77 480
47 78 2990
47 79 1759
47 80 528
47 81 2870
48 0 456
48 1 1654
48 2 1135
48 3 1442
48 4 1836
48 5 636
48 6 1859
48 7 772
48 8 826
48 9 472
48 10 421
48 11 885
48 12 1331
48 13 1621
48 14 2211
48 15 1325
48 16 333
48 17 1181
48 18 1771
48 19 581
48 20 2423
48 21 2449
48 22 831
48 23 796
48 24 1937
48 25 508
48 26 1122
48 27 336
48 28 1567
48 29 2798
48 30 288
48 31 1519
48 32 2750
48 33 240
48 34 1471
48 35 2702
48 36 192
48 37 1423
48 38 2654
48 39 144
48 40 1375
48 41 2606
48 42 96
48 43 1327
48 44 2558
48 45 48
48 46 1279
48 47 2510
48 48 0
48 49 1231
48 50 2462
48 51 48
48 52 1279
48 53 2510
48 54 96
48 55 1327
48 56 2558
48 57 144
48 58 1375
48 59 2606
48 60 192
48 61 1423
48 62 2654
48 63 240
48 64 1471
48 65 2702
48 66 288
48 67 1519
48 68 2750
48 69 336
48 70 1567
48 71 2798
48 72 384
48 73 1615
48 74 2846
48 75 432
48 76 1663
48 77 2894
48 78 480
48 79 1711
48 80 2942
48 81 456
49 0 1687
49 1 423
49 2 576
49 3 211
49 4 605
49 5 883
49 6 628
49 7 1227
49 8 501
49 9 1239
49 10 1578
49 11 1210
49 12 668
49 13 390
49 14 980
49 15 194
49 16 1282
49 17 50
49 18 540
49 19 1322
49 20 1192
49 21 1218
49 22 688
49 23 627
49 24 706
49 25 1587
49 26 589
49 27 1567
49 28 336
49 29 1567
49 30 1519
49 31 288
49 32 1519
49 33 1471
49 34 240
49 35 1471
49 36 1423
49 37 192
49 38 1423
49 39 1375
49 40 144
49 41 1375
49 42 1327
49 43 96
49 44 1327
49 45 1279
49 46 48
49 47 1279
49 48 1231
49 49 0
49 50 1231
49 51 1279
49 52 48
49 53 1279
49 54 1327
49 55 96
49 56 1327
49 57 1375
49 58 144
49 59 1375
49 60 1423
49 61 192
49 62 1423
49 63 1471
49 64 240
49 65 1471
49 66 1519
49 67 288
49 68 1519
49 69 1567
49 70 336
49 71 1567
49 72 1615
49 73 384
49 74 1615
49 75 1663
49 76 432
49 77 1663
49 78 1711
49 79 480
49 80 1711
49 81 1687
50 0 2918
50 1 904
50 2 1807
50 3 1212
50 4 722
50 5 2114
50 6 1083
50 7 2458
50 8 1732
50 9 2470
50 10 2809
50 11 2441
50 12 1899
50 13 1417
50 14 1019
50 15 1425
50 16 2513
50 17 1281
50 18 787
50 19 2553
50 20 711
50 21 685
50 22 1919
50 23 1858
50 24 1005
50 25 2818
50 26 1820
50 27 2798
50 28 1567
50 29 336
50 30 2750
50 31 1519
50 32 288
50 33 2702
50 34 1471
50 35 240
50 36 2654
50 37 1423
50 38 192
50 39 2606
50 40 1375
50 41 144
50 42 2558
50 43 1327
50 44 96
50 45 2510
50 46 1279
50 47 48
50 48 2462
50 49 1231
50 50 0
50 51 2510
50 52 1279
50 53 48
50 54 2558
50 55 1327
50 56 96
50 57 2606
50 58 1375
50 59 144
50 60 2654
50 61 1423
50 62 192
50 63 2702
50 64 1471
50 65 240
50 66 2750
50 67 1519
50 68 288
50 69 2798
50 70 1567
50 71 336
50 72 2846
50 73 1615
50 74 384
50 75 2894
50 76 1663
50 77 432
50 78 2942
50 79 1711
50 80 480
50 81 2918
51 0 504
51 1 1606
51 2 1087
51 3 1490
51 4 1788
51 5 588
51 6 1811
51 7 724
51 8 778
51 9 424
51 10 373
51 11 837
51 12 1283
51 13 1669
51 14 2163
51 15 1373
51 16 285
51 17 1229
51 18 1819
51 19 533
51 20 2471
51 21 2401
51 22 783
51 23 748
51 24 1889
51 25 460
51 26 1170
51 27 384
51 28 1615
51 29 2846
51 30 336
51 31 1567
51 32 2798
51 33 288
51 34 1519
51 35 2750
51 36 240
51 37 1471
51 38 2702
51 39 192
51 40 1423
51 41 2654
51 42 144
51 43 1375
51 44 2606
51 45 96
51 46 1327
51 47 2558
51 48 48
51 49 1279
51 50 2510
51 51 0
51 52 1231
51 53 2462
51 54 48
51 55 1279
51 56 2510
51 57 96
51 58 1327
51 59 2558
51 60 144
51 61 1375
51 62 2606
51 63 192
51 64 1423
51 65 2654
51 66 240
51 67 1471
51 68 2702
51 69 288
51 70 1519
51 71 2750
51 72 336
51 73 1567
51 74 2798
51 75 384
51 76 1615
51 77 2846
51 78 432
51 79 1663
51 80 2894
51 81 504
52 0 1735
52 1 375
52 2 528
52 3 259
52 4 557
52 5 835
52 6 580
52 7 1179
52 8 453
52 9 1191
52 10 1530
52 11 1162
52 12 620
52 13 438
52 14 932
52 15 242
52 16 1234
52 17 98
52 18 588
52 19 1274
52 20 1240
52 21 1170
52 22 640
52 23 579
52 24 658
52 25 1539
52 26 637
52 27 1615
52 28 384
52 29 1615
52 30 1567
52 31 336
52 32 1567
52 33 1519
52 34 288
52 35 1519
52 36 1471
52 37 240
52 38 1471
52 39 1423
52 40 192
52 41 1423
52 42 1375
52 43 144
52 44 1375
52 45 1327
52 46 96
52 47 1327
52 48 1279
52 49 48
52 50 1279
52 51 1231
52 52 0
52 53 1231
52 54 1279
52 55 48
52 56 1279
52 57 1327
52 58 96
52 59 1327
52 60 1375
52 61 144
52 62 1375
52 63 1423
52 64 192
52 65 1423
52 66 1471
52 67 240
52 68 1471
52 69 1519
52 70 288
52 71 1519
52 72 1567
52 73 336
52 74 1567
52 75 1615
52 76 384
52 77 1615
52 78 1663
52 79 432
52 80 1663
52 81 1735
53 0 2966
53 1 856
53 2 1759
53 3 1260
53 4 674
53 5 2066
53 6 1035
53 7 2410
53 8 1684
53 9 2422
53 10 2761
53 11 2393
53 12 1851
53 13 1465
53 14 971
53 15 1473
53 16 2465
53 17 1329
53 18 835
53 19 2505
53 20 759
53 21 637
53 22 1871
53 23 1810
53 24 957
53 25 2770
53 26 1868
53 27 2846
53 28 1615
53 29 384
53 30 2798
53 31 1567
53 32 336
53 33 2750
53 34 1519
53 35 288
53 36 2702
53 37 1471
53 38 240
53 39 2654
53 40 1423
53 41 192
53 42 2606
53 43 1375
53 44 144
53 45 2558
53 46 1327
53 47 96
53 48 2510
53 49 1279
53 50 48
53 51 2462
53 52 1231
53 53 0
53 54 2510
53 55 1279
53 56 48
53 57 2558
53 58 1327
53 59 96
53 60 2606
53 61 1375
53 62 144
53 63 2654
53 64 1423
53 65 192
53 66 2702
53 67 1471
53 68 240
53 69 2750
53 70 1519
53 71 288
53 72 2798
53 73 1567
53 74 336
53 75 2846
53 76 1615
53 77 384
53 78 2894
53 79 1663
53 80 432
53 81 2966
54 0 552
54 1 1654
54 2 1039
54 3 1538
54 4 1836
54 5 540
54 6 1763
54 7 676
54 8 826
54 9 376
54 10 325
54 11 789
54 12 1235
54 13 1717
54 14 2115
54 15 1421
54 16 237
54 17 1277
54 18 1867
54 19 485
54 20 2519
54 21 2353
54 22 735
54 23 700
54 24 1841
54 25 412
54 26 1218
54 27 432
54 28 1663
54 29 2894
54 30 384
54 31 1615
54 32 2846
54 33 336
54 34 1567
54 35 2798
54 36 288
54 37 1519
54 38 2750
54 39 240
54 40 1471
54 41 2702
54 42 192
54 43 1423
54 44 2654
54 45 144
54 46 1375
54 47 2606
54 48 96
54 49 1327
54 50 2558
54 51 48
54 52 1279
54 53 2510
54 54 0
54 55 1231
54 56 2462
54 57 48
54 58 1279
54 59 2510
54 60 96
54 61 1327
54 62 2558
54 63 144
54 64 1375
54 65 2606
54 66 192
54 67 1423
54 68 2654
54 69 240
54 70 1471
54 71 2702
54 72 288
54 73 1519
54 74 2750
54 75 336
54 76 1567
54 77 2798
54 78 384
54 79 1615
54 80 2846
54 81 552
55 0 1783
55 1 423
55 2 480
55 3 307
55 4 605
55 5 787
55 6 532
55 7 1131
55 8 501
55 9 1143
55 10 1482
55 11 1114
55 12 572
55 13 486
55 14 884
55 15 290
55 16 1186
55 17 146
55 18 636
55 19 1226
55 20 1288
55 21 1122
55 22 592
55 23 531
55 24 610
55 25 1491
55 26 685
55 27 1663
55 28 432
55 29 1663
55 30 1615
55 31 384
55 32 1615
55 33 1567
55 34 336
55 35 1567
55 36 1519
55 37 288
55 38 1519
55 39 1471
55 40 240
55 41 1471
55 42 1423
55 43 192
55 44 1423
55 45 1375
55 46 144
55 47 1375
55 48 1327
55 49 96
55 50 1327
55 51 1279
55 52 48
55 53 1279
55 54 1231
55 55 0
55 56 1231
55 57 1279
55 58 48
55 59 1279
55 60 1327
55 61 96
55 62 1327
55 63 1375
55 64 144
55 65 1375
55 66 1423
55 67 192
55 68 1423
55 69 1471
55 70 240
55 71 1471
55 72 1519
55 73 288
55 74 1519
55 75 1567
55 76 336
55 77 1567
55 78 1615
55 79 384
55 80 1615
55 81 1783
56 0 3014
56 1 904
56 2 1711
56 3 1308
56 4 722
56 5 2018
56 6 987
56 7 2362
56 8 1732
56 9 2374
56 10 2713
56 11 2345
56 12 1803
56 13 1513
56 14 923
56 15 1521
56 16 2417
56 17 1377
56 18 883
56 19 2457
56 20 807
56 21 589
56 22 1823
56 23 1762
56 24 909
56 25 2722
56 26 1916
56 27 2894
56 28 1663
56 29 432
56 30 2846
56 31 1615
56 32 384
56 33 2798
56 34 1567
56 35 336
56 36 2750
56 37 1519
56 38 288
56 39 2702
56 40 1471
56 41 240
56 42 2654
56 43 1423
56 44 192
56 45 2606
56 46 1375
56 47 144
56 48 2558
56 49 1327
56 50 96
56 51 2510
56 52 1279
56 53 48
56 54 2462
56 55 1231
56 56 0
56 57 2510
56 58 1279
56 59 48
56 60 2558
56 61 1327
56 62 96
56 63 2606
56 64 1375
56 65 144
56 66 2654
56 67 1423
56 68 192
56 69 2702
56 70 1471
56 71 240
56 72 2750
56 73 1519
56 74 288
56 75 2798
56 76 1567
56 77 336
56 78 2846
56 79 1615
56 80 384
56 81 3014
57 0 600
57 1 1702
57 2 991
57 3 1586
57 4 1884
57 5 492
57 6 1715
57 7 628
57 8 874
57 9 328
57 10 277
57 11 741
57 12 1187
57 13 1765
57 14 2067
57 15 1469
57 16 189
57 17 1325
57 18 1915
57 19 437
57 20 2567
57 21 2305
57 22 687
57 23 748
57 24 1793
57 25 364
57 26 1266
57 27 480
57 28 1711
57 29 2942
57 30 432
57 31 1663
57 32 2894
57 33 384
57 34 1615
57 35 2846
57 36 336
57 37 1567
57 38 2798
57 39 288
57 40 1519
57 41 2750
57 42 240
57 43 1471
57 44 2702
57 45 192
57 46 1423
57 47 2654
57 48 144
57 49 1375
57 50 2606
57 51 96
57 52 1327
57 53 2558
57 54 48
57 55 1279
57 56 2510
57 57 0
57 58 1231
57 59 2462
57 60 48
57 61 1279
57 62 2510
57 63 96
57 64 1327
57 65 2558
57 66 144
57 67 1375
57 68 2606
57 69 192
57 70 1423
57 71 2654
57 72 240
57 73 1471
57 74 2702
57 75 288
57 76 1519
57 77 2750
57 78 336
57 79 1567
57 80 2798
57 81 600
58 0 1831
58 1 471
58 2 432
58 3 355
58 4 653
58 5 739
58 6 484
58 7 1083
58 8 549
58 9 1095
58 10 1434
58 11 1066
58 12 524
58 13 534
58 14 836
58 15 338
58 16 1138
58 17 194
58 18 684
58 19 1178
58 20 1336
58 21 1074
58 22 544
58 23 579
58 24 562
58 25 1443
58 26 733
58 27 1711
58 28 480
58 29 1711
58 30 1663
58 31 432
58 32 1663
58 33 1615
58 34 384
58 35 1615
58 36 1567
58 37 336
58 38 1567
58 39 1519
58 40 288
58 41 1519
58 42 1471
58 43 240
58 44 1471
58 45 1423
58 46 192
58 47 1423
58 48 1375
58 49 144
58 50 1375
58 51 1327
58 52 96
58 53 1327
58 54 1279
58 55 48
58 56 1279
58 57 1231
58 58 0
58 59 1231
58 60 1279
58 61 48
58 62 1279
58 63 1327
58 64 96
58 65 1327
58 66 1375
58 67 144
58 68 1375
58 69 1423
58 70 192
58 71 1423
58 72 1471
58 73 240
58 74 1471
58 75 1519
58 76 288
58 77 1519
58 78 1567
58 79 336
58 80 1567
58 81 1831
59 0 3062
59 1 952
59 2 1663
59 3 1356
59 4 770
59 5 1970
59 6 939
59 7 2314
59 8 1780
59 9 2326
59 10 2665
59 11 2297
59 12 1755
59 13 1561
59 14 875
59 15 1569
59 16 2369
59 17 1425
59 18 931
59 19 2409
59 20 855
59 21 541
59 22 1775
59 23 1810
59 24 861
59 25 2674
59 26 1964
59 27 2942
59 28 1711
59 29 480
59 30 2894
59 31 1663
59 32 432
59 33 2846
59 34 1615
59 35 384
59 36 2798
59 37 1567
59 38 336
59 39 2750
59 40 1519
59 41 288
59 42 2702
59 43 1471
59 44 240
59 45 2654
59 46 1423
59 47 192
59 48 2606
59 49 1375
59 50 144
59 51 2558
59 52 1327
59 53 96
59 54 2510
59 55 1279
59 56 48
59 57 2462
59 58 1231
59 59 0
59 60 2510
59 61 1279
59 62 48
59 63 2558
59 64 1327
59 65 96
59 66 2606
59 67 1375
59 68 144
59 69 2654
59 70 1423
59 71 192
59 72 2702
59 73 1471
59 74 240
59 75 2750
59 76 1519
59 77 288
59 78 2798
59 79 1567
59 80 336
59 81 3062
60 0 648
60 1 1750
60 2 943
60 3 1634
60 4 1932
60 5 540
60 6 1667
60 7 580
60 8 922
60 9 280
60 10 229
60 11 693
60 12 1139
60 13 1813
60 14 2019
60 15 1517
60 16 141
60 17 1373
60 18 1963
60 19 389
60 20 2615
60 21 2257
60 22 735
60 23 796
60 24 1745
60 25 316
60 26 1314
60 27 528
60 28 1759
60 29 2990
60 30 480
60 31 1711
60 32 2942
60 33 432
60 34 1663
60 35 2894
60 36 384
60 37 1615
60 38 2846
60 39 336
60 40 1567
60 41 2798
60 42 288
60 43 1519
60 44 2750
60 45 240
60 46 1471
60 47 2702
60 48 192
60 49 1423
60 50 2654
60 51 144
60 52 1375
60 53 2606
60 54 96
60 55 1327
60 56 2558
60 57 48
60 58 1279
60 59 2510
60 60 0
60 61 1231
60 62 2462
60 63 48
60 64 1279
60 65 2510
60 66 96
60 67 1327
60 68 2558
60 69 144
60 70 1375
60 71 2606
60 72 192
60 73 1423
60 74 2654
60 75 240
60 76 1471
60 77 2702
60 78 288
60 79 1519
60 80 2750
60 81 648
61 0 1879
61 1 519
61 2 384
61 3 403
61 4 701
61 5 787
61 6 436
61 7 1035
61 8 597
61 9 1047
61 10 1386
61 11 1018
61 12 476
61 13 582
61 14 788
61 15 386
61 16 1090
61 17 242
61 18 732
61 19 1130
61 20 1384
61 21 1026
61 22 592
61 23 627
61 24 514
61 25 1395
61 26 781
61 27 1759
61 28 528
61 29 1759
61 30 1711
61 31 480
61 32 1711
61 33 1663
61 34 432
61 35 1663
61 36 1615
61 37 384
61 38 1615
61 39 1567
61 40 336
61 41 1567
61 42 1519
61 43 288
61 44 1519
61 45 1471
61 46 240
61 47 1471
61 48 1423
61 49 192
61 50 1423
61 51 1375
61 52 144
61 53 1375
61 54 1327
61 55 96
61 56 1327
61 57 1279
61 58 48
61 59 1279
61 60 1231
61 61 0
61 62 1231
61 63 1279
61 64 48
61 65 1279
61 66 1327
61 67 96
61 68 1327
61 69 1375
61 70 144
61 71 1375
61 72 1423
61 73 192
61 74 1423
61 75 1471
61 76 240
61 77 1471
61 78 1519
61 79 288
61 80 1519
61 81 1879
62 0 3110
62 1 1000
62 2 1615
62 3 1404
62 4 818
62 5 2018
62 6 891
62 7 2266
62 8 1828
62 9 2278
62 10 2617
62 11 2249
62 12 1707
62 13 1609
62 14 827
62 15 1617
62 16 2321
62 17 1473
62 18 979
62 19 2361
62 20 903
62 21 493
62 22 1823
62 23 1858
62 24 813
62 25 2626
62 26 2012
62 27 2990
62 28 1759
62 29 528
62 30 2942
62 31 1711
62 32 480
62 33 2894
62 34 1663
62 35 432
62 36 2846
62 37 1615
62 38 384
62 39 2798
62 40 1567
62 41 336
62 42 2750
62 43 1519
62 44 288
62 45 2702
62 46 1471
62 47 240
62 48 2654
62 49 1423
62 50 192
62 51 2606
62 52 1375
62 53 144
62 54 2558
62 55 1327
62 56 96
62 57 2510
62 58 1279
62 59 48
62 60 2462
62 61 1231
62 62 0
62 63 2510
62 64 1279
62 65 48
62 66 2558
62 67 1327
62 68 96
62 69 2606
62 70 1375
62 71 144
62 72 2654
62 73 1423
62 74 192
62 75 2702
62 76 1471
62 77 240
62 78 2750
62 79 1519
62 80 288
62 81 3110
63 0 696
63 1 1798
63 2 895
63 3 1682
63 4 1980
63 5 588
63 6 1619
63 7 532
63 8 970
63 9 232
63 10 181
63 11 645
63 12 1091
63 13 1861
63 14 1971
63 15 1565
63 16 189
63 17 1421
63 18 2011
63 19 341
63 20 2663
63 21 2209
63 22 783
63 23 844
63 24 1697
63 25 268
63 26 1362
63 27 576
63 28 1807
63 29 3038
63 30 528
63 31 1759
63 32 2990
63 33 480
63 34 1711
63 35 2942
63 36 432
63 37 1663
63 38 2894
63 39 384
63 40 1615
63 41 2846
63 42 336
63 43 1567
63 44 2798
63 45 288
63 46 1519
63 47 2750
63 48 240
63 49 1471
63 50 2702
63 51 192
63 52 1423
63 53 2654
63 54 144
63 55 1375
63 56 2606
63 57 96
63 58 1327
63 59 2558
63 60 48
63 61 1279
63 62 2510
63 63 0
63 64 1231
63 65 2462
63 66 48
63 67 1279
63 68 2510
63 69 96
63 70 1327
63 71 2558
63 72 144
63 73 1375
63 74 2606
63 75 192
63 76 1423
63 77 2654
63 78 240
63 79 1471
63 80 2702
63 81 696
64 0 1927
64 1 567
64 2 336
64 3 451
64 4 749
64 5 835
64 6 388
64 7 987
64 8 645
64 9 999
64 10 1338
64 11 970
64 12 428
64 13 630
64 14 740
64 15 434
64 16 1138
64 17 290
64 18 780
64 19 1082
64 20 1432
64 21 978
64 22 640
64 23 675
64 24 466
64 25 1347
64 26 829
64 27 1807
64 28 576
64 29 1807
64 30 1759
64 31 528
64 32 1759
64 33 1711
64 34 480
64 35 1711
64 36 1663
64 37 432
64 38 1663
64 39 1615
64 40 384
64 41 1615
64 42 1567
64 43 336
64 44 1567
64 45 1519
64 46 288
64 47 1519
64 48 1471
64 49 240
64 50 1471
64 51 1423
64 52 192
64 53 1423
64 54 1375
64 55 144
64 56 1375
64 57 1327
64 58 96
64 59 1327
64 60 1279
64 61 48
64 62 1279
64 63 1231
64 64 0
64 65 1231
64 66 1279
64 67 48
64 68 1279
64 69 1327
64 70 96
64 71 1327
64 72 1375
64 73 144
64 74 1375
64 75 1423
64 76 192
64 77 1423
64 78 1471
64 79 240
64 80 1471
64 81 1927
65 0 3158
65 1 1048
65 2 1567
65 3 1452
65 4 866
65 5 2066
65 6 843
65 7 2218
65 8 1876
65 9 2230
65 10 2569
65 11 2201
65 12 1659
65 13 1657
65 14 779
65 15 1665
65 16 2369
65 17 1521
65 18 1027
65 19 2313
65 20 951
65 21 445
65 22 1871
65 23 1906
65 24 765
65 25 2578
65 26 2060
65 27 3038
65 28 1807
65 29 576
65 30 2990
65 31 1759
65 32 528
65 33 2942
65 34 1711
65 35 480
65 36 2894
65 37 1663
65 38 432
65 39 2846
65 40 1615
65 41 384
65 42 2798
65 43 1567
65 44 336
65 45 2750
65 46 1519
65 47 288
65 48 2702
65 49 1471
65 50 240
65 51 2654
65 52 1423
65 53 192
65 54 2606
65 55 1375
65 56 144
65 57 2558
65 58 1327
65 59 96
65 60 2510
65 61 1279
65 62 48
65 63 2462
65 64 1231
65 65 0
65 66 2510
65 67 1279
65 68 48
65 69 2558
65 70 1327
65 71 96
65 72 2606
65 73 1375
65 74 144
65 75 2654
65 76 1423
65 77 192
65 78 2702
65 79 1471
65 80 240
65 81 3158
66 0 744
66 1 1846
66 2 943
66 3 1730
66 4 2028
66 5 636
66 6 1667
66 7 484
66 8 1018
66 9 280
66 10 133
66 11 597
66 12 1043
66 13 1909
66 14 1923
66 15 1613
66 16 237
66 17 1469
66 18 2059
66 19 293
66 20 2711
66 21 2161
66 22 831
66 23 892
66 24 1745
66 25 220
66 26 1410
66 27 624
66 28 1855
66 29 3086
66 30 576
66 31 1807
66 32 3038
66 33 528
66 34 1759
66 35 2990
66 36 480
66 37 1711
66 38 2942
66 39 432
66 40 1663
66 41 2894
66 42 384
66 43 1615
66 44 2846
66 45 336
66 46 1567
66 47 2798
66 48 288
66 49 1519
66 50 2750
66 51 240
66 52 1471
66 53 2702
66 54 192
66 55 1423
66 56 2654
66 57 144
66 58 1375
66 59 2606
66 60 96
66 61 1327
66 62 2558
66 63 48
66 64 1279
66 65 2510
66 66 0
66 67 1231
66 68 2462
66 69 48
66 70 1279
66 71 2510
66 72 96
66 73 1327
66 74 2558
66 75 144
66 76 1375
66 77 2606
66 78 192
66 79 1423
66 80 2654
66 81 744
67 0 1975
67 1 615
67 2 384
67 3 499
67 4 797
67 5 883
67 6 436
67 7 939
67 8 693
67 9 1047
67 10 1290
67 11 922
67 12 380
67 13 678
67 14 692
67 15 482
67 16 1186
67 17 338
67 18 828
67 19 1034
67 20 1480
67 21 930
67 22 688
67 23 723
67 24 514
67 25 1299
67 26 877
67 27 1855
67 28 624
67 29 1855
67 30 1807
67 31 576
67 32 1807
67 33 1759
67 34 528
67 35 1759
67 36 1711
67 37 480
67 38 1711
67 39 1663
67 40 432
67 41 1663
67 42 1615
67 43 384
67 44 1615
67 45 1567
67 46 336
67 47 1567
67 48 1519
67 49 288
67 50 1519
67 51 1471
67 52 240
67 53 1471
67 54 1423
67 55 192
67 56 1423
67 57 1375
67 58 144
67 59 1375
67 60 1327
67 61 96
67 62 1327
67 63 1279
67 64 48
67 65 1279
67 66 1231
67 67 0
67 68 1231
67 69 1279
67 70 48
67 71 1279
67 72 1327
67 73 96
67 74 1327
67 75 1375
67 76 144
67 77 1375
67 78 1423
67 79 192
67 80 1423
67 81 1975
68 0 3206
68 1 1096
68 2 1615
68 3 1500
68 4 914
68 5 2114
68 6 891
68 7 2170
68 8 1924
68 9 2278
68 10 2521
68 11 2153
68 12 1611
68 13 1705
68 14 731
68 15 1713
68 16 2417
68 17 1569
68 18 1075
68 19 2265
68 20 999
68 21 397
68 22 1919
68 23 1954
68 24 813
68 25 2530
68 26 2108
68 27 3086
68 28 1855
68 29 624
68 30 3038
68 31 1807
68 32 576
68 33 2990
68 34 1759
68 35 528
68 36 2942
68 37 1711
68 38 480
68 39 2894
68 40 1663
68 41 432
68 42 2846
68 43 1615
68 44 384
68 45 2798
68 46 1567
68 47 336
68 48 2750
68 49 1519
68 50 288
68 51 2702
68 52 1471
68 53 240
68 54 2654
68 55 1423
68 56 192
68 57 2606
68 58 1375
68 59 144
68 60 2558
68 61 1327
68 62 96
68 63 2510
68 64 1279
68 65 48
68 66 2462
68 67 1231
68 68 0
68 69 2510
68 70 1279
68 71 48
68 72 2558
68 73 1327
68 74 96
68 75 2606
68 76 1375
68 77 144
68 78 2654
68 79 1423
68 80 192
68 81 3206
69 0 792
69 1 1894
69 2 991
69 3 1778
69 4 2076
69 5 684
69 6 1715
69 7 436
69 8 1066
69 9 328
69 10 85
69 11 549
69 12 995
69 13 1957
69 14 1875
69 15 1661
69 16 285
69 17 1517
69 18 2107
69 19 245
69 20 2759
69 21 2113
69 22 879
69 23 940
69 24 1793
69 25 172
69 26 1458
69 27 672
69 28 1903
69 29 3134
69 30 624
69 31 1855
69 32 3086
69 33 576
69 34 1807
69 35 3038
69 36 528
69 37 1759
69 38 2990
69 39 480
69 40 1711
69 41 2942
69 42 432
69 43 1663
69 44 2894
69 45 384
69 46 1615
69 47 2846
69 48 336
69 49 1567
69 50 2798
69 51 288
69 52 1519
69 53 2750
69 54 240
69 55 1471
69 56 2702
69 57 192
69 58 1423
69 59 2654
69 60 144
69 61 1375
69 62 2606
69 63 96
69 64 1327
69 65 2558
69 66 48
69 67 1279
69 68 2510
69 69 0
69 70 1231
69 71 2462
69 72 48
69 73 1279
69 74 2510
69 75 96
69 76 1327
69 77 2558
69 78 144
69 79 1375
69 80 2606
69 81 792
70 0 2023
70 1 663
70 2 432
70 3 547
70 4 845
70 5 931
70 6 484
70 7 891
70 8 741
70 9 1095
70 10 1242
70 11 874
70 12 332
70 13 726
70 14 644
70 15 530
70 16 1234
70 17 386
70 18 876
70 19 986
70 20 1528
70 21 882
70 22 736
70 23 771
70 24 562
70 25 1251
70 26 925
70 27 1903
70 28 672
70 29 1903
70 30 1855
70 31 624
70 32 1855
70 33 1807
70 34 576
70 35 1807
70 36 1759
70 37 528
70 38 1759
70 39 1711
70 40 480
70 41 1711
70 42 1663
70 43 432
70 44 1663
70 45 1615
70 46 384
70 47 1615
70 48 1567
70 49 336
70 50 1567
70 51 1519
70 52 288
70 53 1519
70 54 1471
70 55 240
70 56 1471
70 57 1423
70 58 192
70 59 1423
70 60 1375
70 61 144
70 62 1375
70 63 1327
70 64 96
70 65 1327
70 66 1279
70 67 48
70 68 1279
70 69 1231
70 70 0
70 71 1231
70 72 1279
70 73 48
70 74 1279
70 75 1327
70 76 96
70 77 1327
70 78 1375
70 79 144
70 80 1375
70 81 2023
71 0 3254
71 1 1144
71 2 1663
71 3 1548
71 4 962
71 5 2162
71 6 939
71 7 2122
71 8 1972
71 9 2326
71 10 2473
71 11 2105
71 12 1563
71 13 1753
71 14 683
71 15 1761
71 16 2465
71 17 1617
71 18 1123
71 19 2217
71 20 1047
71 21 349
71 22 1967
71 23 2002
71 24 861
71 25 2482
71 26 2156
71 27 3134
71 28 1903
71 29 672
71 30 3086
71 31 1855
71 32 624
71 33 3038
71 34 1807
71 35 576
71 36 2990
71 37 1759
71 38 528
71 39 2942
71 40 1711
71 41 480
71 42 2894
71 43 1663
71 44 432
71 45 2846
71 46 1615
71 47 384
71 48 2798
71 49 1567
71 50 336
71 51 2750
71 52 1519
71 53 288
71 54 2702
71 55 1471
71 56 240
71 57 2654
71 58 1423
71 59 192
71 60 2606
71 61 1375
71 62 144
71 63 2558
71 64 1327
71 65 96
71 66 2510
71 67 1279
71 68 48
71 69 2462
71 70 1231
71 71 0
71 72 2510
71 73 1279
71 74 48
71 75 2558
71 76 1327
71 77 96
71 78 2606
71 79 1375
71 80 144
71 81 3254
72 0 840
72 1 1942
72 2 1039
72 3 1826
72 4 2124
72 5 732
72 6 1763
72 7 388
72 8 1114
72 9 376
72 10 37
72 11 501
72 12 947
72 13 2005
72 14 1827
72 15 1709
72 16 333
72 17 1565
72 18 2155
72 19 293
72 20 2807
72 21 2161
72 22 927
72 23 988
72 24 1841
72 25 124
72 26 1506
72 27 720
72 28 1951
72 29 3182
72 30 672
72 31 1903
72 32 3134
72 33 624
72 34 1855
72 35 3086
72 36 576
72 37 1807
72 38 3038
72 39 528
72 40 1759
72 41 2990
72 42 480
72 43 1711
72 44 2942
72 45 432
72 46 1663
72 47 2894
72 48 384
72 49 1615
72 50 2846
72 51 336
72 52 1567
72 53 2798
72 54 288
72 55 1519
72 56 2750
72 57 240
72 58 1471
72 59 2702
72 60 192
72 61 1423
72 62 2654
72 63 144
72 64 1375
72 65 2606
72 66 96
72 67 1327
72 68 2558
72 69 48
72 70 1279
72 71 2510
72 72 0
72 73 1231
72 74 2462
72 75 48
72 76 1279
72 77 2510
72 78 96
72 79 1327
72 80 2558
72 81 840
73 0 2071
73 1 711
73 2 480
73 3 595
73 4 893
73 5 979
73 6 532
73 7 843
73 8 789
73 9 1143
73 10 1194
73 11 826
73 12 284
73 13 774
73 14 596
73 15 578
73 16 1282
73 17 434
73 18 924
73 19 1034
73 20 1576
73 21 930
73 22 784
73 23 819
73 24 610
73 25 1203
73 26 973
73 27 1951
73 28 720
73 29 1951
73 30 1903
73 31 672
73 32 1903
73 33 1855
73 34 624
73 35 1855
73 36 1807
73 37 576
73 38 1807
73 39 1759
73 40 528
73 41 1759
73 42 1711
73 43 480
73 44 1711
73 45 1663
73 46 432
73 47 1663
73 48 1615
73 49 384
73 50 1615
73 51 1567
73 52 336
73 53 1567
73 54 1519
73 55 288
73 56 1519
73 57 1471
73 58 240
73 59 1471
73 60 1423
73 61 192
73 62 1423
73 63 1375
73 64 144
73 65 1375
73 66 1327
73 67 96
73 68 1327
73 69 1279
73 70 48
73 71 1279
73 72 1231
73 73 0
73 74 1231
73 75 1279
73 76 48
73 77 1279
73 78 1327
73 79 96
73 80 1327
73 81 2071
74 0 3302
74 1 1192
74 2 1711
74 3 1596
74 4 1010
74 5 2210
74 6 987
74 7 2074
74 8 2020
74 9 2374
74 10 2425
74 11 2057
74 12 1515
74 13 1801
74 14 635
74 15 1809
74 16 2513
74 17 1665
74 18 1171
74 19 2265
74 20 1095
74 21 397
74 22 2015
74 23 2050
74 24 909
74 25 2434
74 26 2204
74 27 3182
74 28 1951
74 29 720
74 30 3134
74 31 1903
74 32 672
74 33 3086
74 34 1855
74 35 624
74 36 3038
74 37 1807
74 38 576
74 39 2990
74 40 1759
74 41 528
74 42 2942
74 43 1711
74 44 480
74 45 2894
74 46 1663
74 47 432
74 48 2846
74 49 1615
74 50 384
74 51 2798
74 52 1567
74 53 336
74 54 2750
74 55 1519
74 56 288
74 57 2702
74 58 1471
74 59 240
74 60 2654
74 61 1423
74 62 192
74 63 2606
74 64 1375
74 65 144
74 66 2558
74 67 1327
74 68 96
74 69 2510
74 70 1279
74 71 48
74 72 2462
74 73 1231
74 74 0
74 75 2510
74 76 1279
74 77 48
74 78 2558
74 79 1327
74 80 96
74 81 3302
75 0 888
75 1 1990
75 2 1087
75 3 1874
75 4 2172
75 5 780
75 6 1811
75 7 436
75 8 1162
75 9 424
75 10 85
75 11 453
75 12 995
75 13 2053
75 14 1875
75 15 1757
75 16 381
75 17 1613
75 18 2203
75 19 341
75 20 2855
75 21 2209
75 22 975
75 23 1036
75 24 1889
75 25 76
75 26 1554
75 27 768
75 28 1999
75 29 3230
75 30 720
75 31 1951
75 32 3182
75 33 672
75 34 1903
75 35 3134
75 36 624
75 37 1855
75 38 3086
75 39 576
75 40 1807
75 41 3038
75 42 528
75 43 1759
75 44 2990
75 45 480
75 46 1711
75 47 2942
75 48 432
75 49 1663
75 50 2894
75 51 384
75 52 1615
75 53 2846
75 54 336
75 55 1567
75 56 2798
75 57 288
75 58 1519
75 59 2750
75 60 240
75 61 1471
75 62 2702
75 63 192
75 64 1423
75 65 2654
75 66 144
75 67 1375
75 68 2606
75 69 96
75 70 1327
75 71 2558
75 72 48
75 73 1279
75 74 2510
75 75 0
75 76 1231
75 77 2462
75 78 48
75 79 1279
75 80 2510
75 81 888
76 0 2119
76 1 759
76 2 528
76 3 643
76 4 941
76 5 1027
76 6 580
76 7 891
76 8 837
76 9 1191
76 10 1242
76 11 778
76 12 332
76 13 822
76 14 644
76 15 626
76 16 1330
76 17 482
76 18 972
76 19 1082
76 20 1624
76 21 978
76 22 832
76 23 867
76 24 658
76 25 1155
76 26 1021
76 27 1999
76 28 768
76 29 1999
76 30 1951
76 31 720
76 32 1951
76 33 1903
76 34 672
76 35 1903
76 36 1855
76 37 624
76 38 1855
76 39 1807
76 40 576
76 41 1807
76 42 1759
76 43 528
76 44 1759
76 45 1711
76 46 480
76 47 1711
76 48 1663
76 49 432
76 50 1663
76 51 1615
76 52 384
76 53 1615
76 54 1567
76 55 336
76 56 1567
76 57 1519
76 58 288
76 59 1519
76 60 1471
76 61 240
76 62 1471
76 63 1423
76 64 192
76 65 1423
76 66 1375
76 67 144
76 68 1375
76 69 1327
76 70 96
76 71 1327
76 72 1279
76 73 48
76 74 1279
76 75 1231
76 76 0
76 77 1231
76 78 1279
76 79 48
76 80 1279
76 81 2119
77 0 3350
77 1 1240
77 2 1759
77 3 1644
77 4 1058
77 5 2258
77 6 1035
77 7 2122
77 8 2068
77 9 2422
77 10 2473
77 11 2009
77 12 1563
77 13 1849
77 14 683
77 15 1857
77 16 2561
77 17 1713
77 18 1219
77 19 2313
77 20 1143
77 21 445
77 22 2063
77 23 2098
77 24 957
77 25 2386
77 26 2252
77 27 3230
77 28 1999
77 29 768
77 30 3182
77 31 1951
77 32 720
77 33 3134
77 34 1903
77 35 672
77 36 3086
77 37 1855
77 38 624
77 39 3038
77 40 1807
77 41 576
77 42 2990
77 43 1759
77 44 528
77 45 2942
77 46 1711
77 47 480
77 48 2894
77 49 1663
77 50 432
77 51 2846
77 52 1615
77 53 384
77 54 2798
77 55 1567
77 56 336
77 57 2750
77 58 1519
77 59 288
77 60 2702
77 61 1471
77 62 240
77 63 2654
77 64 1423
77 65 192
77 66 2606
77 67 1375
77 68 144
77 69 2558
77 70 1327
77 71 96
77 72 2510
77 73 1279
77 74 48
77 75 2462
77 76 1231
77 77 0
77 78 2510
77 79 1279
77 80 48
77 81 3350
78 0 936
78 1 2038
78 2 1135
78 3 1922
78 4 2220
78 5 828
78 6 1859
78 7 484
78 8 1210
78 9 472
78 10 133
78 11 501
78 12 1043
78 13 2101
78 14 1923
78 15 1805
78 16 429
78 17 1661
78 18 2251
78 19 389
78 20 2903
78 21 2257
78 22 1023
78 23 1084
78 24 1937
78 25 124
78 26 1602
78 27 816
78 28 2047
78 29 3278
78 30 768
78 31 1999
78 32 3230
78 33 720
78 34 1951
78 35 3182
78 36 672
78 37 1903
78 38 3134
78 39 624
78 40 1855
78 41 3086
78 42 576
78 43 1807
78 44 3038
78 45 528
78 46 1759
78 47 2990
78 48 480
78 49 1711
78 50 2942
78 51 432
78 52 1663
78 53 2894
78 54 384
78 55 1615
78 56 2846
78 57 336
78 58 1567
78 59 2798
78 60 288
78 61 1519
78 62 2750
78 63 240
78 64 1471
78 65 2702
78 66 192
78 67 1423
78 68 2654
78 69 144
78 70 1375
78 71 2606
78 72 96
78 73 1327
78 74 2558
78 75 48
78 76 1279
78 77 2510
78 78 0
78 79 1231
78 80 2462
78 81 936
79 0 2167
79 1 807
79 2 576
79 3 691
79 4 989
79 5 1075
79 6 628
79 7 939
79 8 885
79 9 1239
79 10 1290
79 11 826
79 12 380
79 13 870
79 14 692
79 15 674
79 16 1378
79 17 530
79 18 1020
79 19 1130
79 20 1672
79 21 1026
79 22 880
79 23 915
79 24 706
79 25 1203
79 26 1069
79 27 2047
79 28 816
79 29 2047
79 30 1999
79 31 768
79 32 1999
79 33 1951
79 34 720
79 35 1951
79 36 1903
79 37 672
79 38 1903
79 39 1855
79 40 624
79 41 1855
79 42 1807
79 43 576
79 44 1807
79 45 1759
79 46 528
79 47 1759
79 48 1711
79 49 480
79 50 1711
79 51 1663
79 52 432
79 53 1663
79 54 1615
79 55 384
79 56 1615
79 57 1567
79 58 336
79 59 1567
79 60 1519
79 61 288
79 62 1519
79 63 1471
79 64 240
79 65 1471
79 66 1423
79 67 192
79 68 1423
79 69 1375
79 70 144
79 71 1375
79 72 1327
79 73 96
79 74 1327
79 75 1279
79 76 48
79 77 1279
79 78 1231
79 79 0
79 80 1231
79 81 2167
80 0 3398
80 1 1288
80 2 1807
80 3 1692
80 4 1106
80 5 2306
80 6 1083
80 7 2170
80 8 2116
80 9 2470
80 10 2521
80 11 2057
80 12 1611
80 13 1897
80 14 731
80 15 1905
80 16 2609
80 17 1761
80 18 1267
80 19 2361
80 20 1191
80 21 493
80 22 2111
80 23 2146
80 24 1005
80 25 2434
80 26 2300
80 27 3278
80 28 2047
80 29 816
80 30 3230
80 31 1999
80 32 768
80 33 3182
80 34 1951
80 35 720
80 36 3134
80 37 1903
80 38 672
80 39 3086
80 40 1855
80 41 624
80 42 3038
80 43 1807
80 44 576
80 45 2990
80 46 1759
80 47 528
80 48 2942
80 49 1711
80 50 480
80 51 2894
80 52 1663
80 53 432
80 54 2846
80 55 1615
80 56 384
80 57 2798
80 58 1567
80 59 336
80 60 2750
80 61 1519
80 62 288
80 63 2702
80 64 1471
80 65 240
80 66 2654
80 67 1423
80 68 192
80 69 2606
80 70 1375
80 71 144
80 72 2558
80 73 1327
80 74 96
80 75 2510
80 76 1279
80 77 48
80 78 2462
80 79 1231
80 80 0
80 81 3398
81 0 0
81 1 2110
81 2 1591
81 3 1706
81 4 2292
81 5 1092
81 6 2315
81 7 1228
81 8 1282
81 9 928
81 10 877
81 11 1341
81 12 1787
81 13 1501
81 14 2667
81 15 1493
81 16 789
81 17 1637
81 18 2131
81 19 1037
81 20 2207
81 21 2905
81 22 1287
81 23 1252
81 24 2393
81 25 964
81 26 1098
81 27 120
81 28 1351
81 29 2582
81 30 168
81 31 1399
81 32 2630
81 33 216
81 34 1447
81 35 2678
81 36 264
81 37 1495
81 38 2726
81 39 312
81 40 1543
81 41 2774
81 42 360
81 43 1591
81 44 2822
81 45 408
81 46 1639
81 47 2870
81 48 456
81 49 1687
81 50 2918
81 51 504
81 52 1735
81 53 2966
81 54 552
81 55 1783
81 56 3014
81 57 600
81 58 1831
81 59 3062
81 60 648
81 61 1879
81 62 3110
81 63 696
81 64 1927
81 65 3158
81 66 744
81 67 1975
81 68 3206
81 69 792
81 70 2023
81 71 3254
81 72 840
81 73 2071
81 74 3302
81 75 888
81 76 2119
81 77 3350
81 78 936
81 79 2167
81 80 3398
81 81 0
//Location coordinates LocationName
//Loc x y
0 0.0 0.0 "depot"
1 384.0 1726.0 "product aisle 8 bloc 1 rank 53"
2 576.0 1015.0 "product aisle 12 bloc 0 rank 133"
3 240.0 1466.0 "product aisle 5 bloc 1 rank 13"
4 384.0 1908.0 "product aisle 8 bloc 1 rank 82"
5 480.0 612.0 "product aisle 10 bloc 0 rank 71"
6 576.0 1739.0 "product aisle 12 bloc 1 rank 55"
7 720.0 508.0 "product aisle 15 bloc 0 rank 56"
8 384.0 898.0 "product aisle 8 bloc 0 rank 115"
9 576.0 352.0 "product aisle 12 bloc 0 rank 32"
10 720.0 157.0 "product aisle 15 bloc 0 rank 2"
11 768.0 573.0 "product aisle 16 bloc 0 rank 66"
12 720.0 1067.0 "product aisle 15 bloc 0 rank 142"
13 48.0 1453.0 "product aisle 1 bloc 1 rank 11"
14 720.0 1947.0 "product aisle 15 bloc 1 rank 88"
15 192.0 1301.0 "product aisle 4 bloc 0 rank 177"
16 528.0 261.0 "product aisle 11 bloc 0 rank 17"
17 336.0 1301.0 "product aisle 7 bloc 0 rank 178"
18 288.0 1843.0 "product aisle 6 bloc 1 rank 72"
19 672.0 365.0 "product aisle 14 bloc 0 rank 34"
20 0.0 2207.0 "product aisle 0 bloc 1 rank 128"
21 672.0 2233.0 "product aisle 14 bloc 1 rank 132"
22 480.0 807.0 "product aisle 10 bloc 0 rank 101"
23 432.0 820.0 "product aisle 9 bloc 0 rank 103"
24 576.0 1817.0 "product aisle 12 bloc 1 rank 67"
25 768.0 196.0 "product aisle 16 bloc 0 rank 7"
26 96.0 1002.0 "product aisle 2 bloc 0 rank 131"
27 24.0 120.0 "intersection aisle 0 bloc 0 rank 0"
28 24.0 1351.0 "intersection aisle 0 bloc 1 rank 1"
29 24.0 2582.0 "intersection aisle 0 bloc 2 rank 2"
30 72.0 120.0 "intersection aisle 1 bloc 0 rank 0"
31 72.0 1351.0 "intersection aisle 1 bloc 1 rank 1"
32 72.0 2582.0 "intersection aisle 1 bloc 2 rank 2"
33 120.0 120.0 "intersection aisle 2 bloc 0 rank 0"
34 120.0 1351.0 "intersection aisle 2 bloc 1 rank 1"
35 120.0 2582.0 "intersection aisle 2 bloc 2 rank 2"
36 168.0 120.0 "intersection aisle 3 bloc 0 rank 0"
37 168.0 1351.0 "intersection aisle 3 bloc 1 rank 1"
38 168.0 2582.0 "intersection aisle 3 bloc 2 rank 2"
39 216.0 120.0 "intersection aisle 4 bloc 0 rank 0"
40 216.0 1351.0 "intersection aisle 4 bloc 1 rank 1"
41 216.0 2582.0 "intersection aisle 4 bloc 2 rank 2"
42 264.0 120.0 "intersection aisle 5 bloc 0 rank 0"
43 264.0 1351.0 "intersection aisle 5 bloc 1 rank 1"
44 264.0 2582.0 "intersection aisle 5 bloc 2 rank 2"
45 312.0 120.0 "intersection aisle 6 bloc 0 rank 0"
46 312.0 1351.0 "intersection aisle 6 bloc 1 rank 1"
47 312.0 2582.0 "intersection aisle 6 bloc 2 rank 2"
48 360.0 120.0 "intersection aisle 7 bloc 0 rank 0"
49 360.0 1351.0 "intersection aisle 7 bloc 1 rank 1"
50 360.0 2582.0 "intersection aisle 7 bloc 2 rank 2"
51 408.0 120.0 "intersection aisle 8 bloc 0 rank 0"
52 408.0 1351.0 "intersection aisle 8 bloc 1 rank 1"
53 408.0 2582.0 "intersection aisle 8 bloc 2 rank 2"
54 456.0 120.0 "intersection aisle 9 bloc 0 rank 0"
55 456.0 1351.0 "intersection aisle 9 bloc 1 rank 1"
56 456.0 2582.0 "intersection aisle 9 bloc 2 rank 2"
57 504.0 120.0 "intersection aisle 10 bloc 0 rank 0"
58 504.0 1351.0 "intersection aisle 10 bloc 1 rank 1"
59 504.0 2582.0 "intersection aisle 10 bloc 2 rank 2"
60 552.0 120.0 "intersection aisle 11 bloc 0 rank 0"
61 552.0 1351.0 "intersection aisle 11 bloc 1 rank 1"
62 552.0 2582.0 "intersection aisle 11 bloc 2 rank 2"
63 600.0 120.0 "intersection aisle 12 bloc 0 rank 0"
64 600.0 1351.0 "intersection aisle 12 bloc 1 rank 1"
65 600.0 2582.0 "intersection aisle 12 bloc 2 rank 2"
66 648.0 120.0 "intersection aisle 13 bloc 0 rank 0"
67 648.0 1351.0 "intersection aisle 13 bloc 1 rank 1"
68 648.0 2582.0 "intersection aisle 13 bloc 2 rank 2"
69 696.0 120.0 "intersection aisle 14 bloc 0 rank 0"
70 696.0 1351.0 "intersection aisle 14 bloc 1 rank 1"
71 696.0 2582.0 "intersection aisle 14 bloc 2 rank 2"
72 744.0 120.0 "intersection aisle 15 bloc 0 rank 0"
73 744.0 1351.0 "intersection aisle 15 bloc 1 rank 1"
74 744.0 2582.0 "intersection aisle 15 bloc 2 rank 2"
75 792.0 120.0 "intersection aisle 16 bloc 0 rank 0"
76 792.0 1351.0 "intersection aisle 16 bloc 1 rank 1"
77 792.0 2582.0 "intersection aisle 16 bloc 2 rank 2"
78 840.0 120.0 "intersection aisle 17 bloc 0 rank 0"
79 840.0 1351.0 "intersection aisle 17 bloc 1 rank 1"
80 840.0 2582.0 "intersection aisle 17 bloc 2 rank 2"
81 0.0 0.0 "depot"
