//alpha
1
//NbLocations
79
//NbProducts
24
//NbPickers
2
//CapaPicker
4
//TimeToTravelOneDistanceUnit
3
//SetupTime
5400
//PickTime
300
//Products
//Idx Location Size
1 1 1
2 2 1
3 3 1
4 4 1
5 5 1
6 6 1
7 7 1
8 8 1
9 9 1
10 10 1
11 11 1
12 12 1
13 13 1
14 14 1
15 15 1
16 16 1
17 17 1
18 18 1
19 19 1
20 20 1
21 21 1
22 22 1
23 23 1
24 24 1
//Orders
//NbOrders
12
//Idx DueDate TardinessPenalty NbProdInOrder ProdIdx1 Qty1 ProdIdx2 Qty2 ...
1 108000 0 1 1 1
2 72000 0 4 2 1 3 1 4 1 5 1
3 72000 0 1 6 1
4 108000 0 2 7 1 8 1
5 54000 0 1 9 1
6 54000 0 2 10 1 11 1
7 108000 0 2 12 1 13 1
8 144000 0 1 14 1
9 54000 0 2 15 1 16 1
10 36000 0 4 17 1 18 1 19 1 20 1
11 126000 0 2 21 1 22 1
12 54000 0 2 23 1 24 1
//Graph (Products are vertices indexed from 1 to NbProducts)
//NbVerticesIntersections
54
//DepartingDepot
0
//ArrivalDepot
79
//Arcs
//Start End Distance
0 25 120
1 3 13
1 26 141
2 14 26
2 29 830
3 1 13
3 25 1077
4 55 531
4 56 700
5 13 182
5 23 364
6 74 115
6 75 1116
7 11 39
7 29 128
8 14 104
8 28 271
9 44 622
9 45 609
10 13 78
10 32 375
11 7 39
11 30 1064
12 34 414
12 35 817
13 5 182
13 10 78
14 2 26
14 8 104
15 50 661
15 51 570
16 68 622
16 69 609
17 23 130
17 31 102
18 20 130
18 38 544
19 26 1129
19 27 102
20 18 130
20 39 557
21 46 752
21 47 479
22 32 557
22 33 674
23 5 364
23 17 130
24 41 648
24 42 583
25 3 1077
25 28 48
25 79 120
26 1 141
26 19 1129
26 29 48
27 19 102
27 30 48
28 8 271
28 25 48
28 31 48
29 2 830
29 7 128
29 26 48
29 32 48
30 11 1064
30 27 48
30 33 48
31 17 102
31 28 48
31 34 48
32 10 375
32 22 557
32 29 48
32 35 48
33 22 674
33 30 48
33 36 48
34 12 414
34 31 48
34 37 48
35 12 817
35 32 48
35 36 1231
35 38 48
36 33 48
36 35 1231
36 39 48
37 34 48
37 38 1231
37 40 48
38 18 544
38 35 48
38 37 1231
38 41 48
39 20 557
39 36 48
39 42 48
40 37 48
40 41 1231
40 43 48
41 24 648
41 38 48
41 40 1231
41 44 48
42 24 583
42 39 48
42 45 48
43 40 48
43 44 1231
43 46 48
44 9 622
44 41 48
44 43 1231
44 47 48
45 9 609
45 42 48
45 48 48
46 21 752
46 43 48
46 49 48
47 21 479
47 44 48
47 48 1231
47 50 48
48 45 48
48 47 1231
48 51 48
49 46 48
49 50 1231
49 52 48
50 15 661
50 47 48
50 49 1231
50 53 48
51 15 570
51 48 48
51 54 48
52 49 48
52 53 1231
52 55 48
53 50 48
53 52 1231
53 54 1231
53 56 48
54 51 48
54 53 1231
54 57 48
55 4 531
55 52 48
55 58 48
56 4 700
56 53 48
56 57 1231
56 59 48
57 54 48
57 56 1231
57 60 48
58 55 48
58 59 1231
58 61 48
59 56 48
59 58 1231
59 60 1231
59 62 48
60 57 48
60 59 1231
60 63 48
61 58 48
61 62 1231
61 64 48
62 59 48
62 61 1231
62 63 1231
62 65 48
63 60 48
63 62 1231
63 66 48
64 61 48
64 65 1231
64 67 48
65 62 48
65 64 1231
65 66 1231
65 68 48
66 63 48
66 65 1231
66 69 48
67 64 48
67 68 1231
67 70 48
68 16 622
68 65 48
68 67 1231
68 71 48
69 16 609
69 66 48
69 72 48
70 67 48
70 71 1231
70 73 48
71 68 48
71 70 1231
71 72 1231
71 74 48
72 69 48
72 71 1231
72 75 48
73 70 48
73 74 1231
73 76 48
74 6 115
74 71 48
74 73 1231
74 77 48
75 6 1116
75 72 48
75 78 48
76 73 48
76 77 1231
77 74 48
77 76 1231
77 78 1231
78 75 48
78 77 1231
//LocStart LocEnd ShortestPath
0 0 0
0 1 1210
0 2 569
0 3 1197
0 4 1131
0 5 812
0 6 2234
0 7 1527
0 8 439
0 9 2261
0 10 1072
0 11 1566
0 12 678
0 13 994
0 14 543
0 15 2396
0 16 2645
0 17 318
0 18 2087
0 19 2480
0 20 2217
0 21 1208
0 22 2004
0 23 448
0 24 2239
0 25 120
0 26 1351
0 27 2582
0 28 168
0 29 1399
0 30 2630
0 31 216
0 32 1447
0 33 2678
0 34 264
0 35 1495
0 36 2726
0 37 312
0 38 1543
0 39 2774
0 40 360
0 41 1591
0 42 2822
0 43 408
0 44 1639
0 45 2870
0 46 456
0 47 1687
0 48 2918
0 49 504
0 50 1735
0 51 2966
0 52 552
0 53 1783
0 54 3014
0 55 600
0 56 1831
0 57 3062
0 58 648
0 59 1879
0 60 3110
0 61 696
0 62 1927
0 63 3158
0 64 744
0 65 1975
0 66 3206
0 67 792
0 68 2023
0 69 3254
0 70 840
0 71 2071
0 72 3302
0 73 888
0 74 2119
0 75 3350
0 76 936
0 77 2167
0 78 3398
0 79 0
1 0 1210
1 1 0
1 2 1019
1 3 13
1 4 1321
1 5 872
1 6 1024
1 7 317
1 8 1149
1 9 1051
1 10 612
1 11 356
1 12 1102
1 13 690
1 14 1045
1 15 1186
1 16 1435
1 17 1288
1 18 877
1 19 1270
1 20 1007
1 21 956
1 22 794
1 23 1236
1 24 1029
1 25 1090
1 26 141
1 27 1372
1 28 1138
1 29 189
1 30 1420
1 31 1186
1 32 237
1 33 1468
1 34 1234
1 35 285
1 36 1516
1 37 1282
1 38 333
1 39 1564
1 40 1330
1 41 381
1 42 1612
1 43 1378
1 44 429
1 45 1660
1 46 1426
1 47 477
1 48 1708
1 49 1474
1 50 525
1 51 1756
1 52 1522
1 53 573
1 54 1804
1 55 1570
1 56 621
1 57 1852
1 58 1618
1 59 669
1 60 1900
1 61 1666
1 62 717
1 63 1948
1 64 1714
1 65 765
1 66 1996
1 67 1762
1 68 813
1 69 2044
1 70 1810
1 71 861
1 72 2092
1 73 1858
1 74 909
1 75 2140
1 76 1906
1 77 957
1 78 2188
1 79 1210
2 0 569
2 1 1019
2 2 0
2 3 1032
2 4 1364
2 5 1045
2 6 1665
2 7 958
2 8 130
2 9 1692
2 10 1253
2 11 997
2 12 911
2 13 1227
2 14 26
2 15 1827
2 16 2076
2 17 551
2 18 1518
2 19 2007
2 20 1648
2 21 1441
2 22 1435
2 23 681
2 24 1670
2 25 449
2 26 878
2 27 2109
2 28 401
2 29 830
2 30 2061
2 31 449
2 32 878
2 33 2109
2 34 497
2 35 926
2 36 2157
2 37 545
2 38 974
2 39 2205
2 40 593
2 41 1022
2 42 2253
2 43 641
2 44 1070
2 45 2301
2 46 689
2 47 1118
2 48 2349
2 49 737
2 50 1166
2 51 2397
2 52 785
2 53 1214
2 54 2445
2 55 833
2 56 1262
2 57 2493
2 58 881
2 59 1310
2 60 2541
2 61 929
2 62 1358
2 63 2589
2 64 977
2 65 1406
2 66 2637
2 67 1025
2 68 1454
2 69 2685
2 70 1073
2 71 1502
2 72 2733
2 73 1121
2 74 1550
2 75 2781
2 76 1169
2 77 1598
2 78 2829
2 79 569
3 0 1197
3 1 13
3 2 1032
3 3 0
3 4 1334
3 5 885
3 6 1037
3 7 330
3 8 1162
3 9 1064
3 10 625
3 11 369
3 12 1115
3 13 703
3 14 1058
3 15 1199
3 16 1448
3 17 1275
3 18 890
3 19 1283
3 20 1020
3 21 969
3 22 807
3 23 1249
3 24 1042
3 25 1077
3 26 154
3 27 1385
3 28 1125
3 29 202
3 30 1433
3 31 1173
3 32 250
3 33 1481
3 34 1221
3 35 298
3 36 1529
3 37 1269
3 38 346
3 39 1577
3 40 1317
3 41 394
3 42 1625
3 43 1365
3 44 442
3 45 1673
3 46 1413
3 47 490
3 48 1721
3 49 1461
3 50 538
3 51 1769
3 52 1509
3 53 586
3 54 1817
3 55 1557
3 56 634
3 57 1865
3 58 1605
3 59 682
3 60 1913
3 61 1653
3 62 730
3 63 1961
3 64 1701
3 65 778
3 66 2009
3 67 1749
3 68 826
3 69 2057
3 70 1797
3 71 874
3 72 2105
3 73 1845
3 74 922
3 75 2153
3 76 1893
3 77 970
3 78 2201
3 79 1197
4 0 1131
4 1 1321
4 2 1364
4 3 1334
4 4 0
4 5 1511
4 6 1103
4 7 1260
4 8 1234
4 9 1514
4 10 1459
4 11 1299
4 12 1281
4 13 1537
4 14 1338
4 15 1457
4 16 1514
4 17 1017
4 18 1532
4 19 2309
4 20 1662
4 21 1323
4 22 1641
4 23 1147
4 24 1588
4 25 1011
4 26 1180
4 27 2411
4 28 963
4 29 1132
4 30 2363
4 31 915
4 32 1084
4 33 2315
4 34 867
4 35 1036
4 36 2267
4 37 819
4 38 988
4 39 2219
4 40 771
4 41 940
4 42 2171
4 43 723
4 44 892
4 45 2123
4 46 675
4 47 844
4 48 2075
4 49 627
4 50 796
4 51 2027
4 52 579
4 53 748
4 54 1979
4 55 531
4 56 700
4 57 1931
4 58 579
4 59 748
4 60 1979
4 61 627
4 62 796
4 63 2027
4 64 675
4 65 844
4 66 2075
4 67 723
4 68 892
4 69 2123
4 70 771
4 71 940
4 72 2171
4 73 819
4 74 988
4 75 2219
4 76 867
4 77 1036
4 78 2267
4 79 1131
5 0 812
5 1 872
5 2 1045
5 3 885
5 4 1511
5 5 0
5 6 1422
5 7 811
5 8 915
5 9 1449
5 10 260
5 11 850
5 12 1058
5 13 182
5 14 1019
5 15 1584
5 16 1833
5 17 494
5 18 1275
5 19 1860
5 20 1405
5 21 1354
5 22 1192
5 23 364
5 24 1427
5 25 692
5 26 731
5 27 1962
5 28 644
5 29 683
5 30 1914
5 31 596
5 32 635
5 33 1866
5 34 644
5 35 683
5 36 1914
5 37 692
5 38 731
5 39 1962
5 40 740
5 41 779
5 42 2010
5 43 788
5 44 827
5 45 2058
5 46 836
5 47 875
5 48 2106
5 49 884
5 50 923
5 51 2154
5 52 932
5 53 971
5 54 2202
5 55 980
5 56 1019
5 57 2250
5 58 1028
5 59 1067
5 60 2298
5 61 1076
5 62 1115
5 63 2346
5 64 1124
5 65 1163
5 66 2394
5 67 1172
5 68 1211
5 69 2442
5 70 1220
5 71 1259
5 72 2490
5 73 1268
5 74 1307
5 75 2538
5 76 1316
5 77 1355
5 78 2586
5 79 812
6 0 2234
6 1 1024
6 2 1665
6 3 1037
6 4 1103
6 5 1422
6 6 0
6 7 963
6 8 1795
6 9 1217
6 10 1162
6 11 1002
6 12 1556
6 13 1240
6 14 1691
6 15 1160
6 16 833
6 17 1916
6 18 1235
6 19 1986
6 20 1365
6 21 1026
6 22 1344
6 23 1786
6 24 1291
6 25 2114
6 26 883
6 27 1884
6 28 2066
6 29 835
6 30 1836
6 31 2018
6 32 787
6 33 1788
6 34 1970
6 35 739
6 36 1740
6 37 1922
6 38 691
6 39 1692
6 40 1874
6 41 643
6 42 1644
6 43 1826
6 44 595
6 45 1596
6 46 1778
6 47 547
6 48 1548
6 49 1730
6 50 499
6 51 1500
6 52 1682
6 53 451
6 54 1452
6 55 1634
6 56 403
6 57 1404
6 58 1586
6 59 355
6 60 1356
6 61 1538
6 62 307
6 63 1308
6 64 1490
6 65 259
6 66 1260
6 67 1442
6 68 211
6 69 1212
6 70 1394
6 71 163
6 72 1164
6 73 1346
6 74 115
6 75 1116
6 76 1394
6 77 163
6 78 1164
6 79 2234
7 0 1527
7 1 317
7 2 958
7 3 330
7 4 1260
7 5 811
7 6 963
7 7 0
7 8 1088
7 9 990
7 10 551
7 11 39
7 12 1041
7 13 629
7 14 984
7 15 1125
7 16 1374
7 17 1305
7 18 816
7 19 1253
7 20 946
7 21 895
7 22 733
7 23 1175
7 24 968
7 25 1407
7 26 176
7 27 1151
7 28 1359
7 29 128
7 30 1103
7 31 1407
7 32 176
7 33 1151
7 34 1455
7 35 224
7 36 1199
7 37 1503
7 38 272
7 39 1247
7 40 1551
7 41 320
7 42 1295
7 43 1599
7 44 368
7 45 1343
7 46 1647
7 47 416
7 48 1391
7 49 1695
7 50 464
7 51 1439
7 52 1743
7 53 512
7 54 1487
7 55 1791
7 56 560
7 57 1535
7 58 1839
7 59 608
7 60 1583
7 61 1887
7 62 656
7 63 1631
7 64 1935
7 65 704
7 66 1679
7 67 1983
7 68 752
7 69 1727
7 70 2031
7 71 800
7 72 1775
7 73 2079
7 74 848
7 75 1823
7 76 2127
7 77 896
7 78 1871
7 79 1527
8 0 439
8 1 1149
8 2 130
8 3 1162
8 4 1234
8 5 915
8 6 1795
8 7 1088
8 8 0
8 9 1822
8 10 1175
8 11 1127
8 12 781
8 13 1097
8 14 104
8 15 1957
8 16 2206
8 17 421
8 18 1648
8 19 2137
8 20 1778
8 21 1311
8 22 1565
8 23 551
8 24 1800
8 25 319
8 26 1008
8 27 2239
8 28 271
8 29 960
8 30 2191
8 31 319
8 32 1008
8 33 2239
8 34 367
8 35 1056
8 36 2287
8 37 415
8 38 1104
8 39 2335
8 40 463
8 41 1152
8 42 2383
8 43 511
8 44 1200
8 45 2431
8 46 559
8 47 1248
8 48 2479
8 49 607
8 50 1296
8 51 2527
8 52 655
8 53 1344
8 54 2575
8 55 703
8 56 1392
8 57 2623
8 58 751
8 59 1440
8 60 2671
8 61 799
8 62 1488
8 63 2719
8 64 847
8 65 1536
8 66 2767
8 67 895
8 68 1584
8 69 2815
8 70 943
8 71 1632
8 72 2863
8 73 991
8 74 1680
8 75 2911
8 76 1039
8 77 1728
8 78 2959
8 79 439
9 0 2261
9 1 1051
9 2 1692
9 3 1064
9 4 1514
9 5 1449
9 6 1217
9 7 990
9 8 1822
9 9 0
9 10 1189
9 11 1029
9 12 1583
9 13 1267
9 14 1718
9 15 1275
9 16 1602
9 17 1943
9 18 1262
9 19 999
9 20 1262
9 21 1149
9 22 1371
9 23 1813
9 24 1240
9 25 2141
9 26 910
9 27 897
9 28 2093
9 29 862
9 30 849
9 31 2045
9 32 814
9 33 801
9 34 1997
9 35 766
9 36 753
9 37 1949
9 38 718
9 39 705
9 40 1901
9 41 670
9 42 657
9 43 1853
9 44 622
9 45 609
9 46 1901
9 47 670
9 48 657
9 49 1949
9 50 718
9 51 705
9 52 1997
9 53 766
9 54 753
9 55 2045
9 56 814
9 57 801
9 58 2093
9 59 862
9 60 849
9 61 2141
9 62 910
9 63 897
9 64 2189
9 65 958
9 66 945
9 67 2237
9 68 1006
9 69 993
9 70 2285
9 71 1054
9 72 1041
9 73 2333
9 74 1102
9 75 1089
9 76 2381
9 77 1150
9 78 1137
9 79 2261
10 0 1072
10 1 612
10 2 1253
10 3 625
10 4 1459
10 5 260
10 6 1162
10 7 551
10 8 1175
10 9 1189
10 10 0
10 11 590
10 12 1240
10 13 78
10 14 1279
10 15 1324
10 16 1573
10 17 754
10 18 1015
10 19 1600
10 20 1145
10 21 1094
10 22 932
10 23 624
10 24 1167
10 25 952
10 26 471
10 27 1702
10 28 904
10 29 423
10 30 1654
10 31 856
10 32 375
10 33 1606
10 34 904
10 35 423
10 36 1654
10 37 952
10 38 471
10 39 1702
10 40 1000
10 41 519
10 42 1750
10 43 1048
10 44 567
10 45 1798
10 46 1096
10 47 615
10 48 1846
10 49 1144
10 50 663
10 51 1894
10 52 1192
10 53 711
10 54 1942
10 55 1240
10 56 759
10 57 1990
10 58 1288
10 59 807
10 60 2038
10 61 1336
10 62 855
10 63 2086
10 64 1384
10 65 903
10 66 2134
10 67 1432
10 68 951
10 69 2182
10 70 1480
10 71 999
10 72 2230
10 73 1528
10 74 1047
10 75 2278
10 76 1576
10 77 1095
10 78 2326
10 79 1072
11 0 1566
11 1 356
11 2 997
11 3 369
11 4 1299
11 5 850
11 6 1002
11 7 39
11 8 1127
11 9 1029
11 10 590
11 11 0
11 12 1080
11 13 668
11 14 1023
11 15 1164
11 16 1413
11 17 1344
11 18 855
11 19 1214
11 20 985
11 21 934
11 22 772
11 23 1214
11 24 1007
11 25 1446
11 26 215
11 27 1112
11 28 1398
11 29 167
11 30 1064
11 31 1446
11 32 215
11 33 1112
11 34 1494
11 35 263
11 36 1160
11 37 1542
11 38 311
11 39 1208
11 40 1590
11 41 359
11 42 1256
11 43 1638
11 44 407
11 45 1304
11 46 1686
11 47 455
11 48 1352
11 49 1734
11 50 503
11 51 1400
11 52 1782
11 53 551
11 54 1448
11 55 1830
11 56 599
11 57 1496
11 58 1878
11 59 647
11 60 1544
11 61 1926
11 62 695
11 63 1592
11 64 1974
11 65 743
11 66 1640
11 67 2022
11 68 791
11 69 1688
11 70 2070
11 71 839
11 72 1736
11 73 2118
11 74 887
11 75 1784
11 76 2166
11 77 935
11 78 1832
11 79 1566
12 0 678
12 1 1102
12 2 911
12 3 1115
12 4 1281
12 5 1058
12 6 1556
12 7 1041
12 8 781
12 9 1583
12 10 1240
12 11 1080
12 12 0
12 13 1240
12 14 885
12 15 1718
12 16 1967
12 17 564
12 18 1409
12 19 2090
12 20 1539
12 21 1358
12 22 1422
12 23 694
12 24 1561
12 25 558
12 26 961
12 27 2192
12 28 510
12 29 913
12 30 2144
12 31 462
12 32 865
12 33 2096
12 34 414
12 35 817
12 36 2048
12 37 462
12 38 865
12 39 2096
12 40 510
12 41 913
12 42 2144
12 43 558
12 44 961
12 45 2192
12 46 606
12 47 1009
12 48 2240
12 49 654
12 50 1057
12 51 2288
12 52 702
12 53 1105
12 54 2336
12 55 750
12 56 1153
12 57 2384
12 58 798
12 59 1201
12 60 2432
12 61 846
12 62 1249
12 63 2480
12 64 894
12 65 1297
12 66 2528
12 67 942
12 68 1345
12 69 2576
12 70 990
12 71 1393
12 72 2624
12 73 1038
12 74 1441
12 75 2672
12 76 1086
12 77 1489
12 78 2720
12 79 678
13 0 994
13 1 690
13 2 1227
13 3 703
13 4 1537
13 5 182
13 6 1240
13 7 629
13 8 1097
13 9 1267
13 10 78
13 11 668
13 12 1240
13 13 0
13 14 1201
13 15 1402
13 16 1651
13 17 676
13 18 1093
13 19 1678
13 20 1223
13 21 1172
13 22 1010
13 23 546
13 24 1245
13 25 874
13 26 549
13 27 1780
13 28 826
13 29 501
13 30 1732
13 31 778
13 32 453
13 33 1684
13 34 826
13 35 501
13 36 1732
13 37 874
13 38 549
13 39 1780
13 40 922
13 41 597
13 42 1828
13 43 970
13 44 645
13 45 1876
13 46 1018
13 47 693
13 48 1924
13 49 1066
13 50 741
13 51 1972
13 52 1114
13 53 789
13 54 2020
13 55 1162
13 56 837
13 57 2068
13 58 1210
13 59 885
13 60 2116
13 61 1258
13 62 933
13 63 2164
13 64 1306
13 65 981
13 66 2212
13 67 1354
13 68 1029
13 69 2260
13 70 1402
13 71 1077
13 72 2308
13 73 1450
13 74 1125
13 75 2356
13 76 1498
13 77 1173
13 78 2404
13 79 994
14 0 543
14 1 1045
14 2 26
14 3 1058
14 4 1338
14 5 1019
14 6 1691
14 7 984
14 8 104
14 9 1718
14 10 1279
14 11 1023
14 12 885
14 13 1201
14 14 0
14 15 1853
14 16 2102
14 17 525
14 18 1544
14 19 2033
14 20 1674
14 21 1415
14 22 1461
14 23 655
14 24 1696
14 25 423
14 26 904
14 27 2135
14 28 375
14 29 856
14 30 2087
14 31 423
14 32 904
14 33 2135
14 34 471
14 35 952
14 36 2183
14 37 519
14 38 1000
14 39 2231
14 40 567
14 41 1048
14 42 2279
14 43 615
14 44 1096
14 45 2327
14 46 663
14 47 1144
14 48 2375
14 49 711
14 50 1192
14 51 2423
14 52 759
14 53 1240
14 54 2471
14 55 807
14 56 1288
14 57 2519
14 58 855
14 59 1336
14 60 2567
14 61 903
14 62 1384
14 63 2615
14 64 951
14 65 1432
14 66 2663
14 67 999
14 68 1480
14 69 2711
14 70 1047
14 71 1528
14 72 2759
14 73 1095
14 74 1576
14 75 2807
14 76 1143
14 77 1624
14 78 2855
14 79 543
15 0 2396
15 1 1186
15 2 1827
15 3 1199
15 4 1457
15 5 1584
15 6 1160
15 7 1125
15 8 1957
15 9 1275
15 10 1324
15 11 1164
15 12 1718
15 13 1402
15 14 1853
15 15 0
15 16 1467
15 17 2078
15 18 1397
15 19 1056
15 20 1319
15 21 1188
15 22 1506
15 23 1948
15 24 1297
15 25 2276
15 26 1045
15 27 954
15 28 2228
15 29 997
15 30 906
15 31 2180
15 32 949
15 33 858
15 34 2132
15 35 901
15 36 810
15 37 2084
15 38 853
15 39 762
15 40 2036
15 41 805
15 42 714
15 43 1988
15 44 757
15 45 666
15 46 1940
15 47 709
15 48 618
15 49 1892
15 50 661
15 51 570
15 52 1940
15 53 709
15 54 618
15 55 1988
15 56 757
15 57 666
15 58 2036
15 59 805
15 60 714
15 61 2084
15 62 853
15 63 762
15 64 2132
15 65 901
15 66 810
15 67 2180
15 68 949
15 69 858
15 70 2228
15 71 997
15 72 906
15 73 2276
15 74 1045
15 75 954
15 76 2324
15 77 1093
15 78 1002
15 79 2396
16 0 2645
16 1 1435
16 2 2076
16 3 1448
16 4 1514
16 5 1833
16 6 833
16 7 1374
16 8 2206
16 9 1602
16 10 1573
16 11 1413
16 12 1967
16 13 1651
16 14 2102
16 15 1467
16 16 0
16 17 2327
16 18 1646
16 19 1383
16 20 1646
16 21 1437
16 22 1755
16 23 2197
16 24 1624
16 25 2525
16 26 1294
16 27 1281
16 28 2477
16 29 1246
16 30 1233
16 31 2429
16 32 1198
16 33 1185
16 34 2381
16 35 1150
16 36 1137
16 37 2333
16 38 1102
16 39 1089
16 40 2285
16 41 1054
16 42 1041
16 43 2237
16 44 1006
16 45 993
16 46 2189
16 47 958
16 48 945
16 49 2141
16 50 910
16 51 897
16 52 2093
16 53 862
16 54 849
16 55 2045
16 56 814
16 57 801
16 58 1997
16 59 766
16 60 753
16 61 1949
16 62 718
16 63 705
16 64 1901
16 65 670
16 66 657
16 67 1853
16 68 622
16 69 609
16 70 1901
16 71 670
16 72 657
16 73 1949
16 74 718
16 75 705
16 76 1997
16 77 766
16 78 753
16 79 2645
17 0 318
17 1 1288
17 2 551
17 3 1275
17 4 1017
17 5 494
17 6 1916
17 7 1305
17 8 421
17 9 1943
17 10 754
17 11 1344
17 12 564
17 13 676
17 14 525
17 15 2078
17 16 2327
17 17 0
17 18 1769
17 19 2354
17 20 1899
17 21 1094
17 22 1686
17 23 130
17 24 1921
17 25 198
17 26 1225
17 27 2456
17 28 150
17 29 1177
17 30 2408
17 31 102
17 32 1129
17 33 2360
17 34 150
17 35 1177
17 36 2408
17 37 198
17 38 1225
17 39 2456
17 40 246
17 41 1273
17 42 2504
17 43 294
17 44 1321
17 45 2552
17 46 342
17 47 1369
17 48 2600
17 49 390
17 50 1417
17 51 2648
17 52 438
17 53 1465
17 54 2696
17 55 486
17 56 1513
17 57 2744
17 58 534
17 59 1561
17 60 2792
17 61 582
17 62 1609
17 63 2840
17 64 630
17 65 1657
17 66 2888
17 67 678
17 68 1705
17 69 2936
17 70 726
17 71 1753
17 72 2984
17 73 774
17 74 1801
17 75 3032
17 76 822
17 77 1849
17 78 3080
17 79 318
18 0 2087
18 1 877
18 2 1518
18 3 890
18 4 1532
18 5 1275
18 6 1235
18 7 816
18 8 1648
18 9 1262
18 10 1015
18 11 855
18 12 1409
18 13 1093
18 14 1544
18 15 1397
18 16 1646
18 17 1769
18 18 0
18 19 981
18 20 130
18 21 1167
18 22 1197
18 23 1639
18 24 1240
18 25 1967
18 26 736
18 27 879
18 28 1919
18 29 688
18 30 831
18 31 1871
18 32 640
18 33 783
18 34 1823
18 35 592
18 36 735
18 37 1775
18 38 544
18 39 687
18 40 1823
18 41 592
18 42 735
18 43 1871
18 44 640
18 45 783
18 46 1919
18 47 688
18 48 831
18 49 1967
18 50 736
18 51 879
18 52 2015
18 53 784
18 54 927
18 55 2063
18 56 832
18 57 975
18 58 2111
18 59 880
18 60 1023
18 61 2159
18 62 928
18 63 1071
18 64 2207
18 65 976
18 66 1119
18 67 2255
18 68 1024
18 69 1167
18 70 2303
18 71 1072
18 72 1215
18 73 2351
18 74 1120
18 75 1263
18 76 2399
18 77 1168
18 78 1311
18 79 2087
19 0 2480
19 1 1270
19 2 2007
19 3 1283
19 4 2309
19 5 1860
19 6 1986
19 7 1253
19 8 2137
19 9 999
19 10 1600
19 11 1214
19 12 2090
19 13 1678
19 14 2033
19 15 1056
19 16 1383
19 17 2354
19 18 981
19 19 0
19 20 851
19 21 1944
19 22 872
19 23 2224
19 24 925
19 25 2360
19 26 1129
19 27 102
19 28 2408
19 29 1177
19 30 150
19 31 2456
19 32 1225
19 33 198
19 34 2504
19 35 1273
19 36 246
19 37 2552
19 38 1321
19 39 294
19 40 2600
19 41 1369
19 42 342
19 43 2648
19 44 1417
19 45 390
19 46 2696
19 47 1465
19 48 438
19 49 2744
19 50 1513
19 51 486
19 52 2792
19 53 1561
19 54 534
19 55 2840
19 56 1609
19 57 582
19 58 2888
19 59 1657
19 60 630
19 61 2936
19 62 1705
19 63 678
19 64 2984
19 65 1753
19 66 726
19 67 3032
19 68 1801
19 69 774
19 70 3080
19 71 1849
19 72 822
19 73 3128
19 74 1897
19 75 870
19 76 3176
19 77 1945
19 78 918
19 79 2480
20 0 2217
20 1 1007
20 2 1648
20 3 1020
20 4 1662
20 5 1405
20 6 1365
20 7 946
20 8 1778
20 9 1262
20 10 1145
20 11 985
20 12 1539
20 13 1223
20 14 1674
20 15 1319
20 16 1646
20 17 1899
20 18 130
20 19 851
20 20 0
20 21 1297
20 22 1327
20 23 1769
20 24 1188
20 25 2097
20 26 866
20 27 749
20 28 2049
20 29 818
20 30 701
20 31 2001
20 32 770
20 33 653
20 34 1953
20 35 722
20 36 605
20 37 1905
20 38 674
20 39 557
20 40 1953
20 41 722
20 42 605
20 43 2001
20 44 770
20 45 653
20 46 2049
20 47 818
20 48 701
20 49 2097
20 50 866
20 51 749
20 52 2145
20 53 914
20 54 797
20 55 2193
20 56 962
20 57 845
20 58 2241
20 59 1010
20 60 893
20 61 2289
20 62 1058
20 63 941
20 64 2337
20 65 1106
20 66 989
20 67 2385
20 68 1154
20 69 1037
20 70 2433
20 71 1202
20 72 1085
20 73 2481
20 74 1250
20 75 1133
20 76 2529
20 77 1298
20 78 1181
20 79 2217
21 0 1208
21 1 956
21 2 1441
21 3 969
21 4 1323
21 5 1354
21 6 1026
21 7 895
21 8 1311
21 9 1149
21 10 1094
21 11 934
21 12 1358
21 13 1172
21 14 1415
21 15 1188
21 16 1437
21 17 1094
21 18 1167
21 19 1944
21 20 1297
21 21 0
21 22 1276
21 23 1224
21 24 1223
21 25 1088
21 26 815
21 27 2046
21 28 1040
21 29 767
21 30 1998
21 31 992
21 32 719
21 33 1950
21 34 944
21 35 671
21 36 1902
21 37 896
21 38 623
21 39 1854
21 40 848
21 41 575
21 42 1806
21 43 800
21 44 527
21 45 1758
21 46 752
21 47 479
21 48 1710
21 49 800
21 50 527
21 51 1758
21 52 848
21 53 575
21 54 1806
21 55 896
21 56 623
21 57 1854
21 58 944
21 59 671
21 60 1902
21 61 992
21 62 719
21 63 1950
21 64 1040
21 65 767
21 66 1998
21 67 1088
21 68 815
21 69 2046
21 70 1136
21 71 863
21 72 2094
21 73 1184
21 74 911
21 75 2142
21 76 1232
21 77 959
21 78 2190
21 79 1208
22 0 2004
22 1 794
22 2 1435
22 3 807
22 4 1641
22 5 1192
22 6 1344
22 7 733
22 8 1565
22 9 1371
22 10 932
22 11 772
22 12 1422
22 13 1010
22 14 1461
22 15 1506
22 16 1755
22 17 1686
22 18 1197
22 19 872
22 20 1327
22 21 1276
22 22 0
22 23 1556
22 24 1349
22 25 1884
22 26 653
22 27 770
22 28 1836
22 29 605
22 30 722
22 31 1788
22 32 557
22 33 674
22 34 1836
22 35 605
22 36 722
22 37 1884
22 38 653
22 39 770
22 40 1932
22 41 701
22 42 818
22 43 1980
22 44 749
22 45 866
22 46 2028
22 47 797
22 48 914
22 49 2076
22 50 845
22 51 962
22 52 2124
22 53 893
22 54 1010
22 55 2172
22 56 941
22 57 1058
22 58 2220
22 59 989
22 60 1106
22 61 2268
22 62 1037
22 63 1154
22 64 2316
22 65 1085
22 66 1202
22 67 2364
22 68 1133
22 69 1250
22 70 2412
22 71 1181
22 72 1298
22 73 2460
22 74 1229
22 75 1346
22 76 2508
22 77 1277
22 78 1394
22 79 2004
23 0 448
23 1 1236
23 2 681
23 3 1249
23 4 1147
23 5 364
23 6 1786
23 7 1175
23 8 551
23 9 1813
23 10 624
23 11 1214
23 12 694
23 13 546
23 14 655
23 15 1948
23 16 2197
23 17 130
23 18 1639
23 19 2224
23 20 1769
23 21 1224
23 22 1556
23 23 0
23 24 1791
23 25 328
23 26 1095
23 27 2326
23 28 280
23 29 1047
23 30 2278
23 31 232
23 32 999
23 33 2230
23 34 280
23 35 1047
23 36 2278
23 37 328
23 38 1095
23 39 2326
23 40 376
23 41 1143
23 42 2374
23 43 424
23 44 1191
23 45 2422
23 46 472
23 47 1239
23 48 2470
23 49 520
23 50 1287
23 51 2518
23 52 568
23 53 1335
23 54 2566
23 55 616
23 56 1383
23 57 2614
23 58 664
23 59 1431
23 60 2662
23 61 712
23 62 1479
23 63 2710
23 64 760
23 65 1527
23 66 2758
23 67 808
23 68 1575
23 69 2806
23 70 856
23 71 1623
23 72 2854
23 73 904
23 74 1671
23 75 2902
23 76 952
23 77 1719
23 78 2950
23 79 448
24 0 2239
24 1 1029
24 2 1670
24 3 1042
24 4 1588
24 5 1427
24 6 1291
24 7 968
24 8 1800
24 9 1240
24 10 1167
24 11 1007
24 12 1561
24 13 1245
24 14 1696
24 15 1297
24 16 1624
24 17 1921
24 18 1240
24 19 925
24 20 1188
24 21 1223
24 22 1349
24 23 1791
24 24 0
24 25 2119
24 26 888
24 27 823
24 28 2071
24 29 840
24 30 775
24 31 2023
24 32 792
24 33 727
24 34 1975
24 35 744
24 36 679
24 37 1927
24 38 696
24 39 631
24 40 1879
24 41 648
24 42 583
24 43 1927
24 44 696
24 45 631
24 46 1975
24 47 744
24 48 679
24 49 2023
24 50 792
24 51 727
24 52 2071
24 53 840
24 54 775
24 55 2119
24 56 888
24 57 823
24 58 2167
24 59 936
24 60 871
24 61 2215
24 62 984
24 63 919
24 64 2263
24 65 1032
24 66 967
24 67 2311
24 68 1080
24 69 1015
24 70 2359
24 71 1128
24 72 1063
24 73 2407
24 74 1176
24 75 1111
24 76 2455
24 77 1224
24 78 1159
24 79 2239
25 0 120
25 1 1090
25 2 449
25 3 1077
25 4 1011
25 5 692
25 6 2114
25 7 1407
25 8 319
25 9 2141
25 10 952
25 11 1446
25 12 558
25 13 874
25 14 423
25 15 2276
25 16 2525
25 17 198
25 18 1967
25 19 2360
25 20 2097
25 21 1088
25 22 1884
25 23 328
25 24 2119
25 25 0
25 26 1231
25 27 2462
25 28 48
25 29 1279
25 30 2510
25 31 96
25 32 1327
25 33 2558
25 34 144
25 35 1375
25 36 2606
25 37 192
25 38 1423
25 39 2654
25 40 240
25 41 1471
25 42 2702
25 43 288
25 44 1519
25 45 2750
25 46 336
25 47 1567
25 48 2798
25 49 384
25 50 1615
25 51 2846
25 52 432
25 53 1663
25 54 2894
25 55 480
25 56 1711
25 57 2942
25 58 528
25 59 1759
25 60 2990
25 61 576
25 62 1807
25 63 3038
25 64 624
25 65 1855
25 66 3086
25 67 672
25 68 1903
25 69 3134
25 70 720
25 71 1951
25 72 3182
25 73 768
25 74 1999
25 75 3230
25 76 816
25 77 2047
25 78 3278
25 79 120
26 0 1351
26 1 141
26 2 878
26 3 154
26 4 1180
26 5 731
26 6 883
26 7 176
26 8 1008
26 9 910
26 10 471
26 11 215
26 12 961
26 13 549
26 14 904
26 15 1045
26 16 1294
26 17 1225
26 18 736
26 19 1129
26 20 866
26 21 815
26 22 653
26 23 1095
26 24 888
26 25 1231
26 26 0
26 27 1231
26 28 1279
26 29 48
26 30 1279
26 31 1327
26 32 96
26 33 1327
26 34 1375
26 35 144
26 36 1375
26 37 1423
26 38 192
26 39 1423
26 40 1471
26 41 240
26 42 1471
26 43 1519
26 44 288
26 45 1519
26 46 1567
26 47 336
26 48 1567
26 49 1615
26 50 384
26 51 1615
26 52 1663
26 53 432
26 54 1663
26 55 1711
26 56 480
26 57 1711
26 58 1759
26 59 528
26 60 1759
26 61 1807
26 62 576
26 63 1807
26 64 1855
26 65 624
26 66 1855
26 67 1903
26 68 672
26 69 1903
26 70 1951
26 71 720
26 72 1951
26 73 1999
26 74 768
26 75 1999
26 76 2047
26 77 816
26 78 2047
26 79 1351
27 0 2582
27 1 1372
27 2 2109
27 3 1385
27 4 2411
27 5 1962
27 6 1884
27 7 1151
27 8 2239
27 9 897
27 10 1702
27 11 1112
27 12 2192
27 13 1780
27 14 2135
27 15 954
27 16 1281
27 17 2456
27 18 879
27 19 102
27 20 749
27 21 2046
27 22 770
27 23 2326
27 24 823
27 25 2462
27 26 1231
27 27 0
27 28 2510
27 29 1279
27 30 48
27 31 2558
27 32 1327
27 33 96
27 34 2606
27 35 1375
27 36 144
27 37 2654
27 38 1423
27 39 192
27 40 2702
27 41 1471
27 42 240
27 43 2750
27 44 1519
27 45 288
27 46 2798
27 47 1567
27 48 336
27 49 2846
27 50 1615
27 51 384
27 52 2894
27 53 1663
27 54 432
27 55 2942
27 56 1711
27 57 480
27 58 2990
27 59 1759
27 60 528
27 61 3038
27 62 1807
27 63 576
27 64 3086
27 65 1855
27 66 624
27 67 3134
27 68 1903
27 69 672
27 70 3182
27 71 1951
27 72 720
27 73 3230
27 74 1999
27 75 768
27 76 3278
27 77 2047
27 78 816
27 79 2582
28 0 168
28 1 1138
28 2 401
28 3 1125
28 4 963
28 5 644
28 6 2066
28 7 1359
28 8 271
28 9 2093
28 10 904
28 11 1398
28 12 510
28 13 826
28 14 375
28 15 2228
28 16 2477
28 17 150
28 18 1919
28 19 2408
28 20 2049
28 21 1040
28 22 1836
28 23 280
28 24 2071
28 25 48
28 26 1279
28 27 2510
28 28 0
28 29 1231
28 30 2462
28 31 48
28 32 1279
28 33 2510
28 34 96
28 35 1327
28 36 2558
28 37 144
28 38 1375
28 39 2606
28 40 192
28 41 1423
28 42 2654
28 43 240
28 44 1471
28 45 2702
28 46 288
28 47 1519
28 48 2750
28 49 336
28 50 1567
28 51 2798
28 52 384
28 53 1615
28 54 2846
28 55 432
28 56 1663
28 57 2894
28 58 480
28 59 1711
28 60 2942
28 61 528
28 62 1759
28 63 2990
28 64 576
28 65 1807
28 66 3038
28 67 624
28 68 1855
28 69 3086
28 70 672
28 71 1903
28 72 3134
28 73 720
28 74 1951
28 75 3182
28 76 768
28 77 1999
28 78 3230
28 79 168
29 0 1399
29 1 189
29 2 830
29 3 202
29 4 1132
29 5 683
29 6 835
29 7 128
29 8 960
29 9 862
29 10 423
29 11 167
29 12 913
29 13 501
29 14 856
29 15 997
29 16 1246
29 17 1177
29 18 688
29 19 1177
29 20 818
29 21 767
29 22 605
29 23 1047
29 24 840
29 25 1279
29 26 48
29 27 1279
29 28 1231
29 29 0
29 30 1231
29 31 1279
29 32 48
29 33 1279
29 34 1327
29 35 96
29 36 1327
29 37 1375
29 38 144
29 39 1375
29 40 1423
29 41 192
29 42 1423
29 43 1471
29 44 240
29 45 1471
29 46 1519
29 47 288
29 48 1519
29 49 1567
29 50 336
29 51 1567
29 52 1615
29 53 384
29 54 1615
29 55 1663
29 56 432
29 57 1663
29 58 1711
29 59 480
29 60 1711
29 61 1759
29 62 528
29 63 1759
29 64 1807
29 65 576
29 66 1807
29 67 1855
29 68 624
29 69 1855
29 70 1903
29 71 672
29 72 1903
29 73 1951
29 74 720
29 75 1951
29 76 1999
29 77 768
29 78 1999
29 79 1399
30 0 2630
30 1 1420
30 2 2061
30 3 1433
30 4 2363
30 5 1914
30 6 1836
30 7 1103
30 8 2191
30 9 849
30 10 1654
30 11 1064
30 12 2144
30 13 1732
30 14 2087
30 15 906
30 16 1233
30 17 2408
30 18 831
30 19 150
30 20 701
30 21 1998
30 22 722
30 23 2278
30 24 775
30 25 2510
30 26 1279
30 27 48
30 28 2462
30 29 1231
30 30 0
30 31 2510
30 32 1279
30 33 48
30 34 2558
30 35 1327
30 36 96
30 37 2606
30 38 1375
30 39 144
30 40 2654
30 41 1423
30 42 192
30 43 2702
30 44 1471
30 45 240
30 46 2750
30 47 1519
30 48 288
30 49 2798
30 50 1567
30 51 336
30 52 2846
30 53 1615
30 54 384
30 55 2894
30 56 1663
30 57 432
30 58 2942
30 59 1711
30 60 480
30 61 2990
30 62 1759
30 63 528
30 64 3038
30 65 1807
30 66 576
30 67 3086
30 68 1855
30 69 624
30 70 3134
30 71 1903
30 72 672
30 73 3182
30 74 1951
30 75 720
30 76 3230
30 77 1999
30 78 768
30 79 2630
31 0 216
31 1 1186
31 2 449
31 3 1173
31 4 915
31 5 596
31 6 2018
31 7 1407
31 8 319
31 9 2045
31 10 856
31 11 1446
31 12 462
31 13 778
31 14 423
31 15 2180
31 16 2429
31 17 102
31 18 1871
31 19 2456
31 20 2001
31 21 992
31 22 1788
31 23 232
31 24 2023
31 25 96
31 26 1327
31 27 2558
31 28 48
31 29 1279
31 30 2510
31 31 0
31 32 1231
31 33 2462
31 34 48
31 35 1279
31 36 2510
31 37 96
31 38 1327
31 39 2558
31 40 144
31 41 1375
31 42 2606
31 43 192
31 44 1423
31 45 2654
31 46 240
31 47 1471
31 48 2702
31 49 288
31 50 1519
31 51 2750
31 52 336
31 53 1567
31 54 2798
31 55 384
31 56 1615
31 57 2846
31 58 432
31 59 1663
31 60 2894
31 61 480
31 62 1711
31 63 2942
31 64 528
31 65 1759
31 66 2990
31 67 576
31 68 1807
31 69 3038
31 70 624
31 71 1855
31 72 3086
31 73 672
31 74 1903
31 75 3134
31 76 720
31 77 1951
31 78 3182
31 79 216
32 0 1447
32 1 237
32 2 878
32 3 250
32 4 1084
32 5 635
32 6 787
32 7 176
32 8 1008
32 9 814
32 10 375
32 11 215
32 12 865
32 13 453
32 14 904
32 15 949
32 16 1198
32 17 1129
32 18 640
32 19 1225
32 20 770
32 21 719
32 22 557
32 23 999
32 24 792
32 25 1327
32 26 96
32 27 1327
32 28 1279
32 29 48
32 30 1279
32 31 1231
32 32 0
32 33 1231
32 34 1279
32 35 48
32 36 1279
32 37 1327
32 38 96
32 39 1327
32 40 1375
32 41 144
32 42 1375
32 43 1423
32 44 192
32 45 1423
32 46 1471
32 47 240
32 48 1471
32 49 1519
32 50 288
32 51 1519
32 52 1567
32 53 336
32 54 1567
32 55 1615
32 56 384
32 57 1615
32 58 1663
32 59 432
32 60 1663
32 61 1711
32 62 480
32 63 1711
32 64 1759
32 65 528
32 66 1759
32 67 1807
32 68 576
32 69 1807
32 70 1855
32 71 624
32 72 1855
32 73 1903
32 74 672
32 75 1903
32 76 1951
32 77 720
32 78 1951
32 79 1447
33 0 2678
33 1 1468
33 2 2109
33 3 1481
33 4 2315
33 5 1866
33 6 1788
33 7 1151
33 8 2239
33 9 801
33 10 1606
33 11 1112
33 12 2096
33 13 1684
33 14 2135
33 15 858
33 16 1185
33 17 2360
33 18 783
33 19 198
33 20 653
33 21 1950
33 22 674
33 23 2230
33 24 727
33 25 2558
33 26 1327
33 27 96
33 28 2510
33 29 1279
33 30 48
33 31 2462
33 32 1231
33 33 0
33 34 2510
33 35 1279
33 36 48
33 37 2558
33 38 1327
33 39 96
33 40 2606
33 41 1375
33 42 144
33 43 2654
33 44 1423
33 45 192
33 46 2702
33 47 1471
33 48 240
33 49 2750
33 50 1519
33 51 288
33 52 2798
33 53 1567
33 54 336
33 55 2846
33 56 1615
33 57 384
33 58 2894
33 59 1663
33 60 432
33 61 2942
33 62 1711
33 63 480
33 64 2990
33 65 1759
33 66 528
33 67 3038
33 68 1807
33 69 576
33 70 3086
33 71 1855
33 72 624
33 73 3134
33 74 1903
33 75 672
33 76 3182
33 77 1951
33 78 720
33 79 2678
34 0 264
34 1 1234
34 2 497
34 3 1221
34 4 867
34 5 644
34 6 1970
34 7 1455
34 8 367
34 9 1997
34 10 904
34 11 1494
34 12 414
34 13 826
34 14 471
34 15 2132
34 16 2381
34 17 150
34 18 1823
34 19 2504
34 20 1953
34 21 944
34 22 1836
34 23 280
34 24 1975
34 25 144
34 26 1375
34 27 2606
34 28 96
34 29 1327
34 30 2558
34 31 48
34 32 1279
34 33 2510
34 34 0
34 35 1231
34 36 2462
34 37 48
34 38 1279
34 39 2510
34 40 96
34 41 1327
34 42 2558
34 43 144
34 44 1375
34 45 2606
34 46 192
34 47 1423
34 48 2654
34 49 240
34 50 1471
34 51 2702
34 52 288
34 53 1519
34 54 2750
34 55 336
34 56 1567
34 57 2798
34 58 384
34 59 1615
34 60 2846
34 61 432
34 62 1663
34 63 2894
34 64 480
34 65 1711
34 66 2942
34 67 528
34 68 1759
34 69 2990
34 70 576
34 71 1807
34 72 3038
34 73 624
34 74 1855
34 75 3086
34 76 672
34 77 1903
34 78 3134
34 79 264
35 0 1495
35 1 285
35 2 926
35 3 298
35 4 1036
35 5 683
35 6 739
35 7 224
35 8 1056
35 9 766
35 10 423
35 11 263
35 12 817
35 13 501
35 14 952
35 15 901
35 16 1150
35 17 1177
35 18 592
35 19 1273
35 20 722
35 21 671
35 22 605
35 23 1047
35 24 744
35 25 1375
35 26 144
35 27 1375
35 28 1327
35 29 96
35 30 1327
35 31 1279
35 32 48
35 33 1279
35 34 1231
35 35 0
35 36 1231
35 37 1279
35 38 48
35 39 1279
35 40 1327
35 41 96
35 42 1327
35 43 1375
35 44 144
35 45 1375
35 46 1423
35 47 192
35 48 1423
35 49 1471
35 50 240
35 51 1471
35 52 1519
35 53 288
35 54 1519
35 55 1567
35 56 336
35 57 1567
35 58 1615
35 59 384
35 60 1615
35 61 1663
35 62 432
35 63 1663
35 64 1711
35 65 480
35 66 1711
35 67 1759
35 68 528
35 69 1759
35 70 1807
35 71 576
35 72 1807
35 73 1855
35 74 624
35 75 1855
35 76 1903
35 77 672
35 78 1903
35 79 1495
36 0 2726
36 1 1516
36 2 2157
36 3 1529
36 4 2267
36 5 1914
36 6 1740
36 7 1199
36 8 2287
36 9 753
36 10 1654
36 11 1160
36 12 2048
36 13 1732
36 14 2183
36 15 810
36 16 1137
36 17 2408
36 18 735
36 19 246
36 20 605
36 21 1902
36 22 722
36 23 2278
36 24 679
36 25 2606
36 26 1375
36 27 144
36 28 2558
36 29 1327
36 30 96
36 31 2510
36 32 1279
36 33 48
36 34 2462
36 35 1231
36 36 0
36 37 2510
36 38 1279
36 39 48
36 40 2558
36 41 1327
36 42 96
36 43 2606
36 44 1375
36 45 144
36 46 2654
36 47 1423
36 48 192
36 49 2702
36 50 1471
36 51 240
36 52 2750
36 53 1519
36 54 288
36 55 2798
36 56 1567
36 57 336
36 58 2846
36 59 1615
36 60 384
36 61 2894
36 62 1663
36 63 432
36 64 2942
36 65 1711
36 66 480
36 67 2990
36 68 1759
36 69 528
36 70 3038
36 71 1807
36 72 576
36 73 3086
36 74 1855
36 75 624
36 76 3134
36 77 1903
36 78 672
36 79 2726
37 0 312
37 1 1282
37 2 545
37 3 1269
37 4 819
37 5 692
37 6 1922
37 7 1503
37 8 415
37 9 1949
37 10 952
37 11 1542
37 12 462
37 13 874
37 14 519
37 15 2084
37 16 2333
37 17 198
37 18 1775
37 19 2552
37 20 1905
37 21 896
37 22 1884
37 23 328
37 24 1927
37 25 192
37 26 1423
37 27 2654
37 28 144
37 29 1375
37 30 2606
37 31 96
37 32 1327
37 33 2558
37 34 48
37 35 1279
37 36 2510
37 37 0
37 38 1231
37 39 2462
37 40 48
37 41 1279
37 42 2510
37 43 96
37 44 1327
37 45 2558
37 46 144
37 47 1375
37 48 2606
37 49 192
37 50 1423
37 51 2654
37 52 240
37 53 1471
37 54 2702
37 55 288
37 56 1519
37 57 2750
37 58 336
37 59 1567
37 60 2798
37 61 384
37 62 1615
37 63 2846
37 64 432
37 65 1663
37 66 2894
37 67 480
37 68 1711
37 69 2942
37 70 528
37 71 1759
37 72 2990
37 73 576
37 74 1807
37 75 3038
37 76 624
37 77 1855
37 78 3086
37 79 312
38 0 1543
38 1 333
38 2 974
38 3 346
38 4 988
38 5 731
38 6 691
38 7 272
38 8 1104
38 9 718
38 10 471
38 11 311
38 12 865
38 13 549
38 14 1000
38 15 853
38 16 1102
38 17 1225
38 18 544
38 19 1321
38 20 674
38 21 623
38 22 653
38 23 1095
38 24 696
38 25 1423
38 26 192
38 27 1423
38 28 1375
38 29 144
38 30 1375
38 31 1327
38 32 96
38 33 1327
38 34 1279
38 35 48
38 36 1279
38 37 1231
38 38 0
38 39 1231
38 40 1279
38 41 48
38 42 1279
38 43 1327
38 44 96
38 45 1327
38 46 1375
38 47 144
38 48 1375
38 49 1423
38 50 192
38 51 1423
38 52 1471
38 53 240
38 54 1471
38 55 1519
38 56 288
38 57 1519
38 58 1567
38 59 336
38 60 1567
38 61 1615
38 62 384
38 63 1615
38 64 1663
38 65 432
38 66 1663
38 67 1711
38 68 480
38 69 1711
38 70 1759
38 71 528
38 72 1759
38 73 1807
38 74 576
38 75 1807
38 76 1855
38 77 624
38 78 1855
38 79 1543
39 0 2774
39 1 1564
39 2 2205
39 3 1577
39 4 2219
39 5 1962
39 6 1692
39 7 1247
39 8 2335
39 9 705
39 10 1702
39 11 1208
39 12 2096
39 13 1780
39 14 2231
39 15 762
39 16 1089
39 17 2456
39 18 687
39 19 294
39 20 557
39 21 1854
39 22 770
39 23 2326
39 24 631
39 25 2654
39 26 1423
39 27 192
39 28 2606
39 29 1375
39 30 144
39 31 2558
39 32 1327
39 33 96
39 34 2510
39 35 1279
39 36 48
39 37 2462
39 38 1231
39 39 0
39 40 2510
39 41 1279
39 42 48
39 43 2558
39 44 1327
39 45 96
39 46 2606
39 47 1375
39 48 144
39 49 2654
39 50 1423
39 51 192
39 52 2702
39 53 1471
39 54 240
39 55 2750
39 56 1519
39 57 288
39 58 2798
39 59 1567
39 60 336
39 61 2846
39 62 1615
39 63 384
39 64 2894
39 65 1663
39 66 432
39 67 2942
39 68 1711
39 69 480
39 70 2990
39 71 1759
39 72 528
39 73 3038
39 74 1807
39 75 576
39 76 3086
39 77 1855
39 78 624
39 79 2774
40 0 360
40 1 1330
40 2 593
40 3 1317
40 4 771
40 5 740
40 6 1874
40 7 1551
40 8 463
40 9 1901
40 10 1000
40 11 1590
40 12 510
40 13 922
40 14 567
40 15 2036
40 16 2285
40 17 246
40 18 1823
40 19 2600
40 20 1953
40 21 848
40 22 1932
40 23 376
40 24 1879
40 25 240
40 26 1471
40 27 2702
40 28 192
40 29 1423
40 30 2654
40 31 144
40 32 1375
40 33 2606
40 34 96
40 35 1327
40 36 2558
40 37 48
40 38 1279
40 39 2510
40 40 0
40 41 1231
40 42 2462
40 43 48
40 44 1279
40 45 2510
40 46 96
40 47 1327
40 48 2558
40 49 144
40 50 1375
40 51 2606
40 52 192
40 53 1423
40 54 2654
40 55 240
40 56 1471
40 57 2702
40 58 288
40 59 1519
40 60 2750
40 61 336
40 62 1567
40 63 2798
40 64 384
40 65 1615
40 66 2846
40 67 432
40 68 1663
40 69 2894
40 70 480
40 71 1711
40 72 2942
40 73 528
40 74 1759
40 75 2990
40 76 576
40 77 1807
40 78 3038
40 79 360
41 0 1591
41 1 381
41 2 1022
41 3 394
41 4 940
41 5 779
41 6 643
41 7 320
41 8 1152
41 9 670
41 10 519
41 11 359
41 12 913
41 13 597
41 14 1048
41 15 805
41 16 1054
41 17 1273
41 18 592
41 19 1369
41 20 722
41 21 575
41 22 701
41 23 1143
41 24 648
41 25 1471
41 26 240
41 27 1471
41 28 1423
41 29 192
41 30 1423
41 31 1375
41 32 144
41 33 1375
41 34 1327
41 35 96
41 36 1327
41 37 1279
41 38 48
41 39 1279
41 40 1231
41 41 0
41 42 1231
41 43 1279
41 44 48
41 45 1279
41 46 1327
41 47 96
41 48 1327
41 49 1375
41 50 144
41 51 1375
41 52 1423
41 53 192
41 54 1423
41 55 1471
41 56 240
41 57 1471
41 58 1519
41 59 288
41 60 1519
41 61 1567
41 62 336
41 63 1567
41 64 1615
41 65 384
41 66 1615
41 67 1663
41 68 432
41 69 1663
41 70 1711
41 71 480
41 72 1711
41 73 1759
41 74 528
41 75 1759
41 76 1807
41 77 576
41 78 1807
41 79 1591
42 0 2822
42 1 1612
42 2 2253
42 3 1625
42 4 2171
42 5 2010
42 6 1644
42 7 1295
42 8 2383
42 9 657
42 10 1750
42 11 1256
42 12 2144
42 13 1828
42 14 2279
42 15 714
42 16 1041
42 17 2504
42 18 735
42 19 342
42 20 605
42 21 1806
42 22 818
42 23 2374
42 24 583
42 25 2702
42 26 1471
42 27 240
42 28 2654
42 29 1423
42 30 192
42 31 2606
42 32 1375
42 33 144
42 34 2558
42 35 1327
42 36 96
42 37 2510
42 38 1279
42 39 48
42 40 2462
42 41 1231
42 42 0
42 43 2510
42 44 1279
42 45 48
42 46 2558
42 47 1327
42 48 96
42 49 2606
42 50 1375
42 51 144
42 52 2654
42 53 1423
42 54 192
42 55 2702
42 56 1471
42 57 240
42 58 2750
42 59 1519
42 60 288
42 61 2798
42 62 1567
42 63 336
42 64 2846
42 65 1615
42 66 384
42 67 2894
42 68 1663
42 69 432
42 70 2942
42 71 1711
42 72 480
42 73 2990
42 74 1759
42 75 528
42 76 3038
42 77 1807
42 78 576
42 79 2822
43 0 408
43 1 1378
43 2 641
43 3 1365
43 4 723
43 5 788
43 6 1826
43 7 1599
43 8 511
43 9 1853
43 10 1048
43 11 1638
43 12 558
43 13 970
43 14 615
43 15 1988
43 16 2237
43 17 294
43 18 1871
43 19 2648
43 20 2001
43 21 800
43 22 1980
43 23 424
43 24 1927
43 25 288
43 26 1519
43 27 2750
43 28 240
43 29 1471
43 30 2702
43 31 192
43 32 1423
43 33 2654
43 34 144
43 35 1375
43 36 2606
43 37 96
43 38 1327
43 39 2558
43 40 48
43 41 1279
43 42 2510
43 43 0
43 44 1231
43 45 2462
43 46 48
43 47 1279
43 48 2510
43 49 96
43 50 1327
43 51 2558
43 52 144
43 53 1375
43 54 2606
43 55 192
43 56 1423
43 57 2654
43 58 240
43 59 1471
43 60 2702
43 61 288
43 62 1519
43 63 2750
43 64 336
43 65 1567
43 66 2798
43 67 384
43 68 1615
43 69 2846
43 70 432
43 71 1663
43 72 2894
43 73 480
43 74 1711
43 75 2942
43 76 528
43 77 1759
43 78 2990
43 79 408
44 0 1639
44 1 429
44 2 1070
44 3 442
44 4 892
44 5 827
44 6 595
44 7 368
44 8 1200
44 9 622
44 10 567
44 11 407
44 12 961
44 13 645
44 14 1096
44 15 757
44 16 1006
44 17 1321
44 18 640
44 19 1417
44 20 770
44 21 527
44 22 749
44 23 1191
44 24 696
44 25 1519
44 26 288
44 27 1519
44 28 1471
44 29 240
44 30 1471
44 31 1423
44 32 192
44 33 1423
44 34 1375
44 35 144
44 36 1375
44 37 1327
44 38 96
44 39 1327
44 40 1279
44 41 48
44 42 1279
44 43 1231
44 44 0
44 45 1231
44 46 1279
44 47 48
44 48 1279
44 49 1327
44 50 96
44 51 1327
44 52 1375
44 53 144
44 54 1375
44 55 1423
44 56 192
44 57 1423
44 58 1471
44 59 240
44 60 1471
44 61 1519
44 62 288
44 63 1519
44 64 1567
44 65 336
44 66 1567
44 67 1615
44 68 384
44 69 1615
44 70 1663
44 71 432
44 72 1663
44 73 1711
44 74 480
44 75 1711
44 76 1759
44 77 528
44 78 1759
44 79 1639
45 0 2870
45 1 1660
45 2 2301
45 3 1673
45 4 2123
45 5 2058
45 6 1596
45 7 1343
45 8 2431
45 9 609
45 10 1798
45 11 1304
45 12 2192
45 13 1876
45 14 2327
45 15 666
45 16 993
45 17 2552
45 18 783
45 19 390
45 20 653
45 21 1758
45 22 866
45 23 2422
45 24 631
45 25 2750
45 26 1519
45 27 288
45 28 2702
45 29 1471
45 30 240
45 31 2654
45 32 1423
45 33 192
45 34 2606
45 35 1375
45 36 144
45 37 2558
45 38 1327
45 39 96
45 40 2510
45 41 1279
45 42 48
45 43 2462
45 44 1231
45 45 0
45 46 2510
45 47 1279
45 48 48
45 49 2558
45 50 1327
45 51 96
45 52 2606
45 53 1375
45 54 144
45 55 2654
45 56 1423
45 57 192
45 58 2702
45 59 1471
45 60 240
45 61 2750
45 62 1519
45 63 288
45 64 2798
45 65 1567
45 66 336
45 67 2846
45 68 1615
45 69 384
45 70 2894
45 71 1663
45 72 432
45 73 2942
45 74 1711
45 75 480
45 76 2990
45 77 1759
45 78 528
45 79 2870
46 0 456
46 1 1426
46 2 689
46 3 1413
46 4 675
46 5 836
46 6 1778
46 7 1647
46 8 559
46 9 1901
46 10 1096
46 11 1686
46 12 606
46 13 1018
46 14 663
46 15 1940
46 16 2189
46 17 342
46 18 1919
46 19 2696
46 20 2049
46 21 752
46 22 2028
46 23 472
46 24 1975
46 25 336
46 26 1567
46 27 2798
46 28 288
46 29 1519
46 30 2750
46 31 240
46 32 1471
46 33 2702
46 34 192
46 35 1423
46 36 2654
46 37 144
46 38 1375
46 39 2606
46 40 96
46 41 1327
46 42 2558
46 43 48
46 44 1279
46 45 2510
46 46 0
46 47 1231
46 48 2462
46 49 48
46 50 1279
46 51 2510
46 52 96
46 53 1327
46 54 2558
46 55 144
46 56 1375
46 57 2606
46 58 192
46 59 1423
46 60 2654
46 61 240
46 62 1471
46 63 2702
46 64 288
46 65 1519
46 66 2750
46 67 336
46 68 1567
46 69 2798
46 70 384
46 71 1615
46 72 2846
46 73 432
46 74 1663
46 75 2894
46 76 480
46 77 1711
46 78 2942
46 79 456
47 0 1687
47 1 477
47 2 1118
47 3 490
47 4 844
47 5 875
47 6 547
47 7 416
47 8 1248
47 9 670
47 10 615
47 11 455
47 12 1009
47 13 693
47 14 1144
47 15 709
47 16 958
47 17 1369
47 18 688
47 19 1465
47 20 818
47 21 479
47 22 797
47 23 1239
47 24 744
47 25 1567
47 26 336
47 27 1567
47 28 1519
47 29 288
47 30 1519
47 31 1471
47 32 240
47 33 1471
47 34 1423
47 35 192
47 36 1423
47 37 1375
47 38 144
47 39 1375
47 40 1327
47 41 96
47 42 1327
47 43 1279
47 44 48
47 45 1279
47 46 1231
47 47 0
47 48 1231
47 49 1279
47 50 48
47 51 1279
47 52 1327
47 53 96
47 54 1327
47 55 1375
47 56 144
47 57 1375
47 58 1423
47 59 192
47 60 1423
47 61 1471
47 62 240
47 63 1471
47 64 1519
47 65 288
47 66 1519
47 67 1567
47 68 336
47 69 1567
47 70 1615
47 71 384
47 72 1615
47 73 1663
47 74 432
47 75 1663
47 76 1711
47 77 480
47 78 1711
47 79 1687
48 0 2918
48 1 1708
48 2 2349
48 3 1721
48 4 2075
48 5 2106
48 6 1548
48 7 1391
48 8 2479
48 9 657
48 10 1846
48 11 1352
48 12 2240
48 13 1924
48 14 2375
48 15 618
48 16 945
48 17 2600
48 18 831
48 19 438
48 20 701
48 21 1710
48 22 914
48 23 2470
48 24 679
48 25 2798
48 26 1567
48 27 336
48 28 2750
48 29 1519
48 30 288
48 31 2702
48 32 1471
48 33 240
48 34 2654
48 35 1423
48 36 192
48 37 2606
48 38 1375
48 39 144
48 40 2558
48 41 1327
48 42 96
48 43 2510
48 44 1279
48 45 48
48 46 2462
48 47 1231
48 48 0
48 49 2510
48 50 1279
48 51 48
48 52 2558
48 53 1327
48 54 96
48 55 2606
48 56 1375
48 57 144
48 58 2654
48 59 1423
48 60 192
48 61 2702
48 62 1471
48 63 240
48 64 2750
48 65 1519
48 66 288
48 67 2798
48 68 1567
48 69 336
48 70 2846
48 71 1615
48 72 384
48 73 2894
48 74 1663
48 75 432
48 76 2942
48 77 1711
48 78 480
48 79 2918
49 0 504
49 1 1474
49 2 737
49 3 1461
49 4 627
49 5 884
49 6 1730
49 7 1695
49 8 607
49 9 1949
49 10 1144
49 11 1734
49 12 654
49 13 1066
49 14 711
49 15 1892
49 16 2141
49 17 390
49 18 1967
49 19 2744
49 20 2097
49 21 800
49 22 2076
49 23 520
49 24 2023
49 25 384
49 26 1615
49 27 2846
49 28 336
49 29 1567
49 30 2798
49 31 288
49 32 1519
49 33 2750
49 34 240
49 35 1471
49 36 2702
49 37 192
49 38 1423
49 39 2654
49 40 144
49 41 1375
49 42 2606
49 43 96
49 44 1327
49 45 2558
49 46 48
49 47 1279
49 48 2510
49 49 0
49 50 1231
49 51 2462
49 52 48
49 53 1279
49 54 2510
49 55 96
49 56 1327
49 57 2558
49 58 144
49 59 1375
49 60 2606
49 61 192
49 62 1423
49 63 2654
49 64 240
49 65 1471
49 66 2702
49 67 288
49 68 1519
49 69 2750
49 70 336
49 71 1567
49 72 2798
49 73 384
49 74 1615
49 75 2846
49 76 432
49 77 1663
49 78 2894
49 79 504
50 0 1735
50 1 525
50 2 1166
50 3 538
50 4 796
50 5 923
50 6 499
50 7 464
50 8 1296
50 9 718
50 10 663
50 11 503
50 12 1057
50 13 741
50 14 1192
50 15 661
50 16 910
50 17 1417
50 18 736
50 19 1513
50 20 866
50 21 527
50 22 845
50 23 1287
50 24 792
50 25 1615
50 26 384
50 27 1615
50 28 1567
50 29 336
50 30 1567
50 31 1519
50 32 288
50 33 1519
50 34 1471
50 35 240
50 36 1471
50 37 1423
50 38 192
50 39 1423
50 40 1375
50 41 144
50 42 1375
50 43 1327
50 44 96
50 45 1327
50 46 1279
50 47 48
50 48 1279
50 49 1231
50 50 0
50 51 1231
50 52 1279
50 53 48
50 54 1279
50 55 1327
50 56 96
50 57 1327
50 58 1375
50 59 144
50 60 1375
50 61 1423
50 62 192
50 63 1423
50 64 1471
50 65 240
50 66 1471
50 67 1519
50 68 288
50 69 1519
50 70 1567
50 71 336
50 72 1567
50 73 1615
50 74 384
50 75 1615
50 76 1663
50 77 432
50 78 1663
50 79 1735
51 0 2966
51 1 1756
51 2 2397
51 3 1769
51 4 2027
51 5 2154
51 6 1500
51 7 1439
51 8 2527
51 9 705
51 10 1894
51 11 1400
51 12 2288
51 13 1972
51 14 2423
51 15 570
51 16 897
51 17 2648
51 18 879
51 19 486
51 20 749
51 21 1758
51 22 962
51 23 2518
51 24 727
51 25 2846
51 26 1615
51 27 384
51 28 2798
51 29 1567
51 30 336
51 31 2750
51 32 1519
51 33 288
51 34 2702
51 35 1471
51 36 240
51 37 2654
51 38 1423
51 39 192
51 40 2606
51 41 1375
51 42 144
51 43 2558
51 44 1327
51 45 96
51 46 2510
51 47 1279
51 48 48
51 49 2462
51 50 1231
51 51 0
51 52 2510
51 53 1279
51 54 48
51 55 2558
51 56 1327
51 57 96
51 58 2606
51 59 1375
51 60 144
51 61 2654
51 62 1423
51 63 192
51 64 2702
51 65 1471
51 66 240
51 67 2750
51 68 1519
51 69 288
51 70 2798
51 71 1567
51 72 336
51 73 2846
51 74 1615
51 75 384
51 76 2894
51 77 1663
51 78 432
51 79 2966
52 0 552
52 1 1522
52 2 785
52 3 1509
52 4 579
52 5 932
52 6 1682
52 7 1743
52 8 655
52 9 1997
52 10 1192
52 11 1782
52 12 702
52 13 1114
52 14 759
52 15 1940
52 16 2093
52 17 438
52 18 2015
52 19 2792
52 20 2145
52 21 848
52 22 2124
52 23 568
52 24 2071
52 25 432
52 26 1663
52 27 2894
52 28 384
52 29 1615
52 30 2846
52 31 336
52 32 1567
52 33 2798
52 34 288
52 35 1519
52 36 2750
52 37 240
52 38 1471
52 39 2702
52 40 192
52 41 1423
52 42 2654
52 43 144
52 44 1375
52 45 2606
52 46 96
52 47 1327
52 48 2558
52 49 48
52 50 1279
52 51 2510
52 52 0
52 53 1231
52 54 2462
52 55 48
52 56 1279
52 57 2510
52 58 96
52 59 1327
52 60 2558
52 61 144
52 62 1375
52 63 2606
52 64 192
52 65 1423
52 66 2654
52 67 240
52 68 1471
52 69 2702
52 70 288
52 71 1519
52 72 2750
52 73 336
52 74 1567
52 75 2798
52 76 384
52 77 1615
52 78 2846
52 79 552
53 0 1783
53 1 573
53 2 1214
53 3 586
53 4 748
53 5 971
53 6 451
53 7 512
53 8 1344
53 9 766
53 10 711
53 11 551
53 12 1105
53 13 789
53 14 1240
53 15 709
53 16 862
53 17 1465
53 18 784
53 19 1561
53 20 914
53 21 575
53 22 893
53 23 1335
53 24 840
53 25 1663
53 26 432
53 27 1663
53 28 1615
53 29 384
53 30 1615
53 31 1567
53 32 336
53 33 1567
53 34 1519
53 35 288
53 36 1519
53 37 1471
53 38 240
53 39 1471
53 40 1423
53 41 192
53 42 1423
53 43 1375
53 44 144
53 45 1375
53 46 1327
53 47 96
53 48 1327
53 49 1279
53 50 48
53 51 1279
53 52 1231
53 53 0
53 54 1231
53 55 1279
53 56 48
53 57 1279
53 58 1327
53 59 96
53 60 1327
53 61 1375
53 62 144
53 63 1375
53 64 1423
53 65 192
53 66 1423
53 67 1471
53 68 240
53 69 1471
53 70 1519
53 71 288
53 72 1519
53 73 1567
53 74 336
53 75 1567
53 76 1615
53 77 384
53 78 1615
53 79 1783
54 0 3014
54 1 1804
54 2 2445
54 3 1817
54 4 1979
54 5 2202
54 6 1452
54 7 1487
54 8 2575
54 9 753
54 10 1942
54 11 1448
54 12 2336
54 13 2020
54 14 2471
54 15 618
54 16 849
54 17 2696
54 18 927
54 19 534
54 20 797
54 21 1806
54 22 1010
54 23 2566
54 24 775
54 25 2894
54 26 1663
54 27 432
54 28 2846
54 29 1615
54 30 384
54 31 2798
54 32 1567
54 33 336
54 34 2750
54 35 1519
54 36 288
54 37 2702
54 38 1471
54 39 240
54 40 2654
54 41 1423
54 42 192
54 43 2606
54 44 1375
54 45 144
54 46 2558
54 47 1327
54 48 96
54 49 2510
54 50 1279
54 51 48
54 52 2462
54 53 1231
54 54 0
54 55 2510
54 56 1279
54 57 48
54 58 2558
54 59 1327
54 60 96
54 61 2606
54 62 1375
54 63 144
54 64 2654
54 65 1423
54 66 192
54 67 2702
54 68 1471
54 69 240
54 70 2750
54 71 1519
54 72 288
54 73 2798
54 74 1567
54 75 336
54 76 2846
54 77 1615
54 78 384
54 79 3014
55 0 600
55 1 1570
55 2 833
55 3 1557
55 4 531
55 5 980
55 6 1634
55 7 1791
55 8 703
55 9 2045
55 10 1240
55 11 1830
55 12 750
55 13 1162
55 14 807
55 15 1988
55 16 2045
55 17 486
55 18 2063
55 19 2840
55 20 2193
55 21 896
55 22 2172
55 23 616
55 24 2119
55 25 480
55 26 1711
55 27 2942
55 28 432
55 29 1663
55 30 2894
55 31 384
55 32 1615
55 33 2846
55 34 336
55 35 1567
55 36 2798
55 37 288
55 38 1519
55 39 2750
55 40 240
55 41 1471
55 42 2702
55 43 192
55 44 1423
55 45 2654
55 46 144
55 47 1375
55 48 2606
55 49 96
55 50 1327
55 51 2558
55 52 48
55 53 1279
55 54 2510
55 55 0
55 56 1231
55 57 2462
55 58 48
55 59 1279
55 60 2510
55 61 96
55 62 1327
55 63 2558
55 64 144
55 65 1375
55 66 2606
55 67 192
55 68 1423
55 69 2654
55 70 240
55 71 1471
55 72 2702
55 73 288
55 74 1519
55 75 2750
55 76 336
55 77 1567
55 78 2798
55 79 600
56 0 1831
56 1 621
56 2 1262
56 3 634
56 4 700
56 5 1019
56 6 403
56 7 560
56 8 1392
56 9 814
56 10 759
56 11 599
56 12 1153
56 13 837
56 14 1288
56 15 757
56 16 814
56 17 1513
56 18 832
56 19 1609
56 20 962
56 21 623
56 22 941
56 23 1383
56 24 888
56 25 1711
56 26 480
56 27 1711
56 28 1663
56 29 432
56 30 1663
56 31 1615
56 32 384
56 33 1615
56 34 1567
56 35 336
56 36 1567
56 37 1519
56 38 288
56 39 1519
56 40 1471
56 41 240
56 42 1471
56 43 1423
56 44 192
56 45 1423
56 46 1375
56 47 144
56 48 1375
56 49 1327
56 50 96
56 51 1327
56 52 1279
56 53 48
56 54 1279
56 55 1231
56 56 0
56 57 1231
56 58 1279
56 59 48
56 60 1279
56 61 1327
56 62 96
56 63 1327
56 64 1375
56 65 144
56 66 1375
56 67 1423
56 68 192
56 69 1423
56 70 1471
56 71 240
56 72 1471
56 73 1519
56 74 288
56 75 1519
56 76 1567
56 77 336
56 78 1567
56 79 1831
57 0 3062
57 1 1852
57 2 2493
57 3 1865
57 4 1931
57 5 2250
57 6 1404
57 7 1535
57 8 2623
57 9 801
57 10 1990
57 11 1496
57 12 2384
57 13 2068
57 14 2519
57 15 666
57 16 801
57 17 2744
57 18 975
57 19 582
57 20 845
57 21 1854
57 22 1058
57 23 2614
57 24 823
57 25 2942
57 26 1711
57 27 480
57 28 2894
57 29 1663
57 30 432
57 31 2846
57 32 1615
57 33 384
57 34 2798
57 35 1567
57 36 336
57 37 2750
57 38 1519
57 39 288
57 40 2702
57 41 1471
57 42 240
57 43 2654
57 44 1423
57 45 192
57 46 2606
57 47 1375
57 48 144
57 49 2558
57 50 1327
57 51 96
57 52 2510
57 53 1279
57 54 48
57 55 2462
57 56 1231
57 57 0
57 58 2510
57 59 1279
57 60 48
57 61 2558
57 62 1327
57 63 96
57 64 2606
57 65 1375
57 66 144
57 67 2654
57 68 1423
57 69 192
57 70 2702
57 71 1471
57 72 240
57 73 2750
57 74 1519
57 75 288
57 76 2798
57 77 1567
57 78 336
57 79 3062
58 0 648
58 1 1618
58 2 881
58 3 1605
58 4 579
58 5 1028
58 6 1586
58 7 1839
58 8 751
58 9 2093
58 10 1288
58 11 1878
58 12 798
58 13 1210
58 14 855
58 15 2036
58 16 1997
58 17 534
58 18 2111
58 19 2888
58 20 2241
58 21 944
58 22 2220
58 23 664
58 24 2167
58 25 528
58 26 1759
58 27 2990
58 28 480
58 29 1711
58 30 2942
58 31 432
58 32 1663
58 33 2894
58 34 384
58 35 1615
58 36 2846
58 37 336
58 38 1567
58 39 2798
58 40 288
58 41 1519
58 42 2750
58 43 240
58 44 1471
58 45 2702
58 46 192
58 47 1423
58 48 2654
58 49 144
58 50 1375
58 51 2606
58 52 96
58 53 1327
58 54 2558
58 55 48
58 56 1279
58 57 2510
58 58 0
58 59 1231
58 60 2462
58 61 48
58 62 1279
58 63 2510
58 64 96
58 65 1327
58 66 2558
58 67 144
58 68 1375
58 69 2606
58 70 192
58 71 1423
58 72 2654
58 73 240
58 74 1471
58 75 2702
58 76 288
58 77 1519
58 78 2750
58 79 648
59 0 1879
59 1 669
59 2 1310
59 3 682
59 4 748
59 5 1067
59 6 355
59 7 608
59 8 1440
59 9 862
59 10 807
59 11 647
59 12 1201
59 13 885
59 14 1336
59 15 805
59 16 766
59 17 1561
59 18 880
59 19 1657
59 20 1010
59 21 671
59 22 989
59 23 1431
59 24 936
59 25 1759
59 26 528
59 27 1759
59 28 1711
59 29 480
59 30 1711
59 31 1663
59 32 432
59 33 1663
59 34 1615
59 35 384
59 36 1615
59 37 1567
59 38 336
59 39 1567
59 40 1519
59 41 288
59 42 1519
59 43 1471
59 44 240
59 45 1471
59 46 1423
59 47 192
59 48 1423
59 49 1375
59 50 144
59 51 1375
59 52 1327
59 53 96
59 54 1327
59 55 1279
59 56 48
59 57 1279
59 58 1231
59 59 0
59 60 1231
59 61 1279
59 62 48
59 63 1279
59 64 1327
59 65 96
59 66 1327
59 67 1375
59 68 144
59 69 1375
59 70 1423
59 71 192
59 72 1423
59 73 1471
59 74 240
59 75 1471
59 76 1519
59 77 288
59 78 1519
59 79 1879
60 0 3110
60 1 1900
60 2 2541
60 3 1913
60 4 1979
60 5 2298
60 6 1356
60 7 1583
60 8 2671
60 9 849
60 10 2038
60 11 1544
60 12 2432
60 13 2116
60 14 2567
60 15 714
60 16 753
60 17 2792
60 18 1023
60 19 630
60 20 893
60 21 1902
60 22 1106
60 23 2662
60 24 871
60 25 2990
60 26 1759
60 27 528
60 28 2942
60 29 1711
60 30 480
60 31 2894
60 32 1663
60 33 432
60 34 2846
60 35 1615
60 36 384
60 37 2798
60 38 1567
60 39 336
60 40 2750
60 41 1519
60 42 288
60 43 2702
60 44 1471
60 45 240
60 46 2654
60 47 1423
60 48 192
60 49 2606
60 50 1375
60 51 144
60 52 2558
60 53 1327
60 54 96
60 55 2510
60 56 1279
60 57 48
60 58 2462
60 59 1231
60 60 0
60 61 2510
60 62 1279
60 63 48
60 64 2558
60 65 1327
60 66 96
60 67 2606
60 68 1375
60 69 144
60 70 2654
60 71 1423
60 72 192
60 73 2702
60 74 1471
60 75 240
60 76 2750
60 77 1519
60 78 288
60 79 3110
61 0 696
61 1 1666
61 2 929
61 3 1653
61 4 627
61 5 1076
61 6 1538
61 7 1887
61 8 799
61 9 2141
61 10 1336
61 11 1926
61 12 846
61 13 1258
61 14 903
61 15 2084
61 16 1949
61 17 582
61 18 2159
61 19 2936
61 20 2289
61 21 992
61 22 2268
61 23 712
61 24 2215
61 25 576
61 26 1807
61 27 3038
61 28 528
61 29 1759
61 30 2990
61 31 480
61 32 1711
61 33 2942
61 34 432
61 35 1663
61 36 2894
61 37 384
61 38 1615
61 39 2846
61 40 336
61 41 1567
61 42 2798
61 43 288
61 44 1519
61 45 2750
61 46 240
61 47 1471
61 48 2702
61 49 192
61 50 1423
61 51 2654
61 52 144
61 53 1375
61 54 2606
61 55 96
61 56 1327
61 57 2558
61 58 48
61 59 1279
61 60 2510
61 61 0
61 62 1231
61 63 2462
61 64 48
61 65 1279
61 66 2510
61 67 96
61 68 1327
61 69 2558
61 70 144
61 71 1375
61 72 2606
61 73 192
61 74 1423
61 75 2654
61 76 240
61 77 1471
61 78 2702
61 79 696
62 0 1927
62 1 717
62 2 1358
62 3 730
62 4 796
62 5 1115
62 6 307
62 7 656
62 8 1488
62 9 910
62 10 855
62 11 695
62 12 1249
62 13 933
62 14 1384
62 15 853
62 16 718
62 17 1609
62 18 928
62 19 1705
62 20 1058
62 21 719
62 22 1037
62 23 1479
62 24 984
62 25 1807
62 26 576
62 27 1807
62 28 1759
62 29 528
62 30 1759
62 31 1711
62 32 480
62 33 1711
62 34 1663
62 35 432
62 36 1663
62 37 1615
62 38 384
62 39 1615
62 40 1567
62 41 336
62 42 1567
62 43 1519
62 44 288
62 45 1519
62 46 1471
62 47 240
62 48 1471
62 49 1423
62 50 192
62 51 1423
62 52 1375
62 53 144
62 54 1375
62 55 1327
62 56 96
62 57 1327
62 58 1279
62 59 48
62 60 1279
62 61 1231
62 62 0
62 63 1231
62 64 1279
62 65 48
62 66 1279
62 67 1327
62 68 96
62 69 1327
62 70 1375
62 71 144
62 72 1375
62 73 1423
62 74 192
62 75 1423
62 76 1471
62 77 240
62 78 1471
62 79 1927
63 0 3158
63 1 1948
63 2 2589
63 3 1961
63 4 2027
63 5 2346
63 6 1308
63 7 1631
63 8 2719
63 9 897
63 10 2086
63 11 1592
63 12 2480
63 13 2164
63 14 2615
63 15 762
63 16 705
63 17 2840
63 18 1071
63 19 678
63 20 941
63 21 1950
63 22 1154
63 23 2710
63 24 919
63 25 3038
63 26 1807
63 27 576
63 28 2990
63 29 1759
63 30 528
63 31 2942
63 32 1711
63 33 480
63 34 2894
63 35 1663
63 36 432
63 37 2846
63 38 1615
63 39 384
63 40 2798
63 41 1567
63 42 336
63 43 2750
63 44 1519
63 45 288
63 46 2702
63 47 1471
63 48 240
63 49 2654
63 50 1423
63 51 192
63 52 2606
63 53 1375
63 54 144
63 55 2558
63 56 1327
63 57 96
63 58 2510
63 59 1279
63 60 48
63 61 2462
63 62 1231
63 63 0
63 64 2510
63 65 1279
63 66 48
63 67 2558
63 68 1327
63 69 96
63 70 2606
63 71 1375
63 72 144
63 73 2654
63 74 1423
63 75 192
63 76 2702
63 77 1471
63 78 240
63 79 3158
64 0 744
64 1 1714
64 2 977
64 3 1701
64 4 675
64 5 1124
64 6 1490
64 7 1935
64 8 847
64 9 2189
64 10 1384
64 11 1974
64 12 894
64 13 1306
64 14 951
64 15 2132
64 16 1901
64 17 630
64 18 2207
64 19 2984
64 20 2337
64 21 1040
64 22 2316
64 23 760
64 24 2263
64 25 624
64 26 1855
64 27 3086
64 28 576
64 29 1807
64 30 3038
64 31 528
64 32 1759
64 33 2990
64 34 480
64 35 1711
64 36 2942
64 37 432
64 38 1663
64 39 2894
64 40 384
64 41 1615
64 42 2846
64 43 336
64 44 1567
64 45 2798
64 46 288
64 47 1519
64 48 2750
64 49 240
64 50 1471
64 51 2702
64 52 192
64 53 1423
64 54 2654
64 55 144
64 56 1375
64 57 2606
64 58 96
64 59 1327
64 60 2558
64 61 48
64 62 1279
64 63 2510
64 64 0
64 65 1231
64 66 2462
64 67 48
64 68 1279
64 69 2510
64 70 96
64 71 1327
64 72 2558
64 73 144
64 74 1375
64 75 2606
64 76 192
64 77 1423
64 78 2654
64 79 744
65 0 1975
65 1 765
65 2 1406
65 3 778
65 4 844
65 5 1163
65 6 259
65 7 704
65 8 1536
65 9 958
65 10 903
65 11 743
65 12 1297
65 13 981
65 14 1432
65 15 901
65 16 670
65 17 1657
65 18 976
65 19 1753
65 20 1106
65 21 767
65 22 1085
65 23 1527
65 24 1032
65 25 1855
65 26 624
65 27 1855
65 28 1807
65 29 576
65 30 1807
65 31 1759
65 32 528
65 33 1759
65 34 1711
65 35 480
65 36 1711
65 37 1663
65 38 432
65 39 1663
65 40 1615
65 41 384
65 42 1615
65 43 1567
65 44 336
65 45 1567
65 46 1519
65 47 288
65 48 1519
65 49 1471
65 50 240
65 51 1471
65 52 1423
65 53 192
65 54 1423
65 55 1375
65 56 144
65 57 1375
65 58 1327
65 59 96
65 60 1327
65 61 1279
65 62 48
65 63 1279
65 64 1231
65 65 0
65 66 1231
65 67 1279
65 68 48
65 69 1279
65 70 1327
65 71 96
65 72 1327
65 73 1375
65 74 144
65 75 1375
65 76 1423
65 77 192
65 78 1423
65 79 1975
66 0 3206
66 1 1996
66 2 2637
66 3 2009
66 4 2075
66 5 2394
66 6 1260
66 7 1679
66 8 2767
66 9 945
66 10 2134
66 11 1640
66 12 2528
66 13 2212
66 14 2663
66 15 810
66 16 657
66 17 2888
66 18 1119
66 19 726
66 20 989
66 21 1998
66 22 1202
66 23 2758
66 24 967
66 25 3086
66 26 1855
66 27 624
66 28 3038
66 29 1807
66 30 576
66 31 2990
66 32 1759
66 33 528
66 34 2942
66 35 1711
66 36 480
66 37 2894
66 38 1663
66 39 432
66 40 2846
66 41 1615
66 42 384
66 43 2798
66 44 1567
66 45 336
66 46 2750
66 47 1519
66 48 288
66 49 2702
66 50 1471
66 51 240
66 52 2654
66 53 1423
66 54 192
66 55 2606
66 56 1375
66 57 144
66 58 2558
66 59 1327
66 60 96
66 61 2510
66 62 1279
66 63 48
66 64 2462
66 65 1231
66 66 0
66 67 2510
66 68 1279
66 69 48
66 70 2558
66 71 1327
66 72 96
66 73 2606
66 74 1375
66 75 144
66 76 2654
66 77 1423
66 78 192
66 79 3206
67 0 792
67 1 1762
67 2 1025
67 3 1749
67 4 723
67 5 1172
67 6 1442
67 7 1983
67 8 895
67 9 2237
67 10 1432
67 11 2022
67 12 942
67 13 1354
67 14 999
67 15 2180
67 16 1853
67 17 678
67 18 2255
67 19 3032
67 20 2385
67 21 1088
67 22 2364
67 23 808
67 24 2311
67 25 672
67 26 1903
67 27 3134
67 28 624
67 29 1855
67 30 3086
67 31 576
67 32 1807
67 33 3038
67 34 528
67 35 1759
67 36 2990
67 37 480
67 38 1711
67 39 2942
67 40 432
67 41 1663
67 42 2894
67 43 384
67 44 1615
67 45 2846
67 46 336
67 47 1567
67 48 2798
67 49 288
67 50 1519
67 51 2750
67 52 240
67 53 1471
67 54 2702
67 55 192
67 56 1423
67 57 2654
67 58 144
67 59 1375
67 60 2606
67 61 96
67 62 1327
67 63 2558
67 64 48
67 65 1279
67 66 2510
67 67 0
67 68 1231
67 69 2462
67 70 48
67 71 1279
67 72 2510
67 73 96
67 74 1327
67 75 2558
67 76 144
67 77 1375
67 78 2606
67 79 792
68 0 2023
68 1 813
68 2 1454
68 3 826
68 4 892
68 5 1211
68 6 211
68 7 752
68 8 1584
68 9 1006
68 10 951
68 11 791
68 12 1345
68 13 1029
68 14 1480
68 15 949
68 16 622
68 17 1705
68 18 1024
68 19 1801
68 20 1154
68 21 815
68 22 1133
68 23 1575
68 24 1080
68 25 1903
68 26 672
68 27 1903
68 28 1855
68 29 624
68 30 1855
68 31 1807
68 32 576
68 33 1807
68 34 1759
68 35 528
68 36 1759
68 37 1711
68 38 480
68 39 1711
68 40 1663
68 41 432
68 42 1663
68 43 1615
68 44 384
68 45 1615
68 46 1567
68 47 336
68 48 1567
68 49 1519
68 50 288
68 51 1519
68 52 1471
68 53 240
68 54 1471
68 55 1423
68 56 192
68 57 1423
68 58 1375
68 59 144
68 60 1375
68 61 1327
68 62 96
68 63 1327
68 64 1279
68 65 48
68 66 1279
68 67 1231
68 68 0
68 69 1231
68 70 1279
68 71 48
68 72 1279
68 73 1327
68 74 96
68 75 1327
68 76 1375
68 77 144
68 78 1375
68 79 2023
69 0 3254
69 1 2044
69 2 2685
69 3 2057
69 4 2123
69 5 2442
69 6 1212
69 7 1727
69 8 2815
69 9 993
69 10 2182
69 11 1688
69 12 2576
69 13 2260
69 14 2711
69 15 858
69 16 609
69 17 2936
69 18 1167
69 19 774
69 20 1037
69 21 2046
69 22 1250
69 23 2806
69 24 1015
69 25 3134
69 26 1903
69 27 672
69 28 3086
69 29 1855
69 30 624
69 31 3038
69 32 1807
69 33 576
69 34 2990
69 35 1759
69 36 528
69 37 2942
69 38 1711
69 39 480
69 40 2894
69 41 1663
69 42 432
69 43 2846
69 44 1615
69 45 384
69 46 2798
69 47 1567
69 48 336
69 49 2750
69 50 1519
69 51 288
69 52 2702
69 53 1471
69 54 240
69 55 2654
69 56 1423
69 57 192
69 58 2606
69 59 1375
69 60 144
69 61 2558
69 62 1327
69 63 96
69 64 2510
69 65 1279
69 66 48
69 67 2462
69 68 1231
69 69 0
69 70 2510
69 71 1279
69 72 48
69 73 2558
69 74 1327
69 75 96
69 76 2606
69 77 1375
69 78 144
69 79 3254
70 0 840
70 1 1810
70 2 1073
70 3 1797
70 4 771
70 5 1220
70 6 1394
70 7 2031
70 8 943
70 9 2285
70 10 1480
70 11 2070
70 12 990
70 13 1402
70 14 1047
70 15 2228
70 16 1901
70 17 726
70 18 2303
70 19 3080
70 20 2433
70 21 1136
70 22 2412
70 23 856
70 24 2359
70 25 720
70 26 1951
70 27 3182
70 28 672
70 29 1903
70 30 3134
70 31 624
70 32 1855
70 33 3086
70 34 576
70 35 1807
70 36 3038
70 37 528
70 38 1759
70 39 2990
70 40 480
70 41 1711
70 42 2942
70 43 432
70 44 1663
70 45 2894
70 46 384
70 47 1615
70 48 2846
70 49 336
70 50 1567
70 51 2798
70 52 288
70 53 1519
70 54 2750
70 55 240
70 56 1471
70 57 2702
70 58 192
70 59 1423
70 60 2654
70 61 144
70 62 1375
70 63 2606
70 64 96
70 65 1327
70 66 2558
70 67 48
70 68 1279
70 69 2510
70 70 0
70 71 1231
70 72 2462
70 73 48
70 74 1279
70 75 2510
70 76 96
70 77 1327
70 78 2558
70 79 840
71 0 2071
71 1 861
71 2 1502
71 3 874
71 4 940
71 5 1259
71 6 163
71 7 800
71 8 1632
71 9 1054
71 10 999
71 11 839
71 12 1393
71 13 1077
71 14 1528
71 15 997
71 16 670
71 17 1753
71 18 1072
71 19 1849
71 20 1202
71 21 863
71 22 1181
71 23 1623
71 24 1128
71 25 1951
71 26 720
71 27 1951
71 28 1903
71 29 672
71 30 1903
71 31 1855
71 32 624
71 33 1855
71 34 1807
71 35 576
71 36 1807
71 37 1759
71 38 528
71 39 1759
71 40 1711
71 41 480
71 42 1711
71 43 1663
71 44 432
71 45 1663
71 46 1615
71 47 384
71 48 1615
71 49 1567
71 50 336
71 51 1567
71 52 1519
71 53 288
71 54 1519
71 55 1471
71 56 240
71 57 1471
71 58 1423
71 59 192
71 60 1423
71 61 1375
71 62 144
71 63 1375
71 64 1327
71 65 96
71 66 1327
71 67 1279
71 68 48
71 69 1279
71 70 1231
71 71 0
71 72 1231
71 73 1279
71 74 48
71 75 1279
71 76 1327
71 77 96
71 78 1327
71 79 2071
72 0 3302
72 1 2092
72 2 2733
72 3 2105
72 4 2171
72 5 2490
72 6 1164
72 7 1775
72 8 2863
72 9 1041
72 10 2230
72 11 1736
72 12 2624
72 13 2308
72 14 2759
72 15 906
72 16 657
72 17 2984
72 18 1215
72 19 822
72 20 1085
72 21 2094
72 22 1298
72 23 2854
72 24 1063
72 25 3182
72 26 1951
72 27 720
72 28 3134
72 29 1903
72 30 672
72 31 3086
72 32 1855
72 33 624
72 34 3038
72 35 1807
72 36 576
72 37 2990
72 38 1759
72 39 528
72 40 2942
72 41 1711
72 42 480
72 43 2894
72 44 1663
72 45 432
72 46 2846
72 47 1615
72 48 384
72 49 2798
72 50 1567
72 51 336
72 52 2750
72 53 1519
72 54 288
72 55 2702
72 56 1471
72 57 240
72 58 2654
72 59 1423
72 60 192
72 61 2606
72 62 1375
72 63 144
72 64 2558
72 65 1327
72 66 96
72 67 2510
72 68 1279
72 69 48
72 70 2462
72 71 1231
72 72 0
72 73 2510
72 74 1279
72 75 48
72 76 2558
72 77 1327
72 78 96
72 79 3302
73 0 888
73 1 1858
73 2 1121
73 3 1845
73 4 819
73 5 1268
73 6 1346
73 7 2079
73 8 991
73 9 2333
73 10 1528
73 11 2118
73 12 1038
73 13 1450
73 14 1095
73 15 2276
73 16 1949
73 17 774
73 18 2351
73 19 3128
73 20 2481
73 21 1184
73 22 2460
73 23 904
73 24 2407
73 25 768
73 26 1999
73 27 3230
73 28 720
73 29 1951
73 30 3182
73 31 672
73 32 1903
73 33 3134
73 34 624
73 35 1855
73 36 3086
73 37 576
73 38 1807
73 39 3038
73 40 528
73 41 1759
73 42 2990
73 43 480
73 44 1711
73 45 2942
73 46 432
73 47 1663
73 48 2894
73 49 384
73 50 1615
73 51 2846
73 52 336
73 53 1567
73 54 2798
73 55 288
73 56 1519
73 57 2750
73 58 240
73 59 1471
73 60 2702
73 61 192
73 62 1423
73 63 2654
73 64 144
73 65 1375
73 66 2606
73 67 96
73 68 1327
73 69 2558
73 70 48
73 71 1279
73 72 2510
73 73 0
73 74 1231
73 75 2462
73 76 48
73 77 1279
73 78 2510
73 79 888
74 0 2119
74 1 909
74 2 1550
74 3 922
74 4 988
74 5 1307
74 6 115
74 7 848
74 8 1680
74 9 1102
74 10 1047
74 11 887
74 12 1441
74 13 1125
74 14 1576
74 15 1045
74 16 718
74 17 1801
74 18 1120
74 19 1897
74 20 1250
74 21 911
74 22 1229
74 23 1671
74 24 1176
74 25 1999
74 26 768
74 27 1999
74 28 1951
74 29 720
74 30 1951
74 31 1903
74 32 672
74 33 1903
74 34 1855
74 35 624
74 36 1855
74 37 1807
74 38 576
74 39 1807
74 40 1759
74 41 528
74 42 1759
74 43 1711
74 44 480
74 45 1711
74 46 1663
74 47 432
74 48 1663
74 49 1615
74 50 384
74 51 1615
74 52 1567
74 53 336
74 54 1567
74 55 1519
74 56 288
74 57 1519
74 58 1471
74 59 240
74 60 1471
74 61 1423
74 62 192
74 63 1423
74 64 1375
74 65 144
74 66 1375
74 67 1327
74 68 96
74 69 1327
74 70 1279
74 71 48
74 72 1279
74 73 1231
74 74 0
74 75 1231
74 76 1279
74 77 48
74 78 1279
74 79 2119
75 0 3350
75 1 2140
75 2 2781
75 3 2153
75 4 2219
75 5 2538
75 6 1116
75 7 1823
75 8 2911
75 9 1089
75 10 2278
75 11 1784
75 12 2672
75 13 2356
75 14 2807
75 15 954
75 16 705
75 17 3032
75 18 1263
75 19 870
75 20 1133
75 21 2142
75 22 1346
75 23 2902
75 24 1111
75 25 3230
75 26 1999
75 27 768
75 28 3182
75 29 1951
75 30 720
75 31 3134
75 32 1903
75 33 672
75 34 3086
75 35 1855
75 36 624
75 37 3038
75 38 1807
75 39 576
75 40 2990
75 41 1759
75 42 528
75 43 2942
75 44 1711
75 45 480
75 46 2894
75 47 1663
75 48 432
75 49 2846
75 50 1615
75 51 384
75 52 2798
75 53 1567
75 54 336
75 55 2750
75 56 1519
75 57 288
75 58 2702
75 59 1471
75 60 240
75 61 2654
75 62 1423
75 63 192
75 64 2606
75 65 1375
75 66 144
75 67 2558
75 68 1327
75 69 96
75 70 2510
75 71 1279
75 72 48
75 73 2462
75 74 1231
75 75 0
75 76 2510
75 77 1279
75 78 48
75 79 3350
76 0 936
76 1 1906
76 2 1169
76 3 1893
76 4 867
76 5 1316
76 6 1394
76 7 2127
76 8 1039
76 9 2381
76 10 1576
76 11 2166
76 12 1086
76 13 1498
76 14 1143
76 15 2324
76 16 1997
76 17 822
76 18 2399
76 19 3176
76 20 2529
76 21 1232
76 22 2508
76 23 952
76 24 2455
76 25 816
76 26 2047
76 27 3278
76 28 768
76 29 1999
76 30 3230
76 31 720
76 32 1951
76 33 3182
76 34 672
76 35 1903
76 36 3134
76 37 624
76 38 1855
76 39 3086
76 40 576
76 41 1807
76 42 3038
76 43 528
76 44 1759
76 45 2990
76 46 480
76 47 1711
76 48 2942
76 49 432
76 50 1663
76 51 2894
76 52 384
76 53 1615
76 54 2846
76 55 336
76 56 1567
76 57 2798
76 58 288
76 59 1519
76 60 2750
76 61 240
76 62 1471
76 63 2702
76 64 192
76 65 1423
76 66 2654
76 67 144
76 68 1375
76 69 2606
76 70 96
76 71 1327
76 72 2558
76 73 48
76 74 1279
76 75 2510
76 76 0
76 77 1231
76 78 2462
76 79 936
77 0 2167
77 1 957
77 2 1598
77 3 970
77 4 1036
77 5 1355
77 6 163
77 7 896
77 8 1728
77 9 1150
77 10 1095
77 11 935
77 12 1489
77 13 1173
77 14 1624
77 15 1093
77 16 766
77 17 1849
77 18 1168
77 19 1945
77 20 1298
77 21 959
77 22 1277
77 23 1719
77 24 1224
77 25 2047
77 26 816
77 27 2047
77 28 1999
77 29 768
77 30 1999
77 31 1951
77 32 720
77 33 1951
77 34 1903
77 35 672
77 36 1903
77 37 1855
77 38 624
77 39 1855
77 40 1807
77 41 576
77 42 1807
77 43 1759
77 44 528
77 45 1759
77 46 1711
77 47 480
77 48 1711
77 49 1663
77 50 432
77 51 1663
77 52 1615
77 53 384
77 54 1615
77 55 1567
77 56 336
77 57 1567
77 58 1519
77 59 288
77 60 1519
77 61 1471
77 62 240
77 63 1471
77 64 1423
77 65 192
77 66 1423
77 67 1375
77 68 144
77 69 1375
77 70 1327
77 71 96
77 72 1327
77 73 1279
77 74 48
77 75 1279
77 76 1231
77 77 0
77 78 1231
77 79 2167
78 0 3398
78 1 2188
78 2 2829
78 3 2201
78 4 2267
78 5 2586
78 6 1164
78 7 1871
78 8 2959
78 9 1137
78 10 2326
78 11 1832
78 12 2720
78 13 2404
78 14 2855
78 15 1002
78 16 753
78 17 3080
78 18 1311
78 19 918
78 20 1181
78 21 2190
78 22 1394
78 23 2950
78 24 1159
78 25 3278
78 26 2047
78 27 816
78 28 3230
78 29 1999
78 30 768
78 31 3182
78 32 1951
78 33 720
78 34 3134
78 35 1903
78 36 672
78 37 3086
78 38 1855
78 39 624
78 40 3038
78 41 1807
78 42 576
78 43 2990
78 44 1759
78 45 528
78 46 2942
78 47 1711
78 48 480
78 49 2894
78 50 1663
78 51 432
78 52 2846
78 53 1615
78 54 384
78 55 2798
78 56 1567
78 57 336
78 58 2750
78 59 1519
78 60 288
78 61 2702
78 62 1471
78 63 240
78 64 2654
78 65 1423
78 66 192
78 67 2606
78 68 1375
78 69 144
78 70 2558
78 71 1327
78 72 96
78 73 2510
78 74 1279
78 75 48
78 76 2462
78 77 1231
78 78 0
78 79 3398
79 0 0
79 1 1210
79 2 569
79 3 1197
79 4 1131
79 5 812
79 6 2234
79 7 1527
79 8 439
79 9 2261
79 10 1072
79 11 1566
79 12 678
79 13 994
79 14 543
79 15 2396
79 16 2645
79 17 318
79 18 2087
79 19 2480
79 20 2217
79 21 1208
79 22 2004
79 23 448
79 24 2239
79 25 120
79 26 1351
79 27 2582
79 28 168
79 29 1399
79 30 2630
79 31 216
79 32 1447
79 33 2678
79 34 264
79 35 1495
79 36 2726
79 37 312
79 38 1543
79 39 2774
79 40 360
79 41 1591
79 42 2822
79 43 408
79 44 1639
79 45 2870
79 46 456
79 47 1687
79 48 2918
79 49 504
79 50 1735
79 51 2966
79 52 552
79 53 1783
79 54 3014
79 55 600
79 56 1831
79 57 3062
79 58 648
79 59 1879
79 60 3110
79 61 696
79 62 1927
79 63 3158
79 64 744
79 65 1975
79 66 3206
79 67 792
79 68 2023
79 69 3254
79 70 840
79 71 2071
79 72 3302
79 73 888
79 74 2119
79 75 3350
79 76 936
79 77 2167
79 78 3398
79 79 0
//Location coordinates LocationName
//Loc x y
0 0.0 0.0 "depot"
1 0.0 1210.0 "product aisle 0 bloc 0 rank 163"
2 48.0 521.0 "product aisle 1 bloc 0 rank 58"
3 0.0 1197.0 "product aisle 0 bloc 0 rank 161"
4 480.0 651.0 "product aisle 10 bloc 0 rank 78"
5 96.0 716.0 "product aisle 2 bloc 0 rank 87"
6 768.0 1466.0 "product aisle 16 bloc 1 rank 13"
7 48.0 1479.0 "product aisle 1 bloc 1 rank 16"
8 48.0 391.0 "product aisle 1 bloc 0 rank 37"
9 288.0 1973.0 "product aisle 6 bloc 1 rank 92"
10 96.0 976.0 "product aisle 2 bloc 0 rank 128"
11 48.0 1518.0 "product aisle 1 bloc 1 rank 22"
12 144.0 534.0 "product aisle 3 bloc 0 rank 60"
13 96.0 898.0 "product aisle 2 bloc 0 rank 116"
14 48.0 495.0 "product aisle 1 bloc 0 rank 53"
15 384.0 2012.0 "product aisle 8 bloc 1 rank 97"
16 672.0 1973.0 "product aisle 14 bloc 1 rank 92"
17 96.0 222.0 "product aisle 2 bloc 0 rank 12"
18 192.0 1895.0 "product aisle 4 bloc 1 rank 79"
19 0.0 2480.0 "product aisle 0 bloc 1 rank 170"
20 192.0 2025.0 "product aisle 4 bloc 1 rank 100"
21 336.0 872.0 "product aisle 7 bloc 0 rank 111"
22 96.0 1908.0 "product aisle 2 bloc 1 rank 81"
23 96.0 352.0 "product aisle 2 bloc 0 rank 32"
24 240.0 1999.0 "product aisle 5 bloc 1 rank 96"
25 24.0 120.0 "intersection aisle 0 bloc 0 rank 0"
26 24.0 1351.0 "intersection aisle 0 bloc 1 rank 1"
27 24.0 2582.0 "intersection aisle 0 bloc 2 rank 2"
28 72.0 120.0 "intersection aisle 1 bloc 0 rank 0"
29 72.0 1351.0 "intersection aisle 1 bloc 1 rank 1"
30 72.0 2582.0 "intersection aisle 1 bloc 2 rank 2"
31 120.0 120.0 "intersection aisle 2 bloc 0 rank 0"
32 120.0 1351.0 "intersection aisle 2 bloc 1 rank 1"
33 120.0 2582.0 "intersection aisle 2 bloc 2 rank 2"
34 168.0 120.0 "intersection aisle 3 bloc 0 rank 0"
35 168.0 1351.0 "intersection aisle 3 bloc 1 rank 1"
36 168.0 2582.0 "intersection aisle 3 bloc 2 rank 2"
37 216.0 120.0 "intersection aisle 4 bloc 0 rank 0"
38 216.0 1351.0 "intersection aisle 4 bloc 1 rank 1"
39 216.0 2582.0 "intersection aisle 4 bloc 2 rank 2"
40 264.0 120.0 "intersection aisle 5 bloc 0 rank 0"
41 264.0 1351.0 "intersection aisle 5 bloc 1 rank 1"
42 264.0 2582.0 "intersection aisle 5 bloc 2 rank 2"
43 312.0 120.0 "intersection aisle 6 bloc 0 rank 0"
44 312.0 1351.0 "intersection aisle 6 bloc 1 rank 1"
45 312.0 2582.0 "intersection aisle 6 bloc 2 rank 2"
46 360.0 120.0 "intersection aisle 7 bloc 0 rank 0"
47 360.0 1351.0 "intersection aisle 7 bloc 1 rank 1"
48 360.0 2582.0 "intersection aisle 7 bloc 2 rank 2"
49 408.0 120.0 "intersection aisle 8 bloc 0 rank 0"
50 408.0 1351.0 "intersection aisle 8 bloc 1 rank 1"
51 408.0 2582.0 "intersection aisle 8 bloc 2 rank 2"
52 456.0 120.0 "intersection aisle 9 bloc 0 rank 0"
53 456.0 1351.0 "intersection aisle 9 bloc 1 rank 1"
54 456.0 2582.0 "intersection aisle 9 bloc 2 rank 2"
55 504.0 120.0 "intersection aisle 10 bloc 0 rank 0"
56 504.0 1351.0 "intersection aisle 10 bloc 1 rank 1"
57 504.0 2582.0 "intersection aisle 10 bloc 2 rank 2"
58 552.0 120.0 "intersection aisle 11 bloc 0 rank 0"
59 552.0 1351.0 "intersection aisle 11 bloc 1 rank 1"
60 552.0 2582.0 "intersection aisle 11 bloc 2 rank 2"
61 600.0 120.0 "intersection aisle 12 bloc 0 rank 0"
62 600.0 1351.0 "intersection aisle 12 bloc 1 rank 1"
63 600.0 2582.0 "intersection aisle 12 bloc 2 rank 2"
64 648.0 120.0 "intersection aisle 13 bloc 0 rank 0"
65 648.0 1351.0 "intersection aisle 13 bloc 1 rank 1"
66 648.0 2582.0 "intersection aisle 13 bloc 2 rank 2"
67 696.0 120.0 "intersection aisle 14 bloc 0 rank 0"
68 696.0 1351.0 "intersection aisle 14 bloc 1 rank 1"
69 696.0 2582.0 "intersection aisle 14 bloc 2 rank 2"
70 744.0 120.0 "intersection aisle 15 bloc 0 rank 0"
71 744.0 1351.0 "intersection aisle 15 bloc 1 rank 1"
72 744.0 2582.0 "intersection aisle 15 bloc 2 rank 2"
73 792.0 120.0 "intersection aisle 16 bloc 0 rank 0"
74 792.0 1351.0 "intersection aisle 16 bloc 1 rank 1"
75 792.0 2582.0 "intersection aisle 16 bloc 2 rank 2"
76 840.0 120.0 "intersection aisle 17 bloc 0 rank 0"
77 840.0 1351.0 "intersection aisle 17 bloc 1 rank 1"
78 840.0 2582.0 "intersection aisle 17 bloc 2 rank 2"
79 0.0 0.0 "depot"
