//alpha
1
//NbLocations
71
//NbProducts
36
//NbPickers
2
//CapaPicker
4
//TimeToTravelOneDistanceUnit
3
//SetupTime
5400
//PickTime
300
//Products
//Idx Location Size
1 1 1
2 2 1
3 3 1
4 4 1
5 5 1
6 6 1
7 7 1
8 8 1
9 9 1
10 10 1
11 11 1
12 12 1
13 13 1
14 14 1
15 15 1
16 16 1
17 17 1
18 18 1
19 19 1
20 9 1
21 20 1
22 21 1
23 22 1
24 7 1
25 23 1
26 24 1
27 25 1
28 26 1
29 27 1
30 28 1
31 29 1
32 30 1
33 31 1
34 32 1
35 33 1
36 34 1
//Orders
//NbOrders
18
//Idx DueDate TardinessPenalty NbProdInOrder ProdIdx1 Qty1 ProdIdx2 Qty2 ...
1 126000 0 2 1 1 2 1
2 72000 0 2 3 1 4 1
3 90000 0 3 5 1 6 1 7 1
4 126000 0 1 8 1
5 126000 0 4 9 1 10 1 11 1 12 1
6 90000 0 4 13 1 14 1 15 1 16 1
7 90000 0 2 17 1 18 1
8 126000 0 4 19 1 20 1 21 1 22 1
9 72000 0 2 23 1 24 1
10 72000 0 2 25 1 26 1
11 72000 0 1 27 1
12 90000 0 1 28 1
13 144000 0 1 29 1
14 90000 0 2 30 1 31 1
15 126000 0 1 32 1
16 126000 0 1 33 1
17 108000 0 2 34 1 35 1
18 90000 0 1 36 1
//Graph (Products are vertices indexed from 1 to NbProducts)
//NbVerticesIntersections
36
//DepartingDepot
0
//ArrivalDepot
71
//Arcs
//Start End Distance
0 35 120
1 20 468
1 25 195
2 5 143
2 28 468
3 14 364
3 54 362
4 7 65
4 11 26
5 2 143
5 44 89
6 57 219
6 58 622
7 4 65
7 36 427
8 30 273
8 43 531
9 31 117
9 39 440
10 22 26
10 37 50
11 4 26
11 22 247
12 16 78
12 45 180
13 29 13
13 32 416
14 3 364
14 55 115
15 19 182
15 56 414
16 12 78
16 17 260
17 16 260
17 46 323
18 34 65
18 39 50
19 15 182
19 57 245
20 1 468
20 50 63
21 35 765
21 36 76
22 10 26
22 11 247
23 53 193
23 54 648
24 65 323
24 66 518
25 1 195
25 51 115
26 62 661
26 63 180
27 31 78
27 40 206
28 2 468
28 45 141
29 13 13
29 34 234
30 8 273
30 42 37
31 9 117
31 27 78
32 13 416
32 38 63
33 68 362
33 69 479
34 18 65
34 29 234
35 21 765
35 38 48
35 71 120
36 7 427
36 21 76
36 39 48
37 10 50
37 40 48
38 32 63
38 35 48
38 41 48
39 9 440
39 18 50
39 36 48
39 42 48
40 27 206
40 37 48
40 43 48
41 38 48
41 42 841
41 44 48
42 30 37
42 39 48
42 41 841
42 45 48
43 8 531
43 40 48
43 46 48
44 5 89
44 41 48
44 47 48
45 12 180
45 28 141
45 42 48
45 48 48
46 17 323
46 43 48
46 49 48
47 44 48
47 48 841
47 50 48
48 45 48
48 47 841
48 49 841
48 51 48
49 46 48
49 48 841
49 52 48
50 20 63
50 47 48
50 53 48
51 25 115
51 48 48
51 52 841
51 54 48
52 49 48
52 51 841
52 55 48
53 23 193
53 50 48
53 56 48
54 3 362
54 23 648
54 51 48
54 57 48
55 14 115
55 52 48
55 58 48
56 15 414
56 53 48
56 59 48
57 6 219
57 19 245
57 54 48
57 60 48
58 6 622
58 55 48
58 61 48
59 56 48
59 60 841
59 62 48
60 57 48
60 59 841
60 61 841
60 63 48
61 58 48
61 60 841
61 64 48
62 26 661
62 59 48
62 65 48
63 26 180
63 60 48
63 64 841
63 66 48
64 61 48
64 63 841
64 67 48
65 24 323
65 62 48
65 68 48
66 24 518
66 63 48
66 67 841
66 69 48
67 64 48
67 66 841
67 70 48
68 33 362
68 65 48
69 33 479
69 66 48
69 70 841
70 67 48
70 69 841
//LocStart LocEnd ShortestPath
0 0 0
0 1 891
0 2 496
0 3 1611
0 4 1453
0 5 353
0 6 1516
0 7 1388
0 8 1367
0 9 1449
0 10 1752
0 11 1479
0 12 1285
0 13 647
0 14 1975
0 15 870
0 16 1363
0 17 1623
0 18 959
0 19 1052
0 20 423
0 21 885
0 22 1726
0 23 601
0 24 923
0 25 1086
0 26 1213
0 27 1644
0 28 964
0 29 660
0 30 1094
0 31 1566
0 32 231
0 33 1010
0 34 894
0 35 120
0 36 961
0 37 1802
0 38 168
0 39 1009
0 40 1850
0 41 216
0 42 1057
0 43 1898
0 44 264
0 45 1105
0 46 1946
0 47 312
0 48 1153
0 49 1994
0 50 360
0 51 1201
0 52 2042
0 53 408
0 54 1249
0 55 2090
0 56 456
0 57 1297
0 58 2138
0 59 504
0 60 1345
0 61 2186
0 62 552
0 63 1393
0 64 2234
0 65 600
0 66 1441
0 67 2282
0 68 648
0 69 1489
0 70 2330
0 71 0
1 0 891
1 1 0
1 2 859
1 3 720
1 4 1042
1 5 716
1 6 625
1 7 977
1 8 764
1 9 942
1 10 1341
1 11 1068
1 12 586
1 13 864
1 14 1084
1 15 833
1 16 664
1 17 924
1 18 552
1 19 651
1 20 468
1 21 626
1 22 1315
1 23 772
1 24 1068
1 25 195
1 26 682
1 27 1137
1 28 547
1 29 851
1 30 491
1 31 1059
1 32 786
1 33 1077
1 34 617
1 35 771
1 36 550
1 37 1391
1 38 723
1 39 502
1 40 1343
1 41 675
1 42 454
1 43 1295
1 44 627
1 45 406
1 46 1247
1 47 579
1 48 358
1 49 1199
1 50 531
1 51 310
1 52 1151
1 53 579
1 54 358
1 55 1199
1 56 627
1 57 406
1 58 1247
1 59 675
1 60 454
1 61 1295
1 62 723
1 63 502
1 64 1343
1 65 771
1 66 550
1 67 1391
1 68 819
1 69 598
1 70 1439
1 71 891
2 0 496
2 1 859
2 2 0
2 3 1115
2 4 1245
2 5 143
2 6 1020
2 7 1180
2 8 967
2 9 1145
2 10 1544
2 11 1271
2 12 789
2 13 807
2 14 1479
2 15 838
2 16 867
2 17 1127
2 18 755
2 19 1020
2 20 391
2 21 829
2 22 1518
2 23 569
2 24 891
2 25 820
2 26 1077
2 27 1340
2 28 468
2 29 820
2 30 694
2 31 1262
2 32 391
2 33 978
2 34 820
2 35 376
2 36 753
2 37 1594
2 38 328
2 39 705
2 40 1546
2 41 280
2 42 657
2 43 1498
2 44 232
2 45 609
2 46 1450
2 47 280
2 48 657
2 49 1498
2 50 328
2 51 705
2 52 1546
2 53 376
2 54 753
2 55 1594
2 56 424
2 57 801
2 58 1642
2 59 472
2 60 849
2 61 1690
2 62 520
2 63 897
2 64 1738
2 65 568
2 66 945
2 67 1786
2 68 616
2 69 993
2 70 1834
2 71 496
3 0 1611
3 1 720
3 2 1115
3 3 0
3 4 1116
3 5 1258
3 6 629
3 7 1077
3 8 864
3 9 1042
3 10 817
3 11 1090
3 12 686
3 13 964
3 14 364
3 15 837
3 16 764
3 17 946
3 18 652
3 19 655
3 20 1188
3 21 726
3 22 843
3 23 1010
3 24 1072
3 25 525
3 26 686
3 27 925
3 28 647
3 29 951
3 30 591
3 31 1003
3 32 1380
3 33 1081
3 34 717
3 35 1491
3 36 650
3 37 767
3 38 1443
3 39 602
3 40 719
3 41 1395
3 42 554
3 43 671
3 44 1347
3 45 506
3 46 623
3 47 1299
3 48 458
3 49 575
3 50 1251
3 51 410
3 52 527
3 53 1203
3 54 362
3 55 479
3 56 1251
3 57 410
3 58 527
3 59 1299
3 60 458
3 61 575
3 62 1347
3 63 506
3 64 623
3 65 1395
3 66 554
3 67 671
3 68 1443
3 69 602
3 70 719
3 71 1611
4 0 1453
4 1 1042
4 2 1245
4 3 1116
4 4 0
4 5 1388
4 6 1047
4 7 65
4 8 898
4 9 798
4 10 299
4 11 26
4 12 816
4 13 902
4 14 752
4 15 1255
4 16 894
4 17 816
4 18 590
4 19 1073
4 20 1510
4 21 568
4 22 273
4 23 1428
4 24 1490
4 25 847
4 26 1104
4 27 603
4 28 777
4 29 889
4 30 625
4 31 681
4 32 1318
4 33 1499
4 34 655
4 35 1333
4 36 492
4 37 349
4 38 1381
4 39 540
4 40 397
4 41 1429
4 42 588
4 43 445
4 44 1477
4 45 636
4 46 493
4 47 1525
4 48 684
4 49 541
4 50 1573
4 51 732
4 52 589
4 53 1621
4 54 780
4 55 637
4 56 1669
4 57 828
4 58 685
4 59 1717
4 60 876
4 61 733
4 62 1765
4 63 924
4 64 781
4 65 1813
4 66 972
4 67 829
4 68 1861
4 69 1020
4 70 877
4 71 1453
5 0 353
5 1 716
5 2 143
5 3 1258
5 4 1388
5 5 0
5 6 1163
5 7 1323
5 8 1110
5 9 1288
5 10 1687
5 11 1414
5 12 932
5 13 664
5 14 1622
5 15 695
5 16 1010
5 17 1270
5 18 898
5 19 877
5 20 248
5 21 972
5 22 1661
5 23 426
5 24 748
5 25 911
5 26 1038
5 27 1483
5 28 611
5 29 677
5 30 837
5 31 1405
5 32 248
5 33 835
5 34 911
5 35 233
5 36 896
5 37 1737
5 38 185
5 39 848
5 40 1689
5 41 137
5 42 800
5 43 1641
5 44 89
5 45 752
5 46 1593
5 47 137
5 48 800
5 49 1641
5 50 185
5 51 848
5 52 1689
5 53 233
5 54 896
5 55 1737
5 56 281
5 57 944
5 58 1785
5 59 329
5 60 992
5 61 1833
5 62 377
5 63 1040
5 64 1881
5 65 425
5 66 1088
5 67 1929
5 68 473
5 69 1136
5 70 1977
5 71 353
6 0 1516
6 1 625
6 2 1020
6 3 629
6 4 1047
6 5 1163
6 6 0
6 7 982
6 8 769
6 9 947
6 10 1008
6 11 1073
6 12 591
6 13 869
6 14 785
6 15 646
6 16 669
6 17 929
6 18 557
6 19 464
6 20 1093
6 21 631
6 22 1034
6 23 915
6 24 881
6 25 430
6 26 495
6 27 1116
6 28 552
6 29 856
6 30 496
6 31 1064
6 32 1285
6 33 890
6 34 622
6 35 1396
6 36 555
6 37 958
6 38 1348
6 39 507
6 40 910
6 41 1300
6 42 459
6 43 862
6 44 1252
6 45 411
6 46 814
6 47 1204
6 48 363
6 49 766
6 50 1156
6 51 315
6 52 718
6 53 1108
6 54 267
6 55 670
6 56 1060
6 57 219
6 58 622
6 59 1108
6 60 267
6 61 670
6 62 1156
6 63 315
6 64 718
6 65 1204
6 66 363
6 67 766
6 68 1252
6 69 411
6 70 814
6 71 1516
7 0 1388
7 1 977
7 2 1180
7 3 1077
7 4 65
7 5 1323
7 6 982
7 7 0
7 8 833
7 9 863
7 10 364
7 11 91
7 12 751
7 13 837
7 14 817
7 15 1190
7 16 829
7 17 881
7 18 525
7 19 1008
7 20 1445
7 21 503
7 22 338
7 23 1363
7 24 1425
7 25 782
7 26 1039
7 27 668
7 28 712
7 29 824
7 30 560
7 31 746
7 32 1253
7 33 1434
7 34 590
7 35 1268
7 36 427
7 37 414
7 38 1316
7 39 475
7 40 462
7 41 1364
7 42 523
7 43 510
7 44 1412
7 45 571
7 46 558
7 47 1460
7 48 619
7 49 606
7 50 1508
7 51 667
7 52 654
7 53 1556
7 54 715
7 55 702
7 56 1604
7 57 763
7 58 750
7 59 1652
7 60 811
7 61 798
7 62 1700
7 63 859
7 64 846
7 65 1748
7 66 907
7 67 894
7 68 1796
7 69 955
7 70 942
7 71 1388
8 0 1367
8 1 764
8 2 967
8 3 864
8 4 898
8 5 1110
8 6 769
8 7 833
8 8 0
8 9 798
8 10 677
8 11 924
8 12 538
8 13 720
8 14 838
8 15 977
8 16 616
8 17 876
8 18 408
8 19 795
8 20 1232
8 21 482
8 22 703
8 23 1150
8 24 1212
8 25 569
8 26 826
8 27 785
8 28 499
8 29 707
8 30 273
8 31 863
8 32 1136
8 33 1221
8 34 473
8 35 1247
8 36 406
8 37 627
8 38 1199
8 39 358
8 40 579
8 41 1151
8 42 310
8 43 531
8 44 1199
8 45 358
8 46 579
8 47 1247
8 48 406
8 49 627
8 50 1295
8 51 454
8 52 675
8 53 1343
8 54 502
8 55 723
8 56 1391
8 57 550
8 58 771
8 59 1439
8 60 598
8 61 819
8 62 1487
8 63 646
8 64 867
8 65 1535
8 66 694
8 67 915
8 68 1583
8 69 742
8 70 963
8 71 1367
9 0 1449
9 1 942
9 2 1145
9 3 1042
9 4 798
9 5 1288
9 6 947
9 7 863
9 8 798
9 9 0
9 10 499
9 11 772
9 12 716
9 13 802
9 14 756
9 15 1155
9 16 794
9 17 820
9 18 490
9 19 973
9 20 1410
9 21 564
9 22 525
9 23 1328
9 24 1390
9 25 747
9 26 1004
9 27 195
9 28 677
9 29 789
9 30 525
9 31 117
9 32 1218
9 33 1399
9 34 555
9 35 1329
9 36 488
9 37 449
9 38 1281
9 39 440
9 40 401
9 41 1329
9 42 488
9 43 449
9 44 1377
9 45 536
9 46 497
9 47 1425
9 48 584
9 49 545
9 50 1473
9 51 632
9 52 593
9 53 1521
9 54 680
9 55 641
9 56 1569
9 57 728
9 58 689
9 59 1617
9 60 776
9 61 737
9 62 1665
9 63 824
9 64 785
9 65 1713
9 66 872
9 67 833
9 68 1761
9 69 920
9 70 881
9 71 1449
10 0 1752
10 1 1341
10 2 1544
10 3 817
10 4 299
10 5 1687
10 6 1008
10 7 364
10 8 677
10 9 499
10 10 0
10 11 273
10 12 855
10 13 1201
10 14 453
10 15 1554
10 16 777
10 17 517
10 18 889
10 19 1372
10 20 1809
10 21 867
10 22 26
10 23 1727
10 24 1789
10 25 1146
10 26 1403
10 27 304
10 28 1076
10 29 1188
10 30 924
10 31 382
10 32 1617
10 33 1798
10 34 954
10 35 1632
10 36 791
10 37 50
10 38 1680
10 39 839
10 40 98
10 41 1728
10 42 887
10 43 146
10 44 1776
10 45 935
10 46 194
10 47 1824
10 48 983
10 49 242
10 50 1872
10 51 1031
10 52 290
10 53 1920
10 54 1079
10 55 338
10 56 1968
10 57 1127
10 58 386
10 59 2016
10 60 1175
10 61 434
10 62 2064
10 63 1223
10 64 482
10 65 2112
10 66 1271
10 67 530
10 68 2160
10 69 1319
10 70 578
10 71 1752
11 0 1479
11 1 1068
11 2 1271
11 3 1090
11 4 26
11 5 1414
11 6 1073
11 7 91
11 8 924
11 9 772
11 10 273
11 11 0
11 12 842
11 13 928
11 14 726
11 15 1281
11 16 920
11 17 790
11 18 616
11 19 1099
11 20 1536
11 21 594
11 22 247
11 23 1454
11 24 1516
11 25 873
11 26 1130
11 27 577
11 28 803
11 29 915
11 30 651
11 31 655
11 32 1344
11 33 1525
11 34 681
11 35 1359
11 36 518
11 37 323
11 38 1407
11 39 566
11 40 371
11 41 1455
11 42 614
11 43 419
11 44 1503
11 45 662
11 46 467
11 47 1551
11 48 710
11 49 515
11 50 1599
11 51 758
11 52 563
11 53 1647
11 54 806
11 55 611
11 56 1695
11 57 854
11 58 659
11 59 1743
11 60 902
11 61 707
11 62 1791
11 63 950
11 64 755
11 65 1839
11 66 998
11 67 803
11 68 1887
11 69 1046
11 70 851
11 71 1479
12 0 1285
12 1 586
12 2 789
12 3 686
12 4 816
12 5 932
12 6 591
12 7 751
12 8 538
12 9 716
12 10 855
12 11 842
12 12 0
12 13 638
12 14 920
12 15 799
12 16 78
12 17 338
12 18 326
12 19 617
12 20 1054
12 21 400
12 22 881
12 23 972
12 24 1034
12 25 391
12 26 648
12 27 911
12 28 321
12 29 625
12 30 265
12 31 833
12 32 1054
12 33 1043
12 34 391
12 35 1165
12 36 324
12 37 805
12 38 1117
12 39 276
12 40 757
12 41 1069
12 42 228
12 43 709
12 44 1021
12 45 180
12 46 661
12 47 1069
12 48 228
12 49 709
12 50 1117
12 51 276
12 52 757
12 53 1165
12 54 324
12 55 805
12 56 1213
12 57 372
12 58 853
12 59 1261
12 60 420
12 61 901
12 62 1309
12 63 468
12 64 949
12 65 1357
12 66 516
12 67 997
12 68 1405
12 69 564
12 70 1045
12 71 1285
13 0 647
13 1 864
13 2 807
13 3 964
13 4 902
13 5 664
13 6 869
13 7 837
13 8 720
13 9 802
13 10 1201
13 11 928
13 12 638
13 13 0
13 14 1328
13 15 1077
13 16 716
13 17 976
13 18 312
13 19 895
13 20 734
13 21 486
13 22 1175
13 23 912
13 24 1234
13 25 669
13 26 926
13 27 997
13 28 599
13 29 13
13 30 447
13 31 919
13 32 416
13 33 1321
13 34 247
13 35 527
13 36 410
13 37 1251
13 38 479
13 39 362
13 40 1203
13 41 527
13 42 410
13 43 1251
13 44 575
13 45 458
13 46 1299
13 47 623
13 48 506
13 49 1347
13 50 671
13 51 554
13 52 1395
13 53 719
13 54 602
13 55 1443
13 56 767
13 57 650
13 58 1491
13 59 815
13 60 698
13 61 1539
13 62 863
13 63 746
13 64 1587
13 65 911
13 66 794
13 67 1635
13 68 959
13 69 842
13 70 1683
13 71 647
14 0 1975
14 1 1084
14 2 1479
14 3 364
14 4 752
14 5 1622
14 6 785
14 7 817
14 8 838
14 9 756
14 10 453
14 11 726
14 12 920
14 13 1328
14 14 0
14 15 1201
14 16 842
14 17 582
14 18 1016
14 19 1019
14 20 1552
14 21 1090
14 22 479
14 23 1374
14 24 1436
14 25 889
14 26 1050
14 27 561
14 28 1011
14 29 1315
14 30 955
14 31 639
14 32 1744
14 33 1445
14 34 1081
14 35 1855
14 36 1014
14 37 403
14 38 1807
14 39 966
14 40 355
14 41 1759
14 42 918
14 43 307
14 44 1711
14 45 870
14 46 259
14 47 1663
14 48 822
14 49 211
14 50 1615
14 51 774
14 52 163
14 53 1567
14 54 726
14 55 115
14 56 1615
14 57 774
14 58 163
14 59 1663
14 60 822
14 61 211
14 62 1711
14 63 870
14 64 259
14 65 1759
14 66 918
14 67 307
14 68 1807
14 69 966
14 70 355
14 71 1975
15 0 870
15 1 833
15 2 838
15 3 837
15 4 1255
15 5 695
15 6 646
15 7 1190
15 8 977
15 9 1155
15 10 1554
15 11 1281
15 12 799
15 13 1077
15 14 1201
15 15 0
15 16 877
15 17 1137
15 18 765
15 19 182
15 20 573
15 21 839
15 22 1528
15 23 655
15 24 881
15 25 638
15 26 703
15 27 1350
15 28 760
15 29 1064
15 30 704
15 31 1272
15 32 765
15 33 968
15 34 830
15 35 750
15 36 763
15 37 1604
15 38 702
15 39 715
15 40 1556
15 41 654
15 42 667
15 43 1508
15 44 606
15 45 619
15 46 1460
15 47 558
15 48 571
15 49 1412
15 50 510
15 51 523
15 52 1364
15 53 462
15 54 475
15 55 1316
15 56 414
15 57 427
15 58 1268
15 59 462
15 60 475
15 61 1316
15 62 510
15 63 523
15 64 1364
15 65 558
15 66 571
15 67 1412
15 68 606
15 69 619
15 70 1460
15 71 870
16 0 1363
16 1 664
16 2 867
16 3 764
16 4 894
16 5 1010
16 6 669
16 7 829
16 8 616
16 9 794
16 10 777
16 11 920
16 12 78
16 13 716
16 14 842
16 15 877
16 16 0
16 17 260
16 18 404
16 19 695
16 20 1132
16 21 478
16 22 803
16 23 1050
16 24 1112
16 25 469
16 26 726
16 27 885
16 28 399
16 29 703
16 30 343
16 31 911
16 32 1132
16 33 1121
16 34 469
16 35 1243
16 36 402
16 37 727
16 38 1195
16 39 354
16 40 679
16 41 1147
16 42 306
16 43 631
16 44 1099
16 45 258
16 46 583
16 47 1147
16 48 306
16 49 631
16 50 1195
16 51 354
16 52 679
16 53 1243
16 54 402
16 55 727
16 56 1291
16 57 450
16 58 775
16 59 1339
16 60 498
16 61 823
16 62 1387
16 63 546
16 64 871
16 65 1435
16 66 594
16 67 919
16 68 1483
16 69 642
16 70 967
16 71 1363
17 0 1623
17 1 924
17 2 1127
17 3 946
17 4 816
17 5 1270
17 6 929
17 7 881
17 8 876
17 9 820
17 10 517
17 11 790
17 12 338
17 13 976
17 14 582
17 15 1137
17 16 260
17 17 0
17 18 664
17 19 955
17 20 1392
17 21 738
17 22 543
17 23 1310
17 24 1372
17 25 729
17 26 986
17 27 625
17 28 659
17 29 963
17 30 603
17 31 703
17 32 1392
17 33 1381
17 34 729
17 35 1503
17 36 662
17 37 467
17 38 1455
17 39 614
17 40 419
17 41 1407
17 42 566
17 43 371
17 44 1359
17 45 518
17 46 323
17 47 1407
17 48 566
17 49 371
17 50 1455
17 51 614
17 52 419
17 53 1503
17 54 662
17 55 467
17 56 1551
17 57 710
17 58 515
17 59 1599
17 60 758
17 61 563
17 62 1647
17 63 806
17 64 611
17 65 1695
17 66 854
17 67 659
17 68 1743
17 69 902
17 70 707
17 71 1623
18 0 959
18 1 552
18 2 755
18 3 652
18 4 590
18 5 898
18 6 557
18 7 525
18 8 408
18 9 490
18 10 889
18 11 616
18 12 326
18 13 312
18 14 1016
18 15 765
18 16 404
18 17 664
18 18 0
18 19 583
18 20 1020
18 21 174
18 22 863
18 23 938
18 24 1000
18 25 357
18 26 614
18 27 685
18 28 287
18 29 299
18 30 135
18 31 607
18 32 728
18 33 1009
18 34 65
18 35 839
18 36 98
18 37 939
18 38 791
18 39 50
18 40 891
18 41 839
18 42 98
18 43 939
18 44 887
18 45 146
18 46 987
18 47 935
18 48 194
18 49 1035
18 50 983
18 51 242
18 52 1083
18 53 1031
18 54 290
18 55 1131
18 56 1079
18 57 338
18 58 1179
18 59 1127
18 60 386
18 61 1227
18 62 1175
18 63 434
18 64 1275
18 65 1223
18 66 482
18 67 1323
18 68 1271
18 69 530
18 70 1371
18 71 959
19 0 1052
19 1 651
19 2 1020
19 3 655
19 4 1073
19 5 877
19 6 464
19 7 1008
19 8 795
19 9 973
19 10 1372
19 11 1099
19 12 617
19 13 895
19 14 1019
19 15 182
19 16 695
19 17 955
19 18 583
19 19 0
19 20 755
19 21 657
19 22 1346
19 23 837
19 24 907
19 25 456
19 26 521
19 27 1168
19 28 578
19 29 882
19 30 522
19 31 1090
19 32 947
19 33 916
19 34 648
19 35 932
19 36 581
19 37 1422
19 38 884
19 39 533
19 40 1374
19 41 836
19 42 485
19 43 1326
19 44 788
19 45 437
19 46 1278
19 47 740
19 48 389
19 49 1230
19 50 692
19 51 341
19 52 1182
19 53 644
19 54 293
19 55 1134
19 56 596
19 57 245
19 58 1086
19 59 644
19 60 293
19 61 1134
19 62 692
19 63 341
19 64 1182
19 65 740
19 66 389
19 67 1230
19 68 788
19 69 437
19 70 1278
19 71 1052
20 0 423
20 1 468
20 2 391
20 3 1188
20 4 1510
20 5 248
20 6 1093
20 7 1445
20 8 1232
20 9 1410
20 10 1809
20 11 1536
20 12 1054
20 13 734
20 14 1552
20 15 573
20 16 1132
20 17 1392
20 18 1020
20 19 755
20 20 0
20 21 1068
20 22 1783
20 23 304
20 24 626
20 25 663
20 26 916
20 27 1605
20 28 859
20 29 747
20 30 959
20 31 1527
20 32 318
20 33 713
20 34 981
20 35 303
20 36 1018
20 37 1859
20 38 255
20 39 970
20 40 1811
20 41 207
20 42 922
20 43 1763
20 44 159
20 45 874
20 46 1715
20 47 111
20 48 826
20 49 1667
20 50 63
20 51 778
20 52 1619
20 53 111
20 54 826
20 55 1667
20 56 159
20 57 874
20 58 1715
20 59 207
20 60 922
20 61 1763
20 62 255
20 63 970
20 64 1811
20 65 303
20 66 1018
20 67 1859
20 68 351
20 69 1066
20 70 1907
20 71 423
21 0 885
21 1 626
21 2 829
21 3 726
21 4 568
21 5 972
21 6 631
21 7 503
21 8 482
21 9 564
21 10 867
21 11 594
21 12 400
21 13 486
21 14 1090
21 15 839
21 16 478
21 17 738
21 18 174
21 19 657
21 20 1068
21 21 0
21 22 841
21 23 1012
21 24 1074
21 25 431
21 26 688
21 27 759
21 28 361
21 29 473
21 30 209
21 31 681
21 32 876
21 33 1083
21 34 239
21 35 765
21 36 76
21 37 917
21 38 813
21 39 124
21 40 965
21 41 861
21 42 172
21 43 1013
21 44 909
21 45 220
21 46 1061
21 47 957
21 48 268
21 49 1109
21 50 1005
21 51 316
21 52 1157
21 53 1053
21 54 364
21 55 1205
21 56 1101
21 57 412
21 58 1253
21 59 1149
21 60 460
21 61 1301
21 62 1197
21 63 508
21 64 1349
21 65 1245
21 66 556
21 67 1397
21 68 1293
21 69 604
21 70 1445
21 71 885
22 0 1726
22 1 1315
22 2 1518
22 3 843
22 4 273
22 5 1661
22 6 1034
22 7 338
22 8 703
22 9 525
22 10 26
22 11 247
22 12 881
22 13 1175
22 14 479
22 15 1528
22 16 803
22 17 543
22 18 863
22 19 1346
22 20 1783
22 21 841
22 22 0
22 23 1701
22 24 1763
22 25 1120
22 26 1377
22 27 330
22 28 1050
22 29 1162
22 30 898
22 31 408
22 32 1591
22 33 1772
22 34 928
22 35 1606
22 36 765
22 37 76
22 38 1654
22 39 813
22 40 124
22 41 1702
22 42 861
22 43 172
22 44 1750
22 45 909
22 46 220
22 47 1798
22 48 957
22 49 268
22 50 1846
22 51 1005
22 52 316
22 53 1894
22 54 1053
22 55 364
22 56 1942
22 57 1101
22 58 412
22 59 1990
22 60 1149
22 61 460
22 62 2038
22 63 1197
22 64 508
22 65 2086
22 66 1245
22 67 556
22 68 2134
22 69 1293
22 70 604
22 71 1726
23 0 601
23 1 772
23 2 569
23 3 1010
23 4 1428
23 5 426
23 6 915
23 7 1363
23 8 1150
23 9 1328
23 10 1727
23 11 1454
23 12 972
23 13 912
23 14 1374
23 15 655
23 16 1050
23 17 1310
23 18 938
23 19 837
23 20 304
23 21 1012
23 22 1701
23 23 0
23 24 708
23 25 811
23 26 972
23 27 1523
23 28 933
23 29 925
23 30 877
23 31 1445
23 32 496
23 33 795
23 34 1003
23 35 481
23 36 936
23 37 1777
23 38 433
23 39 888
23 40 1729
23 41 385
23 42 840
23 43 1681
23 44 337
23 45 792
23 46 1633
23 47 289
23 48 744
23 49 1585
23 50 241
23 51 696
23 52 1537
23 53 193
23 54 648
23 55 1489
23 56 241
23 57 696
23 58 1537
23 59 289
23 60 744
23 61 1585
23 62 337
23 63 792
23 64 1633
23 65 385
23 66 840
23 67 1681
23 68 433
23 69 888
23 70 1729
23 71 601
24 0 923
24 1 1068
24 2 891
24 3 1072
24 4 1490
24 5 748
24 6 881
24 7 1425
24 8 1212
24 9 1390
24 10 1789
24 11 1516
24 12 1034
24 13 1234
24 14 1436
24 15 881
24 16 1112
24 17 1372
24 18 1000
24 19 907
24 20 626
24 21 1074
24 22 1763
24 23 708
24 24 0
24 25 873
24 26 746
24 27 1585
24 28 995
24 29 1247
24 30 939
24 31 1507
24 32 818
24 33 733
24 34 1065
24 35 803
24 36 998
24 37 1839
24 38 755
24 39 950
24 40 1791
24 41 707
24 42 902
24 43 1743
24 44 659
24 45 854
24 46 1695
24 47 611
24 48 806
24 49 1647
24 50 563
24 51 758
24 52 1599
24 53 515
24 54 710
24 55 1551
24 56 467
24 57 662
24 58 1503
24 59 419
24 60 614
24 61 1455
24 62 371
24 63 566
24 64 1407
24 65 323
24 66 518
24 67 1359
24 68 371
24 69 566
24 70 1407
24 71 923
25 0 1086
25 1 195
25 2 820
25 3 525
25 4 847
25 5 911
25 6 430
25 7 782
25 8 569
25 9 747
25 10 1146
25 11 873
25 12 391
25 13 669
25 14 889
25 15 638
25 16 469
25 17 729
25 18 357
25 19 456
25 20 663
25 21 431
25 22 1120
25 23 811
25 24 873
25 25 0
25 26 487
25 27 942
25 28 352
25 29 656
25 30 296
25 31 864
25 32 981
25 33 882
25 34 422
25 35 966
25 36 355
25 37 1196
25 38 918
25 39 307
25 40 1148
25 41 870
25 42 259
25 43 1100
25 44 822
25 45 211
25 46 1052
25 47 774
25 48 163
25 49 1004
25 50 726
25 51 115
25 52 956
25 53 774
25 54 163
25 55 1004
25 56 822
25 57 211
25 58 1052
25 59 870
25 60 259
25 61 1100
25 62 918
25 63 307
25 64 1148
25 65 966
25 66 355
25 67 1196
25 68 1014
25 69 403
25 70 1244
25 71 1086
26 0 1213
26 1 682
26 2 1077
26 3 686
26 4 1104
26 5 1038
26 6 495
26 7 1039
26 8 826
26 9 1004
26 10 1403
26 11 1130
26 12 648
26 13 926
26 14 1050
26 15 703
26 16 726
26 17 986
26 18 614
26 19 521
26 20 916
26 21 688
26 22 1377
26 23 972
26 24 746
26 25 487
26 26 0
26 27 1199
26 28 609
26 29 913
26 30 553
26 31 1121
26 32 1108
26 33 755
26 34 679
26 35 1093
26 36 612
26 37 1453
26 38 1045
26 39 564
26 40 1405
26 41 997
26 42 516
26 43 1357
26 44 949
26 45 468
26 46 1309
26 47 901
26 48 420
26 49 1261
26 50 853
26 51 372
26 52 1213
26 53 805
26 54 324
26 55 1165
26 56 757
26 57 276
26 58 1117
26 59 709
26 60 228
26 61 1069
26 62 661
26 63 180
26 64 1021
26 65 709
26 66 228
26 67 1069
26 68 757
26 69 276
26 70 1117
26 71 1213
27 0 1644
27 1 1137
27 2 1340
27 3 925
27 4 603
27 5 1483
27 6 1116
27 7 668
27 8 785
27 9 195
27 10 304
27 11 577
27 12 911
27 13 997
27 14 561
27 15 1350
27 16 885
27 17 625
27 18 685
27 19 1168
27 20 1605
27 21 759
27 22 330
27 23 1523
27 24 1585
27 25 942
27 26 1199
27 27 0
27 28 872
27 29 984
27 30 720
27 31 78
27 32 1413
27 33 1594
27 34 750
27 35 1524
27 36 683
27 37 254
27 38 1476
27 39 635
27 40 206
27 41 1524
27 42 683
27 43 254
27 44 1572
27 45 731
27 46 302
27 47 1620
27 48 779
27 49 350
27 50 1668
27 51 827
27 52 398
27 53 1716
27 54 875
27 55 446
27 56 1764
27 57 923
27 58 494
27 59 1812
27 60 971
27 61 542
27 62 1860
27 63 1019
27 64 590
27 65 1908
27 66 1067
27 67 638
27 68 1956
27 69 1115
27 70 686
27 71 1644
28 0 964
28 1 547
28 2 468
28 3 647
28 4 777
28 5 611
28 6 552
28 7 712
28 8 499
28 9 677
28 10 1076
28 11 803
28 12 321
28 13 599
28 14 1011
28 15 760
28 16 399
28 17 659
28 18 287
28 19 578
28 20 859
28 21 361
28 22 1050
28 23 933
28 24 995
28 25 352
28 26 609
28 27 872
28 28 0
28 29 586
28 30 226
28 31 794
28 32 859
28 33 1004
28 34 352
28 35 844
28 36 285
28 37 1126
28 38 796
28 39 237
28 40 1078
28 41 748
28 42 189
28 43 1030
28 44 700
28 45 141
28 46 982
28 47 748
28 48 189
28 49 1030
28 50 796
28 51 237
28 52 1078
28 53 844
28 54 285
28 55 1126
28 56 892
28 57 333
28 58 1174
28 59 940
28 60 381
28 61 1222
28 62 988
28 63 429
28 64 1270
28 65 1036
28 66 477
28 67 1318
28 68 1084
28 69 525
28 70 1366
28 71 964
29 0 660
29 1 851
29 2 820
29 3 951
29 4 889
29 5 677
29 6 856
29 7 824
29 8 707
29 9 789
29 10 1188
29 11 915
29 12 625
29 13 13
29 14 1315
29 15 1064
29 16 703
29 17 963
29 18 299
29 19 882
29 20 747
29 21 473
29 22 1162
29 23 925
29 24 1247
29 25 656
29 26 913
29 27 984
29 28 586
29 29 0
29 30 434
29 31 906
29 32 429
29 33 1308
29 34 234
29 35 540
29 36 397
29 37 1238
29 38 492
29 39 349
29 40 1190
29 41 540
29 42 397
29 43 1238
29 44 588
29 45 445
29 46 1286
29 47 636
29 48 493
29 49 1334
29 50 684
29 51 541
29 52 1382
29 53 732
29 54 589
29 55 1430
29 56 780
29 57 637
29 58 1478
29 59 828
29 60 685
29 61 1526
29 62 876
29 63 733
29 64 1574
29 65 924
29 66 781
29 67 1622
29 68 972
29 69 829
29 70 1670
29 71 660
30 0 1094
30 1 491
30 2 694
30 3 591
30 4 625
30 5 837
30 6 496
30 7 560
30 8 273
30 9 525
30 10 924
30 11 651
30 12 265
30 13 447
30 14 955
30 15 704
30 16 343
30 17 603
30 18 135
30 19 522
30 20 959
30 21 209
30 22 898
30 23 877
30 24 939
30 25 296
30 26 553
30 27 720
30 28 226
30 29 434
30 30 0
30 31 642
30 32 863
30 33 948
30 34 200
30 35 974
30 36 133
30 37 900
30 38 926
30 39 85
30 40 852
30 41 878
30 42 37
30 43 804
30 44 926
30 45 85
30 46 852
30 47 974
30 48 133
30 49 900
30 50 1022
30 51 181
30 52 948
30 53 1070
30 54 229
30 55 996
30 56 1118
30 57 277
30 58 1044
30 59 1166
30 60 325
30 61 1092
30 62 1214
30 63 373
30 64 1140
30 65 1262
30 66 421
30 67 1188
30 68 1310
30 69 469
30 70 1236
30 71 1094
31 0 1566
31 1 1059
31 2 1262
31 3 1003
31 4 681
31 5 1405
31 6 1064
31 7 746
31 8 863
31 9 117
31 10 382
31 11 655
31 12 833
31 13 919
31 14 639
31 15 1272
31 16 911
31 17 703
31 18 607
31 19 1090
31 20 1527
31 21 681
31 22 408
31 23 1445
31 24 1507
31 25 864
31 26 1121
31 27 78
31 28 794
31 29 906
31 30 642
31 31 0
31 32 1335
31 33 1516
31 34 672
31 35 1446
31 36 605
31 37 332
31 38 1398
31 39 557
31 40 284
31 41 1446
31 42 605
31 43 332
31 44 1494
31 45 653
31 46 380
31 47 1542
31 48 701
31 49 428
31 50 1590
31 51 749
31 52 476
31 53 1638
31 54 797
31 55 524
31 56 1686
31 57 845
31 58 572
31 59 1734
31 60 893
31 61 620
31 62 1782
31 63 941
31 64 668
31 65 1830
31 66 989
31 67 716
31 68 1878
31 69 1037
31 70 764
31 71 1566
32 0 231
32 1 786
32 2 391
32 3 1380
32 4 1318
32 5 248
32 6 1285
32 7 1253
32 8 1136
32 9 1218
32 10 1617
32 11 1344
32 12 1054
32 13 416
32 14 1744
32 15 765
32 16 1132
32 17 1392
32 18 728
32 19 947
32 20 318
32 21 876
32 22 1591
32 23 496
32 24 818
32 25 981
32 26 1108
32 27 1413
32 28 859
32 29 429
32 30 863
32 31 1335
32 32 0
32 33 905
32 34 663
32 35 111
32 36 826
32 37 1667
32 38 63
32 39 778
32 40 1619
32 41 111
32 42 826
32 43 1667
32 44 159
32 45 874
32 46 1715
32 47 207
32 48 922
32 49 1763
32 50 255
32 51 970
32 52 1811
32 53 303
32 54 1018
32 55 1859
32 56 351
32 57 1066
32 58 1907
32 59 399
32 60 1114
32 61 1955
32 62 447
32 63 1162
32 64 2003
32 65 495
32 66 1210
32 67 2051
32 68 543
32 69 1258
32 70 2099
32 71 231
33 0 1010
33 1 1077
33 2 978
33 3 1081
33 4 1499
33 5 835
33 6 890
33 7 1434
33 8 1221
33 9 1399
33 10 1798
33 11 1525
33 12 1043
33 13 1321
33 14 1445
33 15 968
33 16 1121
33 17 1381
33 18 1009
33 19 916
33 20 713
33 21 1083
33 22 1772
33 23 795
33 24 733
33 25 882
33 26 755
33 27 1594
33 28 1004
33 29 1308
33 30 948
33 31 1516
33 32 905
33 33 0
33 34 1074
33 35 890
33 36 1007
33 37 1848
33 38 842
33 39 959
33 40 1800
33 41 794
33 42 911
33 43 1752
33 44 746
33 45 863
33 46 1704
33 47 698
33 48 815
33 49 1656
33 50 650
33 51 767
33 52 1608
33 53 602
33 54 719
33 55 1560
33 56 554
33 57 671
33 58 1512
33 59 506
33 60 623
33 61 1464
33 62 458
33 63 575
33 64 1416
33 65 410
33 66 527
33 67 1368
33 68 362
33 69 479
33 70 1320
33 71 1010
34 0 894
34 1 617
34 2 820
34 3 717
34 4 655
34 5 911
34 6 622
34 7 590
34 8 473
34 9 555
34 10 954
34 11 681
34 12 391
34 13 247
34 14 1081
34 15 830
34 16 469
34 17 729
34 18 65
34 19 648
34 20 981
34 21 239
34 22 928
34 23 1003
34 24 1065
34 25 422
34 26 679
34 27 750
34 28 352
34 29 234
34 30 200
34 31 672
34 32 663
34 33 1074
34 34 0
34 35 774
34 36 163
34 37 1004
34 38 726
34 39 115
34 40 956
34 41 774
34 42 163
34 43 1004
34 44 822
34 45 211
34 46 1052
34 47 870
34 48 259
34 49 1100
34 50 918
34 51 307
34 52 1148
34 53 966
34 54 355
34 55 1196
34 56 1014
34 57 403
34 58 1244
34 59 1062
34 60 451
34 61 1292
34 62 1110
34 63 499
34 64 1340
34 65 1158
34 66 547
34 67 1388
34 68 1206
34 69 595
34 70 1436
34 71 894
35 0 120
35 1 771
35 2 376
35 3 1491
35 4 1333
35 5 233
35 6 1396
35 7 1268
35 8 1247
35 9 1329
35 10 1632
35 11 1359
35 12 1165
35 13 527
35 14 1855
35 15 750
35 16 1243
35 17 1503
35 18 839
35 19 932
35 20 303
35 21 765
35 22 1606
35 23 481
35 24 803
35 25 966
35 26 1093
35 27 1524
35 28 844
35 29 540
35 30 974
35 31 1446
35 32 111
35 33 890
35 34 774
35 35 0
35 36 841
35 37 1682
35 38 48
35 39 889
35 40 1730
35 41 96
35 42 937
35 43 1778
35 44 144
35 45 985
35 46 1826
35 47 192
35 48 1033
35 49 1874
35 50 240
35 51 1081
35 52 1922
35 53 288
35 54 1129
35 55 1970
35 56 336
35 57 1177
35 58 2018
35 59 384
35 60 1225
35 61 2066
35 62 432
35 63 1273
35 64 2114
35 65 480
35 66 1321
35 67 2162
35 68 528
35 69 1369
35 70 2210
35 71 120
36 0 961
36 1 550
36 2 753
36 3 650
36 4 492
36 5 896
36 6 555
36 7 427
36 8 406
36 9 488
36 10 791
36 11 518
36 12 324
36 13 410
36 14 1014
36 15 763
36 16 402
36 17 662
36 18 98
36 19 581
36 20 1018
36 21 76
36 22 765
36 23 936
36 24 998
36 25 355
36 26 612
36 27 683
36 28 285
36 29 397
36 30 133
36 31 605
36 32 826
36 33 1007
36 34 163
36 35 841
36 36 0
36 37 841
36 38 889
36 39 48
36 40 889
36 41 937
36 42 96
36 43 937
36 44 985
36 45 144
36 46 985
36 47 1033
36 48 192
36 49 1033
36 50 1081
36 51 240
36 52 1081
36 53 1129
36 54 288
36 55 1129
36 56 1177
36 57 336
36 58 1177
36 59 1225
36 60 384
36 61 1225
36 62 1273
36 63 432
36 64 1273
36 65 1321
36 66 480
36 67 1321
36 68 1369
36 69 528
36 70 1369
36 71 961
37 0 1802
37 1 1391
37 2 1594
37 3 767
37 4 349
37 5 1737
37 6 958
37 7 414
37 8 627
37 9 449
37 10 50
37 11 323
37 12 805
37 13 1251
37 14 403
37 15 1604
37 16 727
37 17 467
37 18 939
37 19 1422
37 20 1859
37 21 917
37 22 76
37 23 1777
37 24 1839
37 25 1196
37 26 1453
37 27 254
37 28 1126
37 29 1238
37 30 900
37 31 332
37 32 1667
37 33 1848
37 34 1004
37 35 1682
37 36 841
37 37 0
37 38 1730
37 39 889
37 40 48
37 41 1778
37 42 937
37 43 96
37 44 1826
37 45 985
37 46 144
37 47 1874
37 48 1033
37 49 192
37 50 1922
37 51 1081
37 52 240
37 53 1970
37 54 1129
37 55 288
37 56 2018
37 57 1177
37 58 336
37 59 2066
37 60 1225
37 61 384
37 62 2114
37 63 1273
37 64 432
37 65 2162
37 66 1321
37 67 480
37 68 2210
37 69 1369
37 70 528
37 71 1802
38 0 168
38 1 723
38 2 328
38 3 1443
38 4 1381
38 5 185
38 6 1348
38 7 1316
38 8 1199
38 9 1281
38 10 1680
38 11 1407
38 12 1117
38 13 479
38 14 1807
38 15 702
38 16 1195
38 17 1455
38 18 791
38 19 884
38 20 255
38 21 813
38 22 1654
38 23 433
38 24 755
38 25 918
38 26 1045
38 27 1476
38 28 796
38 29 492
38 30 926
38 31 1398
38 32 63
38 33 842
38 34 726
38 35 48
38 36 889
38 37 1730
38 38 0
38 39 841
38 40 1682
38 41 48
38 42 889
38 43 1730
38 44 96
38 45 937
38 46 1778
38 47 144
38 48 985
38 49 1826
38 50 192
38 51 1033
38 52 1874
38 53 240
38 54 1081
38 55 1922
38 56 288
38 57 1129
38 58 1970
38 59 336
38 60 1177
38 61 2018
38 62 384
38 63 1225
38 64 2066
38 65 432
38 66 1273
38 67 2114
38 68 480
38 69 1321
38 70 2162
38 71 168
39 0 1009
39 1 502
39 2 705
39 3 602
39 4 540
39 5 848
39 6 507
39 7 475
39 8 358
39 9 440
39 10 839
39 11 566
39 12 276
39 13 362
39 14 966
39 15 715
39 16 354
39 17 614
39 18 50
39 19 533
39 20 970
39 21 124
39 22 813
39 23 888
39 24 950
39 25 307
39 26 564
39 27 635
39 28 237
39 29 349
39 30 85
39 31 557
39 32 778
39 33 959
39 34 115
39 35 889
39 36 48
39 37 889
39 38 841
39 39 0
39 40 841
39 41 889
39 42 48
39 43 889
39 44 937
39 45 96
39 46 937
39 47 985
39 48 144
39 49 985
39 50 1033
39 51 192
39 52 1033
39 53 1081
39 54 240
39 55 1081
39 56 1129
39 57 288
39 58 1129
39 59 1177
39 60 336
39 61 1177
39 62 1225
39 63 384
39 64 1225
39 65 1273
39 66 432
39 67 1273
39 68 1321
39 69 480
39 70 1321
39 71 1009
40 0 1850
40 1 1343
40 2 1546
40 3 719
40 4 397
40 5 1689
40 6 910
40 7 462
40 8 579
40 9 401
40 10 98
40 11 371
40 12 757
40 13 1203
40 14 355
40 15 1556
40 16 679
40 17 419
40 18 891
40 19 1374
40 20 1811
40 21 965
40 22 124
40 23 1729
40 24 1791
40 25 1148
40 26 1405
40 27 206
40 28 1078
40 29 1190
40 30 852
40 31 284
40 32 1619
40 33 1800
40 34 956
40 35 1730
40 36 889
40 37 48
40 38 1682
40 39 841
40 40 0
40 41 1730
40 42 889
40 43 48
40 44 1778
40 45 937
40 46 96
40 47 1826
40 48 985
40 49 144
40 50 1874
40 51 1033
40 52 192
40 53 1922
40 54 1081
40 55 240
40 56 1970
40 57 1129
40 58 288
40 59 2018
40 60 1177
40 61 336
40 62 2066
40 63 1225
40 64 384
40 65 2114
40 66 1273
40 67 432
40 68 2162
40 69 1321
40 70 480
40 71 1850
41 0 216
41 1 675
41 2 280
41 3 1395
41 4 1429
41 5 137
41 6 1300
41 7 1364
41 8 1151
41 9 1329
41 10 1728
41 11 1455
41 12 1069
41 13 527
41 14 1759
41 15 654
41 16 1147
41 17 1407
41 18 839
41 19 836
41 20 207
41 21 861
41 22 1702
41 23 385
41 24 707
41 25 870
41 26 997
41 27 1524
41 28 748
41 29 540
41 30 878
41 31 1446
41 32 111
41 33 794
41 34 774
41 35 96
41 36 937
41 37 1778
41 38 48
41 39 889
41 40 1730
41 41 0
41 42 841
41 43 1682
41 44 48
41 45 889
41 46 1730
41 47 96
41 48 937
41 49 1778
41 50 144
41 51 985
41 52 1826
41 53 192
41 54 1033
41 55 1874
41 56 240
41 57 1081
41 58 1922
41 59 288
41 60 1129
41 61 1970
41 62 336
41 63 1177
41 64 2018
41 65 384
41 66 1225
41 67 2066
41 68 432
41 69 1273
41 70 2114
41 71 216
42 0 1057
42 1 454
42 2 657
42 3 554
42 4 588
42 5 800
42 6 459
42 7 523
42 8 310
42 9 488
42 10 887
42 11 614
42 12 228
42 13 410
42 14 918
42 15 667
42 16 306
42 17 566
42 18 98
42 19 485
42 20 922
42 21 172
42 22 861
42 23 840
42 24 902
42 25 259
42 26 516
42 27 683
42 28 189
42 29 397
42 30 37
42 31 605
42 32 826
42 33 911
42 34 163
42 35 937
42 36 96
42 37 937
42 38 889
42 39 48
42 40 889
42 41 841
42 42 0
42 43 841
42 44 889
42 45 48
42 46 889
42 47 937
42 48 96
42 49 937
42 50 985
42 51 144
42 52 985
42 53 1033
42 54 192
42 55 1033
42 56 1081
42 57 240
42 58 1081
42 59 1129
42 60 288
42 61 1129
42 62 1177
42 63 336
42 64 1177
42 65 1225
42 66 384
42 67 1225
42 68 1273
42 69 432
42 70 1273
42 71 1057
43 0 1898
43 1 1295
43 2 1498
43 3 671
43 4 445
43 5 1641
43 6 862
43 7 510
43 8 531
43 9 449
43 10 146
43 11 419
43 12 709
43 13 1251
43 14 307
43 15 1508
43 16 631
43 17 371
43 18 939
43 19 1326
43 20 1763
43 21 1013
43 22 172
43 23 1681
43 24 1743
43 25 1100
43 26 1357
43 27 254
43 28 1030
43 29 1238
43 30 804
43 31 332
43 32 1667
43 33 1752
43 34 1004
43 35 1778
43 36 937
43 37 96
43 38 1730
43 39 889
43 40 48
43 41 1682
43 42 841
43 43 0
43 44 1730
43 45 889
43 46 48
43 47 1778
43 48 937
43 49 96
43 50 1826
43 51 985
43 52 144
43 53 1874
43 54 1033
43 55 192
43 56 1922
43 57 1081
43 58 240
43 59 1970
43 60 1129
43 61 288
43 62 2018
43 63 1177
43 64 336
43 65 2066
43 66 1225
43 67 384
43 68 2114
43 69 1273
43 70 432
43 71 1898
44 0 264
44 1 627
44 2 232
44 3 1347
44 4 1477
44 5 89
44 6 1252
44 7 1412
44 8 1199
44 9 1377
44 10 1776
44 11 1503
44 12 1021
44 13 575
44 14 1711
44 15 606
44 16 1099
44 17 1359
44 18 887
44 19 788
44 20 159
44 21 909
44 22 1750
44 23 337
44 24 659
44 25 822
44 26 949
44 27 1572
44 28 700
44 29 588
44 30 926
44 31 1494
44 32 159
44 33 746
44 34 822
44 35 144
44 36 985
44 37 1826
44 38 96
44 39 937
44 40 1778
44 41 48
44 42 889
44 43 1730
44 44 0
44 45 841
44 46 1682
44 47 48
44 48 889
44 49 1730
44 50 96
44 51 937
44 52 1778
44 53 144
44 54 985
44 55 1826
44 56 192
44 57 1033
44 58 1874
44 59 240
44 60 1081
44 61 1922
44 62 288
44 63 1129
44 64 1970
44 65 336
44 66 1177
44 67 2018
44 68 384
44 69 1225
44 70 2066
44 71 264
45 0 1105
45 1 406
45 2 609
45 3 506
45 4 636
45 5 752
45 6 411
45 7 571
45 8 358
45 9 536
45 10 935
45 11 662
45 12 180
45 13 458
45 14 870
45 15 619
45 16 258
45 17 518
45 18 146
45 19 437
45 20 874
45 21 220
45 22 909
45 23 792
45 24 854
45 25 211
45 26 468
45 27 731
45 28 141
45 29 445
45 30 85
45 31 653
45 32 874
45 33 863
45 34 211
45 35 985
45 36 144
45 37 985
45 38 937
45 39 96
45 40 937
45 41 889
45 42 48
45 43 889
45 44 841
45 45 0
45 46 841
45 47 889
45 48 48
45 49 889
45 50 937
45 51 96
45 52 937
45 53 985
45 54 144
45 55 985
45 56 1033
45 57 192
45 58 1033
45 59 1081
45 60 240
45 61 1081
45 62 1129
45 63 288
45 64 1129
45 65 1177
45 66 336
45 67 1177
45 68 1225
45 69 384
45 70 1225
45 71 1105
46 0 1946
46 1 1247
46 2 1450
46 3 623
46 4 493
46 5 1593
46 6 814
46 7 558
46 8 579
46 9 497
46 10 194
46 11 467
46 12 661
46 13 1299
46 14 259
46 15 1460
46 16 583
46 17 323
46 18 987
46 19 1278
46 20 1715
46 21 1061
46 22 220
46 23 1633
46 24 1695
46 25 1052
46 26 1309
46 27 302
46 28 982
46 29 1286
46 30 852
46 31 380
46 32 1715
46 33 1704
46 34 1052
46 35 1826
46 36 985
46 37 144
46 38 1778
46 39 937
46 40 96
46 41 1730
46 42 889
46 43 48
46 44 1682
46 45 841
46 46 0
46 47 1730
46 48 889
46 49 48
46 50 1778
46 51 937
46 52 96
46 53 1826
46 54 985
46 55 144
46 56 1874
46 57 1033
46 58 192
46 59 1922
46 60 1081
46 61 240
46 62 1970
46 63 1129
46 64 288
46 65 2018
46 66 1177
46 67 336
46 68 2066
46 69 1225
46 70 384
46 71 1946
47 0 312
47 1 579
47 2 280
47 3 1299
47 4 1525
47 5 137
47 6 1204
47 7 1460
47 8 1247
47 9 1425
47 10 1824
47 11 1551
47 12 1069
47 13 623
47 14 1663
47 15 558
47 16 1147
47 17 1407
47 18 935
47 19 740
47 20 111
47 21 957
47 22 1798
47 23 289
47 24 611
47 25 774
47 26 901
47 27 1620
47 28 748
47 29 636
47 30 974
47 31 1542
47 32 207
47 33 698
47 34 870
47 35 192
47 36 1033
47 37 1874
47 38 144
47 39 985
47 40 1826
47 41 96
47 42 937
47 43 1778
47 44 48
47 45 889
47 46 1730
47 47 0
47 48 841
47 49 1682
47 50 48
47 51 889
47 52 1730
47 53 96
47 54 937
47 55 1778
47 56 144
47 57 985
47 58 1826
47 59 192
47 60 1033
47 61 1874
47 62 240
47 63 1081
47 64 1922
47 65 288
47 66 1129
47 67 1970
47 68 336
47 69 1177
47 70 2018
47 71 312
48 0 1153
48 1 358
48 2 657
48 3 458
48 4 684
48 5 800
48 6 363
48 7 619
48 8 406
48 9 584
48 10 983
48 11 710
48 12 228
48 13 506
48 14 822
48 15 571
48 16 306
48 17 566
48 18 194
48 19 389
48 20 826
48 21 268
48 22 957
48 23 744
48 24 806
48 25 163
48 26 420
48 27 779
48 28 189
48 29 493
48 30 133
48 31 701
48 32 922
48 33 815
48 34 259
48 35 1033
48 36 192
48 37 1033
48 38 985
48 39 144
48 40 985
48 41 937
48 42 96
48 43 937
48 44 889
48 45 48
48 46 889
48 47 841
48 48 0
48 49 841
48 50 889
48 51 48
48 52 889
48 53 937
48 54 96
48 55 937
48 56 985
48 57 144
48 58 985
48 59 1033
48 60 192
48 61 1033
48 62 1081
48 63 240
48 64 1081
48 65 1129
48 66 288
48 67 1129
48 68 1177
48 69 336
48 70 1177
48 71 1153
49 0 1994
49 1 1199
49 2 1498
49 3 575
49 4 541
49 5 1641
49 6 766
49 7 606
49 8 627
49 9 545
49 10 242
49 11 515
49 12 709
49 13 1347
49 14 211
49 15 1412
49 16 631
49 17 371
49 18 1035
49 19 1230
49 20 1667
49 21 1109
49 22 268
49 23 1585
49 24 1647
49 25 1004
49 26 1261
49 27 350
49 28 1030
49 29 1334
49 30 900
49 31 428
49 32 1763
49 33 1656
49 34 1100
49 35 1874
49 36 1033
49 37 192
49 38 1826
49 39 985
49 40 144
49 41 1778
49 42 937
49 43 96
49 44 1730
49 45 889
49 46 48
49 47 1682
49 48 841
49 49 0
49 50 1730
49 51 889
49 52 48
49 53 1778
49 54 937
49 55 96
49 56 1826
49 57 985
49 58 144
49 59 1874
49 60 1033
49 61 192
49 62 1922
49 63 1081
49 64 240
49 65 1970
49 66 1129
49 67 288
49 68 2018
49 69 1177
49 70 336
49 71 1994
50 0 360
50 1 531
50 2 328
50 3 1251
50 4 1573
50 5 185
50 6 1156
50 7 1508
50 8 1295
50 9 1473
50 10 1872
50 11 1599
50 12 1117
50 13 671
50 14 1615
50 15 510
50 16 1195
50 17 1455
50 18 983
50 19 692
50 20 63
50 21 1005
50 22 1846
50 23 241
50 24 563
50 25 726
50 26 853
50 27 1668
50 28 796
50 29 684
50 30 1022
50 31 1590
50 32 255
50 33 650
50 34 918
50 35 240
50 36 1081
50 37 1922
50 38 192
50 39 1033
50 40 1874
50 41 144
50 42 985
50 43 1826
50 44 96
50 45 937
50 46 1778
50 47 48
50 48 889
50 49 1730
50 50 0
50 51 841
50 52 1682
50 53 48
50 54 889
50 55 1730
50 56 96
50 57 937
50 58 1778
50 59 144
50 60 985
50 61 1826
50 62 192
50 63 1033
50 64 1874
50 65 240
50 66 1081
50 67 1922
50 68 288
50 69 1129
50 70 1970
50 71 360
51 0 1201
51 1 310
51 2 705
51 3 410
51 4 732
51 5 848
51 6 315
51 7 667
51 8 454
51 9 632
51 10 1031
51 11 758
51 12 276
51 13 554
51 14 774
51 15 523
51 16 354
51 17 614
51 18 242
51 19 341
51 20 778
51 21 316
51 22 1005
51 23 696
51 24 758
51 25 115
51 26 372
51 27 827
51 28 237
51 29 541
51 30 181
51 31 749
51 32 970
51 33 767
51 34 307
51 35 1081
51 36 240
51 37 1081
51 38 1033
51 39 192
51 40 1033
51 41 985
51 42 144
51 43 985
51 44 937
51 45 96
51 46 937
51 47 889
51 48 48
51 49 889
51 50 841
51 51 0
51 52 841
51 53 889
51 54 48
51 55 889
51 56 937
51 57 96
51 58 937
51 59 985
51 60 144
51 61 985
51 62 1033
51 63 192
51 64 1033
51 65 1081
51 66 240
51 67 1081
51 68 1129
51 69 288
51 70 1129
51 71 1201
52 0 2042
52 1 1151
52 2 1546
52 3 527
52 4 589
52 5 1689
52 6 718
52 7 654
52 8 675
52 9 593
52 10 290
52 11 563
52 12 757
52 13 1395
52 14 163
52 15 1364
52 16 679
52 17 419
52 18 1083
52 19 1182
52 20 1619
52 21 1157
52 22 316
52 23 1537
52 24 1599
52 25 956
52 26 1213
52 27 398
52 28 1078
52 29 1382
52 30 948
52 31 476
52 32 1811
52 33 1608
52 34 1148
52 35 1922
52 36 1081
52 37 240
52 38 1874
52 39 1033
52 40 192
52 41 1826
52 42 985
52 43 144
52 44 1778
52 45 937
52 46 96
52 47 1730
52 48 889
52 49 48
52 50 1682
52 51 841
52 52 0
52 53 1730
52 54 889
52 55 48
52 56 1778
52 57 937
52 58 96
52 59 1826
52 60 985
52 61 144
52 62 1874
52 63 1033
52 64 192
52 65 1922
52 66 1081
52 67 240
52 68 1970
52 69 1129
52 70 288
52 71 2042
53 0 408
53 1 579
53 2 376
53 3 1203
53 4 1621
53 5 233
53 6 1108
53 7 1556
53 8 1343
53 9 1521
53 10 1920
53 11 1647
53 12 1165
53 13 719
53 14 1567
53 15 462
53 16 1243
53 17 1503
53 18 1031
53 19 644
53 20 111
53 21 1053
53 22 1894
53 23 193
53 24 515
53 25 774
53 26 805
53 27 1716
53 28 844
53 29 732
53 30 1070
53 31 1638
53 32 303
53 33 602
53 34 966
53 35 288
53 36 1129
53 37 1970
53 38 240
53 39 1081
53 40 1922
53 41 192
53 42 1033
53 43 1874
53 44 144
53 45 985
53 46 1826
53 47 96
53 48 937
53 49 1778
53 50 48
53 51 889
53 52 1730
53 53 0
53 54 841
53 55 1682
53 56 48
53 57 889
53 58 1730
53 59 96
53 60 937
53 61 1778
53 62 144
53 63 985
53 64 1826
53 65 192
53 66 1033
53 67 1874
53 68 240
53 69 1081
53 70 1922
53 71 408
54 0 1249
54 1 358
54 2 753
54 3 362
54 4 780
54 5 896
54 6 267
54 7 715
54 8 502
54 9 680
54 10 1079
54 11 806
54 12 324
54 13 602
54 14 726
54 15 475
54 16 402
54 17 662
54 18 290
54 19 293
54 20 826
54 21 364
54 22 1053
54 23 648
54 24 710
54 25 163
54 26 324
54 27 875
54 28 285
54 29 589
54 30 229
54 31 797
54 32 1018
54 33 719
54 34 355
54 35 1129
54 36 288
54 37 1129
54 38 1081
54 39 240
54 40 1081
54 41 1033
54 42 192
54 43 1033
54 44 985
54 45 144
54 46 985
54 47 937
54 48 96
54 49 937
54 50 889
54 51 48
54 52 889
54 53 841
54 54 0
54 55 841
54 56 889
54 57 48
54 58 889
54 59 937
54 60 96
54 61 937
54 62 985
54 63 144
54 64 985
54 65 1033
54 66 192
54 67 1033
54 68 1081
54 69 240
54 70 1081
54 71 1249
55 0 2090
55 1 1199
55 2 1594
55 3 479
55 4 637
55 5 1737
55 6 670
55 7 702
55 8 723
55 9 641
55 10 338
55 11 611
55 12 805
55 13 1443
55 14 115
55 15 1316
55 16 727
55 17 467
55 18 1131
55 19 1134
55 20 1667
55 21 1205
55 22 364
55 23 1489
55 24 1551
55 25 1004
55 26 1165
55 27 446
55 28 1126
55 29 1430
55 30 996
55 31 524
55 32 1859
55 33 1560
55 34 1196
55 35 1970
55 36 1129
55 37 288
55 38 1922
55 39 1081
55 40 240
55 41 1874
55 42 1033
55 43 192
55 44 1826
55 45 985
55 46 144
55 47 1778
55 48 937
55 49 96
55 50 1730
55 51 889
55 52 48
55 53 1682
55 54 841
55 55 0
55 56 1730
55 57 889
55 58 48
55 59 1778
55 60 937
55 61 96
55 62 1826
55 63 985
55 64 144
55 65 1874
55 66 1033
55 67 192
55 68 1922
55 69 1081
55 70 240
55 71 2090
56 0 456
56 1 627
56 2 424
56 3 1251
56 4 1669
56 5 281
56 6 1060
56 7 1604
56 8 1391
56 9 1569
56 10 1968
56 11 1695
56 12 1213
56 13 767
56 14 1615
56 15 414
56 16 1291
56 17 1551
56 18 1079
56 19 596
56 20 159
56 21 1101
56 22 1942
56 23 241
56 24 467
56 25 822
56 26 757
56 27 1764
56 28 892
56 29 780
56 30 1118
56 31 1686
56 32 351
56 33 554
56 34 1014
56 35 336
56 36 1177
56 37 2018
56 38 288
56 39 1129
56 40 1970
56 41 240
56 42 1081
56 43 1922
56 44 192
56 45 1033
56 46 1874
56 47 144
56 48 985
56 49 1826
56 50 96
56 51 937
56 52 1778
56 53 48
56 54 889
56 55 1730
56 56 0
56 57 841
56 58 1682
56 59 48
56 60 889
56 61 1730
56 62 96
56 63 937
56 64 1778
56 65 144
56 66 985
56 67 1826
56 68 192
56 69 1033
56 70 1874
56 71 456
57 0 1297
57 1 406
57 2 801
57 3 410
57 4 828
57 5 944
57 6 219
57 7 763
57 8 550
57 9 728
57 10 1127
57 11 854
57 12 372
57 13 650
57 14 774
57 15 427
57 16 450
57 17 710
57 18 338
57 19 245
57 20 874
57 21 412
57 22 1101
57 23 696
57 24 662
57 25 211
57 26 276
57 27 923
57 28 333
57 29 637
57 30 277
57 31 845
57 32 1066
57 33 671
57 34 403
57 35 1177
57 36 336
57 37 1177
57 38 1129
57 39 288
57 40 1129
57 41 1081
57 42 240
57 43 1081
57 44 1033
57 45 192
57 46 1033
57 47 985
57 48 144
57 49 985
57 50 937
57 51 96
57 52 937
57 53 889
57 54 48
57 55 889
57 56 841
57 57 0
57 58 841
57 59 889
57 60 48
57 61 889
57 62 937
57 63 96
57 64 937
57 65 985
57 66 144
57 67 985
57 68 1033
57 69 192
57 70 1033
57 71 1297
58 0 2138
58 1 1247
58 2 1642
58 3 527
58 4 685
58 5 1785
58 6 622
58 7 750
58 8 771
58 9 689
58 10 386
58 11 659
58 12 853
58 13 1491
58 14 163
58 15 1268
58 16 775
58 17 515
58 18 1179
58 19 1086
58 20 1715
58 21 1253
58 22 412
58 23 1537
58 24 1503
58 25 1052
58 26 1117
58 27 494
58 28 1174
58 29 1478
58 30 1044
58 31 572
58 32 1907
58 33 1512
58 34 1244
58 35 2018
58 36 1177
58 37 336
58 38 1970
58 39 1129
58 40 288
58 41 1922
58 42 1081
58 43 240
58 44 1874
58 45 1033
58 46 192
58 47 1826
58 48 985
58 49 144
58 50 1778
58 51 937
58 52 96
58 53 1730
58 54 889
58 55 48
58 56 1682
58 57 841
58 58 0
58 59 1730
58 60 889
58 61 48
58 62 1778
58 63 937
58 64 96
58 65 1826
58 66 985
58 67 144
58 68 1874
58 69 1033
58 70 192
58 71 2138
59 0 504
59 1 675
59 2 472
59 3 1299
59 4 1717
59 5 329
59 6 1108
59 7 1652
59 8 1439
59 9 1617
59 10 2016
59 11 1743
59 12 1261
59 13 815
59 14 1663
59 15 462
59 16 1339
59 17 1599
59 18 1127
59 19 644
59 20 207
59 21 1149
59 22 1990
59 23 289
59 24 419
59 25 870
59 26 709
59 27 1812
59 28 940
59 29 828
59 30 1166
59 31 1734
59 32 399
59 33 506
59 34 1062
59 35 384
59 36 1225
59 37 2066
59 38 336
59 39 1177
59 40 2018
59 41 288
59 42 1129
59 43 1970
59 44 240
59 45 1081
59 46 1922
59 47 192
59 48 1033
59 49 1874
59 50 144
59 51 985
59 52 1826
59 53 96
59 54 937
59 55 1778
59 56 48
59 57 889
59 58 1730
59 59 0
59 60 841
59 61 1682
59 62 48
59 63 889
59 64 1730
59 65 96
59 66 937
59 67 1778
59 68 144
59 69 985
59 70 1826
59 71 504
60 0 1345
60 1 454
60 2 849
60 3 458
60 4 876
60 5 992
60 6 267
60 7 811
60 8 598
60 9 776
60 10 1175
60 11 902
60 12 420
60 13 698
60 14 822
60 15 475
60 16 498
60 17 758
60 18 386
60 19 293
60 20 922
60 21 460
60 22 1149
60 23 744
60 24 614
60 25 259
60 26 228
60 27 971
60 28 381
60 29 685
60 30 325
60 31 893
60 32 1114
60 33 623
60 34 451
60 35 1225
60 36 384
60 37 1225
60 38 1177
60 39 336
60 40 1177
60 41 1129
60 42 288
60 43 1129
60 44 1081
60 45 240
60 46 1081
60 47 1033
60 48 192
60 49 1033
60 50 985
60 51 144
60 52 985
60 53 937
60 54 96
60 55 937
60 56 889
60 57 48
60 58 889
60 59 841
60 60 0
60 61 841
60 62 889
60 63 48
60 64 889
60 65 937
60 66 96
60 67 937
60 68 985
60 69 144
60 70 985
60 71 1345
61 0 2186
61 1 1295
61 2 1690
61 3 575
61 4 733
61 5 1833
61 6 670
61 7 798
61 8 819
61 9 737
61 10 434
61 11 707
61 12 901
61 13 1539
61 14 211
61 15 1316
61 16 823
61 17 563
61 18 1227
61 19 1134
61 20 1763
61 21 1301
61 22 460
61 23 1585
61 24 1455
61 25 1100
61 26 1069
61 27 542
61 28 1222
61 29 1526
61 30 1092
61 31 620
61 32 1955
61 33 1464
61 34 1292
61 35 2066
61 36 1225
61 37 384
61 38 2018
61 39 1177
61 40 336
61 41 1970
61 42 1129
61 43 288
61 44 1922
61 45 1081
61 46 240
61 47 1874
61 48 1033
61 49 192
61 50 1826
61 51 985
61 52 144
61 53 1778
61 54 937
61 55 96
61 56 1730
61 57 889
61 58 48
61 59 1682
61 60 841
61 61 0
61 62 1730
61 63 889
61 64 48
61 65 1778
61 66 937
61 67 96
61 68 1826
61 69 985
61 70 144
61 71 2186
62 0 552
62 1 723
62 2 520
62 3 1347
62 4 1765
62 5 377
62 6 1156
62 7 1700
62 8 1487
62 9 1665
62 10 2064
62 11 1791
62 12 1309
62 13 863
62 14 1711
62 15 510
62 16 1387
62 17 1647
62 18 1175
62 19 692
62 20 255
62 21 1197
62 22 2038
62 23 337
62 24 371
62 25 918
62 26 661
62 27 1860
62 28 988
62 29 876
62 30 1214
62 31 1782
62 32 447
62 33 458
62 34 1110
62 35 432
62 36 1273
62 37 2114
62 38 384
62 39 1225
62 40 2066
62 41 336
62 42 1177
62 43 2018
62 44 288
62 45 1129
62 46 1970
62 47 240
62 48 1081
62 49 1922
62 50 192
62 51 1033
62 52 1874
62 53 144
62 54 985
62 55 1826
62 56 96
62 57 937
62 58 1778
62 59 48
62 60 889
62 61 1730
62 62 0
62 63 841
62 64 1682
62 65 48
62 66 889
62 67 1730
62 68 96
62 69 937
62 70 1778
62 71 552
63 0 1393
63 1 502
63 2 897
63 3 506
63 4 924
63 5 1040
63 6 315
63 7 859
63 8 646
63 9 824
63 10 1223
63 11 950
63 12 468
63 13 746
63 14 870
63 15 523
63 16 546
63 17 806
63 18 434
63 19 341
63 20 970
63 21 508
63 22 1197
63 23 792
63 24 566
63 25 307
63 26 180
63 27 1019
63 28 429
63 29 733
63 30 373
63 31 941
63 32 1162
63 33 575
63 34 499
63 35 1273
63 36 432
63 37 1273
63 38 1225
63 39 384
63 40 1225
63 41 1177
63 42 336
63 43 1177
63 44 1129
63 45 288
63 46 1129
63 47 1081
63 48 240
63 49 1081
63 50 1033
63 51 192
63 52 1033
63 53 985
63 54 144
63 55 985
63 56 937
63 57 96
63 58 937
63 59 889
63 60 48
63 61 889
63 62 841
63 63 0
63 64 841
63 65 889
63 66 48
63 67 889
63 68 937
63 69 96
63 70 937
63 71 1393
64 0 2234
64 1 1343
64 2 1738
64 3 623
64 4 781
64 5 1881
64 6 718
64 7 846
64 8 867
64 9 785
64 10 482
64 11 755
64 12 949
64 13 1587
64 14 259
64 15 1364
64 16 871
64 17 611
64 18 1275
64 19 1182
64 20 1811
64 21 1349
64 22 508
64 23 1633
64 24 1407
64 25 1148
64 26 1021
64 27 590
64 28 1270
64 29 1574
64 30 1140
64 31 668
64 32 2003
64 33 1416
64 34 1340
64 35 2114
64 36 1273
64 37 432
64 38 2066
64 39 1225
64 40 384
64 41 2018
64 42 1177
64 43 336
64 44 1970
64 45 1129
64 46 288
64 47 1922
64 48 1081
64 49 240
64 50 1874
64 51 1033
64 52 192
64 53 1826
64 54 985
64 55 144
64 56 1778
64 57 937
64 58 96
64 59 1730
64 60 889
64 61 48
64 62 1682
64 63 841
64 64 0
64 65 1730
64 66 889
64 67 48
64 68 1778
64 69 937
64 70 96
64 71 2234
65 0 600
65 1 771
65 2 568
65 3 1395
65 4 1813
65 5 425
65 6 1204
65 7 1748
65 8 1535
65 9 1713
65 10 2112
65 11 1839
65 12 1357
65 13 911
65 14 1759
65 15 558
65 16 1435
65 17 1695
65 18 1223
65 19 740
65 20 303
65 21 1245
65 22 2086
65 23 385
65 24 323
65 25 966
65 26 709
65 27 1908
65 28 1036
65 29 924
65 30 1262
65 31 1830
65 32 495
65 33 410
65 34 1158
65 35 480
65 36 1321
65 37 2162
65 38 432
65 39 1273
65 40 2114
65 41 384
65 42 1225
65 43 2066
65 44 336
65 45 1177
65 46 2018
65 47 288
65 48 1129
65 49 1970
65 50 240
65 51 1081
65 52 1922
65 53 192
65 54 1033
65 55 1874
65 56 144
65 57 985
65 58 1826
65 59 96
65 60 937
65 61 1778
65 62 48
65 63 889
65 64 1730
65 65 0
65 66 841
65 67 1682
65 68 48
65 69 889
65 70 1730
65 71 600
66 0 1441
66 1 550
66 2 945
66 3 554
66 4 972
66 5 1088
66 6 363
66 7 907
66 8 694
66 9 872
66 10 1271
66 11 998
66 12 516
66 13 794
66 14 918
66 15 571
66 16 594
66 17 854
66 18 482
66 19 389
66 20 1018
66 21 556
66 22 1245
66 23 840
66 24 518
66 25 355
66 26 228
66 27 1067
66 28 477
66 29 781
66 30 421
66 31 989
66 32 1210
66 33 527
66 34 547
66 35 1321
66 36 480
66 37 1321
66 38 1273
66 39 432
66 40 1273
66 41 1225
66 42 384
66 43 1225
66 44 1177
66 45 336
66 46 1177
66 47 1129
66 48 288
66 49 1129
66 50 1081
66 51 240
66 52 1081
66 53 1033
66 54 192
66 55 1033
66 56 985
66 57 144
66 58 985
66 59 937
66 60 96
66 61 937
66 62 889
66 63 48
66 64 889
66 65 841
66 66 0
66 67 841
66 68 889
66 69 48
66 70 889
66 71 1441
67 0 2282
67 1 1391
67 2 1786
67 3 671
67 4 829
67 5 1929
67 6 766
67 7 894
67 8 915
67 9 833
67 10 530
67 11 803
67 12 997
67 13 1635
67 14 307
67 15 1412
67 16 919
67 17 659
67 18 1323
67 19 1230
67 20 1859
67 21 1397
67 22 556
67 23 1681
67 24 1359
67 25 1196
67 26 1069
67 27 638
67 28 1318
67 29 1622
67 30 1188
67 31 716
67 32 2051
67 33 1368
67 34 1388
67 35 2162
67 36 1321
67 37 480
67 38 2114
67 39 1273
67 40 432
67 41 2066
67 42 1225
67 43 384
67 44 2018
67 45 1177
67 46 336
67 47 1970
67 48 1129
67 49 288
67 50 1922
67 51 1081
67 52 240
67 53 1874
67 54 1033
67 55 192
67 56 1826
67 57 985
67 58 144
67 59 1778
67 60 937
67 61 96
67 62 1730
67 63 889
67 64 48
67 65 1682
67 66 841
67 67 0
67 68 1730
67 69 889
67 70 48
67 71 2282
68 0 648
68 1 819
68 2 616
68 3 1443
68 4 1861
68 5 473
68 6 1252
68 7 1796
68 8 1583
68 9 1761
68 10 2160
68 11 1887
68 12 1405
68 13 959
68 14 1807
68 15 606
68 16 1483
68 17 1743
68 18 1271
68 19 788
68 20 351
68 21 1293
68 22 2134
68 23 433
68 24 371
68 25 1014
68 26 757
68 27 1956
68 28 1084
68 29 972
68 30 1310
68 31 1878
68 32 543
68 33 362
68 34 1206
68 35 528
68 36 1369
68 37 2210
68 38 480
68 39 1321
68 40 2162
68 41 432
68 42 1273
68 43 2114
68 44 384
68 45 1225
68 46 2066
68 47 336
68 48 1177
68 49 2018
68 50 288
68 51 1129
68 52 1970
68 53 240
68 54 1081
68 55 1922
68 56 192
68 57 1033
68 58 1874
68 59 144
68 60 985
68 61 1826
68 62 96
68 63 937
68 64 1778
68 65 48
68 66 889
68 67 1730
68 68 0
68 69 841
68 70 1682
68 71 648
69 0 1489
69 1 598
69 2 993
69 3 602
69 4 1020
69 5 1136
69 6 411
69 7 955
69 8 742
69 9 920
69 10 1319
69 11 1046
69 12 564
69 13 842
69 14 966
69 15 619
69 16 642
69 17 902
69 18 530
69 19 437
69 20 1066
69 21 604
69 22 1293
69 23 888
69 24 566
69 25 403
69 26 276
69 27 1115
69 28 525
69 29 829
69 30 469
69 31 1037
69 32 1258
69 33 479
69 34 595
69 35 1369
69 36 528
69 37 1369
69 38 1321
69 39 480
69 40 1321
69 41 1273
69 42 432
69 43 1273
69 44 1225
69 45 384
69 46 1225
69 47 1177
69 48 336
69 49 1177
69 50 1129
69 51 288
69 52 1129
69 53 1081
69 54 240
69 55 1081
69 56 1033
69 57 192
69 58 1033
69 59 985
69 60 144
69 61 985
69 62 937
69 63 96
69 64 937
69 65 889
69 66 48
69 67 889
69 68 841
69 69 0
69 70 841
69 71 1489
70 0 2330
70 1 1439
70 2 1834
70 3 719
70 4 877
70 5 1977
70 6 814
70 7 942
70 8 963
70 9 881
70 10 578
70 11 851
70 12 1045
70 13 1683
70 14 355
70 15 1460
70 16 967
70 17 707
70 18 1371
70 19 1278
70 20 1907
70 21 1445
70 22 604
70 23 1729
70 24 1407
70 25 1244
70 26 1117
70 27 686
70 28 1366
70 29 1670
70 30 1236
70 31 764
70 32 2099
70 33 1320
70 34 1436
70 35 2210
70 36 1369
70 37 528
70 38 2162
70 39 1321
70 40 480
70 41 2114
70 42 1273
70 43 432
70 44 2066
70 45 1225
70 46 384
70 47 2018
70 48 1177
70 49 336
70 50 1970
70 51 1129
70 52 288
70 53 1922
70 54 1081
70 55 240
70 56 1874
70 57 1033
70 58 192
70 59 1826
70 60 985
70 61 144
70 62 1778
70 63 937
70 64 96
70 65 1730
70 66 889
70 67 48
70 68 1682
70 69 841
70 70 0
70 71 2330
71 0 0
71 1 891
71 2 496
71 3 1611
71 4 1453
71 5 353
71 6 1516
71 7 1388
71 8 1367
71 9 1449
71 10 1752
71 11 1479
71 12 1285
71 13 647
71 14 1975
71 15 870
71 16 1363
71 17 1623
71 18 959
71 19 1052
71 20 423
71 21 885
71 22 1726
71 23 601
71 24 923
71 25 1086
71 26 1213
71 27 1644
71 28 964
71 29 660
71 30 1094
71 31 1566
71 32 231
71 33 1010
71 34 894
71 35 120
71 36 961
71 37 1802
71 38 168
71 39 1009
71 40 1850
71 41 216
71 42 1057
71 43 1898
71 44 264
71 45 1105
71 46 1946
71 47 312
71 48 1153
71 49 1994
71 50 360
71 51 1201
71 52 2042
71 53 408
71 54 1249
71 55 2090
71 56 456
71 57 1297
71 58 2138
71 59 504
71 60 1345
71 61 2186
71 62 552
71 63 1393
71 64 2234
71 65 600
71 66 1441
71 67 2282
71 68 648
71 69 1489
71 70 2330
71 71 0
//Location coordinates LocationName
//Loc x y
0 0.0 0.0 "depot"
1 240.0 651.0 "product aisle 5 bloc 0 rank 78"
2 144.0 352.0 "product aisle 3 bloc 0 rank 31"
3 288.0 1323.0 "product aisle 6 bloc 1 rank 52"
4 0.0 1453.0 "product aisle 0 bloc 1 rank 72"
5 144.0 209.0 "product aisle 3 bloc 0 rank 9"
6 336.0 1180.0 "product aisle 7 bloc 1 rank 29"
7 0.0 1388.0 "product aisle 0 bloc 1 rank 61"
8 96.0 1271.0 "product aisle 2 bloc 1 rank 43"
9 48.0 1401.0 "product aisle 1 bloc 1 rank 63"
10 0.0 1752.0 "product aisle 0 bloc 1 rank 118"
11 0.0 1479.0 "product aisle 0 bloc 1 rank 75"
12 144.0 1141.0 "product aisle 3 bloc 1 rank 23"
13 48.0 599.0 "product aisle 1 bloc 0 rank 69"
14 288.0 1687.0 "product aisle 6 bloc 1 rank 107"
15 336.0 534.0 "product aisle 7 bloc 0 rank 59"
16 144.0 1219.0 "product aisle 3 bloc 1 rank 36"
17 144.0 1479.0 "product aisle 3 bloc 1 rank 76"
18 48.0 911.0 "product aisle 1 bloc 0 rank 117"
19 336.0 716.0 "product aisle 7 bloc 0 rank 87"
20 240.0 183.0 "product aisle 5 bloc 0 rank 5"
21 0.0 885.0 "product aisle 0 bloc 0 rank 113"
22 0.0 1726.0 "product aisle 0 bloc 1 rank 113"
23 288.0 313.0 "product aisle 6 bloc 0 rank 26"
24 480.0 443.0 "product aisle 10 bloc 0 rank 46"
25 240.0 846.0 "product aisle 5 bloc 0 rank 107"
26 432.0 781.0 "product aisle 9 bloc 0 rank 97"
27 48.0 1596.0 "product aisle 1 bloc 1 rank 94"
28 144.0 820.0 "product aisle 3 bloc 0 rank 104"
29 48.0 612.0 "product aisle 1 bloc 0 rank 71"
30 96.0 998.0 "product aisle 2 bloc 1 rank 1"
31 48.0 1518.0 "product aisle 1 bloc 1 rank 81"
32 48.0 183.0 "product aisle 1 bloc 0 rank 6"
33 528.0 482.0 "product aisle 11 bloc 0 rank 52"
34 48.0 846.0 "product aisle 1 bloc 0 rank 107"
35 24.0 120.0 "intersection aisle 0 bloc 0 rank 0"
36 24.0 961.0 "intersection aisle 0 bloc 1 rank 1"
37 24.0 1802.0 "intersection aisle 0 bloc 2 rank 2"
38 72.0 120.0 "intersection aisle 1 bloc 0 rank 0"
39 72.0 961.0 "intersection aisle 1 bloc 1 rank 1"
40 72.0 1802.0 "intersection aisle 1 bloc 2 rank 2"
41 120.0 120.0 "intersection aisle 2 bloc 0 rank 0"
42 120.0 961.0 "intersection aisle 2 bloc 1 rank 1"
43 120.0 1802.0 "intersection aisle 2 bloc 2 rank 2"
44 168.0 120.0 "intersection aisle 3 bloc 0 rank 0"
45 168.0 961.0 "intersection aisle 3 bloc 1 rank 1"
46 168.0 1802.0 "intersection aisle 3 bloc 2 rank 2"
47 216.0 120.0 "intersection aisle 4 bloc 0 rank 0"
48 216.0 961.0 "intersection aisle 4 bloc 1 rank 1"
49 216.0 1802.0 "intersection aisle 4 bloc 2 rank 2"
50 264.0 120.0 "intersection aisle 5 bloc 0 rank 0"
51 264.0 961.0 "intersection aisle 5 bloc 1 rank 1"
52 264.0 1802.0 "intersection aisle 5 bloc 2 rank 2"
53 312.0 120.0 "intersection aisle 6 bloc 0 rank 0"
54 312.0 961.0 "intersection aisle 6 bloc 1 rank 1"
55 312.0 1802.0 "intersection aisle 6 bloc 2 rank 2"
56 360.0 120.0 "intersection aisle 7 bloc 0 rank 0"
57 360.0 961.0 "intersection aisle 7 bloc 1 rank 1"
58 360.0 1802.0 "intersection aisle 7 bloc 2 rank 2"
59 408.0 120.0 "intersection aisle 8 bloc 0 rank 0"
60 408.0 961.0 "intersection aisle 8 bloc 1 rank 1"
61 408.0 1802.0 "intersection aisle 8 bloc 2 rank 2"
62 456.0 120.0 "intersection aisle 9 bloc 0 rank 0"
63 456.0 961.0 "intersection aisle 9 bloc 1 rank 1"
64 456.0 1802.0 "intersection aisle 9 bloc 2 rank 2"
65 504.0 120.0 "intersection aisle 10 bloc 0 rank 0"
66 504.0 961.0 "intersection aisle 10 bloc 1 rank 1"
67 504.0 1802.0 "intersection aisle 10 bloc 2 rank 2"
68 552.0 120.0 "intersection aisle 11 bloc 0 rank 0"
69 552.0 961.0 "intersection aisle 11 bloc 1 rank 1"
70 552.0 1802.0 "intersection aisle 11 bloc 2 rank 2"
71 0.0 0.0 "depot"
