//alpha
1
//NbLocations
84
//NbProducts
30
//NbPickers
2
//CapaPicker
8
//TimeToTravelOneDistanceUnit
3
//SetupTime
5400
//PickTime
300
//Products
//Idx Location Size
1 1 1
2 2 1
3 3 1
4 4 1
5 5 1
6 6 1
7 7 1
8 8 1
9 9 1
10 10 1
11 11 1
12 12 1
13 13 1
14 14 1
15 15 1
16 16 1
17 17 1
18 18 1
19 19 1
20 20 1
21 21 1
22 22 1
23 23 1
24 24 1
25 25 1
26 26 1
27 27 1
28 28 1
29 29 1
30 10 1
//Orders
//NbOrders
18
//Idx DueDate TardinessPenalty NbProdInOrder ProdIdx1 Qty1 ProdIdx2 Qty2 ...
1 72000 0 1 1 1
2 54000 0 2 2 1 3 1
3 108000 0 3 4 1 5 1 6 1
4 72000 0 3 7 1 8 1 9 1
5 36000 0 3 10 1 11 1 12 1
6 36000 0 2 13 1 14 1
7 54000 0 1 15 1
8 54000 0 1 16 1
9 126000 0 1 17 1
10 72000 0 2 18 1 19 1
11 36000 0 1 20 1
12 72000 0 1 21 1
13 54000 0 2 22 1 23 1
14 72000 0 1 24 1
15 54000 0 1 25 1
16 54000 0 1 26 1
17 126000 0 1 27 1
18 54000 0 3 28 1 29 1 30 1
//Graph (Products are vertices indexed from 1 to NbProducts)
//NbVerticesIntersections
54
//DepartingDepot
0
//ArrivalDepot
84
//Arcs
//Start End Distance
0 30 120
1 13 897
1 65 180
2 3 1066
2 61 89
3 2 1066
3 62 76
4 5 377
4 61 414
5 4 377
5 60 440
6 12 143
6 45 141
7 39 596
7 40 635
8 79 362
8 80 869
9 28 65
9 51 908
10 19 221
10 34 271
11 18 1001
11 43 180
12 6 143
12 27 598
13 1 897
13 64 154
14 78 414
14 79 817
15 16 299
15 83 336
16 15 299
16 82 596
17 69 297
17 70 934
18 11 1001
18 42 50
19 10 221
19 33 739
20 81 141
20 82 1090
21 23 351
21 55 570
22 73 921
22 74 310
23 21 351
23 56 310
24 52 1025
24 53 206
25 57 115
25 58 1116
26 58 453
26 59 778
27 12 598
27 46 349
28 9 65
28 52 258
29 31 232
29 32 999
30 31 1231
30 33 48
30 84 120
31 29 232
31 30 1231
31 34 48
32 29 999
32 35 48
33 19 739
33 30 48
33 36 48
34 10 271
34 31 48
34 35 1231
34 37 48
35 32 48
35 34 1231
35 38 48
36 33 48
36 37 1231
36 39 48
37 34 48
37 36 1231
37 38 1231
37 40 48
38 35 48
38 37 1231
38 41 48
39 7 596
39 36 48
39 42 48
40 7 635
40 37 48
40 41 1231
40 43 48
41 38 48
41 40 1231
41 44 48
42 18 50
42 39 48
42 45 48
43 11 180
43 40 48
43 44 1231
43 46 48
44 41 48
44 43 1231
44 47 48
45 6 141
45 42 48
45 48 48
46 27 349
46 43 48
46 47 1231
46 49 48
47 44 48
47 46 1231
47 50 48
48 45 48
48 49 1231
48 51 48
49 46 48
49 48 1231
49 50 1231
49 52 48
50 47 48
50 49 1231
50 53 48
51 9 908
51 48 48
51 54 48
52 24 1025
52 28 258
52 49 48
52 55 48
53 24 206
53 50 48
53 56 48
54 51 48
54 55 1231
54 57 48
55 21 570
55 52 48
55 54 1231
55 58 48
56 23 310
56 53 48
56 59 48
57 25 115
57 54 48
57 60 48
58 25 1116
58 26 453
58 55 48
58 61 48
59 26 778
59 56 48
59 62 48
60 5 440
60 57 48
60 63 48
61 2 89
61 4 414
61 58 48
61 64 48
62 3 76
62 59 48
62 65 48
63 60 48
63 64 1231
63 66 48
64 13 154
64 61 48
64 63 1231
64 67 48
65 1 180
65 62 48
65 68 48
66 63 48
66 67 1231
66 69 48
67 64 48
67 66 1231
67 68 1231
67 70 48
68 65 48
68 67 1231
68 71 48
69 17 297
69 66 48
69 72 48
70 17 934
70 67 48
70 71 1231
70 73 48
71 68 48
71 70 1231
71 74 48
72 69 48
72 73 1231
72 75 48
73 22 921
73 70 48
73 72 1231
73 76 48
74 22 310
74 71 48
74 77 48
75 72 48
75 76 1231
75 78 48
76 73 48
76 75 1231
76 77 1231
76 79 48
77 74 48
77 76 1231
77 80 48
78 14 414
78 75 48
78 81 48
79 8 362
79 14 817
79 76 48
79 82 48
80 8 869
80 77 48
80 83 48
81 20 141
81 78 48
82 16 596
82 20 1090
82 79 48
83 15 336
83 80 48
//LocStart LocEnd ShortestPath
0 0 0
0 1 2930
0 2 1920
0 3 2986
0 4 1417
0 5 1040
0 6 501
0 7 860
0 8 2481
0 9 1364
0 10 1128
0 11 1363
0 12 644
0 13 2033
0 14 1302
0 15 3062
0 16 2763
0 17 1041
0 18 362
0 19 907
0 20 1077
0 21 2305
0 22 2944
0 23 2656
0 24 2712
0 25 667
0 26 2236
0 27 1242
0 28 1429
0 29 1583
0 30 120
0 31 1351
0 32 2582
0 33 168
0 34 1399
0 35 2630
0 36 216
0 37 1447
0 38 2678
0 39 264
0 40 1495
0 41 2726
0 42 312
0 43 1543
0 44 2774
0 45 360
0 46 1591
0 47 2822
0 48 408
0 49 1639
0 50 2870
0 51 456
0 52 1687
0 53 2918
0 54 504
0 55 1735
0 56 2966
0 57 552
0 58 1783
0 59 3014
0 60 600
0 61 1831
0 62 3062
0 63 648
0 64 1879
0 65 3110
0 66 696
0 67 1927
0 68 3158
0 69 744
0 70 1975
0 71 3206
0 72 792
0 73 2023
0 74 3254
0 75 840
0 76 2071
0 77 3302
0 78 888
0 79 2119
0 80 3350
0 81 936
0 82 2167
0 83 3398
0 84 0
1 0 2930
1 1 0
1 2 1188
1 3 304
1 4 1513
1 5 1890
1 6 2429
1 7 2070
1 8 1289
1 9 1566
1 10 1802
1 11 1567
1 12 2286
1 13 897
1 14 2108
1 15 804
1 16 1103
1 17 2081
1 18 2568
1 19 2023
1 20 2429
1 21 985
1 22 634
1 23 634
1 24 578
1 25 2263
1 26 1054
1 27 1688
1 28 1501
1 29 1707
1 30 2810
1 31 1579
1 32 708
1 33 2762
1 34 1531
1 35 660
1 36 2714
1 37 1483
1 38 612
1 39 2666
1 40 1435
1 41 564
1 42 2618
1 43 1387
1 44 516
1 45 2570
1 46 1339
1 47 468
1 48 2522
1 49 1291
1 50 420
1 51 2474
1 52 1243
1 53 372
1 54 2426
1 55 1195
1 56 324
1 57 2378
1 58 1147
1 59 276
1 60 2330
1 61 1099
1 62 228
1 63 2282
1 64 1051
1 65 180
1 66 2330
1 67 1099
1 68 228
1 69 2378
1 70 1147
1 71 276
1 72 2426
1 73 1195
1 74 324
1 75 2474
1 76 1243
1 77 372
1 78 2522
1 79 1291
1 80 420
1 81 2570
1 82 1339
1 83 468
1 84 2930
2 0 1920
2 1 1188
2 2 0
2 3 1066
2 4 503
2 5 880
2 6 1419
2 7 1060
2 8 739
2 9 556
2 10 792
2 11 557
2 12 1276
2 13 291
2 14 1194
2 15 1320
2 16 1021
2 17 1167
2 18 1558
2 19 1013
2 20 1515
2 21 755
2 22 1202
2 23 1106
2 24 1258
2 25 1253
2 26 590
2 27 678
2 28 491
2 29 801
2 30 1800
2 31 569
2 32 1622
2 33 1752
2 34 521
2 35 1574
2 36 1704
2 37 473
2 38 1526
2 39 1656
2 40 425
2 41 1478
2 42 1608
2 43 377
2 44 1430
2 45 1560
2 46 329
2 47 1382
2 48 1512
2 49 281
2 50 1334
2 51 1464
2 52 233
2 53 1286
2 54 1416
2 55 185
2 56 1238
2 57 1368
2 58 137
2 59 1190
2 60 1320
2 61 89
2 62 1142
2 63 1368
2 64 137
2 65 1190
2 66 1416
2 67 185
2 68 1238
2 69 1464
2 70 233
2 71 1286
2 72 1512
2 73 281
2 74 1334
2 75 1560
2 76 329
2 77 1382
2 78 1608
2 79 377
2 80 1430
2 81 1656
2 82 425
2 83 1478
2 84 1920
3 0 2986
3 1 304
3 2 1066
3 3 0
3 4 1569
3 5 1946
3 6 2485
3 7 2126
3 8 1233
3 9 1622
3 10 1858
3 11 1623
3 12 2342
3 13 1201
3 14 2260
3 15 748
3 16 1047
3 17 2233
3 18 2624
3 19 2079
3 20 2581
3 21 833
3 22 578
3 23 482
3 24 426
3 25 2319
3 26 902
3 27 1744
3 28 1557
3 29 1555
3 30 2866
3 31 1635
3 32 556
3 33 2818
3 34 1587
3 35 508
3 36 2770
3 37 1539
3 38 460
3 39 2722
3 40 1491
3 41 412
3 42 2674
3 43 1443
3 44 364
3 45 2626
3 46 1395
3 47 316
3 48 2578
3 49 1347
3 50 268
3 51 2530
3 52 1299
3 53 220
3 54 2482
3 55 1251
3 56 172
3 57 2434
3 58 1203
3 59 124
3 60 2386
3 61 1155
3 62 76
3 63 2434
3 64 1203
3 65 124
3 66 2482
3 67 1251
3 68 172
3 69 2530
3 70 1299
3 71 220
3 72 2578
3 73 1347
3 74 268
3 75 2626
3 76 1395
3 77 316
3 78 2674
3 79 1443
3 80 364
3 81 2722
3 82 1491
3 83 412
3 84 2986
4 0 1417
4 1 1513
4 2 503
4 3 1569
4 4 0
4 5 377
4 6 1198
4 7 1385
4 8 1064
4 9 881
4 10 1117
4 11 882
4 12 1341
4 13 616
4 14 1519
4 15 1645
4 16 1346
4 17 1258
4 18 1155
4 19 1338
4 20 1294
4 21 1080
4 22 1527
4 23 1431
4 24 1583
4 25 980
4 26 915
4 27 1003
4 28 816
4 29 1126
4 30 1297
4 31 894
4 32 2125
4 33 1249
4 34 846
4 35 2077
4 36 1201
4 37 798
4 38 2029
4 39 1153
4 40 750
4 41 1981
4 42 1105
4 43 702
4 44 1933
4 45 1057
4 46 654
4 47 1885
4 48 1009
4 49 606
4 50 1837
4 51 961
4 52 558
4 53 1789
4 54 913
4 55 510
4 56 1741
4 57 865
4 58 462
4 59 1693
4 60 817
4 61 414
4 62 1645
4 63 865
4 64 462
4 65 1693
4 66 913
4 67 510
4 68 1741
4 69 961
4 70 558
4 71 1789
4 72 1009
4 73 606
4 74 1837
4 75 1057
4 76 654
4 77 1885
4 78 1105
4 79 702
4 80 1933
4 81 1153
4 82 750
4 83 1981
4 84 1417
5 0 1040
5 1 1890
5 2 880
5 3 1946
5 4 377
5 5 0
5 6 821
5 7 1372
5 8 1441
5 9 1258
5 10 1494
5 11 1259
5 12 964
5 13 993
5 14 1142
5 15 2022
5 16 1723
5 17 881
5 18 778
5 19 1611
5 20 917
5 21 1457
5 22 1904
5 23 1808
5 24 1960
5 25 603
5 26 1292
5 27 1380
5 28 1193
5 29 1503
5 30 920
5 31 1271
5 32 2502
5 33 872
5 34 1223
5 35 2454
5 36 824
5 37 1175
5 38 2406
5 39 776
5 40 1127
5 41 2358
5 42 728
5 43 1079
5 44 2310
5 45 680
5 46 1031
5 47 2262
5 48 632
5 49 983
5 50 2214
5 51 584
5 52 935
5 53 2166
5 54 536
5 55 887
5 56 2118
5 57 488
5 58 839
5 59 2070
5 60 440
5 61 791
5 62 2022
5 63 488
5 64 839
5 65 2070
5 66 536
5 67 887
5 68 2118
5 69 584
5 70 935
5 71 2166
5 72 632
5 73 983
5 74 2214
5 75 680
5 76 1031
5 77 2262
5 78 728
5 79 1079
5 80 2310
5 81 776
5 82 1127
5 83 2358
5 84 1040
6 0 501
6 1 2429
6 2 1419
6 3 2485
6 4 1198
6 5 821
6 6 0
6 7 833
6 8 1980
6 9 1145
6 10 1293
6 11 1240
6 12 143
6 13 1532
6 14 1083
6 15 2561
6 16 2262
6 17 822
6 18 239
6 19 1072
6 20 858
6 21 1804
6 22 2443
6 23 2155
6 24 2211
6 25 448
6 26 1735
6 27 741
6 28 1210
6 29 1562
6 30 381
6 31 1330
6 32 2561
6 33 333
6 34 1282
6 35 2513
6 36 285
6 37 1234
6 38 2465
6 39 237
6 40 1186
6 41 2417
6 42 189
6 43 1138
6 44 2369
6 45 141
6 46 1090
6 47 2321
6 48 189
6 49 1138
6 50 2369
6 51 237
6 52 1186
6 53 2417
6 54 285
6 55 1234
6 56 2465
6 57 333
6 58 1282
6 59 2513
6 60 381
6 61 1330
6 62 2561
6 63 429
6 64 1378
6 65 2609
6 66 477
6 67 1426
6 68 2657
6 69 525
6 70 1474
6 71 2705
6 72 573
6 73 1522
6 74 2753
6 75 621
6 76 1570
6 77 2801
6 78 669
6 79 1618
6 80 2849
6 81 717
6 82 1666
6 83 2897
6 84 501
7 0 860
7 1 2070
7 2 1060
7 3 2126
7 4 1385
7 5 1372
7 6 833
7 7 0
7 8 1621
7 9 1150
7 10 1002
7 11 863
7 12 976
7 13 1173
7 14 1634
7 15 2202
7 16 1903
7 17 1373
7 18 694
7 19 1223
7 20 1409
7 21 1445
7 22 2084
7 23 1796
7 24 1852
7 25 999
7 26 1376
7 27 1080
7 28 1085
7 29 1011
7 30 740
7 31 779
7 32 2010
7 33 692
7 34 731
7 35 1962
7 36 644
7 37 683
7 38 1914
7 39 596
7 40 635
7 41 1866
7 42 644
7 43 683
7 44 1914
7 45 692
7 46 731
7 47 1962
7 48 740
7 49 779
7 50 2010
7 51 788
7 52 827
7 53 2058
7 54 836
7 55 875
7 56 2106
7 57 884
7 58 923
7 59 2154
7 60 932
7 61 971
7 62 2202
7 63 980
7 64 1019
7 65 2250
7 66 1028
7 67 1067
7 68 2298
7 69 1076
7 70 1115
7 71 2346
7 72 1124
7 73 1163
7 74 2394
7 75 1172
7 76 1211
7 77 2442
7 78 1220
7 79 1259
7 80 2490
7 81 1268
7 82 1307
7 83 2538
7 84 860
8 0 2481
8 1 1289
8 2 739
8 3 1233
8 4 1064
8 5 1441
8 6 1980
8 7 1621
8 8 0
8 9 1117
8 10 1353
8 11 1118
8 12 1837
8 13 756
8 14 1179
8 15 1253
8 16 1006
8 17 1440
8 18 2119
8 19 1574
8 20 1500
8 21 1316
8 22 1275
8 23 1563
8 24 1507
8 25 1814
8 26 1151
8 27 1239
8 28 1052
8 29 1362
8 30 2361
8 31 1130
8 32 1637
8 33 2313
8 34 1082
8 35 1589
8 36 2265
8 37 1034
8 38 1541
8 39 2217
8 40 986
8 41 1493
8 42 2169
8 43 938
8 44 1445
8 45 2121
8 46 890
8 47 1397
8 48 2073
8 49 842
8 50 1349
8 51 2025
8 52 794
8 53 1301
8 54 1977
8 55 746
8 56 1253
8 57 1929
8 58 698
8 59 1205
8 60 1881
8 61 650
8 62 1157
8 63 1833
8 64 602
8 65 1109
8 66 1785
8 67 554
8 68 1061
8 69 1737
8 70 506
8 71 1013
8 72 1689
8 73 458
8 74 965
8 75 1641
8 76 410
8 77 917
8 78 1593
8 79 362
8 80 869
8 81 1641
8 82 410
8 83 917
8 84 2481
9 0 1364
9 1 1566
9 2 556
9 3 1622
9 4 881
9 5 1258
9 6 1145
9 7 1150
9 8 1117
9 9 0
9 10 882
9 11 647
9 12 1288
9 13 669
9 14 1572
9 15 1698
9 16 1399
9 17 1493
9 18 1102
9 19 1103
9 20 1529
9 21 941
9 22 1580
9 23 1292
9 24 1348
9 25 1119
9 26 872
9 27 768
9 28 65
9 29 891
9 30 1244
9 31 659
9 32 1890
9 33 1196
9 34 611
9 35 1842
9 36 1148
9 37 563
9 38 1794
9 39 1100
9 40 515
9 41 1746
9 42 1052
9 43 467
9 44 1698
9 45 1004
9 46 419
9 47 1650
9 48 956
9 49 371
9 50 1602
9 51 908
9 52 323
9 53 1554
9 54 956
9 55 371
9 56 1602
9 57 1004
9 58 419
9 59 1650
9 60 1052
9 61 467
9 62 1698
9 63 1100
9 64 515
9 65 1746
9 66 1148
9 67 563
9 68 1794
9 69 1196
9 70 611
9 71 1842
9 72 1244
9 73 659
9 74 1890
9 75 1292
9 76 707
9 77 1938
9 78 1340
9 79 755
9 80 1986
9 81 1388
9 82 803
9 83 2034
9 84 1364
10 0 1128
10 1 1802
10 2 792
10 3 1858
10 4 1117
10 5 1494
10 6 1293
10 7 1002
10 8 1353
10 9 882
10 10 0
10 11 595
10 12 1410
10 13 905
10 14 1808
10 15 1934
10 16 1635
10 17 1781
10 18 1154
10 19 221
10 20 1869
10 21 1177
10 22 1816
10 23 1528
10 24 1584
10 25 1459
10 26 1108
10 27 812
10 28 817
10 29 551
10 30 1008
10 31 319
10 32 1550
10 33 960
10 34 271
10 35 1502
10 36 1008
10 37 319
10 38 1550
10 39 1056
10 40 367
10 41 1598
10 42 1104
10 43 415
10 44 1646
10 45 1152
10 46 463
10 47 1694
10 48 1200
10 49 511
10 50 1742
10 51 1248
10 52 559
10 53 1790
10 54 1296
10 55 607
10 56 1838
10 57 1344
10 58 655
10 59 1886
10 60 1392
10 61 703
10 62 1934
10 63 1440
10 64 751
10 65 1982
10 66 1488
10 67 799
10 68 2030
10 69 1536
10 70 847
10 71 2078
10 72 1584
10 73 895
10 74 2126
10 75 1632
10 76 943
10 77 2174
10 78 1680
10 79 991
10 80 2222
10 81 1728
10 82 1039
10 83 2270
10 84 1128
11 0 1363
11 1 1567
11 2 557
11 3 1623
11 4 882
11 5 1259
11 6 1240
11 7 863
11 8 1118
11 9 647
11 10 595
11 11 0
11 12 1175
11 13 670
11 14 1573
11 15 1699
11 16 1400
11 17 1546
11 18 1001
11 19 816
11 20 1816
11 21 942
11 22 1581
11 23 1293
11 24 1349
11 25 1406
11 26 873
11 27 577
11 28 582
11 29 604
11 30 1243
11 31 372
11 32 1603
11 33 1195
11 34 324
11 35 1555
11 36 1147
11 37 276
11 38 1507
11 39 1099
11 40 228
11 41 1459
11 42 1051
11 43 180
11 44 1411
11 45 1099
11 46 228
11 47 1459
11 48 1147
11 49 276
11 50 1507
11 51 1195
11 52 324
11 53 1555
11 54 1243
11 55 372
11 56 1603
11 57 1291
11 58 420
11 59 1651
11 60 1339
11 61 468
11 62 1699
11 63 1387
11 64 516
11 65 1747
11 66 1435
11 67 564
11 68 1795
11 69 1483
11 70 612
11 71 1843
11 72 1531
11 73 660
11 74 1891
11 75 1579
11 76 708
11 77 1939
11 78 1627
11 79 756
11 80 1987
11 81 1675
11 82 804
11 83 2035
11 84 1363
12 0 644
12 1 2286
12 2 1276
12 3 2342
12 4 1341
12 5 964
12 6 143
12 7 976
12 8 1837
12 9 1288
12 10 1410
12 11 1175
12 12 0
12 13 1389
12 14 1226
12 15 2418
12 16 2119
12 17 965
12 18 382
12 19 1215
12 20 1001
12 21 1661
12 22 2300
12 23 2012
12 24 2068
12 25 591
12 26 1592
12 27 598
12 28 1301
12 29 1419
12 30 524
12 31 1187
12 32 2418
12 33 476
12 34 1139
12 35 2370
12 36 428
12 37 1091
12 38 2322
12 39 380
12 40 1043
12 41 2274
12 42 332
12 43 995
12 44 2226
12 45 284
12 46 947
12 47 2178
12 48 332
12 49 995
12 50 2226
12 51 380
12 52 1043
12 53 2274
12 54 428
12 55 1091
12 56 2322
12 57 476
12 58 1139
12 59 2370
12 60 524
12 61 1187
12 62 2418
12 63 572
12 64 1235
12 65 2466
12 66 620
12 67 1283
12 68 2514
12 69 668
12 70 1331
12 71 2562
12 72 716
12 73 1379
12 74 2610
12 75 764
12 76 1427
12 77 2658
12 78 812
12 79 1475
12 80 2706
12 81 860
12 82 1523
12 83 2754
12 84 644
13 0 2033
13 1 897
13 2 291
13 3 1201
13 4 616
13 5 993
13 6 1532
13 7 1173
13 8 756
13 9 669
13 10 905
13 11 670
13 12 1389
13 13 0
13 14 1211
13 15 1337
13 16 1038
13 17 1184
13 18 1671
13 19 1126
13 20 1532
13 21 868
13 22 1219
13 23 1219
13 24 1371
13 25 1366
13 26 703
13 27 791
13 28 604
13 29 914
13 30 1913
13 31 682
13 32 1605
13 33 1865
13 34 634
13 35 1557
13 36 1817
13 37 586
13 38 1509
13 39 1769
13 40 538
13 41 1461
13 42 1721
13 43 490
13 44 1413
13 45 1673
13 46 442
13 47 1365
13 48 1625
13 49 394
13 50 1317
13 51 1577
13 52 346
13 53 1269
13 54 1529
13 55 298
13 56 1221
13 57 1481
13 58 250
13 59 1173
13 60 1433
13 61 202
13 62 1125
13 63 1385
13 64 154
13 65 1077
13 66 1433
13 67 202
13 68 1125
13 69 1481
13 70 250
13 71 1173
13 72 1529
13 73 298
13 74 1221
13 75 1577
13 76 346
13 77 1269
13 78 1625
13 79 394
13 80 1317
13 81 1673
13 82 442
13 83 1365
13 84 2033
14 0 1302
14 1 2108
14 2 1194
14 3 2260
14 4 1519
14 5 1142
14 6 1083
14 7 1634
14 8 1179
14 9 1572
14 10 1808
14 11 1573
14 12 1226
14 13 1211
14 14 0
14 15 1760
14 16 1461
14 17 855
14 18 1040
14 19 1873
14 20 603
14 21 1771
14 22 1834
14 23 2122
14 24 2274
14 25 865
14 26 1606
14 27 1694
14 28 1507
14 29 1817
14 30 1182
14 31 1585
14 32 2816
14 33 1134
14 34 1537
14 35 2768
14 36 1086
14 37 1489
14 38 2720
14 39 1038
14 40 1441
14 41 2672
14 42 990
14 43 1393
14 44 2624
14 45 942
14 46 1345
14 47 2576
14 48 894
14 49 1297
14 50 2528
14 51 846
14 52 1249
14 53 2480
14 54 798
14 55 1201
14 56 2432
14 57 750
14 58 1153
14 59 2384
14 60 702
14 61 1105
14 62 2336
14 63 654
14 64 1057
14 65 2288
14 66 606
14 67 1009
14 68 2240
14 69 558
14 70 961
14 71 2192
14 72 510
14 73 913
14 74 2144
14 75 462
14 76 865
14 77 2096
14 78 414
14 79 817
14 80 2048
14 81 462
14 82 865
14 83 2096
14 84 1302
15 0 3062
15 1 804
15 2 1320
15 3 748
15 4 1645
15 5 2022
15 6 2561
15 7 2202
15 8 1253
15 9 1698
15 10 1934
15 11 1699
15 12 2418
15 13 1337
15 14 1760
15 15 0
15 16 299
15 17 2021
15 18 2700
15 19 2155
15 20 1985
15 21 1429
15 22 790
15 23 1078
15 24 1022
15 25 2395
15 26 1498
15 27 1820
15 28 1633
15 29 1943
15 30 2942
15 31 1711
15 32 1152
15 33 2894
15 34 1663
15 35 1104
15 36 2846
15 37 1615
15 38 1056
15 39 2798
15 40 1567
15 41 1008
15 42 2750
15 43 1519
15 44 960
15 45 2702
15 46 1471
15 47 912
15 48 2654
15 49 1423
15 50 864
15 51 2606
15 52 1375
15 53 816
15 54 2558
15 55 1327
15 56 768
15 57 2510
15 58 1279
15 59 720
15 60 2462
15 61 1231
15 62 672
15 63 2414
15 64 1183
15 65 624
15 66 2366
15 67 1135
15 68 576
15 69 2318
15 70 1087
15 71 528
15 72 2270
15 73 1039
15 74 480
15 75 2222
15 76 991
15 77 432
15 78 2174
15 79 943
15 80 384
15 81 2126
15 82 895
15 83 336
15 84 3062
16 0 2763
16 1 1103
16 2 1021
16 3 1047
16 4 1346
16 5 1723
16 6 2262
16 7 1903
16 8 1006
16 9 1399
16 10 1635
16 11 1400
16 12 2119
16 13 1038
16 14 1461
16 15 299
16 16 0
16 17 1722
16 18 2401
16 19 1856
16 20 1686
16 21 1598
16 22 1089
16 23 1377
16 24 1321
16 25 2096
16 26 1433
16 27 1521
16 28 1334
16 29 1644
16 30 2643
16 31 1412
16 32 1451
16 33 2595
16 34 1364
16 35 1403
16 36 2547
16 37 1316
16 38 1355
16 39 2499
16 40 1268
16 41 1307
16 42 2451
16 43 1220
16 44 1259
16 45 2403
16 46 1172
16 47 1211
16 48 2355
16 49 1124
16 50 1163
16 51 2307
16 52 1076
16 53 1115
16 54 2259
16 55 1028
16 56 1067
16 57 2211
16 58 980
16 59 1019
16 60 2163
16 61 932
16 62 971
16 63 2115
16 64 884
16 65 923
16 66 2067
16 67 836
16 68 875
16 69 2019
16 70 788
16 71 827
16 72 1971
16 73 740
16 74 779
16 75 1923
16 76 692
16 77 731
16 78 1875
16 79 644
16 80 683
16 81 1827
16 82 596
16 83 635
16 84 2763
17 0 1041
17 1 2081
17 2 1167
17 3 2233
17 4 1258
17 5 881
17 6 822
17 7 1373
17 8 1440
17 9 1493
17 10 1781
17 11 1546
17 12 965
17 13 1184
17 14 855
17 15 2021
17 16 1722
17 17 0
17 18 779
17 19 1612
17 20 630
17 21 1744
17 22 1903
17 23 2095
17 24 2247
17 25 604
17 26 1579
17 27 1563
17 28 1480
17 29 1790
17 30 921
17 31 1558
17 32 2789
17 33 873
17 34 1510
17 35 2741
17 36 825
17 37 1462
17 38 2693
17 39 777
17 40 1414
17 41 2645
17 42 729
17 43 1366
17 44 2597
17 45 681
17 46 1318
17 47 2549
17 48 633
17 49 1270
17 50 2501
17 51 585
17 52 1222
17 53 2453
17 54 537
17 55 1174
17 56 2405
17 57 489
17 58 1126
17 59 2357
17 60 441
17 61 1078
17 62 2309
17 63 393
17 64 1030
17 65 2261
17 66 345
17 67 982
17 68 2213
17 69 297
17 70 934
17 71 2165
17 72 345
17 73 982
17 74 2213
17 75 393
17 76 1030
17 77 2261
17 78 441
17 79 1078
17 80 2309
17 81 489
17 82 1126
17 83 2357
17 84 1041
18 0 362
18 1 2568
18 2 1558
18 3 2624
18 4 1155
18 5 778
18 6 239
18 7 694
18 8 2119
18 9 1102
18 10 1154
18 11 1001
18 12 382
18 13 1671
18 14 1040
18 15 2700
18 16 2401
18 17 779
18 18 0
18 19 933
18 20 815
18 21 1943
18 22 2582
18 23 2294
18 24 2350
18 25 405
18 26 1874
18 27 980
18 28 1167
18 29 1605
18 30 242
18 31 1373
18 32 2604
18 33 194
18 34 1325
18 35 2556
18 36 146
18 37 1277
18 38 2508
18 39 98
18 40 1229
18 41 2460
18 42 50
18 43 1181
18 44 2412
18 45 98
18 46 1229
18 47 2460
18 48 146
18 49 1277
18 50 2508
18 51 194
18 52 1325
18 53 2556
18 54 242
18 55 1373
18 56 2604
18 57 290
18 58 1421
18 59 2652
18 60 338
18 61 1469
18 62 2700
18 63 386
18 64 1517
18 65 2748
18 66 434
18 67 1565
18 68 2796
18 69 482
18 70 1613
18 71 2844
18 72 530
18 73 1661
18 74 2892
18 75 578
18 76 1709
18 77 2940
18 78 626
18 79 1757
18 80 2988
18 81 674
18 82 1805
18 83 3036
18 84 362
19 0 907
19 1 2023
19 2 1013
19 3 2079
19 4 1338
19 5 1611
19 6 1072
19 7 1223
19 8 1574
19 9 1103
19 10 221
19 11 816
19 12 1215
19 13 1126
19 14 1873
19 15 2155
19 16 1856
19 17 1612
19 18 933
19 19 0
19 20 1648
19 21 1398
19 22 2037
19 23 1749
19 24 1805
19 25 1238
19 26 1329
19 27 1033
19 28 1038
19 29 772
19 30 787
19 31 540
19 32 1771
19 33 739
19 34 492
19 35 1723
19 36 787
19 37 540
19 38 1771
19 39 835
19 40 588
19 41 1819
19 42 883
19 43 636
19 44 1867
19 45 931
19 46 684
19 47 1915
19 48 979
19 49 732
19 50 1963
19 51 1027
19 52 780
19 53 2011
19 54 1075
19 55 828
19 56 2059
19 57 1123
19 58 876
19 59 2107
19 60 1171
19 61 924
19 62 2155
19 63 1219
19 64 972
19 65 2203
19 66 1267
19 67 1020
19 68 2251
19 69 1315
19 70 1068
19 71 2299
19 72 1363
19 73 1116
19 74 2347
19 75 1411
19 76 1164
19 77 2395
19 78 1459
19 79 1212
19 80 2443
19 81 1507
19 82 1260
19 83 2491
19 84 907
20 0 1077
20 1 2429
20 2 1515
20 3 2581
20 4 1294
20 5 917
20 6 858
20 7 1409
20 8 1500
20 9 1529
20 10 1869
20 11 1816
20 12 1001
20 13 1532
20 14 603
20 15 1985
20 16 1686
20 17 630
20 18 815
20 19 1648
20 20 0
20 21 2092
20 22 2155
20 23 2443
20 24 2595
20 25 640
20 26 1927
20 27 1599
20 28 1594
20 29 2138
20 30 957
20 31 1906
20 32 3137
20 33 909
20 34 1858
20 35 3089
20 36 861
20 37 1810
20 38 3041
20 39 813
20 40 1762
20 41 2993
20 42 765
20 43 1714
20 44 2945
20 45 717
20 46 1666
20 47 2897
20 48 669
20 49 1618
20 50 2849
20 51 621
20 52 1570
20 53 2801
20 54 573
20 55 1522
20 56 2753
20 57 525
20 58 1474
20 59 2705
20 60 477
20 61 1426
20 62 2657
20 63 429
20 64 1378
20 65 2609
20 66 381
20 67 1330
20 68 2561
20 69 333
20 70 1282
20 71 2513
20 72 285
20 73 1234
20 74 2465
20 75 237
20 76 1186
20 77 2417
20 78 189
20 79 1138
20 80 2369
20 81 141
20 82 1090
20 83 2321
20 84 1077
21 0 2305
21 1 985
21 2 755
21 3 833
21 4 1080
21 5 1457
21 6 1804
21 7 1445
21 8 1316
21 9 941
21 10 1177
21 11 942
21 12 1661
21 13 868
21 14 1771
21 15 1429
21 16 1598
21 17 1744
21 18 1943
21 19 1398
21 20 2092
21 21 0
21 22 1259
21 23 351
21 24 915
21 25 1734
21 26 1071
21 27 1063
21 28 876
21 29 1186
21 30 2185
21 31 954
21 32 1045
21 33 2137
21 34 906
21 35 997
21 36 2089
21 37 858
21 38 949
21 39 2041
21 40 810
21 41 901
21 42 1993
21 43 762
21 44 853
21 45 1945
21 46 714
21 47 805
21 48 1897
21 49 666
21 50 757
21 51 1849
21 52 618
21 53 709
21 54 1801
21 55 570
21 56 661
21 57 1849
21 58 618
21 59 709
21 60 1897
21 61 666
21 62 757
21 63 1945
21 64 714
21 65 805
21 66 1993
21 67 762
21 68 853
21 69 2041
21 70 810
21 71 901
21 72 2089
21 73 858
21 74 949
21 75 2137
21 76 906
21 77 997
21 78 2185
21 79 954
21 80 1045
21 81 2233
21 82 1002
21 83 1093
21 84 2305
22 0 2944
22 1 634
22 2 1202
22 3 578
22 4 1527
22 5 1904
22 6 2443
22 7 2084
22 8 1275
22 9 1580
22 10 1816
22 11 1581
22 12 2300
22 13 1219
22 14 1834
22 15 790
22 16 1089
22 17 1903
22 18 2582
22 19 2037
22 20 2155
22 21 1259
22 22 0
22 23 908
22 24 852
22 25 2277
22 26 1328
22 27 1702
22 28 1515
22 29 1825
22 30 2824
22 31 1593
22 32 982
22 33 2776
22 34 1545
22 35 934
22 36 2728
22 37 1497
22 38 886
22 39 2680
22 40 1449
22 41 838
22 42 2632
22 43 1401
22 44 790
22 45 2584
22 46 1353
22 47 742
22 48 2536
22 49 1305
22 50 694
22 51 2488
22 52 1257
22 53 646
22 54 2440
22 55 1209
22 56 598
22 57 2392
22 58 1161
22 59 550
22 60 2344
22 61 1113
22 62 502
22 63 2296
22 64 1065
22 65 454
22 66 2248
22 67 1017
22 68 406
22 69 2200
22 70 969
22 71 358
22 72 2152
22 73 921
22 74 310
22 75 2200
22 76 969
22 77 358
22 78 2248
22 79 1017
22 80 406
22 81 2296
22 82 1065
22 83 454
22 84 2944
23 0 2656
23 1 634
23 2 1106
23 3 482
23 4 1431
23 5 1808
23 6 2155
23 7 1796
23 8 1563
23 9 1292
23 10 1528
23 11 1293
23 12 2012
23 13 1219
23 14 2122
23 15 1078
23 16 1377
23 17 2095
23 18 2294
23 19 1749
23 20 2443
23 21 351
23 22 908
23 23 0
23 24 564
23 25 2085
23 26 1136
23 27 1414
23 28 1227
23 29 1537
23 30 2536
23 31 1305
23 32 694
23 33 2488
23 34 1257
23 35 646
23 36 2440
23 37 1209
23 38 598
23 39 2392
23 40 1161
23 41 550
23 42 2344
23 43 1113
23 44 502
23 45 2296
23 46 1065
23 47 454
23 48 2248
23 49 1017
23 50 406
23 51 2200
23 52 969
23 53 358
23 54 2152
23 55 921
23 56 310
23 57 2200
23 58 969
23 59 358
23 60 2248
23 61 1017
23 62 406
23 63 2296
23 64 1065
23 65 454
23 66 2344
23 67 1113
23 68 502
23 69 2392
23 70 1161
23 71 550
23 72 2440
23 73 1209
23 74 598
23 75 2488
23 76 1257
23 77 646
23 78 2536
23 79 1305
23 80 694
23 81 2584
23 82 1353
23 83 742
23 84 2656
24 0 2712
24 1 578
24 2 1258
24 3 426
24 4 1583
24 5 1960
24 6 2211
24 7 1852
24 8 1507
24 9 1348
24 10 1584
24 11 1349
24 12 2068
24 13 1371
24 14 2274
24 15 1022
24 16 1321
24 17 2247
24 18 2350
24 19 1805
24 20 2595
24 21 915
24 22 852
24 23 564
24 24 0
24 25 2237
24 26 1080
24 27 1470
24 28 1283
24 29 1541
24 30 2592
24 31 1361
24 32 542
24 33 2544
24 34 1313
24 35 494
24 36 2496
24 37 1265
24 38 446
24 39 2448
24 40 1217
24 41 398
24 42 2400
24 43 1169
24 44 350
24 45 2352
24 46 1121
24 47 302
24 48 2304
24 49 1073
24 50 254
24 51 2256
24 52 1025
24 53 206
24 54 2304
24 55 1073
24 56 254
24 57 2352
24 58 1121
24 59 302
24 60 2400
24 61 1169
24 62 350
24 63 2448
24 64 1217
24 65 398
24 66 2496
24 67 1265
24 68 446
24 69 2544
24 70 1313
24 71 494
24 72 2592
24 73 1361
24 74 542
24 75 2640
24 76 1409
24 77 590
24 78 2688
24 79 1457
24 80 638
24 81 2736
24 82 1505
24 83 686
24 84 2712
25 0 667
25 1 2263
25 2 1253
25 3 2319
25 4 980
25 5 603
25 6 448
25 7 999
25 8 1814
25 9 1119
25 10 1459
25 11 1406
25 12 591
25 13 1366
25 14 865
25 15 2395
25 16 2096
25 17 604
25 18 405
25 19 1238
25 20 640
25 21 1734
25 22 2277
25 23 2085
25 24 2237
25 25 0
25 26 1569
25 27 1189
25 28 1184
25 29 1780
25 30 547
25 31 1548
25 32 2779
25 33 499
25 34 1500
25 35 2731
25 36 451
25 37 1452
25 38 2683
25 39 403
25 40 1404
25 41 2635
25 42 355
25 43 1356
25 44 2587
25 45 307
25 46 1308
25 47 2539
25 48 259
25 49 1260
25 50 2491
25 51 211
25 52 1212
25 53 2443
25 54 163
25 55 1164
25 56 2395
25 57 115
25 58 1116
25 59 2347
25 60 163
25 61 1164
25 62 2395
25 63 211
25 64 1212
25 65 2443
25 66 259
25 67 1260
25 68 2491
25 69 307
25 70 1308
25 71 2539
25 72 355
25 73 1356
25 74 2587
25 75 403
25 76 1404
25 77 2635
25 78 451
25 79 1452
25 80 2683
25 81 499
25 82 1500
25 83 2731
25 84 667
26 0 2236
26 1 1054
26 2 590
26 3 902
26 4 915
26 5 1292
26 6 1735
26 7 1376
26 8 1151
26 9 872
26 10 1108
26 11 873
26 12 1592
26 13 703
26 14 1606
26 15 1498
26 16 1433
26 17 1579
26 18 1874
26 19 1329
26 20 1927
26 21 1071
26 22 1328
26 23 1136
26 24 1080
26 25 1569
26 26 0
26 27 994
26 28 807
26 29 1117
26 30 2116
26 31 885
26 32 1210
26 33 2068
26 34 837
26 35 1162
26 36 2020
26 37 789
26 38 1114
26 39 1972
26 40 741
26 41 1066
26 42 1924
26 43 693
26 44 1018
26 45 1876
26 46 645
26 47 970
26 48 1828
26 49 597
26 50 922
26 51 1780
26 52 549
26 53 874
26 54 1732
26 55 501
26 56 826
26 57 1684
26 58 453
26 59 778
26 60 1732
26 61 501
26 62 826
26 63 1780
26 64 549
26 65 874
26 66 1828
26 67 597
26 68 922
26 69 1876
26 70 645
26 71 970
26 72 1924
26 73 693
26 74 1018
26 75 1972
26 76 741
26 77 1066
26 78 2020
26 79 789
26 80 1114
26 81 2068
26 82 837
26 83 1162
26 84 2236
27 0 1242
27 1 1688
27 2 678
27 3 1744
27 4 1003
27 5 1380
27 6 741
27 7 1080
27 8 1239
27 9 768
27 10 812
27 11 577
27 12 598
27 13 791
27 14 1694
27 15 1820
27 16 1521
27 17 1563
27 18 980
27 19 1033
27 20 1599
27 21 1063
27 22 1702
27 23 1414
27 24 1470
27 25 1189
27 26 994
27 27 0
27 28 703
27 29 821
27 30 1122
27 31 589
27 32 1820
27 33 1074
27 34 541
27 35 1772
27 36 1026
27 37 493
27 38 1724
27 39 978
27 40 445
27 41 1676
27 42 930
27 43 397
27 44 1628
27 45 882
27 46 349
27 47 1580
27 48 930
27 49 397
27 50 1628
27 51 978
27 52 445
27 53 1676
27 54 1026
27 55 493
27 56 1724
27 57 1074
27 58 541
27 59 1772
27 60 1122
27 61 589
27 62 1820
27 63 1170
27 64 637
27 65 1868
27 66 1218
27 67 685
27 68 1916
27 69 1266
27 70 733
27 71 1964
27 72 1314
27 73 781
27 74 2012
27 75 1362
27 76 829
27 77 2060
27 78 1410
27 79 877
27 80 2108
27 81 1458
27 82 925
27 83 2156
27 84 1242
28 0 1429
28 1 1501
28 2 491
28 3 1557
28 4 816
28 5 1193
28 6 1210
28 7 1085
28 8 1052
28 9 65
28 10 817
28 11 582
28 12 1301
28 13 604
28 14 1507
28 15 1633
28 16 1334
28 17 1480
28 18 1167
28 19 1038
28 20 1594
28 21 876
28 22 1515
28 23 1227
28 24 1283
28 25 1184
28 26 807
28 27 703
28 28 0
28 29 826
28 30 1309
28 31 594
28 32 1825
28 33 1261
28 34 546
28 35 1777
28 36 1213
28 37 498
28 38 1729
28 39 1165
28 40 450
28 41 1681
28 42 1117
28 43 402
28 44 1633
28 45 1069
28 46 354
28 47 1585
28 48 1021
28 49 306
28 50 1537
28 51 973
28 52 258
28 53 1489
28 54 1021
28 55 306
28 56 1537
28 57 1069
28 58 354
28 59 1585
28 60 1117
28 61 402
28 62 1633
28 63 1165
28 64 450
28 65 1681
28 66 1213
28 67 498
28 68 1729
28 69 1261
28 70 546
28 71 1777
28 72 1309
28 73 594
28 74 1825
28 75 1357
28 76 642
28 77 1873
28 78 1405
28 79 690
28 80 1921
28 81 1453
28 82 738
28 83 1969
28 84 1429
29 0 1583
29 1 1707
29 2 801
29 3 1555
29 4 1126
29 5 1503
29 6 1562
29 7 1011
29 8 1362
29 9 891
29 10 551
29 11 604
29 12 1419
29 13 914
29 14 1817
29 15 1943
29 16 1644
29 17 1790
29 18 1605
29 19 772
29 20 2138
29 21 1186
29 22 1825
29 23 1537
29 24 1541
29 25 1780
29 26 1117
29 27 821
29 28 826
29 29 0
29 30 1463
29 31 232
29 32 999
29 33 1511
29 34 280
29 35 1047
29 36 1559
29 37 328
29 38 1095
29 39 1607
29 40 376
29 41 1143
29 42 1655
29 43 424
29 44 1191
29 45 1703
29 46 472
29 47 1239
29 48 1751
29 49 520
29 50 1287
29 51 1799
29 52 568
29 53 1335
29 54 1847
29 55 616
29 56 1383
29 57 1895
29 58 664
29 59 1431
29 60 1943
29 61 712
29 62 1479
29 63 1991
29 64 760
29 65 1527
29 66 2039
29 67 808
29 68 1575
29 69 2087
29 70 856
29 71 1623
29 72 2135
29 73 904
29 74 1671
29 75 2183
29 76 952
29 77 1719
29 78 2231
29 79 1000
29 80 1767
29 81 2279
29 82 1048
29 83 1815
29 84 1583
30 0 120
30 1 2810
30 2 1800
30 3 2866
30 4 1297
30 5 920
30 6 381
30 7 740
30 8 2361
30 9 1244
30 10 1008
30 11 1243
30 12 524
30 13 1913
30 14 1182
30 15 2942
30 16 2643
30 17 921
30 18 242
30 19 787
30 20 957
30 21 2185
30 22 2824
30 23 2536
30 24 2592
30 25 547
30 26 2116
30 27 1122
30 28 1309
30 29 1463
30 30 0
30 31 1231
30 32 2462
30 33 48
30 34 1279
30 35 2510
30 36 96
30 37 1327
30 38 2558
30 39 144
30 40 1375
30 41 2606
30 42 192
30 43 1423
30 44 2654
30 45 240
30 46 1471
30 47 2702
30 48 288
30 49 1519
30 50 2750
30 51 336
30 52 1567
30 53 2798
30 54 384
30 55 1615
30 56 2846
30 57 432
30 58 1663
30 59 2894
30 60 480
30 61 1711
30 62 2942
30 63 528
30 64 1759
30 65 2990
30 66 576
30 67 1807
30 68 3038
30 69 624
30 70 1855
30 71 3086
30 72 672
30 73 1903
30 74 3134
30 75 720
30 76 1951
30 77 3182
30 78 768
30 79 1999
30 80 3230
30 81 816
30 82 2047
30 83 3278
30 84 120
31 0 1351
31 1 1579
31 2 569
31 3 1635
31 4 894
31 5 1271
31 6 1330
31 7 779
31 8 1130
31 9 659
31 10 319
31 11 372
31 12 1187
31 13 682
31 14 1585
31 15 1711
31 16 1412
31 17 1558
31 18 1373
31 19 540
31 20 1906
31 21 954
31 22 1593
31 23 1305
31 24 1361
31 25 1548
31 26 885
31 27 589
31 28 594
31 29 232
31 30 1231
31 31 0
31 32 1231
31 33 1279
31 34 48
31 35 1279
31 36 1327
31 37 96
31 38 1327
31 39 1375
31 40 144
31 41 1375
31 42 1423
31 43 192
31 44 1423
31 45 1471
31 46 240
31 47 1471
31 48 1519
31 49 288
31 50 1519
31 51 1567
31 52 336
31 53 1567
31 54 1615
31 55 384
31 56 1615
31 57 1663
31 58 432
31 59 1663
31 60 1711
31 61 480
31 62 1711
31 63 1759
31 64 528
31 65 1759
31 66 1807
31 67 576
31 68 1807
31 69 1855
31 70 624
31 71 1855
31 72 1903
31 73 672
31 74 1903
31 75 1951
31 76 720
31 77 1951
31 78 1999
31 79 768
31 80 1999
31 81 2047
31 82 816
31 83 2047
31 84 1351
32 0 2582
32 1 708
32 2 1622
32 3 556
32 4 2125
32 5 2502
32 6 2561
32 7 2010
32 8 1637
32 9 1890
32 10 1550
32 11 1603
32 12 2418
32 13 1605
32 14 2816
32 15 1152
32 16 1451
32 17 2789
32 18 2604
32 19 1771
32 20 3137
32 21 1045
32 22 982
32 23 694
32 24 542
32 25 2779
32 26 1210
32 27 1820
32 28 1825
32 29 999
32 30 2462
32 31 1231
32 32 0
32 33 2510
32 34 1279
32 35 48
32 36 2558
32 37 1327
32 38 96
32 39 2606
32 40 1375
32 41 144
32 42 2654
32 43 1423
32 44 192
32 45 2702
32 46 1471
32 47 240
32 48 2750
32 49 1519
32 50 288
32 51 2798
32 52 1567
32 53 336
32 54 2846
32 55 1615
32 56 384
32 57 2894
32 58 1663
32 59 432
32 60 2942
32 61 1711
32 62 480
32 63 2990
32 64 1759
32 65 528
32 66 3038
32 67 1807
32 68 576
32 69 3086
32 70 1855
32 71 624
32 72 3134
32 73 1903
32 74 672
32 75 3182
32 76 1951
32 77 720
32 78 3230
32 79 1999
32 80 768
32 81 3278
32 82 2047
32 83 816
32 84 2582
33 0 168
33 1 2762
33 2 1752
33 3 2818
33 4 1249
33 5 872
33 6 333
33 7 692
33 8 2313
33 9 1196
33 10 960
33 11 1195
33 12 476
33 13 1865
33 14 1134
33 15 2894
33 16 2595
33 17 873
33 18 194
33 19 739
33 20 909
33 21 2137
33 22 2776
33 23 2488
33 24 2544
33 25 499
33 26 2068
33 27 1074
33 28 1261
33 29 1511
33 30 48
33 31 1279
33 32 2510
33 33 0
33 34 1231
33 35 2462
33 36 48
33 37 1279
33 38 2510
33 39 96
33 40 1327
33 41 2558
33 42 144
33 43 1375
33 44 2606
33 45 192
33 46 1423
33 47 2654
33 48 240
33 49 1471
33 50 2702
33 51 288
33 52 1519
33 53 2750
33 54 336
33 55 1567
33 56 2798
33 57 384
33 58 1615
33 59 2846
33 60 432
33 61 1663
33 62 2894
33 63 480
33 64 1711
33 65 2942
33 66 528
33 67 1759
33 68 2990
33 69 576
33 70 1807
33 71 3038
33 72 624
33 73 1855
33 74 3086
33 75 672
33 76 1903
33 77 3134
33 78 720
33 79 1951
33 80 3182
33 81 768
33 82 1999
33 83 3230
33 84 168
34 0 1399
34 1 1531
34 2 521
34 3 1587
34 4 846
34 5 1223
34 6 1282
34 7 731
34 8 1082
34 9 611
34 10 271
34 11 324
34 12 1139
34 13 634
34 14 1537
34 15 1663
34 16 1364
34 17 1510
34 18 1325
34 19 492
34 20 1858
34 21 906
34 22 1545
34 23 1257
34 24 1313
34 25 1500
34 26 837
34 27 541
34 28 546
34 29 280
34 30 1279
34 31 48
34 32 1279
34 33 1231
34 34 0
34 35 1231
34 36 1279
34 37 48
34 38 1279
34 39 1327
34 40 96
34 41 1327
34 42 1375
34 43 144
34 44 1375
34 45 1423
34 46 192
34 47 1423
34 48 1471
34 49 240
34 50 1471
34 51 1519
34 52 288
34 53 1519
34 54 1567
34 55 336
34 56 1567
34 57 1615
34 58 384
34 59 1615
34 60 1663
34 61 432
34 62 1663
34 63 1711
34 64 480
34 65 1711
34 66 1759
34 67 528
34 68 1759
34 69 1807
34 70 576
34 71 1807
34 72 1855
34 73 624
34 74 1855
34 75 1903
34 76 672
34 77 1903
34 78 1951
34 79 720
34 80 1951
34 81 1999
34 82 768
34 83 1999
34 84 1399
35 0 2630
35 1 660
35 2 1574
35 3 508
35 4 2077
35 5 2454
35 6 2513
35 7 1962
35 8 1589
35 9 1842
35 10 1502
35 11 1555
35 12 2370
35 13 1557
35 14 2768
35 15 1104
35 16 1403
35 17 2741
35 18 2556
35 19 1723
35 20 3089
35 21 997
35 22 934
35 23 646
35 24 494
35 25 2731
35 26 1162
35 27 1772
35 28 1777
35 29 1047
35 30 2510
35 31 1279
35 32 48
35 33 2462
35 34 1231
35 35 0
35 36 2510
35 37 1279
35 38 48
35 39 2558
35 40 1327
35 41 96
35 42 2606
35 43 1375
35 44 144
35 45 2654
35 46 1423
35 47 192
35 48 2702
35 49 1471
35 50 240
35 51 2750
35 52 1519
35 53 288
35 54 2798
35 55 1567
35 56 336
35 57 2846
35 58 1615
35 59 384
35 60 2894
35 61 1663
35 62 432
35 63 2942
35 64 1711
35 65 480
35 66 2990
35 67 1759
35 68 528
35 69 3038
35 70 1807
35 71 576
35 72 3086
35 73 1855
35 74 624
35 75 3134
35 76 1903
35 77 672
35 78 3182
35 79 1951
35 80 720
35 81 3230
35 82 1999
35 83 768
35 84 2630
36 0 216
36 1 2714
36 2 1704
36 3 2770
36 4 1201
36 5 824
36 6 285
36 7 644
36 8 2265
36 9 1148
36 10 1008
36 11 1147
36 12 428
36 13 1817
36 14 1086
36 15 2846
36 16 2547
36 17 825
36 18 146
36 19 787
36 20 861
36 21 2089
36 22 2728
36 23 2440
36 24 2496
36 25 451
36 26 2020
36 27 1026
36 28 1213
36 29 1559
36 30 96
36 31 1327
36 32 2558
36 33 48
36 34 1279
36 35 2510
36 36 0
36 37 1231
36 38 2462
36 39 48
36 40 1279
36 41 2510
36 42 96
36 43 1327
36 44 2558
36 45 144
36 46 1375
36 47 2606
36 48 192
36 49 1423
36 50 2654
36 51 240
36 52 1471
36 53 2702
36 54 288
36 55 1519
36 56 2750
36 57 336
36 58 1567
36 59 2798
36 60 384
36 61 1615
36 62 2846
36 63 432
36 64 1663
36 65 2894
36 66 480
36 67 1711
36 68 2942
36 69 528
36 70 1759
36 71 2990
36 72 576
36 73 1807
36 74 3038
36 75 624
36 76 1855
36 77 3086
36 78 672
36 79 1903
36 80 3134
36 81 720
36 82 1951
36 83 3182
36 84 216
37 0 1447
37 1 1483
37 2 473
37 3 1539
37 4 798
37 5 1175
37 6 1234
37 7 683
37 8 1034
37 9 563
37 10 319
37 11 276
37 12 1091
37 13 586
37 14 1489
37 15 1615
37 16 1316
37 17 1462
37 18 1277
37 19 540
37 20 1810
37 21 858
37 22 1497
37 23 1209
37 24 1265
37 25 1452
37 26 789
37 27 493
37 28 498
37 29 328
37 30 1327
37 31 96
37 32 1327
37 33 1279
37 34 48
37 35 1279
37 36 1231
37 37 0
37 38 1231
37 39 1279
37 40 48
37 41 1279
37 42 1327
37 43 96
37 44 1327
37 45 1375
37 46 144
37 47 1375
37 48 1423
37 49 192
37 50 1423
37 51 1471
37 52 240
37 53 1471
37 54 1519
37 55 288
37 56 1519
37 57 1567
37 58 336
37 59 1567
37 60 1615
37 61 384
37 62 1615
37 63 1663
37 64 432
37 65 1663
37 66 1711
37 67 480
37 68 1711
37 69 1759
37 70 528
37 71 1759
37 72 1807
37 73 576
37 74 1807
37 75 1855
37 76 624
37 77 1855
37 78 1903
37 79 672
37 80 1903
37 81 1951
37 82 720
37 83 1951
37 84 1447
38 0 2678
38 1 612
38 2 1526
38 3 460
38 4 2029
38 5 2406
38 6 2465
38 7 1914
38 8 1541
38 9 1794
38 10 1550
38 11 1507
38 12 2322
38 13 1509
38 14 2720
38 15 1056
38 16 1355
38 17 2693
38 18 2508
38 19 1771
38 20 3041
38 21 949
38 22 886
38 23 598
38 24 446
38 25 2683
38 26 1114
38 27 1724
38 28 1729
38 29 1095
38 30 2558
38 31 1327
38 32 96
38 33 2510
38 34 1279
38 35 48
38 36 2462
38 37 1231
38 38 0
38 39 2510
38 40 1279
38 41 48
38 42 2558
38 43 1327
38 44 96
38 45 2606
38 46 1375
38 47 144
38 48 2654
38 49 1423
38 50 192
38 51 2702
38 52 1471
38 53 240
38 54 2750
38 55 1519
38 56 288
38 57 2798
38 58 1567
38 59 336
38 60 2846
38 61 1615
38 62 384
38 63 2894
38 64 1663
38 65 432
38 66 2942
38 67 1711
38 68 480
38 69 2990
38 70 1759
38 71 528
38 72 3038
38 73 1807
38 74 576
38 75 3086
38 76 1855
38 77 624
38 78 3134
38 79 1903
38 80 672
38 81 3182
38 82 1951
38 83 720
38 84 2678
39 0 264
39 1 2666
39 2 1656
39 3 2722
39 4 1153
39 5 776
39 6 237
39 7 596
39 8 2217
39 9 1100
39 10 1056
39 11 1099
39 12 380
39 13 1769
39 14 1038
39 15 2798
39 16 2499
39 17 777
39 18 98
39 19 835
39 20 813
39 21 2041
39 22 2680
39 23 2392
39 24 2448
39 25 403
39 26 1972
39 27 978
39 28 1165
39 29 1607
39 30 144
39 31 1375
39 32 2606
39 33 96
39 34 1327
39 35 2558
39 36 48
39 37 1279
39 38 2510
39 39 0
39 40 1231
39 41 2462
39 42 48
39 43 1279
39 44 2510
39 45 96
39 46 1327
39 47 2558
39 48 144
39 49 1375
39 50 2606
39 51 192
39 52 1423
39 53 2654
39 54 240
39 55 1471
39 56 2702
39 57 288
39 58 1519
39 59 2750
39 60 336
39 61 1567
39 62 2798
39 63 384
39 64 1615
39 65 2846
39 66 432
39 67 1663
39 68 2894
39 69 480
39 70 1711
39 71 2942
39 72 528
39 73 1759
39 74 2990
39 75 576
39 76 1807
39 77 3038
39 78 624
39 79 1855
39 80 3086
39 81 672
39 82 1903
39 83 3134
39 84 264
40 0 1495
40 1 1435
40 2 425
40 3 1491
40 4 750
40 5 1127
40 6 1186
40 7 635
40 8 986
40 9 515
40 10 367
40 11 228
40 12 1043
40 13 538
40 14 1441
40 15 1567
40 16 1268
40 17 1414
40 18 1229
40 19 588
40 20 1762
40 21 810
40 22 1449
40 23 1161
40 24 1217
40 25 1404
40 26 741
40 27 445
40 28 450
40 29 376
40 30 1375
40 31 144
40 32 1375
40 33 1327
40 34 96
40 35 1327
40 36 1279
40 37 48
40 38 1279
40 39 1231
40 40 0
40 41 1231
40 42 1279
40 43 48
40 44 1279
40 45 1327
40 46 96
40 47 1327
40 48 1375
40 49 144
40 50 1375
40 51 1423
40 52 192
40 53 1423
40 54 1471
40 55 240
40 56 1471
40 57 1519
40 58 288
40 59 1519
40 60 1567
40 61 336
40 62 1567
40 63 1615
40 64 384
40 65 1615
40 66 1663
40 67 432
40 68 1663
40 69 1711
40 70 480
40 71 1711
40 72 1759
40 73 528
40 74 1759
40 75 1807
40 76 576
40 77 1807
40 78 1855
40 79 624
40 80 1855
40 81 1903
40 82 672
40 83 1903
40 84 1495
41 0 2726
41 1 564
41 2 1478
41 3 412
41 4 1981
41 5 2358
41 6 2417
41 7 1866
41 8 1493
41 9 1746
41 10 1598
41 11 1459
41 12 2274
41 13 1461
41 14 2672
41 15 1008
41 16 1307
41 17 2645
41 18 2460
41 19 1819
41 20 2993
41 21 901
41 22 838
41 23 550
41 24 398
41 25 2635
41 26 1066
41 27 1676
41 28 1681
41 29 1143
41 30 2606
41 31 1375
41 32 144
41 33 2558
41 34 1327
41 35 96
41 36 2510
41 37 1279
41 38 48
41 39 2462
41 40 1231
41 41 0
41 42 2510
41 43 1279
41 44 48
41 45 2558
41 46 1327
41 47 96
41 48 2606
41 49 1375
41 50 144
41 51 2654
41 52 1423
41 53 192
41 54 2702
41 55 1471
41 56 240
41 57 2750
41 58 1519
41 59 288
41 60 2798
41 61 1567
41 62 336
41 63 2846
41 64 1615
41 65 384
41 66 2894
41 67 1663
41 68 432
41 69 2942
41 70 1711
41 71 480
41 72 2990
41 73 1759
41 74 528
41 75 3038
41 76 1807
41 77 576
41 78 3086
41 79 1855
41 80 624
41 81 3134
41 82 1903
41 83 672
41 84 2726
42 0 312
42 1 2618
42 2 1608
42 3 2674
42 4 1105
42 5 728
42 6 189
42 7 644
42 8 2169
42 9 1052
42 10 1104
42 11 1051
42 12 332
42 13 1721
42 14 990
42 15 2750
42 16 2451
42 17 729
42 18 50
42 19 883
42 20 765
42 21 1993
42 22 2632
42 23 2344
42 24 2400
42 25 355
42 26 1924
42 27 930
42 28 1117
42 29 1655
42 30 192
42 31 1423
42 32 2654
42 33 144
42 34 1375
42 35 2606
42 36 96
42 37 1327
42 38 2558
42 39 48
42 40 1279
42 41 2510
42 42 0
42 43 1231
42 44 2462
42 45 48
42 46 1279
42 47 2510
42 48 96
42 49 1327
42 50 2558
42 51 144
42 52 1375
42 53 2606
42 54 192
42 55 1423
42 56 2654
42 57 240
42 58 1471
42 59 2702
42 60 288
42 61 1519
42 62 2750
42 63 336
42 64 1567
42 65 2798
42 66 384
42 67 1615
42 68 2846
42 69 432
42 70 1663
42 71 2894
42 72 480
42 73 1711
42 74 2942
42 75 528
42 76 1759
42 77 2990
42 78 576
42 79 1807
42 80 3038
42 81 624
42 82 1855
42 83 3086
42 84 312
43 0 1543
43 1 1387
43 2 377
43 3 1443
43 4 702
43 5 1079
43 6 1138
43 7 683
43 8 938
43 9 467
43 10 415
43 11 180
43 12 995
43 13 490
43 14 1393
43 15 1519
43 16 1220
43 17 1366
43 18 1181
43 19 636
43 20 1714
43 21 762
43 22 1401
43 23 1113
43 24 1169
43 25 1356
43 26 693
43 27 397
43 28 402
43 29 424
43 30 1423
43 31 192
43 32 1423
43 33 1375
43 34 144
43 35 1375
43 36 1327
43 37 96
43 38 1327
43 39 1279
43 40 48
43 41 1279
43 42 1231
43 43 0
43 44 1231
43 45 1279
43 46 48
43 47 1279
43 48 1327
43 49 96
43 50 1327
43 51 1375
43 52 144
43 53 1375
43 54 1423
43 55 192
43 56 1423
43 57 1471
43 58 240
43 59 1471
43 60 1519
43 61 288
43 62 1519
43 63 1567
43 64 336
43 65 1567
43 66 1615
43 67 384
43 68 1615
43 69 1663
43 70 432
43 71 1663
43 72 1711
43 73 480
43 74 1711
43 75 1759
43 76 528
43 77 1759
43 78 1807
43 79 576
43 80 1807
43 81 1855
43 82 624
43 83 1855
43 84 1543
44 0 2774
44 1 516
44 2 1430
44 3 364
44 4 1933
44 5 2310
44 6 2369
44 7 1914
44 8 1445
44 9 1698
44 10 1646
44 11 1411
44 12 2226
44 13 1413
44 14 2624
44 15 960
44 16 1259
44 17 2597
44 18 2412
44 19 1867
44 20 2945
44 21 853
44 22 790
44 23 502
44 24 350
44 25 2587
44 26 1018
44 27 1628
44 28 1633
44 29 1191
44 30 2654
44 31 1423
44 32 192
44 33 2606
44 34 1375
44 35 144
44 36 2558
44 37 1327
44 38 96
44 39 2510
44 40 1279
44 41 48
44 42 2462
44 43 1231
44 44 0
44 45 2510
44 46 1279
44 47 48
44 48 2558
44 49 1327
44 50 96
44 51 2606
44 52 1375
44 53 144
44 54 2654
44 55 1423
44 56 192
44 57 2702
44 58 1471
44 59 240
44 60 2750
44 61 1519
44 62 288
44 63 2798
44 64 1567
44 65 336
44 66 2846
44 67 1615
44 68 384
44 69 2894
44 70 1663
44 71 432
44 72 2942
44 73 1711
44 74 480
44 75 2990
44 76 1759
44 77 528
44 78 3038
44 79 1807
44 80 576
44 81 3086
44 82 1855
44 83 624
44 84 2774
45 0 360
45 1 2570
45 2 1560
45 3 2626
45 4 1057
45 5 680
45 6 141
45 7 692
45 8 2121
45 9 1004
45 10 1152
45 11 1099
45 12 284
45 13 1673
45 14 942
45 15 2702
45 16 2403
45 17 681
45 18 98
45 19 931
45 20 717
45 21 1945
45 22 2584
45 23 2296
45 24 2352
45 25 307
45 26 1876
45 27 882
45 28 1069
45 29 1703
45 30 240
45 31 1471
45 32 2702
45 33 192
45 34 1423
45 35 2654
45 36 144
45 37 1375
45 38 2606
45 39 96
45 40 1327
45 41 2558
45 42 48
45 43 1279
45 44 2510
45 45 0
45 46 1231
45 47 2462
45 48 48
45 49 1279
45 50 2510
45 51 96
45 52 1327
45 53 2558
45 54 144
45 55 1375
45 56 2606
45 57 192
45 58 1423
45 59 2654
45 60 240
45 61 1471
45 62 2702
45 63 288
45 64 1519
45 65 2750
45 66 336
45 67 1567
45 68 2798
45 69 384
45 70 1615
45 71 2846
45 72 432
45 73 1663
45 74 2894
45 75 480
45 76 1711
45 77 2942
45 78 528
45 79 1759
45 80 2990
45 81 576
45 82 1807
45 83 3038
45 84 360
46 0 1591
46 1 1339
46 2 329
46 3 1395
46 4 654
46 5 1031
46 6 1090
46 7 731
46 8 890
46 9 419
46 10 463
46 11 228
46 12 947
46 13 442
46 14 1345
46 15 1471
46 16 1172
46 17 1318
46 18 1229
46 19 684
46 20 1666
46 21 714
46 22 1353
46 23 1065
46 24 1121
46 25 1308
46 26 645
46 27 349
46 28 354
46 29 472
46 30 1471
46 31 240
46 32 1471
46 33 1423
46 34 192
46 35 1423
46 36 1375
46 37 144
46 38 1375
46 39 1327
46 40 96
46 41 1327
46 42 1279
46 43 48
46 44 1279
46 45 1231
46 46 0
46 47 1231
46 48 1279
46 49 48
46 50 1279
46 51 1327
46 52 96
46 53 1327
46 54 1375
46 55 144
46 56 1375
46 57 1423
46 58 192
46 59 1423
46 60 1471
46 61 240
46 62 1471
46 63 1519
46 64 288
46 65 1519
46 66 1567
46 67 336
46 68 1567
46 69 1615
46 70 384
46 71 1615
46 72 1663
46 73 432
46 74 1663
46 75 1711
46 76 480
46 77 1711
46 78 1759
46 79 528
46 80 1759
46 81 1807
46 82 576
46 83 1807
46 84 1591
47 0 2822
47 1 468
47 2 1382
47 3 316
47 4 1885
47 5 2262
47 6 2321
47 7 1962
47 8 1397
47 9 1650
47 10 1694
47 11 1459
47 12 2178
47 13 1365
47 14 2576
47 15 912
47 16 1211
47 17 2549
47 18 2460
47 19 1915
47 20 2897
47 21 805
47 22 742
47 23 454
47 24 302
47 25 2539
47 26 970
47 27 1580
47 28 1585
47 29 1239
47 30 2702
47 31 1471
47 32 240
47 33 2654
47 34 1423
47 35 192
47 36 2606
47 37 1375
47 38 144
47 39 2558
47 40 1327
47 41 96
47 42 2510
47 43 1279
47 44 48
47 45 2462
47 46 1231
47 47 0
47 48 2510
47 49 1279
47 50 48
47 51 2558
47 52 1327
47 53 96
47 54 2606
47 55 1375
47 56 144
47 57 2654
47 58 1423
47 59 192
47 60 2702
47 61 1471
47 62 240
47 63 2750
47 64 1519
47 65 288
47 66 2798
47 67 1567
47 68 336
47 69 2846
47 70 1615
47 71 384
47 72 2894
47 73 1663
47 74 432
47 75 2942
47 76 1711
47 77 480
47 78 2990
47 79 1759
47 80 528
47 81 3038
47 82 1807
47 83 576
47 84 2822
48 0 408
48 1 2522
48 2 1512
48 3 2578
48 4 1009
48 5 632
48 6 189
48 7 740
48 8 2073
48 9 956
48 10 1200
48 11 1147
48 12 332
48 13 1625
48 14 894
48 15 2654
48 16 2355
48 17 633
48 18 146
48 19 979
48 20 669
48 21 1897
48 22 2536
48 23 2248
48 24 2304
48 25 259
48 26 1828
48 27 930
48 28 1021
48 29 1751
48 30 288
48 31 1519
48 32 2750
48 33 240
48 34 1471
48 35 2702
48 36 192
48 37 1423
48 38 2654
48 39 144
48 40 1375
48 41 2606
48 42 96
48 43 1327
48 44 2558
48 45 48
48 46 1279
48 47 2510
48 48 0
48 49 1231
48 50 2462
48 51 48
48 52 1279
48 53 2510
48 54 96
48 55 1327
48 56 2558
48 57 144
48 58 1375
48 59 2606
48 60 192
48 61 1423
48 62 2654
48 63 240
48 64 1471
48 65 2702
48 66 288
48 67 1519
48 68 2750
48 69 336
48 70 1567
48 71 2798
48 72 384
48 73 1615
48 74 2846
48 75 432
48 76 1663
48 77 2894
48 78 480
48 79 1711
48 80 2942
48 81 528
48 82 1759
48 83 2990
48 84 408
49 0 1639
49 1 1291
49 2 281
49 3 1347
49 4 606
49 5 983
49 6 1138
49 7 779
49 8 842
49 9 371
49 10 511
49 11 276
49 12 995
49 13 394
49 14 1297
49 15 1423
49 16 1124
49 17 1270
49 18 1277
49 19 732
49 20 1618
49 21 666
49 22 1305
49 23 1017
49 24 1073
49 25 1260
49 26 597
49 27 397
49 28 306
49 29 520
49 30 1519
49 31 288
49 32 1519
49 33 1471
49 34 240
49 35 1471
49 36 1423
49 37 192
49 38 1423
49 39 1375
49 40 144
49 41 1375
49 42 1327
49 43 96
49 44 1327
49 45 1279
49 46 48
49 47 1279
49 48 1231
49 49 0
49 50 1231
49 51 1279
49 52 48
49 53 1279
49 54 1327
49 55 96
49 56 1327
49 57 1375
49 58 144
49 59 1375
49 60 1423
49 61 192
49 62 1423
49 63 1471
49 64 240
49 65 1471
49 66 1519
49 67 288
49 68 1519
49 69 1567
49 70 336
49 71 1567
49 72 1615
49 73 384
49 74 1615
49 75 1663
49 76 432
49 77 1663
49 78 1711
49 79 480
49 80 1711
49 81 1759
49 82 528
49 83 1759
49 84 1639
50 0 2870
50 1 420
50 2 1334
50 3 268
50 4 1837
50 5 2214
50 6 2369
50 7 2010
50 8 1349
50 9 1602
50 10 1742
50 11 1507
50 12 2226
50 13 1317
50 14 2528
50 15 864
50 16 1163
50 17 2501
50 18 2508
50 19 1963
50 20 2849
50 21 757
50 22 694
50 23 406
50 24 254
50 25 2491
50 26 922
50 27 1628
50 28 1537
50 29 1287
50 30 2750
50 31 1519
50 32 288
50 33 2702
50 34 1471
50 35 240
50 36 2654
50 37 1423
50 38 192
50 39 2606
50 40 1375
50 41 144
50 42 2558
50 43 1327
50 44 96
50 45 2510
50 46 1279
50 47 48
50 48 2462
50 49 1231
50 50 0
50 51 2510
50 52 1279
50 53 48
50 54 2558
50 55 1327
50 56 96
50 57 2606
50 58 1375
50 59 144
50 60 2654
50 61 1423
50 62 192
50 63 2702
50 64 1471
50 65 240
50 66 2750
50 67 1519
50 68 288
50 69 2798
50 70 1567
50 71 336
50 72 2846
50 73 1615
50 74 384
50 75 2894
50 76 1663
50 77 432
50 78 2942
50 79 1711
50 80 480
50 81 2990
50 82 1759
50 83 528
50 84 2870
51 0 456
51 1 2474
51 2 1464
51 3 2530
51 4 961
51 5 584
51 6 237
51 7 788
51 8 2025
51 9 908
51 10 1248
51 11 1195
51 12 380
51 13 1577
51 14 846
51 15 2606
51 16 2307
51 17 585
51 18 194
51 19 1027
51 20 621
51 21 1849
51 22 2488
51 23 2200
51 24 2256
51 25 211
51 26 1780
51 27 978
51 28 973
51 29 1799
51 30 336
51 31 1567
51 32 2798
51 33 288
51 34 1519
51 35 2750
51 36 240
51 37 1471
51 38 2702
51 39 192
51 40 1423
51 41 2654
51 42 144
51 43 1375
51 44 2606
51 45 96
51 46 1327
51 47 2558
51 48 48
51 49 1279
51 50 2510
51 51 0
51 52 1231
51 53 2462
51 54 48
51 55 1279
51 56 2510
51 57 96
51 58 1327
51 59 2558
51 60 144
51 61 1375
51 62 2606
51 63 192
51 64 1423
51 65 2654
51 66 240
51 67 1471
51 68 2702
51 69 288
51 70 1519
51 71 2750
51 72 336
51 73 1567
51 74 2798
51 75 384
51 76 1615
51 77 2846
51 78 432
51 79 1663
51 80 2894
51 81 480
51 82 1711
51 83 2942
51 84 456
52 0 1687
52 1 1243
52 2 233
52 3 1299
52 4 558
52 5 935
52 6 1186
52 7 827
52 8 794
52 9 323
52 10 559
52 11 324
52 12 1043
52 13 346
52 14 1249
52 15 1375
52 16 1076
52 17 1222
52 18 1325
52 19 780
52 20 1570
52 21 618
52 22 1257
52 23 969
52 24 1025
52 25 1212
52 26 549
52 27 445
52 28 258
52 29 568
52 30 1567
52 31 336
52 32 1567
52 33 1519
52 34 288
52 35 1519
52 36 1471
52 37 240
52 38 1471
52 39 1423
52 40 192
52 41 1423
52 42 1375
52 43 144
52 44 1375
52 45 1327
52 46 96
52 47 1327
52 48 1279
52 49 48
52 50 1279
52 51 1231
52 52 0
52 53 1231
52 54 1279
52 55 48
52 56 1279
52 57 1327
52 58 96
52 59 1327
52 60 1375
52 61 144
52 62 1375
52 63 1423
52 64 192
52 65 1423
52 66 1471
52 67 240
52 68 1471
52 69 1519
52 70 288
52 71 1519
52 72 1567
52 73 336
52 74 1567
52 75 1615
52 76 384
52 77 1615
52 78 1663
52 79 432
52 80 1663
52 81 1711
52 82 480
52 83 1711
52 84 1687
53 0 2918
53 1 372
53 2 1286
53 3 220
53 4 1789
53 5 2166
53 6 2417
53 7 2058
53 8 1301
53 9 1554
53 10 1790
53 11 1555
53 12 2274
53 13 1269
53 14 2480
53 15 816
53 16 1115
53 17 2453
53 18 2556
53 19 2011
53 20 2801
53 21 709
53 22 646
53 23 358
53 24 206
53 25 2443
53 26 874
53 27 1676
53 28 1489
53 29 1335
53 30 2798
53 31 1567
53 32 336
53 33 2750
53 34 1519
53 35 288
53 36 2702
53 37 1471
53 38 240
53 39 2654
53 40 1423
53 41 192
53 42 2606
53 43 1375
53 44 144
53 45 2558
53 46 1327
53 47 96
53 48 2510
53 49 1279
53 50 48
53 51 2462
53 52 1231
53 53 0
53 54 2510
53 55 1279
53 56 48
53 57 2558
53 58 1327
53 59 96
53 60 2606
53 61 1375
53 62 144
53 63 2654
53 64 1423
53 65 192
53 66 2702
53 67 1471
53 68 240
53 69 2750
53 70 1519
53 71 288
53 72 2798
53 73 1567
53 74 336
53 75 2846
53 76 1615
53 77 384
53 78 2894
53 79 1663
53 80 432
53 81 2942
53 82 1711
53 83 480
53 84 2918
54 0 504
54 1 2426
54 2 1416
54 3 2482
54 4 913
54 5 536
54 6 285
54 7 836
54 8 1977
54 9 956
54 10 1296
54 11 1243
54 12 428
54 13 1529
54 14 798
54 15 2558
54 16 2259
54 17 537
54 18 242
54 19 1075
54 20 573
54 21 1801
54 22 2440
54 23 2152
54 24 2304
54 25 163
54 26 1732
54 27 1026
54 28 1021
54 29 1847
54 30 384
54 31 1615
54 32 2846
54 33 336
54 34 1567
54 35 2798
54 36 288
54 37 1519
54 38 2750
54 39 240
54 40 1471
54 41 2702
54 42 192
54 43 1423
54 44 2654
54 45 144
54 46 1375
54 47 2606
54 48 96
54 49 1327
54 50 2558
54 51 48
54 52 1279
54 53 2510
54 54 0
54 55 1231
54 56 2462
54 57 48
54 58 1279
54 59 2510
54 60 96
54 61 1327
54 62 2558
54 63 144
54 64 1375
54 65 2606
54 66 192
54 67 1423
54 68 2654
54 69 240
54 70 1471
54 71 2702
54 72 288
54 73 1519
54 74 2750
54 75 336
54 76 1567
54 77 2798
54 78 384
54 79 1615
54 80 2846
54 81 432
54 82 1663
54 83 2894
54 84 504
55 0 1735
55 1 1195
55 2 185
55 3 1251
55 4 510
55 5 887
55 6 1234
55 7 875
55 8 746
55 9 371
55 10 607
55 11 372
55 12 1091
55 13 298
55 14 1201
55 15 1327
55 16 1028
55 17 1174
55 18 1373
55 19 828
55 20 1522
55 21 570
55 22 1209
55 23 921
55 24 1073
55 25 1164
55 26 501
55 27 493
55 28 306
55 29 616
55 30 1615
55 31 384
55 32 1615
55 33 1567
55 34 336
55 35 1567
55 36 1519
55 37 288
55 38 1519
55 39 1471
55 40 240
55 41 1471
55 42 1423
55 43 192
55 44 1423
55 45 1375
55 46 144
55 47 1375
55 48 1327
55 49 96
55 50 1327
55 51 1279
55 52 48
55 53 1279
55 54 1231
55 55 0
55 56 1231
55 57 1279
55 58 48
55 59 1279
55 60 1327
55 61 96
55 62 1327
55 63 1375
55 64 144
55 65 1375
55 66 1423
55 67 192
55 68 1423
55 69 1471
55 70 240
55 71 1471
55 72 1519
55 73 288
55 74 1519
55 75 1567
55 76 336
55 77 1567
55 78 1615
55 79 384
55 80 1615
55 81 1663
55 82 432
55 83 1663
55 84 1735
56 0 2966
56 1 324
56 2 1238
56 3 172
56 4 1741
56 5 2118
56 6 2465
56 7 2106
56 8 1253
56 9 1602
56 10 1838
56 11 1603
56 12 2322
56 13 1221
56 14 2432
56 15 768
56 16 1067
56 17 2405
56 18 2604
56 19 2059
56 20 2753
56 21 661
56 22 598
56 23 310
56 24 254
56 25 2395
56 26 826
56 27 1724
56 28 1537
56 29 1383
56 30 2846
56 31 1615
56 32 384
56 33 2798
56 34 1567
56 35 336
56 36 2750
56 37 1519
56 38 288
56 39 2702
56 40 1471
56 41 240
56 42 2654
56 43 1423
56 44 192
56 45 2606
56 46 1375
56 47 144
56 48 2558
56 49 1327
56 50 96
56 51 2510
56 52 1279
56 53 48
56 54 2462
56 55 1231
56 56 0
56 57 2510
56 58 1279
56 59 48
56 60 2558
56 61 1327
56 62 96
56 63 2606
56 64 1375
56 65 144
56 66 2654
56 67 1423
56 68 192
56 69 2702
56 70 1471
56 71 240
56 72 2750
56 73 1519
56 74 288
56 75 2798
56 76 1567
56 77 336
56 78 2846
56 79 1615
56 80 384
56 81 2894
56 82 1663
56 83 432
56 84 2966
57 0 552
57 1 2378
57 2 1368
57 3 2434
57 4 865
57 5 488
57 6 333
57 7 884
57 8 1929
57 9 1004
57 10 1344
57 11 1291
57 12 476
57 13 1481
57 14 750
57 15 2510
57 16 2211
57 17 489
57 18 290
57 19 1123
57 20 525
57 21 1849
57 22 2392
57 23 2200
57 24 2352
57 25 115
57 26 1684
57 27 1074
57 28 1069
57 29 1895
57 30 432
57 31 1663
57 32 2894
57 33 384
57 34 1615
57 35 2846
57 36 336
57 37 1567
57 38 2798
57 39 288
57 40 1519
57 41 2750
57 42 240
57 43 1471
57 44 2702
57 45 192
57 46 1423
57 47 2654
57 48 144
57 49 1375
57 50 2606
57 51 96
57 52 1327
57 53 2558
57 54 48
57 55 1279
57 56 2510
57 57 0
57 58 1231
57 59 2462
57 60 48
57 61 1279
57 62 2510
57 63 96
57 64 1327
57 65 2558
57 66 144
57 67 1375
57 68 2606
57 69 192
57 70 1423
57 71 2654
57 72 240
57 73 1471
57 74 2702
57 75 288
57 76 1519
57 77 2750
57 78 336
57 79 1567
57 80 2798
57 81 384
57 82 1615
57 83 2846
57 84 552
58 0 1783
58 1 1147
58 2 137
58 3 1203
58 4 462
58 5 839
58 6 1282
58 7 923
58 8 698
58 9 419
58 10 655
58 11 420
58 12 1139
58 13 250
58 14 1153
58 15 1279
58 16 980
58 17 1126
58 18 1421
58 19 876
58 20 1474
58 21 618
58 22 1161
58 23 969
58 24 1121
58 25 1116
58 26 453
58 27 541
58 28 354
58 29 664
58 30 1663
58 31 432
58 32 1663
58 33 1615
58 34 384
58 35 1615
58 36 1567
58 37 336
58 38 1567
58 39 1519
58 40 288
58 41 1519
58 42 1471
58 43 240
58 44 1471
58 45 1423
58 46 192
58 47 1423
58 48 1375
58 49 144
58 50 1375
58 51 1327
58 52 96
58 53 1327
58 54 1279
58 55 48
58 56 1279
58 57 1231
58 58 0
58 59 1231
58 60 1279
58 61 48
58 62 1279
58 63 1327
58 64 96
58 65 1327
58 66 1375
58 67 144
58 68 1375
58 69 1423
58 70 192
58 71 1423
58 72 1471
58 73 240
58 74 1471
58 75 1519
58 76 288
58 77 1519
58 78 1567
58 79 336
58 80 1567
58 81 1615
58 82 384
58 83 1615
58 84 1783
59 0 3014
59 1 276
59 2 1190
59 3 124
59 4 1693
59 5 2070
59 6 2513
59 7 2154
59 8 1205
59 9 1650
59 10 1886
59 11 1651
59 12 2370
59 13 1173
59 14 2384
59 15 720
59 16 1019
59 17 2357
59 18 2652
59 19 2107
59 20 2705
59 21 709
59 22 550
59 23 358
59 24 302
59 25 2347
59 26 778
59 27 1772
59 28 1585
59 29 1431
59 30 2894
59 31 1663
59 32 432
59 33 2846
59 34 1615
59 35 384
59 36 2798
59 37 1567
59 38 336
59 39 2750
59 40 1519
59 41 288
59 42 2702
59 43 1471
59 44 240
59 45 2654
59 46 1423
59 47 192
59 48 2606
59 49 1375
59 50 144
59 51 2558
59 52 1327
59 53 96
59 54 2510
59 55 1279
59 56 48
59 57 2462
59 58 1231
59 59 0
59 60 2510
59 61 1279
59 62 48
59 63 2558
59 64 1327
59 65 96
59 66 2606
59 67 1375
59 68 144
59 69 2654
59 70 1423
59 71 192
59 72 2702
59 73 1471
59 74 240
59 75 2750
59 76 1519
59 77 288
59 78 2798
59 79 1567
59 80 336
59 81 2846
59 82 1615
59 83 384
59 84 3014
60 0 600
60 1 2330
60 2 1320
60 3 2386
60 4 817
60 5 440
60 6 381
60 7 932
60 8 1881
60 9 1052
60 10 1392
60 11 1339
60 12 524
60 13 1433
60 14 702
60 15 2462
60 16 2163
60 17 441
60 18 338
60 19 1171
60 20 477
60 21 1897
60 22 2344
60 23 2248
60 24 2400
60 25 163
60 26 1732
60 27 1122
60 28 1117
60 29 1943
60 30 480
60 31 1711
60 32 2942
60 33 432
60 34 1663
60 35 2894
60 36 384
60 37 1615
60 38 2846
60 39 336
60 40 1567
60 41 2798
60 42 288
60 43 1519
60 44 2750
60 45 240
60 46 1471
60 47 2702
60 48 192
60 49 1423
60 50 2654
60 51 144
60 52 1375
60 53 2606
60 54 96
60 55 1327
60 56 2558
60 57 48
60 58 1279
60 59 2510
60 60 0
60 61 1231
60 62 2462
60 63 48
60 64 1279
60 65 2510
60 66 96
60 67 1327
60 68 2558
60 69 144
60 70 1375
60 71 2606
60 72 192
60 73 1423
60 74 2654
60 75 240
60 76 1471
60 77 2702
60 78 288
60 79 1519
60 80 2750
60 81 336
60 82 1567
60 83 2798
60 84 600
61 0 1831
61 1 1099
61 2 89
61 3 1155
61 4 414
61 5 791
61 6 1330
61 7 971
61 8 650
61 9 467
61 10 703
61 11 468
61 12 1187
61 13 202
61 14 1105
61 15 1231
61 16 932
61 17 1078
61 18 1469
61 19 924
61 20 1426
61 21 666
61 22 1113
61 23 1017
61 24 1169
61 25 1164
61 26 501
61 27 589
61 28 402
61 29 712
61 30 1711
61 31 480
61 32 1711
61 33 1663
61 34 432
61 35 1663
61 36 1615
61 37 384
61 38 1615
61 39 1567
61 40 336
61 41 1567
61 42 1519
61 43 288
61 44 1519
61 45 1471
61 46 240
61 47 1471
61 48 1423
61 49 192
61 50 1423
61 51 1375
61 52 144
61 53 1375
61 54 1327
61 55 96
61 56 1327
61 57 1279
61 58 48
61 59 1279
61 60 1231
61 61 0
61 62 1231
61 63 1279
61 64 48
61 65 1279
61 66 1327
61 67 96
61 68 1327
61 69 1375
61 70 144
61 71 1375
61 72 1423
61 73 192
61 74 1423
61 75 1471
61 76 240
61 77 1471
61 78 1519
61 79 288
61 80 1519
61 81 1567
61 82 336
61 83 1567
61 84 1831
62 0 3062
62 1 228
62 2 1142
62 3 76
62 4 1645
62 5 2022
62 6 2561
62 7 2202
62 8 1157
62 9 1698
62 10 1934
62 11 1699
62 12 2418
62 13 1125
62 14 2336
62 15 672
62 16 971
62 17 2309
62 18 2700
62 19 2155
62 20 2657
62 21 757
62 22 502
62 23 406
62 24 350
62 25 2395
62 26 826
62 27 1820
62 28 1633
62 29 1479
62 30 2942
62 31 1711
62 32 480
62 33 2894
62 34 1663
62 35 432
62 36 2846
62 37 1615
62 38 384
62 39 2798
62 40 1567
62 41 336
62 42 2750
62 43 1519
62 44 288
62 45 2702
62 46 1471
62 47 240
62 48 2654
62 49 1423
62 50 192
62 51 2606
62 52 1375
62 53 144
62 54 2558
62 55 1327
62 56 96
62 57 2510
62 58 1279
62 59 48
62 60 2462
62 61 1231
62 62 0
62 63 2510
62 64 1279
62 65 48
62 66 2558
62 67 1327
62 68 96
62 69 2606
62 70 1375
62 71 144
62 72 2654
62 73 1423
62 74 192
62 75 2702
62 76 1471
62 77 240
62 78 2750
62 79 1519
62 80 288
62 81 2798
62 82 1567
62 83 336
62 84 3062
63 0 648
63 1 2282
63 2 1368
63 3 2434
63 4 865
63 5 488
63 6 429
63 7 980
63 8 1833
63 9 1100
63 10 1440
63 11 1387
63 12 572
63 13 1385
63 14 654
63 15 2414
63 16 2115
63 17 393
63 18 386
63 19 1219
63 20 429
63 21 1945
63 22 2296
63 23 2296
63 24 2448
63 25 211
63 26 1780
63 27 1170
63 28 1165
63 29 1991
63 30 528
63 31 1759
63 32 2990
63 33 480
63 34 1711
63 35 2942
63 36 432
63 37 1663
63 38 2894
63 39 384
63 40 1615
63 41 2846
63 42 336
63 43 1567
63 44 2798
63 45 288
63 46 1519
63 47 2750
63 48 240
63 49 1471
63 50 2702
63 51 192
63 52 1423
63 53 2654
63 54 144
63 55 1375
63 56 2606
63 57 96
63 58 1327
63 59 2558
63 60 48
63 61 1279
63 62 2510
63 63 0
63 64 1231
63 65 2462
63 66 48
63 67 1279
63 68 2510
63 69 96
63 70 1327
63 71 2558
63 72 144
63 73 1375
63 74 2606
63 75 192
63 76 1423
63 77 2654
63 78 240
63 79 1471
63 80 2702
63 81 288
63 82 1519
63 83 2750
63 84 648
64 0 1879
64 1 1051
64 2 137
64 3 1203
64 4 462
64 5 839
64 6 1378
64 7 1019
64 8 602
64 9 515
64 10 751
64 11 516
64 12 1235
64 13 154
64 14 1057
64 15 1183
64 16 884
64 17 1030
64 18 1517
64 19 972
64 20 1378
64 21 714
64 22 1065
64 23 1065
64 24 1217
64 25 1212
64 26 549
64 27 637
64 28 450
64 29 760
64 30 1759
64 31 528
64 32 1759
64 33 1711
64 34 480
64 35 1711
64 36 1663
64 37 432
64 38 1663
64 39 1615
64 40 384
64 41 1615
64 42 1567
64 43 336
64 44 1567
64 45 1519
64 46 288
64 47 1519
64 48 1471
64 49 240
64 50 1471
64 51 1423
64 52 192
64 53 1423
64 54 1375
64 55 144
64 56 1375
64 57 1327
64 58 96
64 59 1327
64 60 1279
64 61 48
64 62 1279
64 63 1231
64 64 0
64 65 1231
64 66 1279
64 67 48
64 68 1279
64 69 1327
64 70 96
64 71 1327
64 72 1375
64 73 144
64 74 1375
64 75 1423
64 76 192
64 77 1423
64 78 1471
64 79 240
64 80 1471
64 81 1519
64 82 288
64 83 1519
64 84 1879
65 0 3110
65 1 180
65 2 1190
65 3 124
65 4 1693
65 5 2070
65 6 2609
65 7 2250
65 8 1109
65 9 1746
65 10 1982
65 11 1747
65 12 2466
65 13 1077
65 14 2288
65 15 624
65 16 923
65 17 2261
65 18 2748
65 19 2203
65 20 2609
65 21 805
65 22 454
65 23 454
65 24 398
65 25 2443
65 26 874
65 27 1868
65 28 1681
65 29 1527
65 30 2990
65 31 1759
65 32 528
65 33 2942
65 34 1711
65 35 480
65 36 2894
65 37 1663
65 38 432
65 39 2846
65 40 1615
65 41 384
65 42 2798
65 43 1567
65 44 336
65 45 2750
65 46 1519
65 47 288
65 48 2702
65 49 1471
65 50 240
65 51 2654
65 52 1423
65 53 192
65 54 2606
65 55 1375
65 56 144
65 57 2558
65 58 1327
65 59 96
65 60 2510
65 61 1279
65 62 48
65 63 2462
65 64 1231
65 65 0
65 66 2510
65 67 1279
65 68 48
65 69 2558
65 70 1327
65 71 96
65 72 2606
65 73 1375
65 74 144
65 75 2654
65 76 1423
65 77 192
65 78 2702
65 79 1471
65 80 240
65 81 2750
65 82 1519
65 83 288
65 84 3110
66 0 696
66 1 2330
66 2 1416
66 3 2482
66 4 913
66 5 536
66 6 477
66 7 1028
66 8 1785
66 9 1148
66 10 1488
66 11 1435
66 12 620
66 13 1433
66 14 606
66 15 2366
66 16 2067
66 17 345
66 18 434
66 19 1267
66 20 381
66 21 1993
66 22 2248
66 23 2344
66 24 2496
66 25 259
66 26 1828
66 27 1218
66 28 1213
66 29 2039
66 30 576
66 31 1807
66 32 3038
66 33 528
66 34 1759
66 35 2990
66 36 480
66 37 1711
66 38 2942
66 39 432
66 40 1663
66 41 2894
66 42 384
66 43 1615
66 44 2846
66 45 336
66 46 1567
66 47 2798
66 48 288
66 49 1519
66 50 2750
66 51 240
66 52 1471
66 53 2702
66 54 192
66 55 1423
66 56 2654
66 57 144
66 58 1375
66 59 2606
66 60 96
66 61 1327
66 62 2558
66 63 48
66 64 1279
66 65 2510
66 66 0
66 67 1231
66 68 2462
66 69 48
66 70 1279
66 71 2510
66 72 96
66 73 1327
66 74 2558
66 75 144
66 76 1375
66 77 2606
66 78 192
66 79 1423
66 80 2654
66 81 240
66 82 1471
66 83 2702
66 84 696
67 0 1927
67 1 1099
67 2 185
67 3 1251
67 4 510
67 5 887
67 6 1426
67 7 1067
67 8 554
67 9 563
67 10 799
67 11 564
67 12 1283
67 13 202
67 14 1009
67 15 1135
67 16 836
67 17 982
67 18 1565
67 19 1020
67 20 1330
67 21 762
67 22 1017
67 23 1113
67 24 1265
67 25 1260
67 26 597
67 27 685
67 28 498
67 29 808
67 30 1807
67 31 576
67 32 1807
67 33 1759
67 34 528
67 35 1759
67 36 1711
67 37 480
67 38 1711
67 39 1663
67 40 432
67 41 1663
67 42 1615
67 43 384
67 44 1615
67 45 1567
67 46 336
67 47 1567
67 48 1519
67 49 288
67 50 1519
67 51 1471
67 52 240
67 53 1471
67 54 1423
67 55 192
67 56 1423
67 57 1375
67 58 144
67 59 1375
67 60 1327
67 61 96
67 62 1327
67 63 1279
67 64 48
67 65 1279
67 66 1231
67 67 0
67 68 1231
67 69 1279
67 70 48
67 71 1279
67 72 1327
67 73 96
67 74 1327
67 75 1375
67 76 144
67 77 1375
67 78 1423
67 79 192
67 80 1423
67 81 1471
67 82 240
67 83 1471
67 84 1927
68 0 3158
68 1 228
68 2 1238
68 3 172
68 4 1741
68 5 2118
68 6 2657
68 7 2298
68 8 1061
68 9 1794
68 10 2030
68 11 1795
68 12 2514
68 13 1125
68 14 2240
68 15 576
68 16 875
68 17 2213
68 18 2796
68 19 2251
68 20 2561
68 21 853
68 22 406
68 23 502
68 24 446
68 25 2491
68 26 922
68 27 1916
68 28 1729
68 29 1575
68 30 3038
68 31 1807
68 32 576
68 33 2990
68 34 1759
68 35 528
68 36 2942
68 37 1711
68 38 480
68 39 2894
68 40 1663
68 41 432
68 42 2846
68 43 1615
68 44 384
68 45 2798
68 46 1567
68 47 336
68 48 2750
68 49 1519
68 50 288
68 51 2702
68 52 1471
68 53 240
68 54 2654
68 55 1423
68 56 192
68 57 2606
68 58 1375
68 59 144
68 60 2558
68 61 1327
68 62 96
68 63 2510
68 64 1279
68 65 48
68 66 2462
68 67 1231
68 68 0
68 69 2510
68 70 1279
68 71 48
68 72 2558
68 73 1327
68 74 96
68 75 2606
68 76 1375
68 77 144
68 78 2654
68 79 1423
68 80 192
68 81 2702
68 82 1471
68 83 240
68 84 3158
69 0 744
69 1 2378
69 2 1464
69 3 2530
69 4 961
69 5 584
69 6 525
69 7 1076
69 8 1737
69 9 1196
69 10 1536
69 11 1483
69 12 668
69 13 1481
69 14 558
69 15 2318
69 16 2019
69 17 297
69 18 482
69 19 1315
69 20 333
69 21 2041
69 22 2200
69 23 2392
69 24 2544
69 25 307
69 26 1876
69 27 1266
69 28 1261
69 29 2087
69 30 624
69 31 1855
69 32 3086
69 33 576
69 34 1807
69 35 3038
69 36 528
69 37 1759
69 38 2990
69 39 480
69 40 1711
69 41 2942
69 42 432
69 43 1663
69 44 2894
69 45 384
69 46 1615
69 47 2846
69 48 336
69 49 1567
69 50 2798
69 51 288
69 52 1519
69 53 2750
69 54 240
69 55 1471
69 56 2702
69 57 192
69 58 1423
69 59 2654
69 60 144
69 61 1375
69 62 2606
69 63 96
69 64 1327
69 65 2558
69 66 48
69 67 1279
69 68 2510
69 69 0
69 70 1231
69 71 2462
69 72 48
69 73 1279
69 74 2510
69 75 96
69 76 1327
69 77 2558
69 78 144
69 79 1375
69 80 2606
69 81 192
69 82 1423
69 83 2654
69 84 744
70 0 1975
70 1 1147
70 2 233
70 3 1299
70 4 558
70 5 935
70 6 1474
70 7 1115
70 8 506
70 9 611
70 10 847
70 11 612
70 12 1331
70 13 250
70 14 961
70 15 1087
70 16 788
70 17 934
70 18 1613
70 19 1068
70 20 1282
70 21 810
70 22 969
70 23 1161
70 24 1313
70 25 1308
70 26 645
70 27 733
70 28 546
70 29 856
70 30 1855
70 31 624
70 32 1855
70 33 1807
70 34 576
70 35 1807
70 36 1759
70 37 528
70 38 1759
70 39 1711
70 40 480
70 41 1711
70 42 1663
70 43 432
70 44 1663
70 45 1615
70 46 384
70 47 1615
70 48 1567
70 49 336
70 50 1567
70 51 1519
70 52 288
70 53 1519
70 54 1471
70 55 240
70 56 1471
70 57 1423
70 58 192
70 59 1423
70 60 1375
70 61 144
70 62 1375
70 63 1327
70 64 96
70 65 1327
70 66 1279
70 67 48
70 68 1279
70 69 1231
70 70 0
70 71 1231
70 72 1279
70 73 48
70 74 1279
70 75 1327
70 76 96
70 77 1327
70 78 1375
70 79 144
70 80 1375
70 81 1423
70 82 192
70 83 1423
70 84 1975
71 0 3206
71 1 276
71 2 1286
71 3 220
71 4 1789
71 5 2166
71 6 2705
71 7 2346
71 8 1013
71 9 1842
71 10 2078
71 11 1843
71 12 2562
71 13 1173
71 14 2192
71 15 528
71 16 827
71 17 2165
71 18 2844
71 19 2299
71 20 2513
71 21 901
71 22 358
71 23 550
71 24 494
71 25 2539
71 26 970
71 27 1964
71 28 1777
71 29 1623
71 30 3086
71 31 1855
71 32 624
71 33 3038
71 34 1807
71 35 576
71 36 2990
71 37 1759
71 38 528
71 39 2942
71 40 1711
71 41 480
71 42 2894
71 43 1663
71 44 432
71 45 2846
71 46 1615
71 47 384
71 48 2798
71 49 1567
71 50 336
71 51 2750
71 52 1519
71 53 288
71 54 2702
71 55 1471
71 56 240
71 57 2654
71 58 1423
71 59 192
71 60 2606
71 61 1375
71 62 144
71 63 2558
71 64 1327
71 65 96
71 66 2510
71 67 1279
71 68 48
71 69 2462
71 70 1231
71 71 0
71 72 2510
71 73 1279
71 74 48
71 75 2558
71 76 1327
71 77 96
71 78 2606
71 79 1375
71 80 144
71 81 2654
71 82 1423
71 83 192
71 84 3206
72 0 792
72 1 2426
72 2 1512
72 3 2578
72 4 1009
72 5 632
72 6 573
72 7 1124
72 8 1689
72 9 1244
72 10 1584
72 11 1531
72 12 716
72 13 1529
72 14 510
72 15 2270
72 16 1971
72 17 345
72 18 530
72 19 1363
72 20 285
72 21 2089
72 22 2152
72 23 2440
72 24 2592
72 25 355
72 26 1924
72 27 1314
72 28 1309
72 29 2135
72 30 672
72 31 1903
72 32 3134
72 33 624
72 34 1855
72 35 3086
72 36 576
72 37 1807
72 38 3038
72 39 528
72 40 1759
72 41 2990
72 42 480
72 43 1711
72 44 2942
72 45 432
72 46 1663
72 47 2894
72 48 384
72 49 1615
72 50 2846
72 51 336
72 52 1567
72 53 2798
72 54 288
72 55 1519
72 56 2750
72 57 240
72 58 1471
72 59 2702
72 60 192
72 61 1423
72 62 2654
72 63 144
72 64 1375
72 65 2606
72 66 96
72 67 1327
72 68 2558
72 69 48
72 70 1279
72 71 2510
72 72 0
72 73 1231
72 74 2462
72 75 48
72 76 1279
72 77 2510
72 78 96
72 79 1327
72 80 2558
72 81 144
72 82 1375
72 83 2606
72 84 792
73 0 2023
73 1 1195
73 2 281
73 3 1347
73 4 606
73 5 983
73 6 1522
73 7 1163
73 8 458
73 9 659
73 10 895
73 11 660
73 12 1379
73 13 298
73 14 913
73 15 1039
73 16 740
73 17 982
73 18 1661
73 19 1116
73 20 1234
73 21 858
73 22 921
73 23 1209
73 24 1361
73 25 1356
73 26 693
73 27 781
73 28 594
73 29 904
73 30 1903
73 31 672
73 32 1903
73 33 1855
73 34 624
73 35 1855
73 36 1807
73 37 576
73 38 1807
73 39 1759
73 40 528
73 41 1759
73 42 1711
73 43 480
73 44 1711
73 45 1663
73 46 432
73 47 1663
73 48 1615
73 49 384
73 50 1615
73 51 1567
73 52 336
73 53 1567
73 54 1519
73 55 288
73 56 1519
73 57 1471
73 58 240
73 59 1471
73 60 1423
73 61 192
73 62 1423
73 63 1375
73 64 144
73 65 1375
73 66 1327
73 67 96
73 68 1327
73 69 1279
73 70 48
73 71 1279
73 72 1231
73 73 0
73 74 1231
73 75 1279
73 76 48
73 77 1279
73 78 1327
73 79 96
73 80 1327
73 81 1375
73 82 144
73 83 1375
73 84 2023
74 0 3254
74 1 324
74 2 1334
74 3 268
74 4 1837
74 5 2214
74 6 2753
74 7 2394
74 8 965
74 9 1890
74 10 2126
74 11 1891
74 12 2610
74 13 1221
74 14 2144
74 15 480
74 16 779
74 17 2213
74 18 2892
74 19 2347
74 20 2465
74 21 949
74 22 310
74 23 598
74 24 542
74 25 2587
74 26 1018
74 27 2012
74 28 1825
74 29 1671
74 30 3134
74 31 1903
74 32 672
74 33 3086
74 34 1855
74 35 624
74 36 3038
74 37 1807
74 38 576
74 39 2990
74 40 1759
74 41 528
74 42 2942
74 43 1711
74 44 480
74 45 2894
74 46 1663
74 47 432
74 48 2846
74 49 1615
74 50 384
74 51 2798
74 52 1567
74 53 336
74 54 2750
74 55 1519
74 56 288
74 57 2702
74 58 1471
74 59 240
74 60 2654
74 61 1423
74 62 192
74 63 2606
74 64 1375
74 65 144
74 66 2558
74 67 1327
74 68 96
74 69 2510
74 70 1279
74 71 48
74 72 2462
74 73 1231
74 74 0
74 75 2510
74 76 1279
74 77 48
74 78 2558
74 79 1327
74 80 96
74 81 2606
74 82 1375
74 83 144
74 84 3254
75 0 840
75 1 2474
75 2 1560
75 3 2626
75 4 1057
75 5 680
75 6 621
75 7 1172
75 8 1641
75 9 1292
75 10 1632
75 11 1579
75 12 764
75 13 1577
75 14 462
75 15 2222
75 16 1923
75 17 393
75 18 578
75 19 1411
75 20 237
75 21 2137
75 22 2200
75 23 2488
75 24 2640
75 25 403
75 26 1972
75 27 1362
75 28 1357
75 29 2183
75 30 720
75 31 1951
75 32 3182
75 33 672
75 34 1903
75 35 3134
75 36 624
75 37 1855
75 38 3086
75 39 576
75 40 1807
75 41 3038
75 42 528
75 43 1759
75 44 2990
75 45 480
75 46 1711
75 47 2942
75 48 432
75 49 1663
75 50 2894
75 51 384
75 52 1615
75 53 2846
75 54 336
75 55 1567
75 56 2798
75 57 288
75 58 1519
75 59 2750
75 60 240
75 61 1471
75 62 2702
75 63 192
75 64 1423
75 65 2654
75 66 144
75 67 1375
75 68 2606
75 69 96
75 70 1327
75 71 2558
75 72 48
75 73 1279
75 74 2510
75 75 0
75 76 1231
75 77 2462
75 78 48
75 79 1279
75 80 2510
75 81 96
75 82 1327
75 83 2558
75 84 840
76 0 2071
76 1 1243
76 2 329
76 3 1395
76 4 654
76 5 1031
76 6 1570
76 7 1211
76 8 410
76 9 707
76 10 943
76 11 708
76 12 1427
76 13 346
76 14 865
76 15 991
76 16 692
76 17 1030
76 18 1709
76 19 1164
76 20 1186
76 21 906
76 22 969
76 23 1257
76 24 1409
76 25 1404
76 26 741
76 27 829
76 28 642
76 29 952
76 30 1951
76 31 720
76 32 1951
76 33 1903
76 34 672
76 35 1903
76 36 1855
76 37 624
76 38 1855
76 39 1807
76 40 576
76 41 1807
76 42 1759
76 43 528
76 44 1759
76 45 1711
76 46 480
76 47 1711
76 48 1663
76 49 432
76 50 1663
76 51 1615
76 52 384
76 53 1615
76 54 1567
76 55 336
76 56 1567
76 57 1519
76 58 288
76 59 1519
76 60 1471
76 61 240
76 62 1471
76 63 1423
76 64 192
76 65 1423
76 66 1375
76 67 144
76 68 1375
76 69 1327
76 70 96
76 71 1327
76 72 1279
76 73 48
76 74 1279
76 75 1231
76 76 0
76 77 1231
76 78 1279
76 79 48
76 80 1279
76 81 1327
76 82 96
76 83 1327
76 84 2071
77 0 3302
77 1 372
77 2 1382
77 3 316
77 4 1885
77 5 2262
77 6 2801
77 7 2442
77 8 917
77 9 1938
77 10 2174
77 11 1939
77 12 2658
77 13 1269
77 14 2096
77 15 432
77 16 731
77 17 2261
77 18 2940
77 19 2395
77 20 2417
77 21 997
77 22 358
77 23 646
77 24 590
77 25 2635
77 26 1066
77 27 2060
77 28 1873
77 29 1719
77 30 3182
77 31 1951
77 32 720
77 33 3134
77 34 1903
77 35 672
77 36 3086
77 37 1855
77 38 624
77 39 3038
77 40 1807
77 41 576
77 42 2990
77 43 1759
77 44 528
77 45 2942
77 46 1711
77 47 480
77 48 2894
77 49 1663
77 50 432
77 51 2846
77 52 1615
77 53 384
77 54 2798
77 55 1567
77 56 336
77 57 2750
77 58 1519
77 59 288
77 60 2702
77 61 1471
77 62 240
77 63 2654
77 64 1423
77 65 192
77 66 2606
77 67 1375
77 68 144
77 69 2558
77 70 1327
77 71 96
77 72 2510
77 73 1279
77 74 48
77 75 2462
77 76 1231
77 77 0
77 78 2510
77 79 1279
77 80 48
77 81 2558
77 82 1327
77 83 96
77 84 3302
78 0 888
78 1 2522
78 2 1608
78 3 2674
78 4 1105
78 5 728
78 6 669
78 7 1220
78 8 1593
78 9 1340
78 10 1680
78 11 1627
78 12 812
78 13 1625
78 14 414
78 15 2174
78 16 1875
78 17 441
78 18 626
78 19 1459
78 20 189
78 21 2185
78 22 2248
78 23 2536
78 24 2688
78 25 451
78 26 2020
78 27 1410
78 28 1405
78 29 2231
78 30 768
78 31 1999
78 32 3230
78 33 720
78 34 1951
78 35 3182
78 36 672
78 37 1903
78 38 3134
78 39 624
78 40 1855
78 41 3086
78 42 576
78 43 1807
78 44 3038
78 45 528
78 46 1759
78 47 2990
78 48 480
78 49 1711
78 50 2942
78 51 432
78 52 1663
78 53 2894
78 54 384
78 55 1615
78 56 2846
78 57 336
78 58 1567
78 59 2798
78 60 288
78 61 1519
78 62 2750
78 63 240
78 64 1471
78 65 2702
78 66 192
78 67 1423
78 68 2654
78 69 144
78 70 1375
78 71 2606
78 72 96
78 73 1327
78 74 2558
78 75 48
78 76 1279
78 77 2510
78 78 0
78 79 1231
78 80 2462
78 81 48
78 82 1279
78 83 2510
78 84 888
79 0 2119
79 1 1291
79 2 377
79 3 1443
79 4 702
79 5 1079
79 6 1618
79 7 1259
79 8 362
79 9 755
79 10 991
79 11 756
79 12 1475
79 13 394
79 14 817
79 15 943
79 16 644
79 17 1078
79 18 1757
79 19 1212
79 20 1138
79 21 954
79 22 1017
79 23 1305
79 24 1457
79 25 1452
79 26 789
79 27 877
79 28 690
79 29 1000
79 30 1999
79 31 768
79 32 1999
79 33 1951
79 34 720
79 35 1951
79 36 1903
79 37 672
79 38 1903
79 39 1855
79 40 624
79 41 1855
79 42 1807
79 43 576
79 44 1807
79 45 1759
79 46 528
79 47 1759
79 48 1711
79 49 480
79 50 1711
79 51 1663
79 52 432
79 53 1663
79 54 1615
79 55 384
79 56 1615
79 57 1567
79 58 336
79 59 1567
79 60 1519
79 61 288
79 62 1519
79 63 1471
79 64 240
79 65 1471
79 66 1423
79 67 192
79 68 1423
79 69 1375
79 70 144
79 71 1375
79 72 1327
79 73 96
79 74 1327
79 75 1279
79 76 48
79 77 1279
79 78 1231
79 79 0
79 80 1231
79 81 1279
79 82 48
79 83 1279
79 84 2119
80 0 3350
80 1 420
80 2 1430
80 3 364
80 4 1933
80 5 2310
80 6 2849
80 7 2490
80 8 869
80 9 1986
80 10 2222
80 11 1987
80 12 2706
80 13 1317
80 14 2048
80 15 384
80 16 683
80 17 2309
80 18 2988
80 19 2443
80 20 2369
80 21 1045
80 22 406
80 23 694
80 24 638
80 25 2683
80 26 1114
80 27 2108
80 28 1921
80 29 1767
80 30 3230
80 31 1999
80 32 768
80 33 3182
80 34 1951
80 35 720
80 36 3134
80 37 1903
80 38 672
80 39 3086
80 40 1855
80 41 624
80 42 3038
80 43 1807
80 44 576
80 45 2990
80 46 1759
80 47 528
80 48 2942
80 49 1711
80 50 480
80 51 2894
80 52 1663
80 53 432
80 54 2846
80 55 1615
80 56 384
80 57 2798
80 58 1567
80 59 336
80 60 2750
80 61 1519
80 62 288
80 63 2702
80 64 1471
80 65 240
80 66 2654
80 67 1423
80 68 192
80 69 2606
80 70 1375
80 71 144
80 72 2558
80 73 1327
80 74 96
80 75 2510
80 76 1279
80 77 48
80 78 2462
80 79 1231
80 80 0
80 81 2510
80 82 1279
80 83 48
80 84 3350
81 0 936
81 1 2570
81 2 1656
81 3 2722
81 4 1153
81 5 776
81 6 717
81 7 1268
81 8 1641
81 9 1388
81 10 1728
81 11 1675
81 12 860
81 13 1673
81 14 462
81 15 2126
81 16 1827
81 17 489
81 18 674
81 19 1507
81 20 141
81 21 2233
81 22 2296
81 23 2584
81 24 2736
81 25 499
81 26 2068
81 27 1458
81 28 1453
81 29 2279
81 30 816
81 31 2047
81 32 3278
81 33 768
81 34 1999
81 35 3230
81 36 720
81 37 1951
81 38 3182
81 39 672
81 40 1903
81 41 3134
81 42 624
81 43 1855
81 44 3086
81 45 576
81 46 1807
81 47 3038
81 48 528
81 49 1759
81 50 2990
81 51 480
81 52 1711
81 53 2942
81 54 432
81 55 1663
81 56 2894
81 57 384
81 58 1615
81 59 2846
81 60 336
81 61 1567
81 62 2798
81 63 288
81 64 1519
81 65 2750
81 66 240
81 67 1471
81 68 2702
81 69 192
81 70 1423
81 71 2654
81 72 144
81 73 1375
81 74 2606
81 75 96
81 76 1327
81 77 2558
81 78 48
81 79 1279
81 80 2510
81 81 0
81 82 1231
81 83 2462
81 84 936
82 0 2167
82 1 1339
82 2 425
82 3 1491
82 4 750
82 5 1127
82 6 1666
82 7 1307
82 8 410
82 9 803
82 10 1039
82 11 804
82 12 1523
82 13 442
82 14 865
82 15 895
82 16 596
82 17 1126
82 18 1805
82 19 1260
82 20 1090
82 21 1002
82 22 1065
82 23 1353
82 24 1505
82 25 1500
82 26 837
82 27 925
82 28 738
82 29 1048
82 30 2047
82 31 816
82 32 2047
82 33 1999
82 34 768
82 35 1999
82 36 1951
82 37 720
82 38 1951
82 39 1903
82 40 672
82 41 1903
82 42 1855
82 43 624
82 44 1855
82 45 1807
82 46 576
82 47 1807
82 48 1759
82 49 528
82 50 1759
82 51 1711
82 52 480
82 53 1711
82 54 1663
82 55 432
82 56 1663
82 57 1615
82 58 384
82 59 1615
82 60 1567
82 61 336
82 62 1567
82 63 1519
82 64 288
82 65 1519
82 66 1471
82 67 240
82 68 1471
82 69 1423
82 70 192
82 71 1423
82 72 1375
82 73 144
82 74 1375
82 75 1327
82 76 96
82 77 1327
82 78 1279
82 79 48
82 80 1279
82 81 1231
82 82 0
82 83 1231
82 84 2167
83 0 3398
83 1 468
83 2 1478
83 3 412
83 4 1981
83 5 2358
83 6 2897
83 7 2538
83 8 917
83 9 2034
83 10 2270
83 11 2035
83 12 2754
83 13 1365
83 14 2096
83 15 336
83 16 635
83 17 2357
83 18 3036
83 19 2491
83 20 2321
83 21 1093
83 22 454
83 23 742
83 24 686
83 25 2731
83 26 1162
83 27 2156
83 28 1969
83 29 1815
83 30 3278
83 31 2047
83 32 816
83 33 3230
83 34 1999
83 35 768
83 36 3182
83 37 1951
83 38 720
83 39 3134
83 40 1903
83 41 672
83 42 3086
83 43 1855
83 44 624
83 45 3038
83 46 1807
83 47 576
83 48 2990
83 49 1759
83 50 528
83 51 2942
83 52 1711
83 53 480
83 54 2894
83 55 1663
83 56 432
83 57 2846
83 58 1615
83 59 384
83 60 2798
83 61 1567
83 62 336
83 63 2750
83 64 1519
83 65 288
83 66 2702
83 67 1471
83 68 240
83 69 2654
83 70 1423
83 71 192
83 72 2606
83 73 1375
83 74 144
83 75 2558
83 76 1327
83 77 96
83 78 2510
83 79 1279
83 80 48
83 81 2462
83 82 1231
83 83 0
83 84 3398
84 0 0
84 1 2930
84 2 1920
84 3 2986
84 4 1417
84 5 1040
84 6 501
84 7 860
84 8 2481
84 9 1364
84 10 1128
84 11 1363
84 12 644
84 13 2033
84 14 1302
84 15 3062
84 16 2763
84 17 1041
84 18 362
84 19 907
84 20 1077
84 21 2305
84 22 2944
84 23 2656
84 24 2712
84 25 667
84 26 2236
84 27 1242
84 28 1429
84 29 1583
84 30 120
84 31 1351
84 32 2582
84 33 168
84 34 1399
84 35 2630
84 36 216
84 37 1447
84 38 2678
84 39 264
84 40 1495
84 41 2726
84 42 312
84 43 1543
84 44 2774
84 45 360
84 46 1591
84 47 2822
84 48 408
84 49 1639
84 50 2870
84 51 456
84 52 1687
84 53 2918
84 54 504
84 55 1735
84 56 2966
84 57 552
84 58 1783
84 59 3014
84 60 600
84 61 1831
84 62 3062
84 63 648
84 64 1879
84 65 3110
84 66 696
84 67 1927
84 68 3158
84 69 744
84 70 1975
84 71 3206
84 72 792
84 73 2023
84 74 3254
84 75 840
84 76 2071
84 77 3302
84 78 888
84 79 2119
84 80 3350
84 81 936
84 82 2167
84 83 3398
84 84 0
//Location coordinates LocationName
//Loc x y
0 0.0 0.0 "depot"
1 528.0 2402.0 "product aisle 11 bloc 1 rank 157"
2 480.0 1440.0 "product aisle 10 bloc 1 rank 9"
3 480.0 2506.0 "product aisle 10 bloc 1 rank 174"
4 480.0 937.0 "product aisle 10 bloc 0 rank 122"
5 480.0 560.0 "product aisle 10 bloc 0 rank 63"
6 240.0 261.0 "product aisle 5 bloc 0 rank 18"
7 144.0 716.0 "product aisle 3 bloc 0 rank 87"
8 768.0 1713.0 "product aisle 16 bloc 1 rank 52"
9 336.0 1028.0 "product aisle 7 bloc 0 rank 135"
10 48.0 1080.0 "product aisle 1 bloc 0 rank 143"
11 192.0 1171.0 "product aisle 4 bloc 0 rank 157"
12 240.0 404.0 "product aisle 5 bloc 0 rank 39"
13 528.0 1505.0 "product aisle 11 bloc 1 rank 20"
14 768.0 534.0 "product aisle 16 bloc 0 rank 59"
15 816.0 2246.0 "product aisle 17 bloc 1 rank 133"
16 816.0 1947.0 "product aisle 17 bloc 1 rank 88"
17 624.0 417.0 "product aisle 13 bloc 0 rank 41"
18 192.0 170.0 "product aisle 4 bloc 0 rank 3"
19 48.0 859.0 "product aisle 1 bloc 0 rank 109"
20 816.0 261.0 "product aisle 17 bloc 0 rank 18"
21 384.0 1921.0 "product aisle 8 bloc 1 rank 84"
22 672.0 2272.0 "product aisle 14 bloc 1 rank 138"
23 384.0 2272.0 "product aisle 8 bloc 1 rank 138"
24 336.0 2376.0 "product aisle 7 bloc 1 rank 154"
25 432.0 235.0 "product aisle 9 bloc 0 rank 13"
26 432.0 1804.0 "product aisle 9 bloc 1 rank 65"
27 240.0 1002.0 "product aisle 5 bloc 0 rank 132"
28 336.0 1093.0 "product aisle 7 bloc 0 rank 145"
29 0.0 1583.0 "product aisle 0 bloc 1 rank 31"
30 24.0 120.0 "intersection aisle 0 bloc 0 rank 0"
31 24.0 1351.0 "intersection aisle 0 bloc 1 rank 1"
32 24.0 2582.0 "intersection aisle 0 bloc 2 rank 2"
33 72.0 120.0 "intersection aisle 1 bloc 0 rank 0"
34 72.0 1351.0 "intersection aisle 1 bloc 1 rank 1"
35 72.0 2582.0 "intersection aisle 1 bloc 2 rank 2"
36 120.0 120.0 "intersection aisle 2 bloc 0 rank 0"
37 120.0 1351.0 "intersection aisle 2 bloc 1 rank 1"
38 120.0 2582.0 "intersection aisle 2 bloc 2 rank 2"
39 168.0 120.0 "intersection aisle 3 bloc 0 rank 0"
40 168.0 1351.0 "intersection aisle 3 bloc 1 rank 1"
41 168.0 2582.0 "intersection aisle 3 bloc 2 rank 2"
42 216.0 120.0 "intersection aisle 4 bloc 0 rank 0"
43 216.0 1351.0 "intersection aisle 4 bloc 1 rank 1"
44 216.0 2582.0 "intersection aisle 4 bloc 2 rank 2"
45 264.0 120.0 "intersection aisle 5 bloc 0 rank 0"
46 264.0 1351.0 "intersection aisle 5 bloc 1 rank 1"
47 264.0 2582.0 "intersection aisle 5 bloc 2 rank 2"
48 312.0 120.0 "intersection aisle 6 bloc 0 rank 0"
49 312.0 1351.0 "intersection aisle 6 bloc 1 rank 1"
50 312.0 2582.0 "intersection aisle 6 bloc 2 rank 2"
51 360.0 120.0 "intersection aisle 7 bloc 0 rank 0"
52 360.0 1351.0 "intersection aisle 7 bloc 1 rank 1"
53 360.0 2582.0 "intersection aisle 7 bloc 2 rank 2"
54 408.0 120.0 "intersection aisle 8 bloc 0 rank 0"
55 408.0 1351.0 "intersection aisle 8 bloc 1 rank 1"
56 408.0 2582.0 "intersection aisle 8 bloc 2 rank 2"
57 456.0 120.0 "intersection aisle 9 bloc 0 rank 0"
58 456.0 1351.0 "intersection aisle 9 bloc 1 rank 1"
59 456.0 2582.0 "intersection aisle 9 bloc 2 rank 2"
60 504.0 120.0 "intersection aisle 10 bloc 0 rank 0"
61 504.0 1351.0 "intersection aisle 10 bloc 1 rank 1"
62 504.0 2582.0 "intersection aisle 10 bloc 2 rank 2"
63 552.0 120.0 "intersection aisle 11 bloc 0 rank 0"
64 552.0 1351.0 "intersection aisle 11 bloc 1 rank 1"
65 552.0 2582.0 "intersection aisle 11 bloc 2 rank 2"
66 600.0 120.0 "intersection aisle 12 bloc 0 rank 0"
67 600.0 1351.0 "intersection aisle 12 bloc 1 rank 1"
68 600.0 2582.0 "intersection aisle 12 bloc 2 rank 2"
69 648.0 120.0 "intersection aisle 13 bloc 0 rank 0"
70 648.0 1351.0 "intersection aisle 13 bloc 1 rank 1"
71 648.0 2582.0 "intersection aisle 13 bloc 2 rank 2"
72 696.0 120.0 "intersection aisle 14 bloc 0 rank 0"
73 696.0 1351.0 "intersection aisle 14 bloc 1 rank 1"
74 696.0 2582.0 "intersection aisle 14 bloc 2 rank 2"
75 744.0 120.0 "intersection aisle 15 bloc 0 rank 0"
76 744.0 1351.0 "intersection aisle 15 bloc 1 rank 1"
77 744.0 2582.0 "intersection aisle 15 bloc 2 rank 2"
78 792.0 120.0 "intersection aisle 16 bloc 0 rank 0"
79 792.0 1351.0 "intersection aisle 16 bloc 1 rank 1"
80 792.0 2582.0 "intersection aisle 16 bloc 2 rank 2"
81 840.0 120.0 "intersection aisle 17 bloc 0 rank 0"
82 840.0 1351.0 "intersection aisle 17 bloc 1 rank 1"
83 840.0 2582.0 "intersection aisle 17 bloc 2 rank 2"
84 0.0 0.0 "depot"
