//alpha
1
//NbLocations
87
//NbProducts
33
//NbPickers
2
//CapaPicker
12
//TimeToTravelOneDistanceUnit
3
//SetupTime
5400
//PickTime
300
//Products
//Idx Location Size
1 1 1
2 2 1
3 3 1
4 4 1
5 5 1
6 6 1
7 7 1
8 8 1
9 9 1
10 10 1
11 11 1
12 12 1
13 1 1
14 13 1
15 14 1
16 15 1
17 16 1
18 17 1
19 18 1
20 19 1
21 20 1
22 21 1
23 22 1
24 23 1
25 24 1
26 25 1
27 26 1
28 27 1
29 28 1
30 29 1
31 30 1
32 31 1
33 32 1
//Orders
//NbOrders
12
//Idx DueDate TardinessPenalty NbProdInOrder ProdIdx1 Qty1 ProdIdx2 Qty2 ...
1 72000 0 1 1 1
2 126000 0 1 2 1
3 54000 0 5 3 1 4 1 5 1 6 1 7 1
4 36000 0 5 8 1 9 1 10 1 11 1 12 1
5 54000 0 1 13 1
6 72000 0 6 14 1 15 1 16 1 17 1 18 1 19 1
7 90000 0 4 20 1 21 1 22 1 23 1
8 90000 0 1 24 1
9 54000 0 4 25 1 26 1 27 1 28 1
10 126000 0 2 29 1 30 1
11 54000 0 2 31 1 32 1
12 72000 0 1 33 1
//Graph (Products are vertices indexed from 1 to NbProducts)
//NbVerticesIntersections
54
//DepartingDepot
0
//ArrivalDepot
87
//Arcs
//Start End Distance
0 33 120
1 54 362
1 55 869
2 21 338
2 26 78
3 21 741
3 34 37
4 6 169
4 9 0
5 22 260
5 30 403
6 4 169
6 28 156
7 25 1118
7 48 76
8 22 91
8 36 50
9 4 0
9 14 390
10 49 1129
10 50 102
11 42 1181
11 43 50
12 30 208
12 37 219
13 27 520
13 40 167
14 9 390
14 39 453
15 43 63
15 44 1168
16 20 26
16 37 193
17 76 752
17 77 479
18 19 91
18 29 39
19 18 91
19 27 52
20 16 26
20 31 273
21 2 338
21 3 741
22 5 260
22 8 91
23 84 479
23 85 752
24 52 778
24 53 453
25 7 1118
25 49 37
26 2 78
26 35 37
27 13 520
27 19 52
28 6 156
28 40 63
29 18 39
29 41 362
30 5 403
30 12 208
31 20 273
31 38 739
32 58 297
32 59 934
33 34 1231
33 36 48
33 87 120
34 3 37
34 33 1231
34 37 48
35 26 37
35 38 48
36 8 50
36 33 48
36 39 48
37 12 219
37 16 193
37 34 48
37 40 48
38 31 739
38 35 48
38 41 48
39 14 453
39 36 48
39 42 48
40 13 167
40 28 63
40 37 48
40 43 48
41 29 362
41 38 48
41 44 48
42 11 1181
42 39 48
42 45 48
43 11 50
43 15 63
43 40 48
43 46 48
44 15 1168
44 41 48
44 47 48
45 42 48
45 46 1231
45 48 48
46 43 48
46 45 1231
46 47 1231
46 49 48
47 44 48
47 46 1231
47 50 48
48 7 76
48 45 48
48 51 48
49 10 1129
49 25 37
49 46 48
49 52 48
50 10 102
50 47 48
50 53 48
51 48 48
51 52 1231
51 54 48
52 24 778
52 49 48
52 51 1231
52 55 48
53 24 453
53 50 48
53 56 48
54 1 362
54 51 48
54 57 48
55 1 869
55 52 48
55 56 1231
55 58 48
56 53 48
56 55 1231
56 59 48
57 54 48
57 58 1231
57 60 48
58 32 297
58 55 48
58 57 1231
58 61 48
59 32 934
59 56 48
59 62 48
60 57 48
60 61 1231
60 63 48
61 58 48
61 60 1231
61 62 1231
61 64 48
62 59 48
62 61 1231
62 65 48
63 60 48
63 64 1231
63 66 48
64 61 48
64 63 1231
64 65 1231
64 67 48
65 62 48
65 64 1231
65 68 48
66 63 48
66 67 1231
66 69 48
67 64 48
67 66 1231
67 68 1231
67 70 48
68 65 48
68 67 1231
68 71 48
69 66 48
69 70 1231
69 72 48
70 67 48
70 69 1231
70 71 1231
70 73 48
71 68 48
71 70 1231
71 74 48
72 69 48
72 73 1231
72 75 48
73 70 48
73 72 1231
73 74 1231
73 76 48
74 71 48
74 73 1231
74 77 48
75 72 48
75 76 1231
75 78 48
76 17 752
76 73 48
76 75 1231
76 79 48
77 17 479
77 74 48
77 80 48
78 75 48
78 79 1231
78 81 48
79 76 48
79 78 1231
79 80 1231
79 82 48
80 77 48
80 79 1231
80 83 48
81 78 48
81 82 1231
81 84 48
82 79 48
82 81 1231
82 83 1231
82 85 48
83 80 48
83 82 1231
83 86 48
84 23 479
84 81 48
85 23 752
85 82 48
85 86 1231
86 83 48
86 85 1231
//LocStart LocEnd ShortestPath
0 0 0
0 1 818
0 2 2467
0 3 1388
0 4 1059
0 5 569
0 6 1228
0 7 436
0 8 218
0 9 1059
0 10 2720
0 11 1445
0 12 1180
0 13 1614
0 14 669
0 15 1558
0 16 1592
0 17 2775
0 18 2277
0 19 2186
0 20 1618
0 21 2129
0 22 309
0 23 1415
0 24 2417
0 25 1554
0 26 2545
0 27 2134
0 28 1384
0 29 2316
0 30 972
0 31 1891
0 32 2032
0 33 120
0 34 1351
0 35 2582
0 36 168
0 37 1399
0 38 2630
0 39 216
0 40 1447
0 41 2678
0 42 264
0 43 1495
0 44 2726
0 45 312
0 46 1543
0 47 2774
0 48 360
0 49 1591
0 50 2822
0 51 408
0 52 1639
0 53 2870
0 54 456
0 55 1687
0 56 2918
0 57 504
0 58 1735
0 59 2966
0 60 552
0 61 1783
0 62 3014
0 63 600
0 64 1831
0 65 3062
0 66 648
0 67 1879
0 68 3110
0 69 696
0 70 1927
0 71 3158
0 72 744
0 73 1975
0 74 3206
0 75 792
0 76 2023
0 77 3254
0 78 840
0 79 2071
0 80 3302
0 81 888
0 82 2119
0 83 3350
0 84 936
0 85 2167
0 86 3398
0 87 0
1 0 818
1 1 0
1 2 2321
1 3 1242
1 4 1445
1 5 1051
1 6 1328
1 7 534
1 8 700
1 9 1445
1 10 2094
1 11 1111
1 12 1376
1 13 1276
1 14 1055
1 15 1124
1 16 1350
1 17 1957
1 18 1939
1 19 1848
1 20 1376
1 21 1983
1 22 791
1 23 1321
1 24 1695
1 25 1002
1 26 2399
1 27 1796
1 28 1172
1 29 1978
1 30 1454
1 31 1649
1 32 1214
1 33 698
1 34 1205
1 35 2436
1 36 650
1 37 1157
1 38 2388
1 39 602
1 40 1109
1 41 2340
1 42 554
1 43 1061
1 44 2292
1 45 506
1 46 1013
1 47 2244
1 48 458
1 49 965
1 50 2196
1 51 410
1 52 917
1 53 2148
1 54 362
1 55 869
1 56 2100
1 57 410
1 58 917
1 59 2148
1 60 458
1 61 965
1 62 2196
1 63 506
1 64 1013
1 65 2244
1 66 554
1 67 1061
1 68 2292
1 69 602
1 70 1109
1 71 2340
1 72 650
1 73 1157
1 74 2388
1 75 698
1 76 1205
1 77 2436
1 78 746
1 79 1253
1 80 2484
1 81 794
1 82 1301
1 83 2532
1 84 842
1 85 1349
1 86 2580
1 87 818
2 0 2467
2 1 2321
2 2 0
2 3 1079
2 4 1600
2 5 1994
2 6 1431
2 7 2511
2 8 2345
2 9 1600
2 10 457
2 11 1310
2 12 1383
2 13 1275
2 14 1990
2 15 1323
2 16 1201
2 17 1266
2 18 612
2 19 703
2 20 1175
2 21 338
2 22 2254
2 23 2684
2 24 856
2 25 1393
2 26 78
2 27 755
2 28 1275
2 29 573
2 30 1591
2 31 902
2 32 1433
2 33 2347
2 34 1116
2 35 115
2 36 2395
2 37 1164
2 38 163
2 39 2443
2 40 1212
2 41 211
2 42 2491
2 43 1260
2 44 259
2 45 2539
2 46 1308
2 47 307
2 48 2587
2 49 1356
2 50 355
2 51 2635
2 52 1404
2 53 403
2 54 2683
2 55 1452
2 56 451
2 57 2731
2 58 1500
2 59 499
2 60 2779
2 61 1548
2 62 547
2 63 2827
2 64 1596
2 65 595
2 66 2875
2 67 1644
2 68 643
2 69 2923
2 70 1692
2 71 691
2 72 2971
2 73 1740
2 74 739
2 75 3019
2 76 1788
2 77 787
2 78 3067
2 79 1836
2 80 835
2 81 3115
2 82 1884
2 83 883
2 84 3163
2 85 1932
2 86 931
2 87 2467
3 0 1388
3 1 1242
3 2 1079
3 3 0
3 4 521
3 5 915
3 6 352
3 7 1432
3 8 1266
3 9 521
3 10 1406
3 11 231
3 12 304
3 13 300
3 14 911
3 15 244
3 16 278
3 17 1461
3 18 963
3 19 872
3 20 304
3 21 741
3 22 1175
3 23 1605
3 24 1103
3 25 314
3 26 1157
3 27 820
3 28 196
3 29 1002
3 30 512
3 31 577
3 32 718
3 33 1268
3 34 37
3 35 1194
3 36 1316
3 37 85
3 38 1242
3 39 1364
3 40 133
3 41 1290
3 42 1412
3 43 181
3 44 1338
3 45 1460
3 46 229
3 47 1386
3 48 1508
3 49 277
3 50 1434
3 51 1556
3 52 325
3 53 1482
3 54 1604
3 55 373
3 56 1530
3 57 1652
3 58 421
3 59 1578
3 60 1700
3 61 469
3 62 1626
3 63 1748
3 64 517
3 65 1674
3 66 1796
3 67 565
3 68 1722
3 69 1844
3 70 613
3 71 1770
3 72 1892
3 73 661
3 74 1818
3 75 1940
3 76 709
3 77 1866
3 78 1988
3 79 757
3 80 1914
3 81 2036
3 82 805
3 83 1962
3 84 2084
3 85 853
3 86 2010
3 87 1388
4 0 1059
4 1 1445
4 2 1600
4 3 521
4 4 0
4 5 1266
4 6 169
4 7 1063
4 8 941
4 9 0
4 10 1661
4 11 486
4 12 655
4 13 555
4 14 390
4 15 499
4 16 629
4 17 1716
4 18 1218
4 19 1127
4 20 655
4 21 1262
4 22 1032
4 23 1860
4 24 1358
4 25 569
4 26 1678
4 27 1075
4 28 325
4 29 1257
4 30 863
4 31 928
4 32 973
4 33 939
4 34 484
4 35 1715
4 36 891
4 37 436
4 38 1667
4 39 843
4 40 388
4 41 1619
4 42 891
4 43 436
4 44 1667
4 45 939
4 46 484
4 47 1715
4 48 987
4 49 532
4 50 1763
4 51 1035
4 52 580
4 53 1811
4 54 1083
4 55 628
4 56 1859
4 57 1131
4 58 676
4 59 1907
4 60 1179
4 61 724
4 62 1955
4 63 1227
4 64 772
4 65 2003
4 66 1275
4 67 820
4 68 2051
4 69 1323
4 70 868
4 71 2099
4 72 1371
4 73 916
4 74 2147
4 75 1419
4 76 964
4 77 2195
4 78 1467
4 79 1012
4 80 2243
4 81 1515
4 82 1060
4 83 2291
4 84 1563
4 85 1108
4 86 2339
4 87 1059
5 0 569
5 1 1051
5 2 1994
5 3 915
5 4 1266
5 5 0
5 6 1097
5 7 669
5 8 351
5 9 1266
5 10 2151
5 11 976
5 12 611
5 13 1045
5 14 902
5 15 989
5 16 1023
5 17 2206
5 18 1708
5 19 1617
5 20 1049
5 21 1656
5 22 260
5 23 1648
5 24 1848
5 25 1059
5 26 2072
5 27 1565
5 28 941
5 29 1747
5 30 403
5 31 1322
5 32 1463
5 33 449
5 34 878
5 35 2109
5 36 401
5 37 830
5 38 2061
5 39 449
5 40 878
5 41 2109
5 42 497
5 43 926
5 44 2157
5 45 545
5 46 974
5 47 2205
5 48 593
5 49 1022
5 50 2253
5 51 641
5 52 1070
5 53 2301
5 54 689
5 55 1118
5 56 2349
5 57 737
5 58 1166
5 59 2397
5 60 785
5 61 1214
5 62 2445
5 63 833
5 64 1262
5 65 2493
5 66 881
5 67 1310
5 68 2541
5 69 929
5 70 1358
5 71 2589
5 72 977
5 73 1406
5 74 2637
5 75 1025
5 76 1454
5 77 2685
5 78 1073
5 79 1502
5 80 2733
5 81 1121
5 82 1550
5 83 2781
5 84 1169
5 85 1598
5 86 2829
5 87 569
6 0 1228
6 1 1328
6 2 1431
6 3 352
6 4 169
6 5 1097
6 6 0
6 7 1232
6 8 1110
6 9 169
6 10 1492
6 11 317
6 12 486
6 13 386
6 14 559
6 15 330
6 16 460
6 17 1547
6 18 1049
6 19 958
6 20 486
6 21 1093
6 22 1201
6 23 1691
6 24 1189
6 25 400
6 26 1509
6 27 906
6 28 156
6 29 1088
6 30 694
6 31 759
6 32 804
6 33 1108
6 34 315
6 35 1546
6 36 1060
6 37 267
6 38 1498
6 39 1012
6 40 219
6 41 1450
6 42 1060
6 43 267
6 44 1498
6 45 1108
6 46 315
6 47 1546
6 48 1156
6 49 363
6 50 1594
6 51 1204
6 52 411
6 53 1642
6 54 1252
6 55 459
6 56 1690
6 57 1300
6 58 507
6 59 1738
6 60 1348
6 61 555
6 62 1786
6 63 1396
6 64 603
6 65 1834
6 66 1444
6 67 651
6 68 1882
6 69 1492
6 70 699
6 71 1930
6 72 1540
6 73 747
6 74 1978
6 75 1588
6 76 795
6 77 2026
6 78 1636
6 79 843
6 80 2074
6 81 1684
6 82 891
6 83 2122
6 84 1732
6 85 939
6 86 2170
6 87 1228
7 0 436
7 1 534
7 2 2511
7 3 1432
7 4 1063
7 5 669
7 6 1232
7 7 0
7 8 318
7 9 1063
7 10 2284
7 11 1301
7 12 1280
7 13 1466
7 14 673
7 15 1314
7 16 1540
7 17 2339
7 18 2129
7 19 2038
7 20 1566
7 21 2173
7 22 409
7 23 1131
7 24 1981
7 25 1118
7 26 2589
7 27 1986
7 28 1362
7 29 2168
7 30 1072
7 31 1839
7 32 1596
7 33 316
7 34 1395
7 35 2626
7 36 268
7 37 1347
7 38 2578
7 39 220
7 40 1299
7 41 2530
7 42 172
7 43 1251
7 44 2482
7 45 124
7 46 1203
7 47 2434
7 48 76
7 49 1155
7 50 2386
7 51 124
7 52 1203
7 53 2434
7 54 172
7 55 1251
7 56 2482
7 57 220
7 58 1299
7 59 2530
7 60 268
7 61 1347
7 62 2578
7 63 316
7 64 1395
7 65 2626
7 66 364
7 67 1443
7 68 2674
7 69 412
7 70 1491
7 71 2722
7 72 460
7 73 1539
7 74 2770
7 75 508
7 76 1587
7 77 2818
7 78 556
7 79 1635
7 80 2866
7 81 604
7 82 1683
7 83 2914
7 84 652
7 85 1731
7 86 2962
7 87 436
8 0 218
8 1 700
8 2 2345
8 3 1266
8 4 941
8 5 351
8 6 1110
8 7 318
8 8 0
8 9 941
8 10 2502
8 11 1327
8 12 962
8 13 1396
8 14 551
8 15 1340
8 16 1374
8 17 2557
8 18 2059
8 19 1968
8 20 1400
8 21 2007
8 22 91
8 23 1297
8 24 2199
8 25 1410
8 26 2423
8 27 1916
8 28 1266
8 29 2098
8 30 754
8 31 1673
8 32 1814
8 33 98
8 34 1229
8 35 2460
8 36 50
8 37 1181
8 38 2412
8 39 98
8 40 1229
8 41 2460
8 42 146
8 43 1277
8 44 2508
8 45 194
8 46 1325
8 47 2556
8 48 242
8 49 1373
8 50 2604
8 51 290
8 52 1421
8 53 2652
8 54 338
8 55 1469
8 56 2700
8 57 386
8 58 1517
8 59 2748
8 60 434
8 61 1565
8 62 2796
8 63 482
8 64 1613
8 65 2844
8 66 530
8 67 1661
8 68 2892
8 69 578
8 70 1709
8 71 2940
8 72 626
8 73 1757
8 74 2988
8 75 674
8 76 1805
8 77 3036
8 78 722
8 79 1853
8 80 3084
8 81 770
8 82 1901
8 83 3132
8 84 818
8 85 1949
8 86 3180
8 87 218
9 0 1059
9 1 1445
9 2 1600
9 3 521
9 4 0
9 5 1266
9 6 169
9 7 1063
9 8 941
9 9 0
9 10 1661
9 11 486
9 12 655
9 13 555
9 14 390
9 15 499
9 16 629
9 17 1716
9 18 1218
9 19 1127
9 20 655
9 21 1262
9 22 1032
9 23 1860
9 24 1358
9 25 569
9 26 1678
9 27 1075
9 28 325
9 29 1257
9 30 863
9 31 928
9 32 973
9 33 939
9 34 484
9 35 1715
9 36 891
9 37 436
9 38 1667
9 39 843
9 40 388
9 41 1619
9 42 891
9 43 436
9 44 1667
9 45 939
9 46 484
9 47 1715
9 48 987
9 49 532
9 50 1763
9 51 1035
9 52 580
9 53 1811
9 54 1083
9 55 628
9 56 1859
9 57 1131
9 58 676
9 59 1907
9 60 1179
9 61 724
9 62 1955
9 63 1227
9 64 772
9 65 2003
9 66 1275
9 67 820
9 68 2051
9 69 1323
9 70 868
9 71 2099
9 72 1371
9 73 916
9 74 2147
9 75 1419
9 76 964
9 77 2195
9 78 1467
9 79 1012
9 80 2243
9 81 1515
9 82 1060
9 83 2291
9 84 1563
9 85 1108
9 86 2339
9 87 1059
10 0 2720
10 1 2094
10 2 457
10 3 1406
10 4 1661
10 5 2151
10 6 1492
10 7 2284
10 8 2502
10 9 1661
10 10 0
10 11 1275
10 12 1540
10 13 1310
10 14 2051
10 15 1288
10 16 1332
10 17 1013
10 18 647
10 19 738
10 20 1306
10 21 795
10 22 2411
10 23 2457
10 24 603
10 25 1166
10 26 379
10 27 790
10 28 1336
10 29 608
10 30 1748
10 31 1033
10 32 1180
10 33 2600
10 34 1369
10 35 342
10 36 2552
10 37 1321
10 38 294
10 39 2504
10 40 1273
10 41 246
10 42 2456
10 43 1225
10 44 198
10 45 2408
10 46 1177
10 47 150
10 48 2360
10 49 1129
10 50 102
10 51 2408
10 52 1177
10 53 150
10 54 2456
10 55 1225
10 56 198
10 57 2504
10 58 1273
10 59 246
10 60 2552
10 61 1321
10 62 294
10 63 2600
10 64 1369
10 65 342
10 66 2648
10 67 1417
10 68 390
10 69 2696
10 70 1465
10 71 438
10 72 2744
10 73 1513
10 74 486
10 75 2792
10 76 1561
10 77 534
10 78 2840
10 79 1609
10 80 582
10 81 2888
10 82 1657
10 83 630
10 84 2936
10 85 1705
10 86 678
10 87 2720
11 0 1445
11 1 1111
11 2 1310
11 3 231
11 4 486
11 5 976
11 6 317
11 7 1301
11 8 1327
11 9 486
11 10 1275
11 11 0
11 12 365
11 13 265
11 14 876
11 15 113
11 16 339
11 17 1330
11 18 928
11 19 837
11 20 365
11 21 972
11 22 1236
11 23 1474
11 24 972
11 25 183
11 26 1388
11 27 785
11 28 161
11 29 967
11 30 573
11 31 638
11 32 587
11 33 1325
11 34 194
11 35 1425
11 36 1277
11 37 146
11 38 1377
11 39 1229
11 40 98
11 41 1329
11 42 1181
11 43 50
11 44 1281
11 45 1229
11 46 98
11 47 1329
11 48 1277
11 49 146
11 50 1377
11 51 1325
11 52 194
11 53 1425
11 54 1373
11 55 242
11 56 1473
11 57 1421
11 58 290
11 59 1521
11 60 1469
11 61 338
11 62 1569
11 63 1517
11 64 386
11 65 1617
11 66 1565
11 67 434
11 68 1665
11 69 1613
11 70 482
11 71 1713
11 72 1661
11 73 530
11 74 1761
11 75 1709
11 76 578
11 77 1809
11 78 1757
11 79 626
11 80 1857
11 81 1805
11 82 674
11 83 1905
11 84 1853
11 85 722
11 86 1953
11 87 1445
12 0 1180
12 1 1376
12 2 1383
12 3 304
12 4 655
12 5 611
12 6 486
12 7 1280
12 8 962
12 9 655
12 10 1540
12 11 365
12 12 0
12 13 434
12 14 1045
12 15 378
12 16 412
12 17 1595
12 18 1097
12 19 1006
12 20 438
12 21 1045
12 22 871
12 23 1739
12 24 1237
12 25 448
12 26 1461
12 27 954
12 28 330
12 29 1136
12 30 208
12 31 711
12 32 852
12 33 1060
12 34 267
12 35 1498
12 36 1012
12 37 219
12 38 1450
12 39 1060
12 40 267
12 41 1498
12 42 1108
12 43 315
12 44 1546
12 45 1156
12 46 363
12 47 1594
12 48 1204
12 49 411
12 50 1642
12 51 1252
12 52 459
12 53 1690
12 54 1300
12 55 507
12 56 1738
12 57 1348
12 58 555
12 59 1786
12 60 1396
12 61 603
12 62 1834
12 63 1444
12 64 651
12 65 1882
12 66 1492
12 67 699
12 68 1930
12 69 1540
12 70 747
12 71 1978
12 72 1588
12 73 795
12 74 2026
12 75 1636
12 76 843
12 77 2074
12 78 1684
12 79 891
12 80 2122
12 81 1732
12 82 939
12 83 2170
12 84 1780
12 85 987
12 86 2218
12 87 1180
13 0 1614
13 1 1276
13 2 1275
13 3 300
13 4 555
13 5 1045
13 6 386
13 7 1466
13 8 1396
13 9 555
13 10 1310
13 11 265
13 12 434
13 13 0
13 14 945
13 15 278
13 16 408
13 17 1495
13 18 663
13 19 572
13 20 434
13 21 1041
13 22 1305
13 23 1639
13 24 1137
13 25 348
13 26 1197
13 27 520
13 28 230
13 29 702
13 30 642
13 31 707
13 32 752
13 33 1494
13 34 263
13 35 1160
13 36 1446
13 37 215
13 38 1112
13 39 1398
13 40 167
13 41 1064
13 42 1446
13 43 215
13 44 1112
13 45 1494
13 46 263
13 47 1160
13 48 1542
13 49 311
13 50 1208
13 51 1590
13 52 359
13 53 1256
13 54 1638
13 55 407
13 56 1304
13 57 1686
13 58 455
13 59 1352
13 60 1734
13 61 503
13 62 1400
13 63 1782
13 64 551
13 65 1448
13 66 1830
13 67 599
13 68 1496
13 69 1878
13 70 647
13 71 1544
13 72 1926
13 73 695
13 74 1592
13 75 1974
13 76 743
13 77 1640
13 78 2022
13 79 791
13 80 1688
13 81 2070
13 82 839
13 83 1736
13 84 2118
13 85 887
13 86 1784
13 87 1614
14 0 669
14 1 1055
14 2 1990
14 3 911
14 4 390
14 5 902
14 6 559
14 7 673
14 8 551
14 9 390
14 10 2051
14 11 876
14 12 1045
14 13 945
14 14 0
14 15 889
14 16 1019
14 17 2106
14 18 1608
14 19 1517
14 20 1045
14 21 1652
14 22 642
14 23 1652
14 24 1748
14 25 959
14 26 2068
14 27 1465
14 28 715
14 29 1647
14 30 1253
14 31 1318
14 32 1363
14 33 549
14 34 874
14 35 2105
14 36 501
14 37 826
14 38 2057
14 39 453
14 40 778
14 41 2009
14 42 501
14 43 826
14 44 2057
14 45 549
14 46 874
14 47 2105
14 48 597
14 49 922
14 50 2153
14 51 645
14 52 970
14 53 2201
14 54 693
14 55 1018
14 56 2249
14 57 741
14 58 1066
14 59 2297
14 60 789
14 61 1114
14 62 2345
14 63 837
14 64 1162
14 65 2393
14 66 885
14 67 1210
14 68 2441
14 69 933
14 70 1258
14 71 2489
14 72 981
14 73 1306
14 74 2537
14 75 1029
14 76 1354
14 77 2585
14 78 1077
14 79 1402
14 80 2633
14 81 1125
14 82 1450
14 83 2681
14 84 1173
14 85 1498
14 86 2729
14 87 669
15 0 1558
15 1 1124
15 2 1323
15 3 244
15 4 499
15 5 989
15 6 330
15 7 1314
15 8 1340
15 9 499
15 10 1288
15 11 113
15 12 378
15 13 278
15 14 889
15 15 0
15 16 352
15 17 1343
15 18 941
15 19 850
15 20 378
15 21 985
15 22 1249
15 23 1487
15 24 985
15 25 196
15 26 1349
15 27 798
15 28 174
15 29 980
15 30 586
15 31 651
15 32 600
15 33 1438
15 34 207
15 35 1312
15 36 1390
15 37 159
15 38 1264
15 39 1342
15 40 111
15 41 1216
15 42 1294
15 43 63
15 44 1168
15 45 1342
15 46 111
15 47 1216
15 48 1390
15 49 159
15 50 1264
15 51 1438
15 52 207
15 53 1312
15 54 1486
15 55 255
15 56 1360
15 57 1534
15 58 303
15 59 1408
15 60 1582
15 61 351
15 62 1456
15 63 1630
15 64 399
15 65 1504
15 66 1678
15 67 447
15 68 1552
15 69 1726
15 70 495
15 71 1600
15 72 1774
15 73 543
15 74 1648
15 75 1822
15 76 591
15 77 1696
15 78 1870
15 79 639
15 80 1744
15 81 1918
15 82 687
15 83 1792
15 84 1966
15 85 735
15 86 1840
15 87 1558
16 0 1592
16 1 1350
16 2 1201
16 3 278
16 4 629
16 5 1023
16 6 460
16 7 1540
16 8 1374
16 9 629
16 10 1332
16 11 339
16 12 412
16 13 408
16 14 1019
16 15 352
16 16 0
16 17 1569
16 18 1071
16 19 980
16 20 26
16 21 1019
16 22 1283
16 23 1713
16 24 1211
16 25 422
16 26 1123
16 27 928
16 28 304
16 29 1110
16 30 620
16 31 299
16 32 826
16 33 1472
16 34 241
16 35 1086
16 36 1424
16 37 193
16 38 1038
16 39 1472
16 40 241
16 41 1086
16 42 1520
16 43 289
16 44 1134
16 45 1568
16 46 337
16 47 1182
16 48 1616
16 49 385
16 50 1230
16 51 1664
16 52 433
16 53 1278
16 54 1712
16 55 481
16 56 1326
16 57 1760
16 58 529
16 59 1374
16 60 1808
16 61 577
16 62 1422
16 63 1856
16 64 625
16 65 1470
16 66 1904
16 67 673
16 68 1518
16 69 1952
16 70 721
16 71 1566
16 72 2000
16 73 769
16 74 1614
16 75 2048
16 76 817
16 77 1662
16 78 2096
16 79 865
16 80 1710
16 81 2144
16 82 913
16 83 1758
16 84 2192
16 85 961
16 86 1806
16 87 1592
17 0 2775
17 1 1957
17 2 1266
17 3 1461
17 4 1716
17 5 2206
17 6 1547
17 7 2339
17 8 2557
17 9 1716
17 10 1013
17 11 1330
17 12 1595
17 13 1495
17 14 2106
17 15 1343
17 16 1569
17 17 0
17 18 1456
17 19 1547
17 20 1595
17 21 1604
17 22 2466
17 23 1648
17 24 1316
17 25 1221
17 26 1188
17 27 1599
17 28 1391
17 29 1417
17 30 1803
17 31 1842
17 32 1337
17 33 2655
17 34 1424
17 35 1151
17 36 2607
17 37 1376
17 38 1103
17 39 2559
17 40 1328
17 41 1055
17 42 2511
17 43 1280
17 44 1007
17 45 2463
17 46 1232
17 47 959
17 48 2415
17 49 1184
17 50 911
17 51 2367
17 52 1136
17 53 863
17 54 2319
17 55 1088
17 56 815
17 57 2271
17 58 1040
17 59 767
17 60 2223
17 61 992
17 62 719
17 63 2175
17 64 944
17 65 671
17 66 2127
17 67 896
17 68 623
17 69 2079
17 70 848
17 71 575
17 72 2031
17 73 800
17 74 527
17 75 1983
17 76 752
17 77 479
17 78 2031
17 79 800
17 80 527
17 81 2079
17 82 848
17 83 575
17 84 2127
17 85 896
17 86 623
17 87 2775
18 0 2277
18 1 1939
18 2 612
18 3 963
18 4 1218
18 5 1708
18 6 1049
18 7 2129
18 8 2059
18 9 1218
18 10 647
18 11 928
18 12 1097
18 13 663
18 14 1608
18 15 941
18 16 1071
18 17 1456
18 18 0
18 19 91
18 20 1097
18 21 950
18 22 1968
18 23 2302
18 24 1046
18 25 1011
18 26 534
18 27 143
18 28 893
18 29 39
18 30 1305
18 31 1188
18 32 1415
18 33 2157
18 34 926
18 35 497
18 36 2109
18 37 878
18 38 449
18 39 2061
18 40 830
18 41 401
18 42 2109
18 43 878
18 44 449
18 45 2157
18 46 926
18 47 497
18 48 2205
18 49 974
18 50 545
18 51 2253
18 52 1022
18 53 593
18 54 2301
18 55 1070
18 56 641
18 57 2349
18 58 1118
18 59 689
18 60 2397
18 61 1166
18 62 737
18 63 2445
18 64 1214
18 65 785
18 66 2493
18 67 1262
18 68 833
18 69 2541
18 70 1310
18 71 881
18 72 2589
18 73 1358
18 74 929
18 75 2637
18 76 1406
18 77 977
18 78 2685
18 79 1454
18 80 1025
18 81 2733
18 82 1502
18 83 1073
18 84 2781
18 85 1550
18 86 1121
18 87 2277
19 0 2186
19 1 1848
19 2 703
19 3 872
19 4 1127
19 5 1617
19 6 958
19 7 2038
19 8 1968
19 9 1127
19 10 738
19 11 837
19 12 1006
19 13 572
19 14 1517
19 15 850
19 16 980
19 17 1547
19 18 91
19 19 0
19 20 1006
19 21 1041
19 22 1877
19 23 2211
19 24 1137
19 25 920
19 26 625
19 27 52
19 28 802
19 29 130
19 30 1214
19 31 1279
19 32 1324
19 33 2066
19 34 835
19 35 588
19 36 2018
19 37 787
19 38 540
19 39 1970
19 40 739
19 41 492
19 42 2018
19 43 787
19 44 540
19 45 2066
19 46 835
19 47 588
19 48 2114
19 49 883
19 50 636
19 51 2162
19 52 931
19 53 684
19 54 2210
19 55 979
19 56 732
19 57 2258
19 58 1027
19 59 780
19 60 2306
19 61 1075
19 62 828
19 63 2354
19 64 1123
19 65 876
19 66 2402
19 67 1171
19 68 924
19 69 2450
19 70 1219
19 71 972
19 72 2498
19 73 1267
19 74 1020
19 75 2546
19 76 1315
19 77 1068
19 78 2594
19 79 1363
19 80 1116
19 81 2642
19 82 1411
19 83 1164
19 84 2690
19 85 1459
19 86 1212
19 87 2186
20 0 1618
20 1 1376
20 2 1175
20 3 304
20 4 655
20 5 1049
20 6 486
20 7 1566
20 8 1400
20 9 655
20 10 1306
20 11 365
20 12 438
20 13 434
20 14 1045
20 15 378
20 16 26
20 17 1595
20 18 1097
20 19 1006
20 20 0
20 21 1045
20 22 1309
20 23 1739
20 24 1237
20 25 448
20 26 1097
20 27 954
20 28 330
20 29 1136
20 30 646
20 31 273
20 32 852
20 33 1498
20 34 267
20 35 1060
20 36 1450
20 37 219
20 38 1012
20 39 1498
20 40 267
20 41 1060
20 42 1546
20 43 315
20 44 1108
20 45 1594
20 46 363
20 47 1156
20 48 1642
20 49 411
20 50 1204
20 51 1690
20 52 459
20 53 1252
20 54 1738
20 55 507
20 56 1300
20 57 1786
20 58 555
20 59 1348
20 60 1834
20 61 603
20 62 1396
20 63 1882
20 64 651
20 65 1444
20 66 1930
20 67 699
20 68 1492
20 69 1978
20 70 747
20 71 1540
20 72 2026
20 73 795
20 74 1588
20 75 2074
20 76 843
20 77 1636
20 78 2122
20 79 891
20 80 1684
20 81 2170
20 82 939
20 83 1732
20 84 2218
20 85 987
20 86 1780
20 87 1618
21 0 2129
21 1 1983
21 2 338
21 3 741
21 4 1262
21 5 1656
21 6 1093
21 7 2173
21 8 2007
21 9 1262
21 10 795
21 11 972
21 12 1045
21 13 1041
21 14 1652
21 15 985
21 16 1019
21 17 1604
21 18 950
21 19 1041
21 20 1045
21 21 0
21 22 1916
21 23 2346
21 24 1194
21 25 1055
21 26 416
21 27 1093
21 28 937
21 29 911
21 30 1253
21 31 1240
21 32 1459
21 33 2009
21 34 778
21 35 453
21 36 2057
21 37 826
21 38 501
21 39 2105
21 40 874
21 41 549
21 42 2153
21 43 922
21 44 597
21 45 2201
21 46 970
21 47 645
21 48 2249
21 49 1018
21 50 693
21 51 2297
21 52 1066
21 53 741
21 54 2345
21 55 1114
21 56 789
21 57 2393
21 58 1162
21 59 837
21 60 2441
21 61 1210
21 62 885
21 63 2489
21 64 1258
21 65 933
21 66 2537
21 67 1306
21 68 981
21 69 2585
21 70 1354
21 71 1029
21 72 2633
21 73 1402
21 74 1077
21 75 2681
21 76 1450
21 77 1125
21 78 2729
21 79 1498
21 80 1173
21 81 2777
21 82 1546
21 83 1221
21 84 2825
21 85 1594
21 86 1269
21 87 2129
22 0 309
22 1 791
22 2 2254
22 3 1175
22 4 1032
22 5 260
22 6 1201
22 7 409
22 8 91
22 9 1032
22 10 2411
22 11 1236
22 12 871
22 13 1305
22 14 642
22 15 1249
22 16 1283
22 17 2466
22 18 1968
22 19 1877
22 20 1309
22 21 1916
22 22 0
22 23 1388
22 24 2108
22 25 1319
22 26 2332
22 27 1825
22 28 1201
22 29 2007
22 30 663
22 31 1582
22 32 1723
22 33 189
22 34 1138
22 35 2369
22 36 141
22 37 1090
22 38 2321
22 39 189
22 40 1138
22 41 2369
22 42 237
22 43 1186
22 44 2417
22 45 285
22 46 1234
22 47 2465
22 48 333
22 49 1282
22 50 2513
22 51 381
22 52 1330
22 53 2561
22 54 429
22 55 1378
22 56 2609
22 57 477
22 58 1426
22 59 2657
22 60 525
22 61 1474
22 62 2705
22 63 573
22 64 1522
22 65 2753
22 66 621
22 67 1570
22 68 2801
22 69 669
22 70 1618
22 71 2849
22 72 717
22 73 1666
22 74 2897
22 75 765
22 76 1714
22 77 2945
22 78 813
22 79 1762
22 80 2993
22 81 861
22 82 1810
22 83 3041
22 84 909
22 85 1858
22 86 3089
22 87 309
23 0 1415
23 1 1321
23 2 2684
23 3 1605
23 4 1860
23 5 1648
23 6 1691
23 7 1131
23 8 1297
23 9 1860
23 10 2457
23 11 1474
23 12 1739
23 13 1639
23 14 1652
23 15 1487
23 16 1713
23 17 1648
23 18 2302
23 19 2211
23 20 1739
23 21 2346
23 22 1388
23 23 0
23 24 2058
23 25 1365
23 26 2762
23 27 2159
23 28 1535
23 29 2341
23 30 1947
23 31 2012
23 32 1481
23 33 1295
23 34 1568
23 35 2799
23 36 1247
23 37 1520
23 38 2751
23 39 1199
23 40 1472
23 41 2703
23 42 1151
23 43 1424
23 44 2655
23 45 1103
23 46 1376
23 47 2607
23 48 1055
23 49 1328
23 50 2559
23 51 1007
23 52 1280
23 53 2511
23 54 959
23 55 1232
23 56 2463
23 57 911
23 58 1184
23 59 2415
23 60 863
23 61 1136
23 62 2367
23 63 815
23 64 1088
23 65 2319
23 66 767
23 67 1040
23 68 2271
23 69 719
23 70 992
23 71 2223
23 72 671
23 73 944
23 74 2175
23 75 623
23 76 896
23 77 2127
23 78 575
23 79 848
23 80 2079
23 81 527
23 82 800
23 83 2031
23 84 479
23 85 752
23 86 1983
23 87 1415
24 0 2417
24 1 1695
24 2 856
24 3 1103
24 4 1358
24 5 1848
24 6 1189
24 7 1981
24 8 2199
24 9 1358
24 10 603
24 11 972
24 12 1237
24 13 1137
24 14 1748
24 15 985
24 16 1211
24 17 1316
24 18 1046
24 19 1137
24 20 1237
24 21 1194
24 22 2108
24 23 2058
24 24 0
24 25 863
24 26 778
24 27 1189
24 28 1033
24 29 1007
24 30 1445
24 31 1432
24 32 1171
24 33 2297
24 34 1066
24 35 741
24 36 2249
24 37 1018
24 38 693
24 39 2201
24 40 970
24 41 645
24 42 2153
24 43 922
24 44 597
24 45 2105
24 46 874
24 47 549
24 48 2057
24 49 826
24 50 501
24 51 2009
24 52 778
24 53 453
24 54 2057
24 55 826
24 56 501
24 57 2105
24 58 874
24 59 549
24 60 2153
24 61 922
24 62 597
24 63 2201
24 64 970
24 65 645
24 66 2249
24 67 1018
24 68 693
24 69 2297
24 70 1066
24 71 741
24 72 2345
24 73 1114
24 74 789
24 75 2393
24 76 1162
24 77 837
24 78 2441
24 79 1210
24 80 885
24 81 2489
24 82 1258
24 83 933
24 84 2537
24 85 1306
24 86 981
24 87 2417
25 0 1554
25 1 1002
25 2 1393
25 3 314
25 4 569
25 5 1059
25 6 400
25 7 1118
25 8 1410
25 9 569
25 10 1166
25 11 183
25 12 448
25 13 348
25 14 959
25 15 196
25 16 422
25 17 1221
25 18 1011
25 19 920
25 20 448
25 21 1055
25 22 1319
25 23 1365
25 24 863
25 25 0
25 26 1471
25 27 868
25 28 244
25 29 1050
25 30 656
25 31 721
25 32 478
25 33 1434
25 34 277
25 35 1508
25 36 1386
25 37 229
25 38 1460
25 39 1338
25 40 181
25 41 1412
25 42 1290
25 43 133
25 44 1364
25 45 1242
25 46 85
25 47 1316
25 48 1194
25 49 37
25 50 1268
25 51 1242
25 52 85
25 53 1316
25 54 1290
25 55 133
25 56 1364
25 57 1338
25 58 181
25 59 1412
25 60 1386
25 61 229
25 62 1460
25 63 1434
25 64 277
25 65 1508
25 66 1482
25 67 325
25 68 1556
25 69 1530
25 70 373
25 71 1604
25 72 1578
25 73 421
25 74 1652
25 75 1626
25 76 469
25 77 1700
25 78 1674
25 79 517
25 80 1748
25 81 1722
25 82 565
25 83 1796
25 84 1770
25 85 613
25 86 1844
25 87 1554
26 0 2545
26 1 2399
26 2 78
26 3 1157
26 4 1678
26 5 2072
26 6 1509
26 7 2589
26 8 2423
26 9 1678
26 10 379
26 11 1388
26 12 1461
26 13 1197
26 14 2068
26 15 1349
26 16 1123
26 17 1188
26 18 534
26 19 625
26 20 1097
26 21 416
26 22 2332
26 23 2762
26 24 778
26 25 1471
26 26 0
26 27 677
26 28 1353
26 29 495
26 30 1669
26 31 824
26 32 1355
26 33 2425
26 34 1194
26 35 37
26 36 2473
26 37 1242
26 38 85
26 39 2521
26 40 1290
26 41 133
26 42 2569
26 43 1338
26 44 181
26 45 2617
26 46 1386
26 47 229
26 48 2665
26 49 1434
26 50 277
26 51 2713
26 52 1482
26 53 325
26 54 2761
26 55 1530
26 56 373
26 57 2809
26 58 1578
26 59 421
26 60 2857
26 61 1626
26 62 469
26 63 2905
26 64 1674
26 65 517
26 66 2953
26 67 1722
26 68 565
26 69 3001
26 70 1770
26 71 613
26 72 3049
26 73 1818
26 74 661
26 75 3097
26 76 1866
26 77 709
26 78 3145
26 79 1914
26 80 757
26 81 3193
26 82 1962
26 83 805
26 84 3241
26 85 2010
26 86 853
26 87 2545
27 0 2134
27 1 1796
27 2 755
27 3 820
27 4 1075
27 5 1565
27 6 906
27 7 1986
27 8 1916
27 9 1075
27 10 790
27 11 785
27 12 954
27 13 520
27 14 1465
27 15 798
27 16 928
27 17 1599
27 18 143
27 19 52
27 20 954
27 21 1093
27 22 1825
27 23 2159
27 24 1189
27 25 868
27 26 677
27 27 0
27 28 750
27 29 182
27 30 1162
27 31 1227
27 32 1272
27 33 2014
27 34 783
27 35 640
27 36 1966
27 37 735
27 38 592
27 39 1918
27 40 687
27 41 544
27 42 1966
27 43 735
27 44 592
27 45 2014
27 46 783
27 47 640
27 48 2062
27 49 831
27 50 688
27 51 2110
27 52 879
27 53 736
27 54 2158
27 55 927
27 56 784
27 57 2206
27 58 975
27 59 832
27 60 2254
27 61 1023
27 62 880
27 63 2302
27 64 1071
27 65 928
27 66 2350
27 67 1119
27 68 976
27 69 2398
27 70 1167
27 71 1024
27 72 2446
27 73 1215
27 74 1072
27 75 2494
27 76 1263
27 77 1120
27 78 2542
27 79 1311
27 80 1168
27 81 2590
27 82 1359
27 83 1216
27 84 2638
27 85 1407
27 86 1264
27 87 2134
28 0 1384
28 1 1172
28 2 1275
28 3 196
28 4 325
28 5 941
28 6 156
28 7 1362
28 8 1266
28 9 325
28 10 1336
28 11 161
28 12 330
28 13 230
28 14 715
28 15 174
28 16 304
28 17 1391
28 18 893
28 19 802
28 20 330
28 21 937
28 22 1201
28 23 1535
28 24 1033
28 25 244
28 26 1353
28 27 750
28 28 0
28 29 932
28 30 538
28 31 603
28 32 648
28 33 1264
28 34 159
28 35 1390
28 36 1216
28 37 111
28 38 1342
28 39 1168
28 40 63
28 41 1294
28 42 1216
28 43 111
28 44 1342
28 45 1264
28 46 159
28 47 1390
28 48 1312
28 49 207
28 50 1438
28 51 1360
28 52 255
28 53 1486
28 54 1408
28 55 303
28 56 1534
28 57 1456
28 58 351
28 59 1582
28 60 1504
28 61 399
28 62 1630
28 63 1552
28 64 447
28 65 1678
28 66 1600
28 67 495
28 68 1726
28 69 1648
28 70 543
28 71 1774
28 72 1696
28 73 591
28 74 1822
28 75 1744
28 76 639
28 77 1870
28 78 1792
28 79 687
28 80 1918
28 81 1840
28 82 735
28 83 1966
28 84 1888
28 85 783
28 86 2014
28 87 1384
29 0 2316
29 1 1978
29 2 573
29 3 1002
29 4 1257
29 5 1747
29 6 1088
29 7 2168
29 8 2098
29 9 1257
29 10 608
29 11 967
29 12 1136
29 13 702
29 14 1647
29 15 980
29 16 1110
29 17 1417
29 18 39
29 19 130
29 20 1136
29 21 911
29 22 2007
29 23 2341
29 24 1007
29 25 1050
29 26 495
29 27 182
29 28 932
29 29 0
29 30 1344
29 31 1149
29 32 1454
29 33 2196
29 34 965
29 35 458
29 36 2148
29 37 917
29 38 410
29 39 2100
29 40 869
29 41 362
29 42 2148
29 43 917
29 44 410
29 45 2196
29 46 965
29 47 458
29 48 2244
29 49 1013
29 50 506
29 51 2292
29 52 1061
29 53 554
29 54 2340
29 55 1109
29 56 602
29 57 2388
29 58 1157
29 59 650
29 60 2436
29 61 1205
29 62 698
29 63 2484
29 64 1253
29 65 746
29 66 2532
29 67 1301
29 68 794
29 69 2580
29 70 1349
29 71 842
29 72 2628
29 73 1397
29 74 890
29 75 2676
29 76 1445
29 77 938
29 78 2724
29 79 1493
29 80 986
29 81 2772
29 82 1541
29 83 1034
29 84 2820
29 85 1589
29 86 1082
29 87 2316
30 0 972
30 1 1454
30 2 1591
30 3 512
30 4 863
30 5 403
30 6 694
30 7 1072
30 8 754
30 9 863
30 10 1748
30 11 573
30 12 208
30 13 642
30 14 1253
30 15 586
30 16 620
30 17 1803
30 18 1305
30 19 1214
30 20 646
30 21 1253
30 22 663
30 23 1947
30 24 1445
30 25 656
30 26 1669
30 27 1162
30 28 538
30 29 1344
30 30 0
30 31 919
30 32 1060
30 33 852
30 34 475
30 35 1706
30 36 804
30 37 427
30 38 1658
30 39 852
30 40 475
30 41 1706
30 42 900
30 43 523
30 44 1754
30 45 948
30 46 571
30 47 1802
30 48 996
30 49 619
30 50 1850
30 51 1044
30 52 667
30 53 1898
30 54 1092
30 55 715
30 56 1946
30 57 1140
30 58 763
30 59 1994
30 60 1188
30 61 811
30 62 2042
30 63 1236
30 64 859
30 65 2090
30 66 1284
30 67 907
30 68 2138
30 69 1332
30 70 955
30 71 2186
30 72 1380
30 73 1003
30 74 2234
30 75 1428
30 76 1051
30 77 2282
30 78 1476
30 79 1099
30 80 2330
30 81 1524
30 82 1147
30 83 2378
30 84 1572
30 85 1195
30 86 2426
30 87 972
31 0 1891
31 1 1649
31 2 902
31 3 577
31 4 928
31 5 1322
31 6 759
31 7 1839
31 8 1673
31 9 928
31 10 1033
31 11 638
31 12 711
31 13 707
31 14 1318
31 15 651
31 16 299
31 17 1842
31 18 1188
31 19 1279
31 20 273
31 21 1240
31 22 1582
31 23 2012
31 24 1432
31 25 721
31 26 824
31 27 1227
31 28 603
31 29 1149
31 30 919
31 31 0
31 32 1125
31 33 1771
31 34 540
31 35 787
31 36 1723
31 37 492
31 38 739
31 39 1771
31 40 540
31 41 787
31 42 1819
31 43 588
31 44 835
31 45 1867
31 46 636
31 47 883
31 48 1915
31 49 684
31 50 931
31 51 1963
31 52 732
31 53 979
31 54 2011
31 55 780
31 56 1027
31 57 2059
31 58 828
31 59 1075
31 60 2107
31 61 876
31 62 1123
31 63 2155
31 64 924
31 65 1171
31 66 2203
31 67 972
31 68 1219
31 69 2251
31 70 1020
31 71 1267
31 72 2299
31 73 1068
31 74 1315
31 75 2347
31 76 1116
31 77 1363
31 78 2395
31 79 1164
31 80 1411
31 81 2443
31 82 1212
31 83 1459
31 84 2491
31 85 1260
31 86 1507
31 87 1891
32 0 2032
32 1 1214
32 2 1433
32 3 718
32 4 973
32 5 1463
32 6 804
32 7 1596
32 8 1814
32 9 973
32 10 1180
32 11 587
32 12 852
32 13 752
32 14 1363
32 15 600
32 16 826
32 17 1337
32 18 1415
32 19 1324
32 20 852
32 21 1459
32 22 1723
32 23 1481
32 24 1171
32 25 478
32 26 1355
32 27 1272
32 28 648
32 29 1454
32 30 1060
32 31 1125
32 32 0
32 33 1912
32 34 681
32 35 1318
32 36 1864
32 37 633
32 38 1270
32 39 1816
32 40 585
32 41 1222
32 42 1768
32 43 537
32 44 1174
32 45 1720
32 46 489
32 47 1126
32 48 1672
32 49 441
32 50 1078
32 51 1624
32 52 393
32 53 1030
32 54 1576
32 55 345
32 56 982
32 57 1528
32 58 297
32 59 934
32 60 1576
32 61 345
32 62 982
32 63 1624
32 64 393
32 65 1030
32 66 1672
32 67 441
32 68 1078
32 69 1720
32 70 489
32 71 1126
32 72 1768
32 73 537
32 74 1174
32 75 1816
32 76 585
32 77 1222
32 78 1864
32 79 633
32 80 1270
32 81 1912
32 82 681
32 83 1318
32 84 1960
32 85 729
32 86 1366
32 87 2032
33 0 120
33 1 698
33 2 2347
33 3 1268
33 4 939
33 5 449
33 6 1108
33 7 316
33 8 98
33 9 939
33 10 2600
33 11 1325
33 12 1060
33 13 1494
33 14 549
33 15 1438
33 16 1472
33 17 2655
33 18 2157
33 19 2066
33 20 1498
33 21 2009
33 22 189
33 23 1295
33 24 2297
33 25 1434
33 26 2425
33 27 2014
33 28 1264
33 29 2196
33 30 852
33 31 1771
33 32 1912
33 33 0
33 34 1231
33 35 2462
33 36 48
33 37 1279
33 38 2510
33 39 96
33 40 1327
33 41 2558
33 42 144
33 43 1375
33 44 2606
33 45 192
33 46 1423
33 47 2654
33 48 240
33 49 1471
33 50 2702
33 51 288
33 52 1519
33 53 2750
33 54 336
33 55 1567
33 56 2798
33 57 384
33 58 1615
33 59 2846
33 60 432
33 61 1663
33 62 2894
33 63 480
33 64 1711
33 65 2942
33 66 528
33 67 1759
33 68 2990
33 69 576
33 70 1807
33 71 3038
33 72 624
33 73 1855
33 74 3086
33 75 672
33 76 1903
33 77 3134
33 78 720
33 79 1951
33 80 3182
33 81 768
33 82 1999
33 83 3230
33 84 816
33 85 2047
33 86 3278
33 87 120
34 0 1351
34 1 1205
34 2 1116
34 3 37
34 4 484
34 5 878
34 6 315
34 7 1395
34 8 1229
34 9 484
34 10 1369
34 11 194
34 12 267
34 13 263
34 14 874
34 15 207
34 16 241
34 17 1424
34 18 926
34 19 835
34 20 267
34 21 778
34 22 1138
34 23 1568
34 24 1066
34 25 277
34 26 1194
34 27 783
34 28 159
34 29 965
34 30 475
34 31 540
34 32 681
34 33 1231
34 34 0
34 35 1231
34 36 1279
34 37 48
34 38 1279
34 39 1327
34 40 96
34 41 1327
34 42 1375
34 43 144
34 44 1375
34 45 1423
34 46 192
34 47 1423
34 48 1471
34 49 240
34 50 1471
34 51 1519
34 52 288
34 53 1519
34 54 1567
34 55 336
34 56 1567
34 57 1615
34 58 384
34 59 1615
34 60 1663
34 61 432
34 62 1663
34 63 1711
34 64 480
34 65 1711
34 66 1759
34 67 528
34 68 1759
34 69 1807
34 70 576
34 71 1807
34 72 1855
34 73 624
34 74 1855
34 75 1903
34 76 672
34 77 1903
34 78 1951
34 79 720
34 80 1951
34 81 1999
34 82 768
34 83 1999
34 84 2047
34 85 816
34 86 2047
34 87 1351
35 0 2582
35 1 2436
35 2 115
35 3 1194
35 4 1715
35 5 2109
35 6 1546
35 7 2626
35 8 2460
35 9 1715
35 10 342
35 11 1425
35 12 1498
35 13 1160
35 14 2105
35 15 1312
35 16 1086
35 17 1151
35 18 497
35 19 588
35 20 1060
35 21 453
35 22 2369
35 23 2799
35 24 741
35 25 1508
35 26 37
35 27 640
35 28 1390
35 29 458
35 30 1706
35 31 787
35 32 1318
35 33 2462
35 34 1231
35 35 0
35 36 2510
35 37 1279
35 38 48
35 39 2558
35 40 1327
35 41 96
35 42 2606
35 43 1375
35 44 144
35 45 2654
35 46 1423
35 47 192
35 48 2702
35 49 1471
35 50 240
35 51 2750
35 52 1519
35 53 288
35 54 2798
35 55 1567
35 56 336
35 57 2846
35 58 1615
35 59 384
35 60 2894
35 61 1663
35 62 432
35 63 2942
35 64 1711
35 65 480
35 66 2990
35 67 1759
35 68 528
35 69 3038
35 70 1807
35 71 576
35 72 3086
35 73 1855
35 74 624
35 75 3134
35 76 1903
35 77 672
35 78 3182
35 79 1951
35 80 720
35 81 3230
35 82 1999
35 83 768
35 84 3278
35 85 2047
35 86 816
35 87 2582
36 0 168
36 1 650
36 2 2395
36 3 1316
36 4 891
36 5 401
36 6 1060
36 7 268
36 8 50
36 9 891
36 10 2552
36 11 1277
36 12 1012
36 13 1446
36 14 501
36 15 1390
36 16 1424
36 17 2607
36 18 2109
36 19 2018
36 20 1450
36 21 2057
36 22 141
36 23 1247
36 24 2249
36 25 1386
36 26 2473
36 27 1966
36 28 1216
36 29 2148
36 30 804
36 31 1723
36 32 1864
36 33 48
36 34 1279
36 35 2510
36 36 0
36 37 1231
36 38 2462
36 39 48
36 40 1279
36 41 2510
36 42 96
36 43 1327
36 44 2558
36 45 144
36 46 1375
36 47 2606
36 48 192
36 49 1423
36 50 2654
36 51 240
36 52 1471
36 53 2702
36 54 288
36 55 1519
36 56 2750
36 57 336
36 58 1567
36 59 2798
36 60 384
36 61 1615
36 62 2846
36 63 432
36 64 1663
36 65 2894
36 66 480
36 67 1711
36 68 2942
36 69 528
36 70 1759
36 71 2990
36 72 576
36 73 1807
36 74 3038
36 75 624
36 76 1855
36 77 3086
36 78 672
36 79 1903
36 80 3134
36 81 720
36 82 1951
36 83 3182
36 84 768
36 85 1999
36 86 3230
36 87 168
37 0 1399
37 1 1157
37 2 1164
37 3 85
37 4 436
37 5 830
37 6 267
37 7 1347
37 8 1181
37 9 436
37 10 1321
37 11 146
37 12 219
37 13 215
37 14 826
37 15 159
37 16 193
37 17 1376
37 18 878
37 19 787
37 20 219
37 21 826
37 22 1090
37 23 1520
37 24 1018
37 25 229
37 26 1242
37 27 735
37 28 111
37 29 917
37 30 427
37 31 492
37 32 633
37 33 1279
37 34 48
37 35 1279
37 36 1231
37 37 0
37 38 1231
37 39 1279
37 40 48
37 41 1279
37 42 1327
37 43 96
37 44 1327
37 45 1375
37 46 144
37 47 1375
37 48 1423
37 49 192
37 50 1423
37 51 1471
37 52 240
37 53 1471
37 54 1519
37 55 288
37 56 1519
37 57 1567
37 58 336
37 59 1567
37 60 1615
37 61 384
37 62 1615
37 63 1663
37 64 432
37 65 1663
37 66 1711
37 67 480
37 68 1711
37 69 1759
37 70 528
37 71 1759
37 72 1807
37 73 576
37 74 1807
37 75 1855
37 76 624
37 77 1855
37 78 1903
37 79 672
37 80 1903
37 81 1951
37 82 720
37 83 1951
37 84 1999
37 85 768
37 86 1999
37 87 1399
38 0 2630
38 1 2388
38 2 163
38 3 1242
38 4 1667
38 5 2061
38 6 1498
38 7 2578
38 8 2412
38 9 1667
38 10 294
38 11 1377
38 12 1450
38 13 1112
38 14 2057
38 15 1264
38 16 1038
38 17 1103
38 18 449
38 19 540
38 20 1012
38 21 501
38 22 2321
38 23 2751
38 24 693
38 25 1460
38 26 85
38 27 592
38 28 1342
38 29 410
38 30 1658
38 31 739
38 32 1270
38 33 2510
38 34 1279
38 35 48
38 36 2462
38 37 1231
38 38 0
38 39 2510
38 40 1279
38 41 48
38 42 2558
38 43 1327
38 44 96
38 45 2606
38 46 1375
38 47 144
38 48 2654
38 49 1423
38 50 192
38 51 2702
38 52 1471
38 53 240
38 54 2750
38 55 1519
38 56 288
38 57 2798
38 58 1567
38 59 336
38 60 2846
38 61 1615
38 62 384
38 63 2894
38 64 1663
38 65 432
38 66 2942
38 67 1711
38 68 480
38 69 2990
38 70 1759
38 71 528
38 72 3038
38 73 1807
38 74 576
38 75 3086
38 76 1855
38 77 624
38 78 3134
38 79 1903
38 80 672
38 81 3182
38 82 1951
38 83 720
38 84 3230
38 85 1999
38 86 768
38 87 2630
39 0 216
39 1 602
39 2 2443
39 3 1364
39 4 843
39 5 449
39 6 1012
39 7 220
39 8 98
39 9 843
39 10 2504
39 11 1229
39 12 1060
39 13 1398
39 14 453
39 15 1342
39 16 1472
39 17 2559
39 18 2061
39 19 1970
39 20 1498
39 21 2105
39 22 189
39 23 1199
39 24 2201
39 25 1338
39 26 2521
39 27 1918
39 28 1168
39 29 2100
39 30 852
39 31 1771
39 32 1816
39 33 96
39 34 1327
39 35 2558
39 36 48
39 37 1279
39 38 2510
39 39 0
39 40 1231
39 41 2462
39 42 48
39 43 1279
39 44 2510
39 45 96
39 46 1327
39 47 2558
39 48 144
39 49 1375
39 50 2606
39 51 192
39 52 1423
39 53 2654
39 54 240
39 55 1471
39 56 2702
39 57 288
39 58 1519
39 59 2750
39 60 336
39 61 1567
39 62 2798
39 63 384
39 64 1615
39 65 2846
39 66 432
39 67 1663
39 68 2894
39 69 480
39 70 1711
39 71 2942
39 72 528
39 73 1759
39 74 2990
39 75 576
39 76 1807
39 77 3038
39 78 624
39 79 1855
39 80 3086
39 81 672
39 82 1903
39 83 3134
39 84 720
39 85 1951
39 86 3182
39 87 216
40 0 1447
40 1 1109
40 2 1212
40 3 133
40 4 388
40 5 878
40 6 219
40 7 1299
40 8 1229
40 9 388
40 10 1273
40 11 98
40 12 267
40 13 167
40 14 778
40 15 111
40 16 241
40 17 1328
40 18 830
40 19 739
40 20 267
40 21 874
40 22 1138
40 23 1472
40 24 970
40 25 181
40 26 1290
40 27 687
40 28 63
40 29 869
40 30 475
40 31 540
40 32 585
40 33 1327
40 34 96
40 35 1327
40 36 1279
40 37 48
40 38 1279
40 39 1231
40 40 0
40 41 1231
40 42 1279
40 43 48
40 44 1279
40 45 1327
40 46 96
40 47 1327
40 48 1375
40 49 144
40 50 1375
40 51 1423
40 52 192
40 53 1423
40 54 1471
40 55 240
40 56 1471
40 57 1519
40 58 288
40 59 1519
40 60 1567
40 61 336
40 62 1567
40 63 1615
40 64 384
40 65 1615
40 66 1663
40 67 432
40 68 1663
40 69 1711
40 70 480
40 71 1711
40 72 1759
40 73 528
40 74 1759
40 75 1807
40 76 576
40 77 1807
40 78 1855
40 79 624
40 80 1855
40 81 1903
40 82 672
40 83 1903
40 84 1951
40 85 720
40 86 1951
40 87 1447
41 0 2678
41 1 2340
41 2 211
41 3 1290
41 4 1619
41 5 2109
41 6 1450
41 7 2530
41 8 2460
41 9 1619
41 10 246
41 11 1329
41 12 1498
41 13 1064
41 14 2009
41 15 1216
41 16 1086
41 17 1055
41 18 401
41 19 492
41 20 1060
41 21 549
41 22 2369
41 23 2703
41 24 645
41 25 1412
41 26 133
41 27 544
41 28 1294
41 29 362
41 30 1706
41 31 787
41 32 1222
41 33 2558
41 34 1327
41 35 96
41 36 2510
41 37 1279
41 38 48
41 39 2462
41 40 1231
41 41 0
41 42 2510
41 43 1279
41 44 48
41 45 2558
41 46 1327
41 47 96
41 48 2606
41 49 1375
41 50 144
41 51 2654
41 52 1423
41 53 192
41 54 2702
41 55 1471
41 56 240
41 57 2750
41 58 1519
41 59 288
41 60 2798
41 61 1567
41 62 336
41 63 2846
41 64 1615
41 65 384
41 66 2894
41 67 1663
41 68 432
41 69 2942
41 70 1711
41 71 480
41 72 2990
41 73 1759
41 74 528
41 75 3038
41 76 1807
41 77 576
41 78 3086
41 79 1855
41 80 624
41 81 3134
41 82 1903
41 83 672
41 84 3182
41 85 1951
41 86 720
41 87 2678
42 0 264
42 1 554
42 2 2491
42 3 1412
42 4 891
42 5 497
42 6 1060
42 7 172
42 8 146
42 9 891
42 10 2456
42 11 1181
42 12 1108
42 13 1446
42 14 501
42 15 1294
42 16 1520
42 17 2511
42 18 2109
42 19 2018
42 20 1546
42 21 2153
42 22 237
42 23 1151
42 24 2153
42 25 1290
42 26 2569
42 27 1966
42 28 1216
42 29 2148
42 30 900
42 31 1819
42 32 1768
42 33 144
42 34 1375
42 35 2606
42 36 96
42 37 1327
42 38 2558
42 39 48
42 40 1279
42 41 2510
42 42 0
42 43 1231
42 44 2462
42 45 48
42 46 1279
42 47 2510
42 48 96
42 49 1327
42 50 2558
42 51 144
42 52 1375
42 53 2606
42 54 192
42 55 1423
42 56 2654
42 57 240
42 58 1471
42 59 2702
42 60 288
42 61 1519
42 62 2750
42 63 336
42 64 1567
42 65 2798
42 66 384
42 67 1615
42 68 2846
42 69 432
42 70 1663
42 71 2894
42 72 480
42 73 1711
42 74 2942
42 75 528
42 76 1759
42 77 2990
42 78 576
42 79 1807
42 80 3038
42 81 624
42 82 1855
42 83 3086
42 84 672
42 85 1903
42 86 3134
42 87 264
43 0 1495
43 1 1061
43 2 1260
43 3 181
43 4 436
43 5 926
43 6 267
43 7 1251
43 8 1277
43 9 436
43 10 1225
43 11 50
43 12 315
43 13 215
43 14 826
43 15 63
43 16 289
43 17 1280
43 18 878
43 19 787
43 20 315
43 21 922
43 22 1186
43 23 1424
43 24 922
43 25 133
43 26 1338
43 27 735
43 28 111
43 29 917
43 30 523
43 31 588
43 32 537
43 33 1375
43 34 144
43 35 1375
43 36 1327
43 37 96
43 38 1327
43 39 1279
43 40 48
43 41 1279
43 42 1231
43 43 0
43 44 1231
43 45 1279
43 46 48
43 47 1279
43 48 1327
43 49 96
43 50 1327
43 51 1375
43 52 144
43 53 1375
43 54 1423
43 55 192
43 56 1423
43 57 1471
43 58 240
43 59 1471
43 60 1519
43 61 288
43 62 1519
43 63 1567
43 64 336
43 65 1567
43 66 1615
43 67 384
43 68 1615
43 69 1663
43 70 432
43 71 1663
43 72 1711
43 73 480
43 74 1711
43 75 1759
43 76 528
43 77 1759
43 78 1807
43 79 576
43 80 1807
43 81 1855
43 82 624
43 83 1855
43 84 1903
43 85 672
43 86 1903
43 87 1495
44 0 2726
44 1 2292
44 2 259
44 3 1338
44 4 1667
44 5 2157
44 6 1498
44 7 2482
44 8 2508
44 9 1667
44 10 198
44 11 1281
44 12 1546
44 13 1112
44 14 2057
44 15 1168
44 16 1134
44 17 1007
44 18 449
44 19 540
44 20 1108
44 21 597
44 22 2417
44 23 2655
44 24 597
44 25 1364
44 26 181
44 27 592
44 28 1342
44 29 410
44 30 1754
44 31 835
44 32 1174
44 33 2606
44 34 1375
44 35 144
44 36 2558
44 37 1327
44 38 96
44 39 2510
44 40 1279
44 41 48
44 42 2462
44 43 1231
44 44 0
44 45 2510
44 46 1279
44 47 48
44 48 2558
44 49 1327
44 50 96
44 51 2606
44 52 1375
44 53 144
44 54 2654
44 55 1423
44 56 192
44 57 2702
44 58 1471
44 59 240
44 60 2750
44 61 1519
44 62 288
44 63 2798
44 64 1567
44 65 336
44 66 2846
44 67 1615
44 68 384
44 69 2894
44 70 1663
44 71 432
44 72 2942
44 73 1711
44 74 480
44 75 2990
44 76 1759
44 77 528
44 78 3038
44 79 1807
44 80 576
44 81 3086
44 82 1855
44 83 624
44 84 3134
44 85 1903
44 86 672
44 87 2726
45 0 312
45 1 506
45 2 2539
45 3 1460
45 4 939
45 5 545
45 6 1108
45 7 124
45 8 194
45 9 939
45 10 2408
45 11 1229
45 12 1156
45 13 1494
45 14 549
45 15 1342
45 16 1568
45 17 2463
45 18 2157
45 19 2066
45 20 1594
45 21 2201
45 22 285
45 23 1103
45 24 2105
45 25 1242
45 26 2617
45 27 2014
45 28 1264
45 29 2196
45 30 948
45 31 1867
45 32 1720
45 33 192
45 34 1423
45 35 2654
45 36 144
45 37 1375
45 38 2606
45 39 96
45 40 1327
45 41 2558
45 42 48
45 43 1279
45 44 2510
45 45 0
45 46 1231
45 47 2462
45 48 48
45 49 1279
45 50 2510
45 51 96
45 52 1327
45 53 2558
45 54 144
45 55 1375
45 56 2606
45 57 192
45 58 1423
45 59 2654
45 60 240
45 61 1471
45 62 2702
45 63 288
45 64 1519
45 65 2750
45 66 336
45 67 1567
45 68 2798
45 69 384
45 70 1615
45 71 2846
45 72 432
45 73 1663
45 74 2894
45 75 480
45 76 1711
45 77 2942
45 78 528
45 79 1759
45 80 2990
45 81 576
45 82 1807
45 83 3038
45 84 624
45 85 1855
45 86 3086
45 87 312
46 0 1543
46 1 1013
46 2 1308
46 3 229
46 4 484
46 5 974
46 6 315
46 7 1203
46 8 1325
46 9 484
46 10 1177
46 11 98
46 12 363
46 13 263
46 14 874
46 15 111
46 16 337
46 17 1232
46 18 926
46 19 835
46 20 363
46 21 970
46 22 1234
46 23 1376
46 24 874
46 25 85
46 26 1386
46 27 783
46 28 159
46 29 965
46 30 571
46 31 636
46 32 489
46 33 1423
46 34 192
46 35 1423
46 36 1375
46 37 144
46 38 1375
46 39 1327
46 40 96
46 41 1327
46 42 1279
46 43 48
46 44 1279
46 45 1231
46 46 0
46 47 1231
46 48 1279
46 49 48
46 50 1279
46 51 1327
46 52 96
46 53 1327
46 54 1375
46 55 144
46 56 1375
46 57 1423
46 58 192
46 59 1423
46 60 1471
46 61 240
46 62 1471
46 63 1519
46 64 288
46 65 1519
46 66 1567
46 67 336
46 68 1567
46 69 1615
46 70 384
46 71 1615
46 72 1663
46 73 432
46 74 1663
46 75 1711
46 76 480
46 77 1711
46 78 1759
46 79 528
46 80 1759
46 81 1807
46 82 576
46 83 1807
46 84 1855
46 85 624
46 86 1855
46 87 1543
47 0 2774
47 1 2244
47 2 307
47 3 1386
47 4 1715
47 5 2205
47 6 1546
47 7 2434
47 8 2556
47 9 1715
47 10 150
47 11 1329
47 12 1594
47 13 1160
47 14 2105
47 15 1216
47 16 1182
47 17 959
47 18 497
47 19 588
47 20 1156
47 21 645
47 22 2465
47 23 2607
47 24 549
47 25 1316
47 26 229
47 27 640
47 28 1390
47 29 458
47 30 1802
47 31 883
47 32 1126
47 33 2654
47 34 1423
47 35 192
47 36 2606
47 37 1375
47 38 144
47 39 2558
47 40 1327
47 41 96
47 42 2510
47 43 1279
47 44 48
47 45 2462
47 46 1231
47 47 0
47 48 2510
47 49 1279
47 50 48
47 51 2558
47 52 1327
47 53 96
47 54 2606
47 55 1375
47 56 144
47 57 2654
47 58 1423
47 59 192
47 60 2702
47 61 1471
47 62 240
47 63 2750
47 64 1519
47 65 288
47 66 2798
47 67 1567
47 68 336
47 69 2846
47 70 1615
47 71 384
47 72 2894
47 73 1663
47 74 432
47 75 2942
47 76 1711
47 77 480
47 78 2990
47 79 1759
47 80 528
47 81 3038
47 82 1807
47 83 576
47 84 3086
47 85 1855
47 86 624
47 87 2774
48 0 360
48 1 458
48 2 2587
48 3 1508
48 4 987
48 5 593
48 6 1156
48 7 76
48 8 242
48 9 987
48 10 2360
48 11 1277
48 12 1204
48 13 1542
48 14 597
48 15 1390
48 16 1616
48 17 2415
48 18 2205
48 19 2114
48 20 1642
48 21 2249
48 22 333
48 23 1055
48 24 2057
48 25 1194
48 26 2665
48 27 2062
48 28 1312
48 29 2244
48 30 996
48 31 1915
48 32 1672
48 33 240
48 34 1471
48 35 2702
48 36 192
48 37 1423
48 38 2654
48 39 144
48 40 1375
48 41 2606
48 42 96
48 43 1327
48 44 2558
48 45 48
48 46 1279
48 47 2510
48 48 0
48 49 1231
48 50 2462
48 51 48
48 52 1279
48 53 2510
48 54 96
48 55 1327
48 56 2558
48 57 144
48 58 1375
48 59 2606
48 60 192
48 61 1423
48 62 2654
48 63 240
48 64 1471
48 65 2702
48 66 288
48 67 1519
48 68 2750
48 69 336
48 70 1567
48 71 2798
48 72 384
48 73 1615
48 74 2846
48 75 432
48 76 1663
48 77 2894
48 78 480
48 79 1711
48 80 2942
48 81 528
48 82 1759
48 83 2990
48 84 576
48 85 1807
48 86 3038
48 87 360
49 0 1591
49 1 965
49 2 1356
49 3 277
49 4 532
49 5 1022
49 6 363
49 7 1155
49 8 1373
49 9 532
49 10 1129
49 11 146
49 12 411
49 13 311
49 14 922
49 15 159
49 16 385
49 17 1184
49 18 974
49 19 883
49 20 411
49 21 1018
49 22 1282
49 23 1328
49 24 826
49 25 37
49 26 1434
49 27 831
49 28 207
49 29 1013
49 30 619
49 31 684
49 32 441
49 33 1471
49 34 240
49 35 1471
49 36 1423
49 37 192
49 38 1423
49 39 1375
49 40 144
49 41 1375
49 42 1327
49 43 96
49 44 1327
49 45 1279
49 46 48
49 47 1279
49 48 1231
49 49 0
49 50 1231
49 51 1279
49 52 48
49 53 1279
49 54 1327
49 55 96
49 56 1327
49 57 1375
49 58 144
49 59 1375
49 60 1423
49 61 192
49 62 1423
49 63 1471
49 64 240
49 65 1471
49 66 1519
49 67 288
49 68 1519
49 69 1567
49 70 336
49 71 1567
49 72 1615
49 73 384
49 74 1615
49 75 1663
49 76 432
49 77 1663
49 78 1711
49 79 480
49 80 1711
49 81 1759
49 82 528
49 83 1759
49 84 1807
49 85 576
49 86 1807
49 87 1591
50 0 2822
50 1 2196
50 2 355
50 3 1434
50 4 1763
50 5 2253
50 6 1594
50 7 2386
50 8 2604
50 9 1763
50 10 102
50 11 1377
50 12 1642
50 13 1208
50 14 2153
50 15 1264
50 16 1230
50 17 911
50 18 545
50 19 636
50 20 1204
50 21 693
50 22 2513
50 23 2559
50 24 501
50 25 1268
50 26 277
50 27 688
50 28 1438
50 29 506
50 30 1850
50 31 931
50 32 1078
50 33 2702
50 34 1471
50 35 240
50 36 2654
50 37 1423
50 38 192
50 39 2606
50 40 1375
50 41 144
50 42 2558
50 43 1327
50 44 96
50 45 2510
50 46 1279
50 47 48
50 48 2462
50 49 1231
50 50 0
50 51 2510
50 52 1279
50 53 48
50 54 2558
50 55 1327
50 56 96
50 57 2606
50 58 1375
50 59 144
50 60 2654
50 61 1423
50 62 192
50 63 2702
50 64 1471
50 65 240
50 66 2750
50 67 1519
50 68 288
50 69 2798
50 70 1567
50 71 336
50 72 2846
50 73 1615
50 74 384
50 75 2894
50 76 1663
50 77 432
50 78 2942
50 79 1711
50 80 480
50 81 2990
50 82 1759
50 83 528
50 84 3038
50 85 1807
50 86 576
50 87 2822
51 0 408
51 1 410
51 2 2635
51 3 1556
51 4 1035
51 5 641
51 6 1204
51 7 124
51 8 290
51 9 1035
51 10 2408
51 11 1325
51 12 1252
51 13 1590
51 14 645
51 15 1438
51 16 1664
51 17 2367
51 18 2253
51 19 2162
51 20 1690
51 21 2297
51 22 381
51 23 1007
51 24 2009
51 25 1242
51 26 2713
51 27 2110
51 28 1360
51 29 2292
51 30 1044
51 31 1963
51 32 1624
51 33 288
51 34 1519
51 35 2750
51 36 240
51 37 1471
51 38 2702
51 39 192
51 40 1423
51 41 2654
51 42 144
51 43 1375
51 44 2606
51 45 96
51 46 1327
51 47 2558
51 48 48
51 49 1279
51 50 2510
51 51 0
51 52 1231
51 53 2462
51 54 48
51 55 1279
51 56 2510
51 57 96
51 58 1327
51 59 2558
51 60 144
51 61 1375
51 62 2606
51 63 192
51 64 1423
51 65 2654
51 66 240
51 67 1471
51 68 2702
51 69 288
51 70 1519
51 71 2750
51 72 336
51 73 1567
51 74 2798
51 75 384
51 76 1615
51 77 2846
51 78 432
51 79 1663
51 80 2894
51 81 480
51 82 1711
51 83 2942
51 84 528
51 85 1759
51 86 2990
51 87 408
52 0 1639
52 1 917
52 2 1404
52 3 325
52 4 580
52 5 1070
52 6 411
52 7 1203
52 8 1421
52 9 580
52 10 1177
52 11 194
52 12 459
52 13 359
52 14 970
52 15 207
52 16 433
52 17 1136
52 18 1022
52 19 931
52 20 459
52 21 1066
52 22 1330
52 23 1280
52 24 778
52 25 85
52 26 1482
52 27 879
52 28 255
52 29 1061
52 30 667
52 31 732
52 32 393
52 33 1519
52 34 288
52 35 1519
52 36 1471
52 37 240
52 38 1471
52 39 1423
52 40 192
52 41 1423
52 42 1375
52 43 144
52 44 1375
52 45 1327
52 46 96
52 47 1327
52 48 1279
52 49 48
52 50 1279
52 51 1231
52 52 0
52 53 1231
52 54 1279
52 55 48
52 56 1279
52 57 1327
52 58 96
52 59 1327
52 60 1375
52 61 144
52 62 1375
52 63 1423
52 64 192
52 65 1423
52 66 1471
52 67 240
52 68 1471
52 69 1519
52 70 288
52 71 1519
52 72 1567
52 73 336
52 74 1567
52 75 1615
52 76 384
52 77 1615
52 78 1663
52 79 432
52 80 1663
52 81 1711
52 82 480
52 83 1711
52 84 1759
52 85 528
52 86 1759
52 87 1639
53 0 2870
53 1 2148
53 2 403
53 3 1482
53 4 1811
53 5 2301
53 6 1642
53 7 2434
53 8 2652
53 9 1811
53 10 150
53 11 1425
53 12 1690
53 13 1256
53 14 2201
53 15 1312
53 16 1278
53 17 863
53 18 593
53 19 684
53 20 1252
53 21 741
53 22 2561
53 23 2511
53 24 453
53 25 1316
53 26 325
53 27 736
53 28 1486
53 29 554
53 30 1898
53 31 979
53 32 1030
53 33 2750
53 34 1519
53 35 288
53 36 2702
53 37 1471
53 38 240
53 39 2654
53 40 1423
53 41 192
53 42 2606
53 43 1375
53 44 144
53 45 2558
53 46 1327
53 47 96
53 48 2510
53 49 1279
53 50 48
53 51 2462
53 52 1231
53 53 0
53 54 2510
53 55 1279
53 56 48
53 57 2558
53 58 1327
53 59 96
53 60 2606
53 61 1375
53 62 144
53 63 2654
53 64 1423
53 65 192
53 66 2702
53 67 1471
53 68 240
53 69 2750
53 70 1519
53 71 288
53 72 2798
53 73 1567
53 74 336
53 75 2846
53 76 1615
53 77 384
53 78 2894
53 79 1663
53 80 432
53 81 2942
53 82 1711
53 83 480
53 84 2990
53 85 1759
53 86 528
53 87 2870
54 0 456
54 1 362
54 2 2683
54 3 1604
54 4 1083
54 5 689
54 6 1252
54 7 172
54 8 338
54 9 1083
54 10 2456
54 11 1373
54 12 1300
54 13 1638
54 14 693
54 15 1486
54 16 1712
54 17 2319
54 18 2301
54 19 2210
54 20 1738
54 21 2345
54 22 429
54 23 959
54 24 2057
54 25 1290
54 26 2761
54 27 2158
54 28 1408
54 29 2340
54 30 1092
54 31 2011
54 32 1576
54 33 336
54 34 1567
54 35 2798
54 36 288
54 37 1519
54 38 2750
54 39 240
54 40 1471
54 41 2702
54 42 192
54 43 1423
54 44 2654
54 45 144
54 46 1375
54 47 2606
54 48 96
54 49 1327
54 50 2558
54 51 48
54 52 1279
54 53 2510
54 54 0
54 55 1231
54 56 2462
54 57 48
54 58 1279
54 59 2510
54 60 96
54 61 1327
54 62 2558
54 63 144
54 64 1375
54 65 2606
54 66 192
54 67 1423
54 68 2654
54 69 240
54 70 1471
54 71 2702
54 72 288
54 73 1519
54 74 2750
54 75 336
54 76 1567
54 77 2798
54 78 384
54 79 1615
54 80 2846
54 81 432
54 82 1663
54 83 2894
54 84 480
54 85 1711
54 86 2942
54 87 456
55 0 1687
55 1 869
55 2 1452
55 3 373
55 4 628
55 5 1118
55 6 459
55 7 1251
55 8 1469
55 9 628
55 10 1225
55 11 242
55 12 507
55 13 407
55 14 1018
55 15 255
55 16 481
55 17 1088
55 18 1070
55 19 979
55 20 507
55 21 1114
55 22 1378
55 23 1232
55 24 826
55 25 133
55 26 1530
55 27 927
55 28 303
55 29 1109
55 30 715
55 31 780
55 32 345
55 33 1567
55 34 336
55 35 1567
55 36 1519
55 37 288
55 38 1519
55 39 1471
55 40 240
55 41 1471
55 42 1423
55 43 192
55 44 1423
55 45 1375
55 46 144
55 47 1375
55 48 1327
55 49 96
55 50 1327
55 51 1279
55 52 48
55 53 1279
55 54 1231
55 55 0
55 56 1231
55 57 1279
55 58 48
55 59 1279
55 60 1327
55 61 96
55 62 1327
55 63 1375
55 64 144
55 65 1375
55 66 1423
55 67 192
55 68 1423
55 69 1471
55 70 240
55 71 1471
55 72 1519
55 73 288
55 74 1519
55 75 1567
55 76 336
55 77 1567
55 78 1615
55 79 384
55 80 1615
55 81 1663
55 82 432
55 83 1663
55 84 1711
55 85 480
55 86 1711
55 87 1687
56 0 2918
56 1 2100
56 2 451
56 3 1530
56 4 1859
56 5 2349
56 6 1690
56 7 2482
56 8 2700
56 9 1859
56 10 198
56 11 1473
56 12 1738
56 13 1304
56 14 2249
56 15 1360
56 16 1326
56 17 815
56 18 641
56 19 732
56 20 1300
56 21 789
56 22 2609
56 23 2463
56 24 501
56 25 1364
56 26 373
56 27 784
56 28 1534
56 29 602
56 30 1946
56 31 1027
56 32 982
56 33 2798
56 34 1567
56 35 336
56 36 2750
56 37 1519
56 38 288
56 39 2702
56 40 1471
56 41 240
56 42 2654
56 43 1423
56 44 192
56 45 2606
56 46 1375
56 47 144
56 48 2558
56 49 1327
56 50 96
56 51 2510
56 52 1279
56 53 48
56 54 2462
56 55 1231
56 56 0
56 57 2510
56 58 1279
56 59 48
56 60 2558
56 61 1327
56 62 96
56 63 2606
56 64 1375
56 65 144
56 66 2654
56 67 1423
56 68 192
56 69 2702
56 70 1471
56 71 240
56 72 2750
56 73 1519
56 74 288
56 75 2798
56 76 1567
56 77 336
56 78 2846
56 79 1615
56 80 384
56 81 2894
56 82 1663
56 83 432
56 84 2942
56 85 1711
56 86 480
56 87 2918
57 0 504
57 1 410
57 2 2731
57 3 1652
57 4 1131
57 5 737
57 6 1300
57 7 220
57 8 386
57 9 1131
57 10 2504
57 11 1421
57 12 1348
57 13 1686
57 14 741
57 15 1534
57 16 1760
57 17 2271
57 18 2349
57 19 2258
57 20 1786
57 21 2393
57 22 477
57 23 911
57 24 2105
57 25 1338
57 26 2809
57 27 2206
57 28 1456
57 29 2388
57 30 1140
57 31 2059
57 32 1528
57 33 384
57 34 1615
57 35 2846
57 36 336
57 37 1567
57 38 2798
57 39 288
57 40 1519
57 41 2750
57 42 240
57 43 1471
57 44 2702
57 45 192
57 46 1423
57 47 2654
57 48 144
57 49 1375
57 50 2606
57 51 96
57 52 1327
57 53 2558
57 54 48
57 55 1279
57 56 2510
57 57 0
57 58 1231
57 59 2462
57 60 48
57 61 1279
57 62 2510
57 63 96
57 64 1327
57 65 2558
57 66 144
57 67 1375
57 68 2606
57 69 192
57 70 1423
57 71 2654
57 72 240
57 73 1471
57 74 2702
57 75 288
57 76 1519
57 77 2750
57 78 336
57 79 1567
57 80 2798
57 81 384
57 82 1615
57 83 2846
57 84 432
57 85 1663
57 86 2894
57 87 504
58 0 1735
58 1 917
58 2 1500
58 3 421
58 4 676
58 5 1166
58 6 507
58 7 1299
58 8 1517
58 9 676
58 10 1273
58 11 290
58 12 555
58 13 455
58 14 1066
58 15 303
58 16 529
58 17 1040
58 18 1118
58 19 1027
58 20 555
58 21 1162
58 22 1426
58 23 1184
58 24 874
58 25 181
58 26 1578
58 27 975
58 28 351
58 29 1157
58 30 763
58 31 828
58 32 297
58 33 1615
58 34 384
58 35 1615
58 36 1567
58 37 336
58 38 1567
58 39 1519
58 40 288
58 41 1519
58 42 1471
58 43 240
58 44 1471
58 45 1423
58 46 192
58 47 1423
58 48 1375
58 49 144
58 50 1375
58 51 1327
58 52 96
58 53 1327
58 54 1279
58 55 48
58 56 1279
58 57 1231
58 58 0
58 59 1231
58 60 1279
58 61 48
58 62 1279
58 63 1327
58 64 96
58 65 1327
58 66 1375
58 67 144
58 68 1375
58 69 1423
58 70 192
58 71 1423
58 72 1471
58 73 240
58 74 1471
58 75 1519
58 76 288
58 77 1519
58 78 1567
58 79 336
58 80 1567
58 81 1615
58 82 384
58 83 1615
58 84 1663
58 85 432
58 86 1663
58 87 1735
59 0 2966
59 1 2148
59 2 499
59 3 1578
59 4 1907
59 5 2397
59 6 1738
59 7 2530
59 8 2748
59 9 1907
59 10 246
59 11 1521
59 12 1786
59 13 1352
59 14 2297
59 15 1408
59 16 1374
59 17 767
59 18 689
59 19 780
59 20 1348
59 21 837
59 22 2657
59 23 2415
59 24 549
59 25 1412
59 26 421
59 27 832
59 28 1582
59 29 650
59 30 1994
59 31 1075
59 32 934
59 33 2846
59 34 1615
59 35 384
59 36 2798
59 37 1567
59 38 336
59 39 2750
59 40 1519
59 41 288
59 42 2702
59 43 1471
59 44 240
59 45 2654
59 46 1423
59 47 192
59 48 2606
59 49 1375
59 50 144
59 51 2558
59 52 1327
59 53 96
59 54 2510
59 55 1279
59 56 48
59 57 2462
59 58 1231
59 59 0
59 60 2510
59 61 1279
59 62 48
59 63 2558
59 64 1327
59 65 96
59 66 2606
59 67 1375
59 68 144
59 69 2654
59 70 1423
59 71 192
59 72 2702
59 73 1471
59 74 240
59 75 2750
59 76 1519
59 77 288
59 78 2798
59 79 1567
59 80 336
59 81 2846
59 82 1615
59 83 384
59 84 2894
59 85 1663
59 86 432
59 87 2966
60 0 552
60 1 458
60 2 2779
60 3 1700
60 4 1179
60 5 785
60 6 1348
60 7 268
60 8 434
60 9 1179
60 10 2552
60 11 1469
60 12 1396
60 13 1734
60 14 789
60 15 1582
60 16 1808
60 17 2223
60 18 2397
60 19 2306
60 20 1834
60 21 2441
60 22 525
60 23 863
60 24 2153
60 25 1386
60 26 2857
60 27 2254
60 28 1504
60 29 2436
60 30 1188
60 31 2107
60 32 1576
60 33 432
60 34 1663
60 35 2894
60 36 384
60 37 1615
60 38 2846
60 39 336
60 40 1567
60 41 2798
60 42 288
60 43 1519
60 44 2750
60 45 240
60 46 1471
60 47 2702
60 48 192
60 49 1423
60 50 2654
60 51 144
60 52 1375
60 53 2606
60 54 96
60 55 1327
60 56 2558
60 57 48
60 58 1279
60 59 2510
60 60 0
60 61 1231
60 62 2462
60 63 48
60 64 1279
60 65 2510
60 66 96
60 67 1327
60 68 2558
60 69 144
60 70 1375
60 71 2606
60 72 192
60 73 1423
60 74 2654
60 75 240
60 76 1471
60 77 2702
60 78 288
60 79 1519
60 80 2750
60 81 336
60 82 1567
60 83 2798
60 84 384
60 85 1615
60 86 2846
60 87 552
61 0 1783
61 1 965
61 2 1548
61 3 469
61 4 724
61 5 1214
61 6 555
61 7 1347
61 8 1565
61 9 724
61 10 1321
61 11 338
61 12 603
61 13 503
61 14 1114
61 15 351
61 16 577
61 17 992
61 18 1166
61 19 1075
61 20 603
61 21 1210
61 22 1474
61 23 1136
61 24 922
61 25 229
61 26 1626
61 27 1023
61 28 399
61 29 1205
61 30 811
61 31 876
61 32 345
61 33 1663
61 34 432
61 35 1663
61 36 1615
61 37 384
61 38 1615
61 39 1567
61 40 336
61 41 1567
61 42 1519
61 43 288
61 44 1519
61 45 1471
61 46 240
61 47 1471
61 48 1423
61 49 192
61 50 1423
61 51 1375
61 52 144
61 53 1375
61 54 1327
61 55 96
61 56 1327
61 57 1279
61 58 48
61 59 1279
61 60 1231
61 61 0
61 62 1231
61 63 1279
61 64 48
61 65 1279
61 66 1327
61 67 96
61 68 1327
61 69 1375
61 70 144
61 71 1375
61 72 1423
61 73 192
61 74 1423
61 75 1471
61 76 240
61 77 1471
61 78 1519
61 79 288
61 80 1519
61 81 1567
61 82 336
61 83 1567
61 84 1615
61 85 384
61 86 1615
61 87 1783
62 0 3014
62 1 2196
62 2 547
62 3 1626
62 4 1955
62 5 2445
62 6 1786
62 7 2578
62 8 2796
62 9 1955
62 10 294
62 11 1569
62 12 1834
62 13 1400
62 14 2345
62 15 1456
62 16 1422
62 17 719
62 18 737
62 19 828
62 20 1396
62 21 885
62 22 2705
62 23 2367
62 24 597
62 25 1460
62 26 469
62 27 880
62 28 1630
62 29 698
62 30 2042
62 31 1123
62 32 982
62 33 2894
62 34 1663
62 35 432
62 36 2846
62 37 1615
62 38 384
62 39 2798
62 40 1567
62 41 336
62 42 2750
62 43 1519
62 44 288
62 45 2702
62 46 1471
62 47 240
62 48 2654
62 49 1423
62 50 192
62 51 2606
62 52 1375
62 53 144
62 54 2558
62 55 1327
62 56 96
62 57 2510
62 58 1279
62 59 48
62 60 2462
62 61 1231
62 62 0
62 63 2510
62 64 1279
62 65 48
62 66 2558
62 67 1327
62 68 96
62 69 2606
62 70 1375
62 71 144
62 72 2654
62 73 1423
62 74 192
62 75 2702
62 76 1471
62 77 240
62 78 2750
62 79 1519
62 80 288
62 81 2798
62 82 1567
62 83 336
62 84 2846
62 85 1615
62 86 384
62 87 3014
63 0 600
63 1 506
63 2 2827
63 3 1748
63 4 1227
63 5 833
63 6 1396
63 7 316
63 8 482
63 9 1227
63 10 2600
63 11 1517
63 12 1444
63 13 1782
63 14 837
63 15 1630
63 16 1856
63 17 2175
63 18 2445
63 19 2354
63 20 1882
63 21 2489
63 22 573
63 23 815
63 24 2201
63 25 1434
63 26 2905
63 27 2302
63 28 1552
63 29 2484
63 30 1236
63 31 2155
63 32 1624
63 33 480
63 34 1711
63 35 2942
63 36 432
63 37 1663
63 38 2894
63 39 384
63 40 1615
63 41 2846
63 42 336
63 43 1567
63 44 2798
63 45 288
63 46 1519
63 47 2750
63 48 240
63 49 1471
63 50 2702
63 51 192
63 52 1423
63 53 2654
63 54 144
63 55 1375
63 56 2606
63 57 96
63 58 1327
63 59 2558
63 60 48
63 61 1279
63 62 2510
63 63 0
63 64 1231
63 65 2462
63 66 48
63 67 1279
63 68 2510
63 69 96
63 70 1327
63 71 2558
63 72 144
63 73 1375
63 74 2606
63 75 192
63 76 1423
63 77 2654
63 78 240
63 79 1471
63 80 2702
63 81 288
63 82 1519
63 83 2750
63 84 336
63 85 1567
63 86 2798
63 87 600
64 0 1831
64 1 1013
64 2 1596
64 3 517
64 4 772
64 5 1262
64 6 603
64 7 1395
64 8 1613
64 9 772
64 10 1369
64 11 386
64 12 651
64 13 551
64 14 1162
64 15 399
64 16 625
64 17 944
64 18 1214
64 19 1123
64 20 651
64 21 1258
64 22 1522
64 23 1088
64 24 970
64 25 277
64 26 1674
64 27 1071
64 28 447
64 29 1253
64 30 859
64 31 924
64 32 393
64 33 1711
64 34 480
64 35 1711
64 36 1663
64 37 432
64 38 1663
64 39 1615
64 40 384
64 41 1615
64 42 1567
64 43 336
64 44 1567
64 45 1519
64 46 288
64 47 1519
64 48 1471
64 49 240
64 50 1471
64 51 1423
64 52 192
64 53 1423
64 54 1375
64 55 144
64 56 1375
64 57 1327
64 58 96
64 59 1327
64 60 1279
64 61 48
64 62 1279
64 63 1231
64 64 0
64 65 1231
64 66 1279
64 67 48
64 68 1279
64 69 1327
64 70 96
64 71 1327
64 72 1375
64 73 144
64 74 1375
64 75 1423
64 76 192
64 77 1423
64 78 1471
64 79 240
64 80 1471
64 81 1519
64 82 288
64 83 1519
64 84 1567
64 85 336
64 86 1567
64 87 1831
65 0 3062
65 1 2244
65 2 595
65 3 1674
65 4 2003
65 5 2493
65 6 1834
65 7 2626
65 8 2844
65 9 2003
65 10 342
65 11 1617
65 12 1882
65 13 1448
65 14 2393
65 15 1504
65 16 1470
65 17 671
65 18 785
65 19 876
65 20 1444
65 21 933
65 22 2753
65 23 2319
65 24 645
65 25 1508
65 26 517
65 27 928
65 28 1678
65 29 746
65 30 2090
65 31 1171
65 32 1030
65 33 2942
65 34 1711
65 35 480
65 36 2894
65 37 1663
65 38 432
65 39 2846
65 40 1615
65 41 384
65 42 2798
65 43 1567
65 44 336
65 45 2750
65 46 1519
65 47 288
65 48 2702
65 49 1471
65 50 240
65 51 2654
65 52 1423
65 53 192
65 54 2606
65 55 1375
65 56 144
65 57 2558
65 58 1327
65 59 96
65 60 2510
65 61 1279
65 62 48
65 63 2462
65 64 1231
65 65 0
65 66 2510
65 67 1279
65 68 48
65 69 2558
65 70 1327
65 71 96
65 72 2606
65 73 1375
65 74 144
65 75 2654
65 76 1423
65 77 192
65 78 2702
65 79 1471
65 80 240
65 81 2750
65 82 1519
65 83 288
65 84 2798
65 85 1567
65 86 336
65 87 3062
66 0 648
66 1 554
66 2 2875
66 3 1796
66 4 1275
66 5 881
66 6 1444
66 7 364
66 8 530
66 9 1275
66 10 2648
66 11 1565
66 12 1492
66 13 1830
66 14 885
66 15 1678
66 16 1904
66 17 2127
66 18 2493
66 19 2402
66 20 1930
66 21 2537
66 22 621
66 23 767
66 24 2249
66 25 1482
66 26 2953
66 27 2350
66 28 1600
66 29 2532
66 30 1284
66 31 2203
66 32 1672
66 33 528
66 34 1759
66 35 2990
66 36 480
66 37 1711
66 38 2942
66 39 432
66 40 1663
66 41 2894
66 42 384
66 43 1615
66 44 2846
66 45 336
66 46 1567
66 47 2798
66 48 288
66 49 1519
66 50 2750
66 51 240
66 52 1471
66 53 2702
66 54 192
66 55 1423
66 56 2654
66 57 144
66 58 1375
66 59 2606
66 60 96
66 61 1327
66 62 2558
66 63 48
66 64 1279
66 65 2510
66 66 0
66 67 1231
66 68 2462
66 69 48
66 70 1279
66 71 2510
66 72 96
66 73 1327
66 74 2558
66 75 144
66 76 1375
66 77 2606
66 78 192
66 79 1423
66 80 2654
66 81 240
66 82 1471
66 83 2702
66 84 288
66 85 1519
66 86 2750
66 87 648
67 0 1879
67 1 1061
67 2 1644
67 3 565
67 4 820
67 5 1310
67 6 651
67 7 1443
67 8 1661
67 9 820
67 10 1417
67 11 434
67 12 699
67 13 599
67 14 1210
67 15 447
67 16 673
67 17 896
67 18 1262
67 19 1171
67 20 699
67 21 1306
67 22 1570
67 23 1040
67 24 1018
67 25 325
67 26 1722
67 27 1119
67 28 495
67 29 1301
67 30 907
67 31 972
67 32 441
67 33 1759
67 34 528
67 35 1759
67 36 1711
67 37 480
67 38 1711
67 39 1663
67 40 432
67 41 1663
67 42 1615
67 43 384
67 44 1615
67 45 1567
67 46 336
67 47 1567
67 48 1519
67 49 288
67 50 1519
67 51 1471
67 52 240
67 53 1471
67 54 1423
67 55 192
67 56 1423
67 57 1375
67 58 144
67 59 1375
67 60 1327
67 61 96
67 62 1327
67 63 1279
67 64 48
67 65 1279
67 66 1231
67 67 0
67 68 1231
67 69 1279
67 70 48
67 71 1279
67 72 1327
67 73 96
67 74 1327
67 75 1375
67 76 144
67 77 1375
67 78 1423
67 79 192
67 80 1423
67 81 1471
67 82 240
67 83 1471
67 84 1519
67 85 288
67 86 1519
67 87 1879
68 0 3110
68 1 2292
68 2 643
68 3 1722
68 4 2051
68 5 2541
68 6 1882
68 7 2674
68 8 2892
68 9 2051
68 10 390
68 11 1665
68 12 1930
68 13 1496
68 14 2441
68 15 1552
68 16 1518
68 17 623
68 18 833
68 19 924
68 20 1492
68 21 981
68 22 2801
68 23 2271
68 24 693
68 25 1556
68 26 565
68 27 976
68 28 1726
68 29 794
68 30 2138
68 31 1219
68 32 1078
68 33 2990
68 34 1759
68 35 528
68 36 2942
68 37 1711
68 38 480
68 39 2894
68 40 1663
68 41 432
68 42 2846
68 43 1615
68 44 384
68 45 2798
68 46 1567
68 47 336
68 48 2750
68 49 1519
68 50 288
68 51 2702
68 52 1471
68 53 240
68 54 2654
68 55 1423
68 56 192
68 57 2606
68 58 1375
68 59 144
68 60 2558
68 61 1327
68 62 96
68 63 2510
68 64 1279
68 65 48
68 66 2462
68 67 1231
68 68 0
68 69 2510
68 70 1279
68 71 48
68 72 2558
68 73 1327
68 74 96
68 75 2606
68 76 1375
68 77 144
68 78 2654
68 79 1423
68 80 192
68 81 2702
68 82 1471
68 83 240
68 84 2750
68 85 1519
68 86 288
68 87 3110
69 0 696
69 1 602
69 2 2923
69 3 1844
69 4 1323
69 5 929
69 6 1492
69 7 412
69 8 578
69 9 1323
69 10 2696
69 11 1613
69 12 1540
69 13 1878
69 14 933
69 15 1726
69 16 1952
69 17 2079
69 18 2541
69 19 2450
69 20 1978
69 21 2585
69 22 669
69 23 719
69 24 2297
69 25 1530
69 26 3001
69 27 2398
69 28 1648
69 29 2580
69 30 1332
69 31 2251
69 32 1720
69 33 576
69 34 1807
69 35 3038
69 36 528
69 37 1759
69 38 2990
69 39 480
69 40 1711
69 41 2942
69 42 432
69 43 1663
69 44 2894
69 45 384
69 46 1615
69 47 2846
69 48 336
69 49 1567
69 50 2798
69 51 288
69 52 1519
69 53 2750
69 54 240
69 55 1471
69 56 2702
69 57 192
69 58 1423
69 59 2654
69 60 144
69 61 1375
69 62 2606
69 63 96
69 64 1327
69 65 2558
69 66 48
69 67 1279
69 68 2510
69 69 0
69 70 1231
69 71 2462
69 72 48
69 73 1279
69 74 2510
69 75 96
69 76 1327
69 77 2558
69 78 144
69 79 1375
69 80 2606
69 81 192
69 82 1423
69 83 2654
69 84 240
69 85 1471
69 86 2702
69 87 696
70 0 1927
70 1 1109
70 2 1692
70 3 613
70 4 868
70 5 1358
70 6 699
70 7 1491
70 8 1709
70 9 868
70 10 1465
70 11 482
70 12 747
70 13 647
70 14 1258
70 15 495
70 16 721
70 17 848
70 18 1310
70 19 1219
70 20 747
70 21 1354
70 22 1618
70 23 992
70 24 1066
70 25 373
70 26 1770
70 27 1167
70 28 543
70 29 1349
70 30 955
70 31 1020
70 32 489
70 33 1807
70 34 576
70 35 1807
70 36 1759
70 37 528
70 38 1759
70 39 1711
70 40 480
70 41 1711
70 42 1663
70 43 432
70 44 1663
70 45 1615
70 46 384
70 47 1615
70 48 1567
70 49 336
70 50 1567
70 51 1519
70 52 288
70 53 1519
70 54 1471
70 55 240
70 56 1471
70 57 1423
70 58 192
70 59 1423
70 60 1375
70 61 144
70 62 1375
70 63 1327
70 64 96
70 65 1327
70 66 1279
70 67 48
70 68 1279
70 69 1231
70 70 0
70 71 1231
70 72 1279
70 73 48
70 74 1279
70 75 1327
70 76 96
70 77 1327
70 78 1375
70 79 144
70 80 1375
70 81 1423
70 82 192
70 83 1423
70 84 1471
70 85 240
70 86 1471
70 87 1927
71 0 3158
71 1 2340
71 2 691
71 3 1770
71 4 2099
71 5 2589
71 6 1930
71 7 2722
71 8 2940
71 9 2099
71 10 438
71 11 1713
71 12 1978
71 13 1544
71 14 2489
71 15 1600
71 16 1566
71 17 575
71 18 881
71 19 972
71 20 1540
71 21 1029
71 22 2849
71 23 2223
71 24 741
71 25 1604
71 26 613
71 27 1024
71 28 1774
71 29 842
71 30 2186
71 31 1267
71 32 1126
71 33 3038
71 34 1807
71 35 576
71 36 2990
71 37 1759
71 38 528
71 39 2942
71 40 1711
71 41 480
71 42 2894
71 43 1663
71 44 432
71 45 2846
71 46 1615
71 47 384
71 48 2798
71 49 1567
71 50 336
71 51 2750
71 52 1519
71 53 288
71 54 2702
71 55 1471
71 56 240
71 57 2654
71 58 1423
71 59 192
71 60 2606
71 61 1375
71 62 144
71 63 2558
71 64 1327
71 65 96
71 66 2510
71 67 1279
71 68 48
71 69 2462
71 70 1231
71 71 0
71 72 2510
71 73 1279
71 74 48
71 75 2558
71 76 1327
71 77 96
71 78 2606
71 79 1375
71 80 144
71 81 2654
71 82 1423
71 83 192
71 84 2702
71 85 1471
71 86 240
71 87 3158
72 0 744
72 1 650
72 2 2971
72 3 1892
72 4 1371
72 5 977
72 6 1540
72 7 460
72 8 626
72 9 1371
72 10 2744
72 11 1661
72 12 1588
72 13 1926
72 14 981
72 15 1774
72 16 2000
72 17 2031
72 18 2589
72 19 2498
72 20 2026
72 21 2633
72 22 717
72 23 671
72 24 2345
72 25 1578
72 26 3049
72 27 2446
72 28 1696
72 29 2628
72 30 1380
72 31 2299
72 32 1768
72 33 624
72 34 1855
72 35 3086
72 36 576
72 37 1807
72 38 3038
72 39 528
72 40 1759
72 41 2990
72 42 480
72 43 1711
72 44 2942
72 45 432
72 46 1663
72 47 2894
72 48 384
72 49 1615
72 50 2846
72 51 336
72 52 1567
72 53 2798
72 54 288
72 55 1519
72 56 2750
72 57 240
72 58 1471
72 59 2702
72 60 192
72 61 1423
72 62 2654
72 63 144
72 64 1375
72 65 2606
72 66 96
72 67 1327
72 68 2558
72 69 48
72 70 1279
72 71 2510
72 72 0
72 73 1231
72 74 2462
72 75 48
72 76 1279
72 77 2510
72 78 96
72 79 1327
72 80 2558
72 81 144
72 82 1375
72 83 2606
72 84 192
72 85 1423
72 86 2654
72 87 744
73 0 1975
73 1 1157
73 2 1740
73 3 661
73 4 916
73 5 1406
73 6 747
73 7 1539
73 8 1757
73 9 916
73 10 1513
73 11 530
73 12 795
73 13 695
73 14 1306
73 15 543
73 16 769
73 17 800
73 18 1358
73 19 1267
73 20 795
73 21 1402
73 22 1666
73 23 944
73 24 1114
73 25 421
73 26 1818
73 27 1215
73 28 591
73 29 1397
73 30 1003
73 31 1068
73 32 537
73 33 1855
73 34 624
73 35 1855
73 36 1807
73 37 576
73 38 1807
73 39 1759
73 40 528
73 41 1759
73 42 1711
73 43 480
73 44 1711
73 45 1663
73 46 432
73 47 1663
73 48 1615
73 49 384
73 50 1615
73 51 1567
73 52 336
73 53 1567
73 54 1519
73 55 288
73 56 1519
73 57 1471
73 58 240
73 59 1471
73 60 1423
73 61 192
73 62 1423
73 63 1375
73 64 144
73 65 1375
73 66 1327
73 67 96
73 68 1327
73 69 1279
73 70 48
73 71 1279
73 72 1231
73 73 0
73 74 1231
73 75 1279
73 76 48
73 77 1279
73 78 1327
73 79 96
73 80 1327
73 81 1375
73 82 144
73 83 1375
73 84 1423
73 85 192
73 86 1423
73 87 1975
74 0 3206
74 1 2388
74 2 739
74 3 1818
74 4 2147
74 5 2637
74 6 1978
74 7 2770
74 8 2988
74 9 2147
74 10 486
74 11 1761
74 12 2026
74 13 1592
74 14 2537
74 15 1648
74 16 1614
74 17 527
74 18 929
74 19 1020
74 20 1588
74 21 1077
74 22 2897
74 23 2175
74 24 789
74 25 1652
74 26 661
74 27 1072
74 28 1822
74 29 890
74 30 2234
74 31 1315
74 32 1174
74 33 3086
74 34 1855
74 35 624
74 36 3038
74 37 1807
74 38 576
74 39 2990
74 40 1759
74 41 528
74 42 2942
74 43 1711
74 44 480
74 45 2894
74 46 1663
74 47 432
74 48 2846
74 49 1615
74 50 384
74 51 2798
74 52 1567
74 53 336
74 54 2750
74 55 1519
74 56 288
74 57 2702
74 58 1471
74 59 240
74 60 2654
74 61 1423
74 62 192
74 63 2606
74 64 1375
74 65 144
74 66 2558
74 67 1327
74 68 96
74 69 2510
74 70 1279
74 71 48
74 72 2462
74 73 1231
74 74 0
74 75 2510
74 76 1279
74 77 48
74 78 2558
74 79 1327
74 80 96
74 81 2606
74 82 1375
74 83 144
74 84 2654
74 85 1423
74 86 192
74 87 3206
75 0 792
75 1 698
75 2 3019
75 3 1940
75 4 1419
75 5 1025
75 6 1588
75 7 508
75 8 674
75 9 1419
75 10 2792
75 11 1709
75 12 1636
75 13 1974
75 14 1029
75 15 1822
75 16 2048
75 17 1983
75 18 2637
75 19 2546
75 20 2074
75 21 2681
75 22 765
75 23 623
75 24 2393
75 25 1626
75 26 3097
75 27 2494
75 28 1744
75 29 2676
75 30 1428
75 31 2347
75 32 1816
75 33 672
75 34 1903
75 35 3134
75 36 624
75 37 1855
75 38 3086
75 39 576
75 40 1807
75 41 3038
75 42 528
75 43 1759
75 44 2990
75 45 480
75 46 1711
75 47 2942
75 48 432
75 49 1663
75 50 2894
75 51 384
75 52 1615
75 53 2846
75 54 336
75 55 1567
75 56 2798
75 57 288
75 58 1519
75 59 2750
75 60 240
75 61 1471
75 62 2702
75 63 192
75 64 1423
75 65 2654
75 66 144
75 67 1375
75 68 2606
75 69 96
75 70 1327
75 71 2558
75 72 48
75 73 1279
75 74 2510
75 75 0
75 76 1231
75 77 2462
75 78 48
75 79 1279
75 80 2510
75 81 96
75 82 1327
75 83 2558
75 84 144
75 85 1375
75 86 2606
75 87 792
76 0 2023
76 1 1205
76 2 1788
76 3 709
76 4 964
76 5 1454
76 6 795
76 7 1587
76 8 1805
76 9 964
76 10 1561
76 11 578
76 12 843
76 13 743
76 14 1354
76 15 591
76 16 817
76 17 752
76 18 1406
76 19 1315
76 20 843
76 21 1450
76 22 1714
76 23 896
76 24 1162
76 25 469
76 26 1866
76 27 1263
76 28 639
76 29 1445
76 30 1051
76 31 1116
76 32 585
76 33 1903
76 34 672
76 35 1903
76 36 1855
76 37 624
76 38 1855
76 39 1807
76 40 576
76 41 1807
76 42 1759
76 43 528
76 44 1759
76 45 1711
76 46 480
76 47 1711
76 48 1663
76 49 432
76 50 1663
76 51 1615
76 52 384
76 53 1615
76 54 1567
76 55 336
76 56 1567
76 57 1519
76 58 288
76 59 1519
76 60 1471
76 61 240
76 62 1471
76 63 1423
76 64 192
76 65 1423
76 66 1375
76 67 144
76 68 1375
76 69 1327
76 70 96
76 71 1327
76 72 1279
76 73 48
76 74 1279
76 75 1231
76 76 0
76 77 1231
76 78 1279
76 79 48
76 80 1279
76 81 1327
76 82 96
76 83 1327
76 84 1375
76 85 144
76 86 1375
76 87 2023
77 0 3254
77 1 2436
77 2 787
77 3 1866
77 4 2195
77 5 2685
77 6 2026
77 7 2818
77 8 3036
77 9 2195
77 10 534
77 11 1809
77 12 2074
77 13 1640
77 14 2585
77 15 1696
77 16 1662
77 17 479
77 18 977
77 19 1068
77 20 1636
77 21 1125
77 22 2945
77 23 2127
77 24 837
77 25 1700
77 26 709
77 27 1120
77 28 1870
77 29 938
77 30 2282
77 31 1363
77 32 1222
77 33 3134
77 34 1903
77 35 672
77 36 3086
77 37 1855
77 38 624
77 39 3038
77 40 1807
77 41 576
77 42 2990
77 43 1759
77 44 528
77 45 2942
77 46 1711
77 47 480
77 48 2894
77 49 1663
77 50 432
77 51 2846
77 52 1615
77 53 384
77 54 2798
77 55 1567
77 56 336
77 57 2750
77 58 1519
77 59 288
77 60 2702
77 61 1471
77 62 240
77 63 2654
77 64 1423
77 65 192
77 66 2606
77 67 1375
77 68 144
77 69 2558
77 70 1327
77 71 96
77 72 2510
77 73 1279
77 74 48
77 75 2462
77 76 1231
77 77 0
77 78 2510
77 79 1279
77 80 48
77 81 2558
77 82 1327
77 83 96
77 84 2606
77 85 1375
77 86 144
77 87 3254
78 0 840
78 1 746
78 2 3067
78 3 1988
78 4 1467
78 5 1073
78 6 1636
78 7 556
78 8 722
78 9 1467
78 10 2840
78 11 1757
78 12 1684
78 13 2022
78 14 1077
78 15 1870
78 16 2096
78 17 2031
78 18 2685
78 19 2594
78 20 2122
78 21 2729
78 22 813
78 23 575
78 24 2441
78 25 1674
78 26 3145
78 27 2542
78 28 1792
78 29 2724
78 30 1476
78 31 2395
78 32 1864
78 33 720
78 34 1951
78 35 3182
78 36 672
78 37 1903
78 38 3134
78 39 624
78 40 1855
78 41 3086
78 42 576
78 43 1807
78 44 3038
78 45 528
78 46 1759
78 47 2990
78 48 480
78 49 1711
78 50 2942
78 51 432
78 52 1663
78 53 2894
78 54 384
78 55 1615
78 56 2846
78 57 336
78 58 1567
78 59 2798
78 60 288
78 61 1519
78 62 2750
78 63 240
78 64 1471
78 65 2702
78 66 192
78 67 1423
78 68 2654
78 69 144
78 70 1375
78 71 2606
78 72 96
78 73 1327
78 74 2558
78 75 48
78 76 1279
78 77 2510
78 78 0
78 79 1231
78 80 2462
78 81 48
78 82 1279
78 83 2510
78 84 96
78 85 1327
78 86 2558
78 87 840
79 0 2071
79 1 1253
79 2 1836
79 3 757
79 4 1012
79 5 1502
79 6 843
79 7 1635
79 8 1853
79 9 1012
79 10 1609
79 11 626
79 12 891
79 13 791
79 14 1402
79 15 639
79 16 865
79 17 800
79 18 1454
79 19 1363
79 20 891
79 21 1498
79 22 1762
79 23 848
79 24 1210
79 25 517
79 26 1914
79 27 1311
79 28 687
79 29 1493
79 30 1099
79 31 1164
79 32 633
79 33 1951
79 34 720
79 35 1951
79 36 1903
79 37 672
79 38 1903
79 39 1855
79 40 624
79 41 1855
79 42 1807
79 43 576
79 44 1807
79 45 1759
79 46 528
79 47 1759
79 48 1711
79 49 480
79 50 1711
79 51 1663
79 52 432
79 53 1663
79 54 1615
79 55 384
79 56 1615
79 57 1567
79 58 336
79 59 1567
79 60 1519
79 61 288
79 62 1519
79 63 1471
79 64 240
79 65 1471
79 66 1423
79 67 192
79 68 1423
79 69 1375
79 70 144
79 71 1375
79 72 1327
79 73 96
79 74 1327
79 75 1279
79 76 48
79 77 1279
79 78 1231
79 79 0
79 80 1231
79 81 1279
79 82 48
79 83 1279
79 84 1327
79 85 96
79 86 1327
79 87 2071
80 0 3302
80 1 2484
80 2 835
80 3 1914
80 4 2243
80 5 2733
80 6 2074
80 7 2866
80 8 3084
80 9 2243
80 10 582
80 11 1857
80 12 2122
80 13 1688
80 14 2633
80 15 1744
80 16 1710
80 17 527
80 18 1025
80 19 1116
80 20 1684
80 21 1173
80 22 2993
80 23 2079
80 24 885
80 25 1748
80 26 757
80 27 1168
80 28 1918
80 29 986
80 30 2330
80 31 1411
80 32 1270
80 33 3182
80 34 1951
80 35 720
80 36 3134
80 37 1903
80 38 672
80 39 3086
80 40 1855
80 41 624
80 42 3038
80 43 1807
80 44 576
80 45 2990
80 46 1759
80 47 528
80 48 2942
80 49 1711
80 50 480
80 51 2894
80 52 1663
80 53 432
80 54 2846
80 55 1615
80 56 384
80 57 2798
80 58 1567
80 59 336
80 60 2750
80 61 1519
80 62 288
80 63 2702
80 64 1471
80 65 240
80 66 2654
80 67 1423
80 68 192
80 69 2606
80 70 1375
80 71 144
80 72 2558
80 73 1327
80 74 96
80 75 2510
80 76 1279
80 77 48
80 78 2462
80 79 1231
80 80 0
80 81 2510
80 82 1279
80 83 48
80 84 2558
80 85 1327
80 86 96
80 87 3302
81 0 888
81 1 794
81 2 3115
81 3 2036
81 4 1515
81 5 1121
81 6 1684
81 7 604
81 8 770
81 9 1515
81 10 2888
81 11 1805
81 12 1732
81 13 2070
81 14 1125
81 15 1918
81 16 2144
81 17 2079
81 18 2733
81 19 2642
81 20 2170
81 21 2777
81 22 861
81 23 527
81 24 2489
81 25 1722
81 26 3193
81 27 2590
81 28 1840
81 29 2772
81 30 1524
81 31 2443
81 32 1912
81 33 768
81 34 1999
81 35 3230
81 36 720
81 37 1951
81 38 3182
81 39 672
81 40 1903
81 41 3134
81 42 624
81 43 1855
81 44 3086
81 45 576
81 46 1807
81 47 3038
81 48 528
81 49 1759
81 50 2990
81 51 480
81 52 1711
81 53 2942
81 54 432
81 55 1663
81 56 2894
81 57 384
81 58 1615
81 59 2846
81 60 336
81 61 1567
81 62 2798
81 63 288
81 64 1519
81 65 2750
81 66 240
81 67 1471
81 68 2702
81 69 192
81 70 1423
81 71 2654
81 72 144
81 73 1375
81 74 2606
81 75 96
81 76 1327
81 77 2558
81 78 48
81 79 1279
81 80 2510
81 81 0
81 82 1231
81 83 2462
81 84 48
81 85 1279
81 86 2510
81 87 888
82 0 2119
82 1 1301
82 2 1884
82 3 805
82 4 1060
82 5 1550
82 6 891
82 7 1683
82 8 1901
82 9 1060
82 10 1657
82 11 674
82 12 939
82 13 839
82 14 1450
82 15 687
82 16 913
82 17 848
82 18 1502
82 19 1411
82 20 939
82 21 1546
82 22 1810
82 23 800
82 24 1258
82 25 565
82 26 1962
82 27 1359
82 28 735
82 29 1541
82 30 1147
82 31 1212
82 32 681
82 33 1999
82 34 768
82 35 1999
82 36 1951
82 37 720
82 38 1951
82 39 1903
82 40 672
82 41 1903
82 42 1855
82 43 624
82 44 1855
82 45 1807
82 46 576
82 47 1807
82 48 1759
82 49 528
82 50 1759
82 51 1711
82 52 480
82 53 1711
82 54 1663
82 55 432
82 56 1663
82 57 1615
82 58 384
82 59 1615
82 60 1567
82 61 336
82 62 1567
82 63 1519
82 64 288
82 65 1519
82 66 1471
82 67 240
82 68 1471
82 69 1423
82 70 192
82 71 1423
82 72 1375
82 73 144
82 74 1375
82 75 1327
82 76 96
82 77 1327
82 78 1279
82 79 48
82 80 1279
82 81 1231
82 82 0
82 83 1231
82 84 1279
82 85 48
82 86 1279
82 87 2119
83 0 3350
83 1 2532
83 2 883
83 3 1962
83 4 2291
83 5 2781
83 6 2122
83 7 2914
83 8 3132
83 9 2291
83 10 630
83 11 1905
83 12 2170
83 13 1736
83 14 2681
83 15 1792
83 16 1758
83 17 575
83 18 1073
83 19 1164
83 20 1732
83 21 1221
83 22 3041
83 23 2031
83 24 933
83 25 1796
83 26 805
83 27 1216
83 28 1966
83 29 1034
83 30 2378
83 31 1459
83 32 1318
83 33 3230
83 34 1999
83 35 768
83 36 3182
83 37 1951
83 38 720
83 39 3134
83 40 1903
83 41 672
83 42 3086
83 43 1855
83 44 624
83 45 3038
83 46 1807
83 47 576
83 48 2990
83 49 1759
83 50 528
83 51 2942
83 52 1711
83 53 480
83 54 2894
83 55 1663
83 56 432
83 57 2846
83 58 1615
83 59 384
83 60 2798
83 61 1567
83 62 336
83 63 2750
83 64 1519
83 65 288
83 66 2702
83 67 1471
83 68 240
83 69 2654
83 70 1423
83 71 192
83 72 2606
83 73 1375
83 74 144
83 75 2558
83 76 1327
83 77 96
83 78 2510
83 79 1279
83 80 48
83 81 2462
83 82 1231
83 83 0
83 84 2510
83 85 1279
83 86 48
83 87 3350
84 0 936
84 1 842
84 2 3163
84 3 2084
84 4 1563
84 5 1169
84 6 1732
84 7 652
84 8 818
84 9 1563
84 10 2936
84 11 1853
84 12 1780
84 13 2118
84 14 1173
84 15 1966
84 16 2192
84 17 2127
84 18 2781
84 19 2690
84 20 2218
84 21 2825
84 22 909
84 23 479
84 24 2537
84 25 1770
84 26 3241
84 27 2638
84 28 1888
84 29 2820
84 30 1572
84 31 2491
84 32 1960
84 33 816
84 34 2047
84 35 3278
84 36 768
84 37 1999
84 38 3230
84 39 720
84 40 1951
84 41 3182
84 42 672
84 43 1903
84 44 3134
84 45 624
84 46 1855
84 47 3086
84 48 576
84 49 1807
84 50 3038
84 51 528
84 52 1759
84 53 2990
84 54 480
84 55 1711
84 56 2942
84 57 432
84 58 1663
84 59 2894
84 60 384
84 61 1615
84 62 2846
84 63 336
84 64 1567
84 65 2798
84 66 288
84 67 1519
84 68 2750
84 69 240
84 70 1471
84 71 2702
84 72 192
84 73 1423
84 74 2654
84 75 144
84 76 1375
84 77 2606
84 78 96
84 79 1327
84 80 2558
84 81 48
84 82 1279
84 83 2510
84 84 0
84 85 1231
84 86 2462
84 87 936
85 0 2167
85 1 1349
85 2 1932
85 3 853
85 4 1108
85 5 1598
85 6 939
85 7 1731
85 8 1949
85 9 1108
85 10 1705
85 11 722
85 12 987
85 13 887
85 14 1498
85 15 735
85 16 961
85 17 896
85 18 1550
85 19 1459
85 20 987
85 21 1594
85 22 1858
85 23 752
85 24 1306
85 25 613
85 26 2010
85 27 1407
85 28 783
85 29 1589
85 30 1195
85 31 1260
85 32 729
85 33 2047
85 34 816
85 35 2047
85 36 1999
85 37 768
85 38 1999
85 39 1951
85 40 720
85 41 1951
85 42 1903
85 43 672
85 44 1903
85 45 1855
85 46 624
85 47 1855
85 48 1807
85 49 576
85 50 1807
85 51 1759
85 52 528
85 53 1759
85 54 1711
85 55 480
85 56 1711
85 57 1663
85 58 432
85 59 1663
85 60 1615
85 61 384
85 62 1615
85 63 1567
85 64 336
85 65 1567
85 66 1519
85 67 288
85 68 1519
85 69 1471
85 70 240
85 71 1471
85 72 1423
85 73 192
85 74 1423
85 75 1375
85 76 144
85 77 1375
85 78 1327
85 79 96
85 80 1327
85 81 1279
85 82 48
85 83 1279
85 84 1231
85 85 0
85 86 1231
85 87 2167
86 0 3398
86 1 2580
86 2 931
86 3 2010
86 4 2339
86 5 2829
86 6 2170
86 7 2962
86 8 3180
86 9 2339
86 10 678
86 11 1953
86 12 2218
86 13 1784
86 14 2729
86 15 1840
86 16 1806
86 17 623
86 18 1121
86 19 1212
86 20 1780
86 21 1269
86 22 3089
86 23 1983
86 24 981
86 25 1844
86 26 853
86 27 1264
86 28 2014
86 29 1082
86 30 2426
86 31 1507
86 32 1366
86 33 3278
86 34 2047
86 35 816
86 36 3230
86 37 1999
86 38 768
86 39 3182
86 40 1951
86 41 720
86 42 3134
86 43 1903
86 44 672
86 45 3086
86 46 1855
86 47 624
86 48 3038
86 49 1807
86 50 576
86 51 2990
86 52 1759
86 53 528
86 54 2942
86 55 1711
86 56 480
86 57 2894
86 58 1663
86 59 432
86 60 2846
86 61 1615
86 62 384
86 63 2798
86 64 1567
86 65 336
86 66 2750
86 67 1519
86 68 288
86 69 2702
86 70 1471
86 71 240
86 72 2654
86 73 1423
86 74 192
86 75 2606
86 76 1375
86 77 144
86 78 2558
86 79 1327
86 80 96
86 81 2510
86 82 1279
86 83 48
86 84 2462
86 85 1231
86 86 0
86 87 3398
87 0 0
87 1 818
87 2 2467
87 3 1388
87 4 1059
87 5 569
87 6 1228
87 7 436
87 8 218
87 9 1059
87 10 2720
87 11 1445
87 12 1180
87 13 1614
87 14 669
87 15 1558
87 16 1592
87 17 2775
87 18 2277
87 19 2186
87 20 1618
87 21 2129
87 22 309
87 23 1415
87 24 2417
87 25 1554
87 26 2545
87 27 2134
87 28 1384
87 29 2316
87 30 972
87 31 1891
87 32 2032
87 33 120
87 34 1351
87 35 2582
87 36 168
87 37 1399
87 38 2630
87 39 216
87 40 1447
87 41 2678
87 42 264
87 43 1495
87 44 2726
87 45 312
87 46 1543
87 47 2774
87 48 360
87 49 1591
87 50 2822
87 51 408
87 52 1639
87 53 2870
87 54 456
87 55 1687
87 56 2918
87 57 504
87 58 1735
87 59 2966
87 60 552
87 61 1783
87 62 3014
87 63 600
87 64 1831
87 65 3062
87 66 648
87 67 1879
87 68 3110
87 69 696
87 70 1927
87 71 3158
87 72 744
87 73 1975
87 74 3206
87 75 792
87 76 2023
87 77 3254
87 78 840
87 79 2071
87 80 3302
87 81 888
87 82 2119
87 83 3350
87 84 936
87 85 2167
87 86 3398
87 87 0
//Location coordinates LocationName
//Loc x y
0 0.0 0.0 "depot"
1 336.0 482.0 "product aisle 7 bloc 0 rank 51"
2 0.0 2467.0 "product aisle 0 bloc 1 rank 168"
3 0.0 1388.0 "product aisle 0 bloc 1 rank 1"
4 96.0 963.0 "product aisle 2 bloc 0 rank 126"
5 48.0 521.0 "product aisle 1 bloc 0 rank 58"
6 96.0 1132.0 "product aisle 2 bloc 0 rank 152"
7 240.0 196.0 "product aisle 5 bloc 0 rank 7"
8 48.0 170.0 "product aisle 1 bloc 0 rank 4"
9 96.0 963.0 "product aisle 2 bloc 0 rank 125"
10 240.0 2480.0 "product aisle 5 bloc 1 rank 169"
11 144.0 1301.0 "product aisle 3 bloc 0 rank 177"
12 48.0 1132.0 "product aisle 1 bloc 0 rank 152"
13 96.0 1518.0 "product aisle 2 bloc 1 rank 21"
14 96.0 573.0 "product aisle 2 bloc 0 rank 65"
15 144.0 1414.0 "product aisle 3 bloc 1 rank 6"
16 48.0 1544.0 "product aisle 1 bloc 1 rank 26"
17 672.0 2103.0 "product aisle 14 bloc 1 rank 111"
18 96.0 2181.0 "product aisle 2 bloc 1 rank 123"
19 96.0 2090.0 "product aisle 2 bloc 1 rank 110"
20 48.0 1570.0 "product aisle 1 bloc 1 rank 29"
21 0.0 2129.0 "product aisle 0 bloc 1 rank 115"
22 48.0 261.0 "product aisle 1 bloc 0 rank 17"
23 816.0 599.0 "product aisle 17 bloc 0 rank 69"
24 288.0 2129.0 "product aisle 6 bloc 1 rank 115"
25 240.0 1314.0 "product aisle 5 bloc 0 rank 180"
26 0.0 2545.0 "product aisle 0 bloc 1 rank 180"
27 96.0 2038.0 "product aisle 2 bloc 1 rank 102"
28 96.0 1288.0 "product aisle 2 bloc 0 rank 176"
29 96.0 2220.0 "product aisle 2 bloc 1 rank 130"
30 48.0 924.0 "product aisle 1 bloc 0 rank 119"
31 48.0 1843.0 "product aisle 1 bloc 1 rank 71"
32 384.0 1648.0 "product aisle 8 bloc 1 rank 41"
33 24.0 120.0 "intersection aisle 0 bloc 0 rank 0"
34 24.0 1351.0 "intersection aisle 0 bloc 1 rank 1"
35 24.0 2582.0 "intersection aisle 0 bloc 2 rank 2"
36 72.0 120.0 "intersection aisle 1 bloc 0 rank 0"
37 72.0 1351.0 "intersection aisle 1 bloc 1 rank 1"
38 72.0 2582.0 "intersection aisle 1 bloc 2 rank 2"
39 120.0 120.0 "intersection aisle 2 bloc 0 rank 0"
40 120.0 1351.0 "intersection aisle 2 bloc 1 rank 1"
41 120.0 2582.0 "intersection aisle 2 bloc 2 rank 2"
42 168.0 120.0 "intersection aisle 3 bloc 0 rank 0"
43 168.0 1351.0 "intersection aisle 3 bloc 1 rank 1"
44 168.0 2582.0 "intersection aisle 3 bloc 2 rank 2"
45 216.0 120.0 "intersection aisle 4 bloc 0 rank 0"
46 216.0 1351.0 "intersection aisle 4 bloc 1 rank 1"
47 216.0 2582.0 "intersection aisle 4 bloc 2 rank 2"
48 264.0 120.0 "intersection aisle 5 bloc 0 rank 0"
49 264.0 1351.0 "intersection aisle 5 bloc 1 rank 1"
50 264.0 2582.0 "intersection aisle 5 bloc 2 rank 2"
51 312.0 120.0 "intersection aisle 6 bloc 0 rank 0"
52 312.0 1351.0 "intersection aisle 6 bloc 1 rank 1"
53 312.0 2582.0 "intersection aisle 6 bloc 2 rank 2"
54 360.0 120.0 "intersection aisle 7 bloc 0 rank 0"
55 360.0 1351.0 "intersection aisle 7 bloc 1 rank 1"
56 360.0 2582.0 "intersection aisle 7 bloc 2 rank 2"
57 408.0 120.0 "intersection aisle 8 bloc 0 rank 0"
58 408.0 1351.0 "intersection aisle 8 bloc 1 rank 1"
59 408.0 2582.0 "intersection aisle 8 bloc 2 rank 2"
60 456.0 120.0 "intersection aisle 9 bloc 0 rank 0"
61 456.0 1351.0 "intersection aisle 9 bloc 1 rank 1"
62 456.0 2582.0 "intersection aisle 9 bloc 2 rank 2"
63 504.0 120.0 "intersection aisle 10 bloc 0 rank 0"
64 504.0 1351.0 "intersection aisle 10 bloc 1 rank 1"
65 504.0 2582.0 "intersection aisle 10 bloc 2 rank 2"
66 552.0 120.0 "intersection aisle 11 bloc 0 rank 0"
67 552.0 1351.0 "intersection aisle 11 bloc 1 rank 1"
68 552.0 2582.0 "intersection aisle 11 bloc 2 rank 2"
69 600.0 120.0 "intersection aisle 12 bloc 0 rank 0"
70 600.0 1351.0 "intersection aisle 12 bloc 1 rank 1"
71 600.0 2582.0 "intersection aisle 12 bloc 2 rank 2"
72 648.0 120.0 "intersection aisle 13 bloc 0 rank 0"
73 648.0 1351.0 "intersection aisle 13 bloc 1 rank 1"
74 648.0 2582.0 "intersection aisle 13 bloc 2 rank 2"
75 696.0 120.0 "intersection aisle 14 bloc 0 rank 0"
76 696.0 1351.0 "intersection aisle 14 bloc 1 rank 1"
77 696.0 2582.0 "intersection aisle 14 bloc 2 rank 2"
78 744.0 120.0 "intersection aisle 15 bloc 0 rank 0"
79 744.0 1351.0 "intersection aisle 15 bloc 1 rank 1"
80 744.0 2582.0 "intersection aisle 15 bloc 2 rank 2"
81 792.0 120.0 "intersection aisle 16 bloc 0 rank 0"
82 792.0 1351.0 "intersection aisle 16 bloc 1 rank 1"
83 792.0 2582.0 "intersection aisle 16 bloc 2 rank 2"
84 840.0 120.0 "intersection aisle 17 bloc 0 rank 0"
85 840.0 1351.0 "intersection aisle 17 bloc 1 rank 1"
86 840.0 2582.0 "intersection aisle 17 bloc 2 rank 2"
87 0.0 0.0 "depot"
