//alpha
1
//NbLocations
92
//NbProducts
37
//NbPickers
2
//CapaPicker
12
//TimeToTravelOneDistanceUnit
3
//SetupTime
5400
//PickTime
300
//Products
//Idx Location Size
1 1 1
2 2 1
3 3 1
4 4 1
5 5 1
6 6 1
7 7 1
8 8 1
9 9 1
10 10 1
11 11 1
12 12 1
13 13 1
14 14 1
15 15 1
16 16 1
17 17 1
18 18 1
19 19 1
20 20 1
21 21 1
22 22 1
23 23 1
24 24 1
25 25 1
26 26 1
27 27 1
28 28 1
29 29 1
30 30 1
31 31 1
32 32 1
33 33 1
34 34 1
35 35 1
36 36 1
37 37 1
//Orders
//NbOrders
18
//Idx DueDate TardinessPenalty NbProdInOrder ProdIdx1 Qty1 ProdIdx2 Qty2 ...
1 54000 0 1 1 1
2 54000 0 3 2 1 3 1 4 1
3 72000 0 2 5 1 6 1
4 54000 0 1 7 1
5 72000 0 2 8 1 9 1
6 90000 0 2 10 1 11 1
7 54000 0 4 12 1 13 1 14 1 15 1
8 54000 0 1 16 1
9 72000 0 1 17 1
10 54000 0 2 18 1 19 1
11 90000 0 3 20 1 21 1 22 1
12 72000 0 1 23 1
13 54000 0 1 24 1
14 144000 0 3 25 1 26 1 27 1
15 126000 0 2 28 1 29 1
16 108000 0 3 30 1 31 1 32 1
17 90000 0 2 33 1 34 1
18 72000 0 3 35 1 36 1 37 1
//Graph (Products are vertices indexed from 1 to NbProducts)
//NbVerticesIntersections
54
//DepartingDepot
0
//ArrivalDepot
92
//Arcs
//Start End Distance
0 38 120
1 5 195
1 29 195
2 17 78
2 45 180
3 4 52
3 11 156
4 3 52
4 43 583
5 1 195
5 23 91
6 18 260
6 45 128
7 83 609
7 84 622
8 9 117
8 63 648
9 8 117
9 32 221
10 81 882
10 82 349
11 3 156
11 42 440
12 32 104
12 62 141
13 51 934
13 52 297
14 36 26
14 55 596
15 53 115
15 54 1116
16 17 52
16 22 533
17 2 78
17 16 52
18 6 260
18 27 468
19 31 403
19 61 37
20 35 117
20 42 596
21 24 26
21 39 167
22 16 533
22 46 388
23 5 91
23 40 674
24 21 26
24 38 1038
25 36 156
25 54 453
26 59 791
26 60 440
27 18 468
27 44 375
28 48 310
28 49 921
29 1 195
29 39 76
30 47 1168
30 48 63
31 19 403
31 60 791
32 9 221
32 12 104
33 84 1012
33 85 219
34 86 50
34 87 1181
35 20 117
35 41 518
36 14 26
36 25 156
37 72 1025
37 73 206
38 24 1038
38 41 48
38 92 120
39 21 167
39 29 76
39 42 48
40 23 674
40 43 48
41 35 518
41 38 48
41 44 48
42 11 440
42 20 596
42 39 48
42 45 48
43 4 583
43 40 48
43 46 48
44 27 375
44 41 48
44 47 48
45 2 180
45 6 128
45 42 48
45 48 48
46 22 388
46 43 48
46 49 48
47 30 1168
47 44 48
47 50 48
48 28 310
48 30 63
48 45 48
48 51 48
49 28 921
49 46 48
49 52 48
50 47 48
50 51 1231
50 53 48
51 13 934
51 48 48
51 50 1231
51 54 48
52 13 297
52 49 48
52 55 48
53 15 115
53 50 48
53 56 48
54 15 1116
54 25 453
54 51 48
54 57 48
55 14 596
55 52 48
55 58 48
56 53 48
56 57 1231
56 59 48
57 54 48
57 56 1231
57 58 1231
57 60 48
58 55 48
58 57 1231
58 61 48
59 26 791
59 56 48
59 62 48
60 26 440
60 31 791
60 57 48
60 63 48
61 19 37
61 58 48
61 64 48
62 12 141
62 59 48
62 65 48
63 8 648
63 60 48
63 64 1231
63 66 48
64 61 48
64 63 1231
64 67 48
65 62 48
65 66 1231
65 68 48
66 63 48
66 65 1231
66 67 1231
66 69 48
67 64 48
67 66 1231
67 70 48
68 65 48
68 69 1231
68 71 48
69 66 48
69 68 1231
69 70 1231
69 72 48
70 67 48
70 69 1231
70 73 48
71 68 48
71 72 1231
71 74 48
72 37 1025
72 69 48
72 71 1231
72 75 48
73 37 206
73 70 48
73 76 48
74 71 48
74 75 1231
74 77 48
75 72 48
75 74 1231
75 76 1231
75 78 48
76 73 48
76 75 1231
76 79 48
77 74 48
77 78 1231
77 80 48
78 75 48
78 77 1231
78 79 1231
78 81 48
79 76 48
79 78 1231
79 82 48
80 77 48
80 81 1231
80 83 48
81 10 882
81 78 48
81 80 1231
81 84 48
82 10 349
82 79 48
82 85 48
83 7 609
83 80 48
83 86 48
84 7 622
84 33 1012
84 81 48
84 87 48
85 33 219
85 82 48
85 88 48
86 34 50
86 83 48
86 89 48
87 34 1181
87 84 48
87 88 1231
87 90 48
88 85 48
88 87 1231
88 91 48
89 86 48
89 90 1231
90 87 48
90 89 1231
90 91 1231
91 88 48
91 90 1231
//LocStart LocEnd ShortestPath
0 0 0
0 1 1622
0 2 1627
0 3 1995
0 4 2047
0 5 1817
0 6 1319
0 7 1449
0 8 1087
0 9 970
0 10 2905
0 11 1839
0 12 645
0 13 2477
0 14 2226
0 15 475
0 16 1757
0 17 1705
0 18 1059
0 19 2881
0 20 803
0 21 1184
0 22 2290
0 23 1908
0 24 1158
0 25 2044
0 26 1247
0 27 591
0 28 1805
0 29 1427
0 30 1432
0 31 2478
0 32 749
0 33 3083
0 34 938
0 35 686
0 36 2200
0 37 2904
0 38 120
0 39 1351
0 40 2582
0 41 168
0 42 1399
0 43 2630
0 44 216
0 45 1447
0 46 2678
0 47 264
0 48 1495
0 49 2726
0 50 312
0 51 1543
0 52 2774
0 53 360
0 54 1591
0 55 2822
0 56 408
0 57 1639
0 58 2870
0 59 456
0 60 1687
0 61 2918
0 62 504
0 63 1735
0 64 2966
0 65 552
0 66 1783
0 67 3014
0 68 600
0 69 1831
0 70 3062
0 71 648
0 72 1879
0 73 3110
0 74 696
0 75 1927
0 76 3158
0 77 744
0 78 1975
0 79 3206
0 80 792
0 81 2023
0 82 3254
0 83 840
0 84 2071
0 85 3302
0 86 888
0 87 2119
0 88 3350
0 89 936
0 90 2167
0 91 3398
0 92 0
1 0 1622
1 1 0
1 2 547
1 3 915
1 4 967
1 5 195
1 6 495
1 7 1613
1 8 1303
1 9 1420
1 10 1825
1 11 759
1 12 1745
1 13 1397
1 14 1146
1 15 1627
1 16 677
1 17 625
1 18 755
1 19 1333
1 20 915
1 21 438
1 22 1210
1 23 286
1 24 464
1 25 964
1 26 1047
1 27 1223
1 28 725
1 29 195
1 30 478
1 31 1398
1 32 1641
1 33 1899
1 34 2220
1 35 1032
1 36 1120
1 37 1694
1 38 1502
1 39 271
1 40 960
1 41 1550
1 42 319
1 43 1008
1 44 1598
1 45 367
1 46 1056
1 47 1646
1 48 415
1 49 1104
1 50 1694
1 51 463
1 52 1152
1 53 1742
1 54 511
1 55 1200
1 56 1790
1 57 559
1 58 1248
1 59 1838
1 60 607
1 61 1296
1 62 1886
1 63 655
1 64 1344
1 65 1934
1 66 703
1 67 1392
1 68 1982
1 69 751
1 70 1440
1 71 2030
1 72 799
1 73 1488
1 74 2078
1 75 847
1 76 1536
1 77 2126
1 78 895
1 79 1584
1 80 2174
1 81 943
1 82 1632
1 83 2222
1 84 991
1 85 1680
1 86 2270
1 87 1039
1 88 1728
1 89 2318
1 90 1087
1 91 1776
1 92 1622
2 0 1627
2 1 547
2 2 0
2 3 824
2 4 876
2 5 742
2 6 308
2 7 1426
2 8 1116
2 9 1233
2 10 1638
2 11 668
2 12 1558
2 13 1210
2 14 959
2 15 1440
2 16 130
2 17 78
2 18 568
2 19 1328
2 20 824
2 21 443
2 22 663
2 23 833
2 24 469
2 25 777
2 26 860
2 27 1036
2 28 538
2 29 352
2 30 291
2 31 1211
2 32 1454
2 33 1816
2 34 2033
2 35 941
2 36 933
2 37 1637
2 38 1507
2 39 276
2 40 1147
2 41 1459
2 42 228
2 43 1099
2 44 1411
2 45 180
2 46 1051
2 47 1459
2 48 228
2 49 1099
2 50 1507
2 51 276
2 52 1147
2 53 1555
2 54 324
2 55 1195
2 56 1603
2 57 372
2 58 1243
2 59 1651
2 60 420
2 61 1291
2 62 1699
2 63 468
2 64 1339
2 65 1747
2 66 516
2 67 1387
2 68 1795
2 69 564
2 70 1435
2 71 1843
2 72 612
2 73 1483
2 74 1891
2 75 660
2 76 1531
2 77 1939
2 78 708
2 79 1579
2 80 1987
2 81 756
2 82 1627
2 83 2035
2 84 804
2 85 1675
2 86 2083
2 87 852
2 88 1723
2 89 2131
2 90 900
2 91 1771
2 92 1627
3 0 1995
3 1 915
3 2 824
3 3 0
3 4 52
3 5 1110
3 6 772
3 7 1890
3 8 1580
3 9 1697
3 10 1608
3 11 156
3 12 2022
3 13 1076
3 14 1423
3 15 1904
3 16 954
3 17 902
3 18 1032
3 19 960
3 20 1192
3 21 811
3 22 1071
3 23 1201
3 24 837
3 25 1241
3 26 1324
3 27 1500
3 28 1002
3 29 720
3 30 755
3 31 1363
3 32 1918
3 33 1526
3 34 2497
3 35 1309
3 36 1397
3 37 1321
3 38 1875
3 39 644
3 40 683
3 41 1827
3 42 596
3 43 635
3 44 1875
3 45 644
3 46 683
3 47 1923
3 48 692
3 49 731
3 50 1971
3 51 740
3 52 779
3 53 2019
3 54 788
3 55 827
3 56 2067
3 57 836
3 58 875
3 59 2115
3 60 884
3 61 923
3 62 2163
3 63 932
3 64 971
3 65 2211
3 66 980
3 67 1019
3 68 2259
3 69 1028
3 70 1067
3 71 2307
3 72 1076
3 73 1115
3 74 2355
3 75 1124
3 76 1163
3 77 2403
3 78 1172
3 79 1211
3 80 2451
3 81 1220
3 82 1259
3 83 2499
3 84 1268
3 85 1307
3 86 2547
3 87 1316
3 88 1355
3 89 2595
3 90 1364
3 91 1403
3 92 1995
4 0 2047
4 1 967
4 2 876
4 3 52
4 4 0
4 5 1162
4 6 824
4 7 1942
4 8 1632
4 9 1749
4 10 1556
4 11 208
4 12 2074
4 13 1024
4 14 1371
4 15 1956
4 16 1006
4 17 954
4 18 1084
4 19 908
4 20 1244
4 21 863
4 22 1019
4 23 1253
4 24 889
4 25 1293
4 26 1376
4 27 1552
4 28 1054
4 29 772
4 30 807
4 31 1311
4 32 1970
4 33 1474
4 34 2549
4 35 1361
4 36 1397
4 37 1269
4 38 1927
4 39 696
4 40 631
4 41 1879
4 42 648
4 43 583
4 44 1927
4 45 696
4 46 631
4 47 1975
4 48 744
4 49 679
4 50 2023
4 51 792
4 52 727
4 53 2071
4 54 840
4 55 775
4 56 2119
4 57 888
4 58 823
4 59 2167
4 60 936
4 61 871
4 62 2215
4 63 984
4 64 919
4 65 2263
4 66 1032
4 67 967
4 68 2311
4 69 1080
4 70 1015
4 71 2359
4 72 1128
4 73 1063
4 74 2407
4 75 1176
4 76 1111
4 77 2455
4 78 1224
4 79 1159
4 80 2503
4 81 1272
4 82 1207
4 83 2551
4 84 1320
4 85 1255
4 86 2599
4 87 1368
4 88 1303
4 89 2647
4 90 1416
4 91 1351
4 92 2047
5 0 1817
5 1 195
5 2 742
5 3 1110
5 4 1162
5 5 0
5 6 690
5 7 1808
5 8 1498
5 9 1615
5 10 1786
5 11 954
5 12 1940
5 13 1254
5 14 1341
5 15 1822
5 16 872
5 17 820
5 18 950
5 19 1138
5 20 1110
5 21 633
5 22 1249
5 23 91
5 24 659
5 25 1159
5 26 1242
5 27 1418
5 28 920
5 29 390
5 30 673
5 31 1541
5 32 1836
5 33 1704
5 34 2415
5 35 1227
5 36 1315
5 37 1499
5 38 1697
5 39 466
5 40 765
5 41 1745
5 42 514
5 43 813
5 44 1793
5 45 562
5 46 861
5 47 1841
5 48 610
5 49 909
5 50 1889
5 51 658
5 52 957
5 53 1937
5 54 706
5 55 1005
5 56 1985
5 57 754
5 58 1053
5 59 2033
5 60 802
5 61 1101
5 62 2081
5 63 850
5 64 1149
5 65 2129
5 66 898
5 67 1197
5 68 2177
5 69 946
5 70 1245
5 71 2225
5 72 994
5 73 1293
5 74 2273
5 75 1042
5 76 1341
5 77 2321
5 78 1090
5 79 1389
5 80 2369
5 81 1138
5 82 1437
5 83 2417
5 84 1186
5 85 1485
5 86 2465
5 87 1234
5 88 1533
5 89 2513
5 90 1282
5 91 1581
5 92 1817
6 0 1319
6 1 495
6 2 308
6 3 772
6 4 824
6 5 690
6 6 0
6 7 1374
6 8 1064
6 9 1181
6 10 1586
6 11 616
6 12 1506
6 13 1158
6 14 907
6 15 1362
6 16 438
6 17 386
6 18 260
6 19 1562
6 20 772
6 21 391
6 22 971
6 23 781
6 24 417
6 25 725
6 26 808
6 27 728
6 28 486
6 29 300
6 30 239
6 31 1159
6 32 1402
6 33 1764
6 34 1825
6 35 889
6 36 881
6 37 1585
6 38 1199
6 39 224
6 40 1455
6 41 1151
6 42 176
6 43 1407
6 44 1103
6 45 128
6 46 1359
6 47 1151
6 48 176
6 49 1407
6 50 1199
6 51 224
6 52 1455
6 53 1247
6 54 272
6 55 1503
6 56 1295
6 57 320
6 58 1551
6 59 1343
6 60 368
6 61 1599
6 62 1391
6 63 416
6 64 1647
6 65 1439
6 66 464
6 67 1695
6 68 1487
6 69 512
6 70 1743
6 71 1535
6 72 560
6 73 1791
6 74 1583
6 75 608
6 76 1839
6 77 1631
6 78 656
6 79 1887
6 80 1679
6 81 704
6 82 1935
6 83 1727
6 84 752
6 85 1983
6 86 1775
6 87 800
6 88 2031
6 89 1823
6 90 848
6 91 2079
6 92 1319
7 0 1449
7 1 1613
7 2 1426
7 3 1890
7 4 1942
7 5 1808
7 6 1374
7 7 0
7 8 1528
7 9 1411
7 10 1552
7 11 1734
7 12 1086
7 13 2084
7 14 1737
7 15 1204
7 16 1556
7 17 1504
7 18 1634
7 19 2200
7 20 1890
7 21 1509
7 22 2089
7 23 1899
7 24 1535
7 25 1555
7 26 1446
7 27 1608
7 28 1508
7 29 1418
7 30 1261
7 31 1797
7 32 1190
7 33 1634
7 34 707
7 35 1799
7 36 1711
7 37 1839
7 38 1329
7 39 1342
7 40 2573
7 41 1281
7 42 1294
7 43 2525
7 44 1233
7 45 1246
7 46 2477
7 47 1185
7 48 1198
7 49 2429
7 50 1137
7 51 1150
7 52 2381
7 53 1089
7 54 1102
7 55 2333
7 56 1041
7 57 1054
7 58 2285
7 59 993
7 60 1006
7 61 2237
7 62 945
7 63 958
7 64 2189
7 65 897
7 66 910
7 67 2141
7 68 849
7 69 862
7 70 2093
7 71 801
7 72 814
7 73 2045
7 74 753
7 75 766
7 76 1997
7 77 705
7 78 718
7 79 1949
7 80 657
7 81 670
7 82 1901
7 83 609
7 84 622
7 85 1853
7 86 657
7 87 670
7 88 1901
7 89 705
7 90 718
7 91 1949
7 92 1449
8 0 1087
8 1 1303
8 2 1116
8 3 1580
8 4 1632
8 5 1498
8 6 1064
8 7 1528
8 8 0
8 9 117
8 10 1818
8 11 1424
8 12 442
8 13 1774
8 14 1427
8 15 842
8 16 1246
8 17 1194
8 18 1324
8 19 1890
8 20 1554
8 21 1199
8 22 1779
8 23 1589
8 24 1225
8 25 1245
8 26 1136
8 27 1246
8 28 1198
8 29 1108
8 30 951
8 31 1487
8 32 338
8 33 1996
8 34 1017
8 35 1437
8 36 1401
8 37 1817
8 38 967
8 39 1032
8 40 2263
8 41 919
8 42 984
8 43 2215
8 44 871
8 45 936
8 46 2167
8 47 823
8 48 888
8 49 2119
8 50 775
8 51 840
8 52 2071
8 53 727
8 54 792
8 55 2023
8 56 679
8 57 744
8 58 1975
8 59 631
8 60 696
8 61 1927
8 62 583
8 63 648
8 64 1879
8 65 631
8 66 696
8 67 1927
8 68 679
8 69 744
8 70 1975
8 71 727
8 72 792
8 73 2023
8 74 775
8 75 840
8 76 2071
8 77 823
8 78 888
8 79 2119
8 80 871
8 81 936
8 82 2167
8 83 919
8 84 984
8 85 2215
8 86 967
8 87 1032
8 88 2263
8 89 1015
8 90 1080
8 91 2311
8 92 1087
9 0 970
9 1 1420
9 2 1233
9 3 1697
9 4 1749
9 5 1615
9 6 1181
9 7 1411
9 8 117
9 9 0
9 10 1935
9 11 1541
9 12 325
9 13 1891
9 14 1544
9 15 725
9 16 1363
9 17 1311
9 18 1441
9 19 2007
9 20 1437
9 21 1316
9 22 1896
9 23 1706
9 24 1342
9 25 1362
9 26 1253
9 27 1129
9 28 1315
9 29 1225
9 30 1068
9 31 1604
9 32 221
9 33 2113
9 34 900
9 35 1320
9 36 1518
9 37 1934
9 38 850
9 39 1149
9 40 2380
9 41 802
9 42 1101
9 43 2332
9 44 754
9 45 1053
9 46 2284
9 47 706
9 48 1005
9 49 2236
9 50 658
9 51 957
9 52 2188
9 53 610
9 54 909
9 55 2140
9 56 562
9 57 861
9 58 2092
9 59 514
9 60 813
9 61 2044
9 62 466
9 63 765
9 64 1996
9 65 514
9 66 813
9 67 2044
9 68 562
9 69 861
9 70 2092
9 71 610
9 72 909
9 73 2140
9 74 658
9 75 957
9 76 2188
9 77 706
9 78 1005
9 79 2236
9 80 754
9 81 1053
9 82 2284
9 83 802
9 84 1101
9 85 2332
9 86 850
9 87 1149
9 88 2380
9 89 898
9 90 1197
9 91 2428
9 92 970
10 0 2905
10 1 1825
10 2 1638
10 3 1608
10 4 1556
10 5 1786
10 6 1586
10 7 1552
10 8 1818
10 9 1935
10 10 0
10 11 1764
10 12 2260
10 13 1126
10 14 1377
10 15 2430
10 16 1768
10 17 1716
10 18 1846
10 19 722
10 20 2102
10 21 1721
10 22 1313
10 23 1695
10 24 1747
10 25 1559
10 26 1658
10 27 2314
10 28 1720
10 29 1630
10 30 1473
10 31 1125
10 32 2156
10 33 616
10 34 2159
10 35 2219
10 36 1403
10 37 699
10 38 2785
10 39 1554
10 40 1021
10 41 2737
10 42 1506
10 43 973
10 44 2689
10 45 1458
10 46 925
10 47 2641
10 48 1410
10 49 877
10 50 2593
10 51 1362
10 52 829
10 53 2545
10 54 1314
10 55 781
10 56 2497
10 57 1266
10 58 733
10 59 2449
10 60 1218
10 61 685
10 62 2401
10 63 1170
10 64 637
10 65 2353
10 66 1122
10 67 589
10 68 2305
10 69 1074
10 70 541
10 71 2257
10 72 1026
10 73 493
10 74 2209
10 75 978
10 76 445
10 77 2161
10 78 930
10 79 397
10 80 2113
10 81 882
10 82 349
10 83 2161
10 84 930
10 85 397
10 86 2209
10 87 978
10 88 445
10 89 2257
10 90 1026
10 91 493
10 92 2905
11 0 1839
11 1 759
11 2 668
11 3 156
11 4 208
11 5 954
11 6 616
11 7 1734
11 8 1424
11 9 1541
11 10 1764
11 11 0
11 12 1866
11 13 1232
11 14 1267
11 15 1748
11 16 798
11 17 746
11 18 876
11 19 1116
11 20 1036
11 21 655
11 22 1227
11 23 1045
11 24 681
11 25 1085
11 26 1168
11 27 1344
11 28 846
11 29 564
11 30 599
11 31 1519
11 32 1762
11 33 1682
11 34 2341
11 35 1153
11 36 1241
11 37 1477
11 38 1719
11 39 488
11 40 839
11 41 1671
11 42 440
11 43 791
11 44 1719
11 45 488
11 46 839
11 47 1767
11 48 536
11 49 887
11 50 1815
11 51 584
11 52 935
11 53 1863
11 54 632
11 55 983
11 56 1911
11 57 680
11 58 1031
11 59 1959
11 60 728
11 61 1079
11 62 2007
11 63 776
11 64 1127
11 65 2055
11 66 824
11 67 1175
11 68 2103
11 69 872
11 70 1223
11 71 2151
11 72 920
11 73 1271
11 74 2199
11 75 968
11 76 1319
11 77 2247
11 78 1016
11 79 1367
11 80 2295
11 81 1064
11 82 1415
11 83 2343
11 84 1112
11 85 1463
11 86 2391
11 87 1160
11 88 1511
11 89 2439
11 90 1208
11 91 1559
11 92 1839
12 0 645
12 1 1745
12 2 1558
12 3 2022
12 4 2074
12 5 1940
12 6 1506
12 7 1086
12 8 442
12 9 325
12 10 2260
12 11 1866
12 12 0
12 13 2216
12 14 1869
12 15 400
12 16 1688
12 17 1636
12 18 1272
12 19 2332
12 20 1112
12 21 1589
12 22 2221
12 23 2031
12 24 1563
12 25 1687
12 26 980
12 27 804
12 28 1640
12 29 1550
12 30 1393
12 31 1929
12 32 104
12 33 2438
12 34 575
12 35 995
12 36 1843
12 37 2259
12 38 525
12 39 1474
12 40 2705
12 41 477
12 42 1426
12 43 2657
12 44 429
12 45 1378
12 46 2609
12 47 381
12 48 1330
12 49 2561
12 50 333
12 51 1282
12 52 2513
12 53 285
12 54 1234
12 55 2465
12 56 237
12 57 1186
12 58 2417
12 59 189
12 60 1138
12 61 2369
12 62 141
12 63 1090
12 64 2321
12 65 189
12 66 1138
12 67 2369
12 68 237
12 69 1186
12 70 2417
12 71 285
12 72 1234
12 73 2465
12 74 333
12 75 1282
12 76 2513
12 77 381
12 78 1330
12 79 2561
12 80 429
12 81 1378
12 82 2609
12 83 477
12 84 1426
12 85 2657
12 86 525
12 87 1474
12 88 2705
12 89 573
12 90 1522
12 91 2753
12 92 645
13 0 2477
13 1 1397
13 2 1210
13 3 1076
13 4 1024
13 5 1254
13 6 1158
13 7 2084
13 8 1774
13 9 1891
13 10 1126
13 11 1232
13 12 2216
13 13 0
13 14 941
13 15 2098
13 16 1314
13 17 1288
13 18 1418
13 19 478
13 20 1674
13 21 1293
13 22 781
13 23 1163
13 24 1319
13 25 1123
13 26 1518
13 27 1886
13 28 1266
13 29 1202
13 30 1045
13 31 881
13 32 2112
13 33 1044
13 34 2691
13 35 1791
13 36 967
13 37 839
13 38 2357
13 39 1126
13 40 489
13 41 2309
13 42 1078
13 43 441
13 44 2261
13 45 1030
13 46 393
13 47 2213
13 48 982
13 49 345
13 50 2165
13 51 934
13 52 297
13 53 2213
13 54 982
13 55 345
13 56 2261
13 57 1030
13 58 393
13 59 2309
13 60 1078
13 61 441
13 62 2357
13 63 1126
13 64 489
13 65 2405
13 66 1174
13 67 537
13 68 2453
13 69 1222
13 70 585
13 71 2501
13 72 1270
13 73 633
13 74 2549
13 75 1318
13 76 681
13 77 2597
13 78 1366
13 79 729
13 80 2645
13 81 1414
13 82 777
13 83 2693
13 84 1462
13 85 825
13 86 2741
13 87 1510
13 88 873
13 89 2789
13 90 1558
13 91 921
13 92 2477
14 0 2226
14 1 1146
14 2 959
14 3 1423
14 4 1371
14 5 1341
14 6 907
14 7 1737
14 8 1427
14 9 1544
14 10 1377
14 11 1267
14 12 1869
14 13 941
14 14 0
14 15 1751
14 16 1089
14 17 1037
14 18 1167
14 19 729
14 20 1423
14 21 1042
14 22 1128
14 23 1432
14 24 1068
14 25 182
14 26 1171
14 27 1635
14 28 1041
14 29 951
14 30 794
14 31 1132
14 32 1765
14 33 1295
14 34 2344
14 35 1540
14 36 26
14 37 1090
14 38 2106
14 39 875
14 40 836
14 41 2058
14 42 827
14 43 788
14 44 2010
14 45 779
14 46 740
14 47 1962
14 48 731
14 49 692
14 50 1914
14 51 683
14 52 644
14 53 1866
14 54 635
14 55 596
14 56 1914
14 57 683
14 58 644
14 59 1962
14 60 731
14 61 692
14 62 2010
14 63 779
14 64 740
14 65 2058
14 66 827
14 67 788
14 68 2106
14 69 875
14 70 836
14 71 2154
14 72 923
14 73 884
14 74 2202
14 75 971
14 76 932
14 77 2250
14 78 1019
14 79 980
14 80 2298
14 81 1067
14 82 1028
14 83 2346
14 84 1115
14 85 1076
14 86 2394
14 87 1163
14 88 1124
14 89 2442
14 90 1211
14 91 1172
14 92 2226
15 0 475
15 1 1627
15 2 1440
15 3 1904
15 4 1956
15 5 1822
15 6 1362
15 7 1204
15 8 842
15 9 725
15 10 2430
15 11 1748
15 12 400
15 13 2098
15 14 1751
15 15 0
15 16 1570
15 17 1518
15 18 1102
15 19 2406
15 20 942
15 21 1419
15 22 2103
15 23 1913
15 24 1393
15 25 1569
15 26 1002
15 27 634
15 28 1522
15 29 1432
15 30 1275
15 31 2003
15 32 504
15 33 2608
15 34 693
15 35 825
15 36 1725
15 37 2429
15 38 355
15 39 1356
15 40 2587
15 41 307
15 42 1308
15 43 2539
15 44 259
15 45 1260
15 46 2491
15 47 211
15 48 1212
15 49 2443
15 50 163
15 51 1164
15 52 2395
15 53 115
15 54 1116
15 55 2347
15 56 163
15 57 1164
15 58 2395
15 59 211
15 60 1212
15 61 2443
15 62 259
15 63 1260
15 64 2491
15 65 307
15 66 1308
15 67 2539
15 68 355
15 69 1356
15 70 2587
15 71 403
15 72 1404
15 73 2635
15 74 451
15 75 1452
15 76 2683
15 77 499
15 78 1500
15 79 2731
15 80 547
15 81 1548
15 82 2779
15 83 595
15 84 1596
15 85 2827
15 86 643
15 87 1644
15 88 2875
15 89 691
15 90 1692
15 91 2923
15 92 475
16 0 1757
16 1 677
16 2 130
16 3 954
16 4 1006
16 5 872
16 6 438
16 7 1556
16 8 1246
16 9 1363
16 10 1768
16 11 798
16 12 1688
16 13 1314
16 14 1089
16 15 1570
16 16 0
16 17 52
16 18 698
16 19 1198
16 20 954
16 21 573
16 22 533
16 23 963
16 24 599
16 25 907
16 26 990
16 27 1166
16 28 668
16 29 482
16 30 421
16 31 1341
16 32 1584
16 33 1764
16 34 2163
16 35 1071
16 36 1063
16 37 1559
16 38 1637
16 39 406
16 40 1017
16 41 1589
16 42 358
16 43 969
16 44 1541
16 45 310
16 46 921
16 47 1589
16 48 358
16 49 969
16 50 1637
16 51 406
16 52 1017
16 53 1685
16 54 454
16 55 1065
16 56 1733
16 57 502
16 58 1113
16 59 1781
16 60 550
16 61 1161
16 62 1829
16 63 598
16 64 1209
16 65 1877
16 66 646
16 67 1257
16 68 1925
16 69 694
16 70 1305
16 71 1973
16 72 742
16 73 1353
16 74 2021
16 75 790
16 76 1401
16 77 2069
16 78 838
16 79 1449
16 80 2117
16 81 886
16 82 1497
16 83 2165
16 84 934
16 85 1545
16 86 2213
16 87 982
16 88 1593
16 89 2261
16 90 1030
16 91 1641
16 92 1757
17 0 1705
17 1 625
17 2 78
17 3 902
17 4 954
17 5 820
17 6 386
17 7 1504
17 8 1194
17 9 1311
17 10 1716
17 11 746
17 12 1636
17 13 1288
17 14 1037
17 15 1518
17 16 52
17 17 0
17 18 646
17 19 1250
17 20 902
17 21 521
17 22 585
17 23 911
17 24 547
17 25 855
17 26 938
17 27 1114
17 28 616
17 29 430
17 30 369
17 31 1289
17 32 1532
17 33 1816
17 34 2111
17 35 1019
17 36 1011
17 37 1611
17 38 1585
17 39 354
17 40 1069
17 41 1537
17 42 306
17 43 1021
17 44 1489
17 45 258
17 46 973
17 47 1537
17 48 306
17 49 1021
17 50 1585
17 51 354
17 52 1069
17 53 1633
17 54 402
17 55 1117
17 56 1681
17 57 450
17 58 1165
17 59 1729
17 60 498
17 61 1213
17 62 1777
17 63 546
17 64 1261
17 65 1825
17 66 594
17 67 1309
17 68 1873
17 69 642
17 70 1357
17 71 1921
17 72 690
17 73 1405
17 74 1969
17 75 738
17 76 1453
17 77 2017
17 78 786
17 79 1501
17 80 2065
17 81 834
17 82 1549
17 83 2113
17 84 882
17 85 1597
17 86 2161
17 87 930
17 88 1645
17 89 2209
17 90 978
17 91 1693
17 92 1705
18 0 1059
18 1 755
18 2 568
18 3 1032
18 4 1084
18 5 950
18 6 260
18 7 1634
18 8 1324
18 9 1441
18 10 1846
18 11 876
18 12 1272
18 13 1418
18 14 1167
18 15 1102
18 16 698
18 17 646
18 18 0
18 19 1822
18 20 1032
18 21 651
18 22 1231
18 23 1041
18 24 677
18 25 985
18 26 1068
18 27 468
18 28 746
18 29 560
18 30 499
18 31 1419
18 32 1376
18 33 2024
18 34 1565
18 35 1149
18 36 1141
18 37 1845
18 38 939
18 39 484
18 40 1715
18 41 891
18 42 436
18 43 1667
18 44 843
18 45 388
18 46 1619
18 47 891
18 48 436
18 49 1667
18 50 939
18 51 484
18 52 1715
18 53 987
18 54 532
18 55 1763
18 56 1035
18 57 580
18 58 1811
18 59 1083
18 60 628
18 61 1859
18 62 1131
18 63 676
18 64 1907
18 65 1179
18 66 724
18 67 1955
18 68 1227
18 69 772
18 70 2003
18 71 1275
18 72 820
18 73 2051
18 74 1323
18 75 868
18 76 2099
18 77 1371
18 78 916
18 79 2147
18 80 1419
18 81 964
18 82 2195
18 83 1467
18 84 1012
18 85 2243
18 86 1515
18 87 1060
18 88 2291
18 89 1563
18 90 1108
18 91 2339
18 92 1059
19 0 2881
19 1 1333
19 2 1328
19 3 960
19 4 908
19 5 1138
19 6 1562
19 7 2200
19 8 1890
19 9 2007
19 10 722
19 11 1116
19 12 2332
19 13 478
19 14 729
19 15 2406
19 16 1198
19 17 1250
19 18 1822
19 19 0
19 20 2078
19 21 1697
19 22 665
19 23 1047
19 24 1723
19 25 911
19 26 1634
19 27 2290
19 28 1150
19 29 1528
19 30 1449
19 31 403
19 32 2228
19 33 640
19 34 2807
19 35 2195
19 36 755
19 37 435
19 38 2761
19 39 1530
19 40 373
19 41 2713
19 42 1482
19 43 325
19 44 2665
19 45 1434
19 46 277
19 47 2617
19 48 1386
19 49 229
19 50 2569
19 51 1338
19 52 181
19 53 2521
19 54 1290
19 55 133
19 56 2473
19 57 1242
19 58 85
19 59 2425
19 60 1194
19 61 37
19 62 2473
19 63 1242
19 64 85
19 65 2521
19 66 1290
19 67 133
19 68 2569
19 69 1338
19 70 181
19 71 2617
19 72 1386
19 73 229
19 74 2665
19 75 1434
19 76 277
19 77 2713
19 78 1482
19 79 325
19 80 2761
19 81 1530
19 82 373
19 83 2809
19 84 1578
19 85 421
19 86 2857
19 87 1626
19 88 469
19 89 2905
19 90 1674
19 91 517
19 92 2881
20 0 803
20 1 915
20 2 824
20 3 1192
20 4 1244
20 5 1110
20 6 772
20 7 1890
20 8 1554
20 9 1437
20 10 2102
20 11 1036
20 12 1112
20 13 1674
20 14 1423
20 15 942
20 16 954
20 17 902
20 18 1032
20 19 2078
20 20 0
20 21 811
20 22 1487
20 23 1201
20 24 837
20 25 1241
20 26 1324
20 27 1058
20 28 1002
20 29 720
20 30 755
20 31 1675
20 32 1216
20 33 2280
20 34 1405
20 35 117
20 36 1397
20 37 2101
20 38 683
20 39 644
20 40 1875
20 41 635
20 42 596
20 43 1827
20 44 683
20 45 644
20 46 1875
20 47 731
20 48 692
20 49 1923
20 50 779
20 51 740
20 52 1971
20 53 827
20 54 788
20 55 2019
20 56 875
20 57 836
20 58 2067
20 59 923
20 60 884
20 61 2115
20 62 971
20 63 932
20 64 2163
20 65 1019
20 66 980
20 67 2211
20 68 1067
20 69 1028
20 70 2259
20 71 1115
20 72 1076
20 73 2307
20 74 1163
20 75 1124
20 76 2355
20 77 1211
20 78 1172
20 79 2403
20 80 1259
20 81 1220
20 82 2451
20 83 1307
20 84 1268
20 85 2499
20 86 1355
20 87 1316
20 88 2547
20 89 1403
20 90 1364
20 91 2595
20 92 803
21 0 1184
21 1 438
21 2 443
21 3 811
21 4 863
21 5 633
21 6 391
21 7 1509
21 8 1199
21 9 1316
21 10 1721
21 11 655
21 12 1589
21 13 1293
21 14 1042
21 15 1419
21 16 573
21 17 521
21 18 651
21 19 1697
21 20 811
21 21 0
21 22 1106
21 23 724
21 24 26
21 25 860
21 26 943
21 27 1119
21 28 621
21 29 243
21 30 374
21 31 1294
21 32 1537
21 33 1899
21 34 1882
21 35 928
21 36 1016
21 37 1720
21 38 1064
21 39 167
21 40 1398
21 41 1112
21 42 215
21 43 1446
21 44 1160
21 45 263
21 46 1494
21 47 1208
21 48 311
21 49 1542
21 50 1256
21 51 359
21 52 1590
21 53 1304
21 54 407
21 55 1638
21 56 1352
21 57 455
21 58 1686
21 59 1400
21 60 503
21 61 1734
21 62 1448
21 63 551
21 64 1782
21 65 1496
21 66 599
21 67 1830
21 68 1544
21 69 647
21 70 1878
21 71 1592
21 72 695
21 73 1926
21 74 1640
21 75 743
21 76 1974
21 77 1688
21 78 791
21 79 2022
21 80 1736
21 81 839
21 82 2070
21 83 1784
21 84 887
21 85 2118
21 86 1832
21 87 935
21 88 2166
21 89 1880
21 90 983
21 91 2214
21 92 1184
22 0 2290
22 1 1210
22 2 663
22 3 1071
22 4 1019
22 5 1249
22 6 971
22 7 2089
22 8 1779
22 9 1896
22 10 1313
22 11 1227
22 12 2221
22 13 781
22 14 1128
22 15 2103
22 16 533
22 17 585
22 18 1231
22 19 665
22 20 1487
22 21 1106
22 22 0
22 23 1158
22 24 1132
22 25 1310
22 26 1523
22 27 1699
22 28 1201
22 29 1015
22 30 954
22 31 1068
22 32 2117
22 33 1231
22 34 2696
22 35 1604
22 36 1154
22 37 1026
22 38 2170
22 39 939
22 40 484
22 41 2122
22 42 891
22 43 436
22 44 2074
22 45 843
22 46 388
22 47 2122
22 48 891
22 49 436
22 50 2170
22 51 939
22 52 484
22 53 2218
22 54 987
22 55 532
22 56 2266
22 57 1035
22 58 580
22 59 2314
22 60 1083
22 61 628
22 62 2362
22 63 1131
22 64 676
22 65 2410
22 66 1179
22 67 724
22 68 2458
22 69 1227
22 70 772
22 71 2506
22 72 1275
22 73 820
22 74 2554
22 75 1323
22 76 868
22 77 2602
22 78 1371
22 79 916
22 80 2650
22 81 1419
22 82 964
22 83 2698
22 84 1467
22 85 1012
22 86 2746
22 87 1515
22 88 1060
22 89 2794
22 90 1563
22 91 1108
22 92 2290
23 0 1908
23 1 286
23 2 833
23 3 1201
23 4 1253
23 5 91
23 6 781
23 7 1899
23 8 1589
23 9 1706
23 10 1695
23 11 1045
23 12 2031
23 13 1163
23 14 1432
23 15 1913
23 16 963
23 17 911
23 18 1041
23 19 1047
23 20 1201
23 21 724
23 22 1158
23 23 0
23 24 750
23 25 1250
23 26 1333
23 27 1509
23 28 1011
23 29 481
23 30 764
23 31 1450
23 32 1927
23 33 1613
23 34 2506
23 35 1318
23 36 1406
23 37 1408
23 38 1788
23 39 557
23 40 674
23 41 1836
23 42 605
23 43 722
23 44 1884
23 45 653
23 46 770
23 47 1932
23 48 701
23 49 818
23 50 1980
23 51 749
23 52 866
23 53 2028
23 54 797
23 55 914
23 56 2076
23 57 845
23 58 962
23 59 2124
23 60 893
23 61 1010
23 62 2172
23 63 941
23 64 1058
23 65 2220
23 66 989
23 67 1106
23 68 2268
23 69 1037
23 70 1154
23 71 2316
23 72 1085
23 73 1202
23 74 2364
23 75 1133
23 76 1250
23 77 2412
23 78 1181
23 79 1298
23 80 2460
23 81 1229
23 82 1346
23 83 2508
23 84 1277
23 85 1394
23 86 2556
23 87 1325
23 88 1442
23 89 2604
23 90 1373
23 91 1490
23 92 1908
24 0 1158
24 1 464
24 2 469
24 3 837
24 4 889
24 5 659
24 6 417
24 7 1535
24 8 1225
24 9 1342
24 10 1747
24 11 681
24 12 1563
24 13 1319
24 14 1068
24 15 1393
24 16 599
24 17 547
24 18 677
24 19 1723
24 20 837
24 21 26
24 22 1132
24 23 750
24 24 0
24 25 886
24 26 969
24 27 1145
24 28 647
24 29 269
24 30 400
24 31 1320
24 32 1563
24 33 1925
24 34 1856
24 35 954
24 36 1042
24 37 1746
24 38 1038
24 39 193
24 40 1424
24 41 1086
24 42 241
24 43 1472
24 44 1134
24 45 289
24 46 1520
24 47 1182
24 48 337
24 49 1568
24 50 1230
24 51 385
24 52 1616
24 53 1278
24 54 433
24 55 1664
24 56 1326
24 57 481
24 58 1712
24 59 1374
24 60 529
24 61 1760
24 62 1422
24 63 577
24 64 1808
24 65 1470
24 66 625
24 67 1856
24 68 1518
24 69 673
24 70 1904
24 71 1566
24 72 721
24 73 1952
24 74 1614
24 75 769
24 76 2000
24 77 1662
24 78 817
24 79 2048
24 80 1710
24 81 865
24 82 2096
24 83 1758
24 84 913
24 85 2144
24 86 1806
24 87 961
24 88 2192
24 89 1854
24 90 1009
24 91 2240
24 92 1158
25 0 2044
25 1 964
25 2 777
25 3 1241
25 4 1293
25 5 1159
25 6 725
25 7 1555
25 8 1245
25 9 1362
25 10 1559
25 11 1085
25 12 1687
25 13 1123
25 14 182
25 15 1569
25 16 907
25 17 855
25 18 985
25 19 911
25 20 1241
25 21 860
25 22 1310
25 23 1250
25 24 886
25 25 0
25 26 989
25 27 1453
25 28 859
25 29 769
25 30 612
25 31 1314
25 32 1583
25 33 1477
25 34 2162
25 35 1358
25 36 156
25 37 1272
25 38 1924
25 39 693
25 40 1018
25 41 1876
25 42 645
25 43 970
25 44 1828
25 45 597
25 46 922
25 47 1780
25 48 549
25 49 874
25 50 1732
25 51 501
25 52 826
25 53 1684
25 54 453
25 55 778
25 56 1732
25 57 501
25 58 826
25 59 1780
25 60 549
25 61 874
25 62 1828
25 63 597
25 64 922
25 65 1876
25 66 645
25 67 970
25 68 1924
25 69 693
25 70 1018
25 71 1972
25 72 741
25 73 1066
25 74 2020
25 75 789
25 76 1114
25 77 2068
25 78 837
25 79 1162
25 80 2116
25 81 885
25 82 1210
25 83 2164
25 84 933
25 85 1258
25 86 2212
25 87 981
25 88 1306
25 89 2260
25 90 1029
25 91 1354
25 92 2044
26 0 1247
26 1 1047
26 2 860
26 3 1324
26 4 1376
26 5 1242
26 6 808
26 7 1446
26 8 1136
26 9 1253
26 10 1658
26 11 1168
26 12 980
26 13 1518
26 14 1171
26 15 1002
26 16 990
26 17 938
26 18 1068
26 19 1634
26 20 1324
26 21 943
26 22 1523
26 23 1333
26 24 969
26 25 989
26 26 0
26 27 1406
26 28 942
26 29 852
26 30 695
26 31 1231
26 32 1084
26 33 1836
26 34 1273
26 35 1441
26 36 1145
26 37 1657
26 38 1127
26 39 776
26 40 2007
26 41 1079
26 42 728
26 43 1959
26 44 1031
26 45 680
26 46 1911
26 47 983
26 48 632
26 49 1863
26 50 935
26 51 584
26 52 1815
26 53 887
26 54 536
26 55 1767
26 56 839
26 57 488
26 58 1719
26 59 791
26 60 440
26 61 1671
26 62 839
26 63 488
26 64 1719
26 65 887
26 66 536
26 67 1767
26 68 935
26 69 584
26 70 1815
26 71 983
26 72 632
26 73 1863
26 74 1031
26 75 680
26 76 1911
26 77 1079
26 78 728
26 79 1959
26 80 1127
26 81 776
26 82 2007
26 83 1175
26 84 824
26 85 2055
26 86 1223
26 87 872
26 88 2103
26 89 1271
26 90 920
26 91 2151
26 92 1247
27 0 591
27 1 1223
27 2 1036
27 3 1500
27 4 1552
27 5 1418
27 6 728
27 7 1608
27 8 1246
27 9 1129
27 10 2314
27 11 1344
27 12 804
27 13 1886
27 14 1635
27 15 634
27 16 1166
27 17 1114
27 18 468
27 19 2290
27 20 1058
27 21 1119
27 22 1699
27 23 1509
27 24 1145
27 25 1453
27 26 1406
27 27 0
27 28 1214
27 29 1028
27 30 967
27 31 1887
27 32 908
27 33 2492
27 34 1097
27 35 941
27 36 1609
27 37 2313
27 38 471
27 39 952
27 40 2183
27 41 423
27 42 904
27 43 2135
27 44 375
27 45 856
27 46 2087
27 47 423
27 48 904
27 49 2135
27 50 471
27 51 952
27 52 2183
27 53 519
27 54 1000
27 55 2231
27 56 567
27 57 1048
27 58 2279
27 59 615
27 60 1096
27 61 2327
27 62 663
27 63 1144
27 64 2375
27 65 711
27 66 1192
27 67 2423
27 68 759
27 69 1240
27 70 2471
27 71 807
27 72 1288
27 73 2519
27 74 855
27 75 1336
27 76 2567
27 77 903
27 78 1384
27 79 2615
27 80 951
27 81 1432
27 82 2663
27 83 999
27 84 1480
27 85 2711
27 86 1047
27 87 1528
27 88 2759
27 89 1095
27 90 1576
27 91 2807
27 92 591
28 0 1805
28 1 725
28 2 538
28 3 1002
28 4 1054
28 5 920
28 6 486
28 7 1508
28 8 1198
28 9 1315
28 10 1720
28 11 846
28 12 1640
28 13 1266
28 14 1041
28 15 1522
28 16 668
28 17 616
28 18 746
28 19 1150
28 20 1002
28 21 621
28 22 1201
28 23 1011
28 24 647
28 25 859
28 26 942
28 27 1214
28 28 0
28 29 530
28 30 373
28 31 1293
28 32 1536
28 33 1716
28 34 2115
28 35 1119
28 36 1015
28 37 1511
28 38 1685
28 39 454
28 40 1065
28 41 1637
28 42 406
28 43 1017
28 44 1589
28 45 358
28 46 969
28 47 1541
28 48 310
28 49 921
28 50 1589
28 51 358
28 52 969
28 53 1637
28 54 406
28 55 1017
28 56 1685
28 57 454
28 58 1065
28 59 1733
28 60 502
28 61 1113
28 62 1781
28 63 550
28 64 1161
28 65 1829
28 66 598
28 67 1209
28 68 1877
28 69 646
28 70 1257
28 71 1925
28 72 694
28 73 1305
28 74 1973
28 75 742
28 76 1353
28 77 2021
28 78 790
28 79 1401
28 80 2069
28 81 838
28 82 1449
28 83 2117
28 84 886
28 85 1497
28 86 2165
28 87 934
28 88 1545
28 89 2213
28 90 982
28 91 1593
28 92 1805
29 0 1427
29 1 195
29 2 352
29 3 720
29 4 772
29 5 390
29 6 300
29 7 1418
29 8 1108
29 9 1225
29 10 1630
29 11 564
29 12 1550
29 13 1202
29 14 951
29 15 1432
29 16 482
29 17 430
29 18 560
29 19 1528
29 20 720
29 21 243
29 22 1015
29 23 481
29 24 269
29 25 769
29 26 852
29 27 1028
29 28 530
29 29 0
29 30 283
29 31 1203
29 32 1446
29 33 1808
29 34 2025
29 35 837
29 36 925
29 37 1629
29 38 1307
29 39 76
29 40 1155
29 41 1355
29 42 124
29 43 1203
29 44 1403
29 45 172
29 46 1251
29 47 1451
29 48 220
29 49 1299
29 50 1499
29 51 268
29 52 1347
29 53 1547
29 54 316
29 55 1395
29 56 1595
29 57 364
29 58 1443
29 59 1643
29 60 412
29 61 1491
29 62 1691
29 63 460
29 64 1539
29 65 1739
29 66 508
29 67 1587
29 68 1787
29 69 556
29 70 1635
29 71 1835
29 72 604
29 73 1683
29 74 1883
29 75 652
29 76 1731
29 77 1931
29 78 700
29 79 1779
29 80 1979
29 81 748
29 82 1827
29 83 2027
29 84 796
29 85 1875
29 86 2075
29 87 844
29 88 1923
29 89 2123
29 90 892
29 91 1971
29 92 1427
30 0 1432
30 1 478
30 2 291
30 3 755
30 4 807
30 5 673
30 6 239
30 7 1261
30 8 951
30 9 1068
30 10 1473
30 11 599
30 12 1393
30 13 1045
30 14 794
30 15 1275
30 16 421
30 17 369
30 18 499
30 19 1449
30 20 755
30 21 374
30 22 954
30 23 764
30 24 400
30 25 612
30 26 695
30 27 967
30 28 373
30 29 283
30 30 0
30 31 1046
30 32 1289
30 33 1651
30 34 1842
30 35 872
30 36 768
30 37 1472
30 38 1312
30 39 207
30 40 1438
30 41 1264
30 42 159
30 43 1390
30 44 1216
30 45 111
30 46 1342
30 47 1168
30 48 63
30 49 1294
30 50 1216
30 51 111
30 52 1342
30 53 1264
30 54 159
30 55 1390
30 56 1312
30 57 207
30 58 1438
30 59 1360
30 60 255
30 61 1486
30 62 1408
30 63 303
30 64 1534
30 65 1456
30 66 351
30 67 1582
30 68 1504
30 69 399
30 70 1630
30 71 1552
30 72 447
30 73 1678
30 74 1600
30 75 495
30 76 1726
30 77 1648
30 78 543
30 79 1774
30 80 1696
30 81 591
30 82 1822
30 83 1744
30 84 639
30 85 1870
30 86 1792
30 87 687
30 88 1918
30 89 1840
30 90 735
30 91 1966
30 92 1432
31 0 2478
31 1 1398
31 2 1211
31 3 1363
31 4 1311
31 5 1541
31 6 1159
31 7 1797
31 8 1487
31 9 1604
31 10 1125
31 11 1519
31 12 1929
31 13 881
31 14 1132
31 15 2003
31 16 1341
31 17 1289
31 18 1419
31 19 403
31 20 1675
31 21 1294
31 22 1068
31 23 1450
31 24 1320
31 25 1314
31 26 1231
31 27 1887
31 28 1293
31 29 1203
31 30 1046
31 31 0
31 32 1825
31 33 1043
31 34 2404
31 35 1792
31 36 1158
31 37 838
31 38 2358
31 39 1127
31 40 776
31 41 2310
31 42 1079
31 43 728
31 44 2262
31 45 1031
31 46 680
31 47 2214
31 48 983
31 49 632
31 50 2166
31 51 935
31 52 584
31 53 2118
31 54 887
31 55 536
31 56 2070
31 57 839
31 58 488
31 59 2022
31 60 791
31 61 440
31 62 2070
31 63 839
31 64 488
31 65 2118
31 66 887
31 67 536
31 68 2166
31 69 935
31 70 584
31 71 2214
31 72 983
31 73 632
31 74 2262
31 75 1031
31 76 680
31 77 2310
31 78 1079
31 79 728
31 80 2358
31 81 1127
31 82 776
31 83 2406
31 84 1175
31 85 824
31 86 2454
31 87 1223
31 88 872
31 89 2502
31 90 1271
31 91 920
31 92 2478
32 0 749
32 1 1641
32 2 1454
32 3 1918
32 4 1970
32 5 1836
32 6 1402
32 7 1190
32 8 338
32 9 221
32 10 2156
32 11 1762
32 12 104
32 13 2112
32 14 1765
32 15 504
32 16 1584
32 17 1532
32 18 1376
32 19 2228
32 20 1216
32 21 1537
32 22 2117
32 23 1927
32 24 1563
32 25 1583
32 26 1084
32 27 908
32 28 1536
32 29 1446
32 30 1289
32 31 1825
32 32 0
32 33 2334
32 34 679
32 35 1099
32 36 1739
32 37 2155
32 38 629
32 39 1370
32 40 2601
32 41 581
32 42 1322
32 43 2553
32 44 533
32 45 1274
32 46 2505
32 47 485
32 48 1226
32 49 2457
32 50 437
32 51 1178
32 52 2409
32 53 389
32 54 1130
32 55 2361
32 56 341
32 57 1082
32 58 2313
32 59 293
32 60 1034
32 61 2265
32 62 245
32 63 986
32 64 2217
32 65 293
32 66 1034
32 67 2265
32 68 341
32 69 1082
32 70 2313
32 71 389
32 72 1130
32 73 2361
32 74 437
32 75 1178
32 76 2409
32 77 485
32 78 1226
32 79 2457
32 80 533
32 81 1274
32 82 2505
32 83 581
32 84 1322
32 85 2553
32 86 629
32 87 1370
32 88 2601
32 89 677
32 90 1418
32 91 2649
32 92 749
33 0 3083
33 1 1899
33 2 1816
33 3 1526
33 4 1474
33 5 1704
33 6 1764
33 7 1634
33 8 1996
33 9 2113
33 10 616
33 11 1682
33 12 2438
33 13 1044
33 14 1295
33 15 2608
33 16 1764
33 17 1816
33 18 2024
33 19 640
33 20 2280
33 21 1899
33 22 1231
33 23 1613
33 24 1925
33 25 1477
33 26 1836
33 27 2492
33 28 1716
33 29 1808
33 30 1651
33 31 1043
33 32 2334
33 33 0
33 34 2241
33 35 2397
33 36 1321
33 37 617
33 38 2963
33 39 1732
33 40 939
33 41 2915
33 42 1684
33 43 891
33 44 2867
33 45 1636
33 46 843
33 47 2819
33 48 1588
33 49 795
33 50 2771
33 51 1540
33 52 747
33 53 2723
33 54 1492
33 55 699
33 56 2675
33 57 1444
33 58 651
33 59 2627
33 60 1396
33 61 603
33 62 2579
33 63 1348
33 64 555
33 65 2531
33 66 1300
33 67 507
33 68 2483
33 69 1252
33 70 459
33 71 2435
33 72 1204
33 73 411
33 74 2387
33 75 1156
33 76 363
33 77 2339
33 78 1108
33 79 315
33 80 2291
33 81 1060
33 82 267
33 83 2243
33 84 1012
33 85 219
33 86 2291
33 87 1060
33 88 267
33 89 2339
33 90 1108
33 91 315
33 92 3083
34 0 938
34 1 2220
34 2 2033
34 3 2497
34 4 2549
34 5 2415
34 6 1825
34 7 707
34 8 1017
34 9 900
34 10 2159
34 11 2341
34 12 575
34 13 2691
34 14 2344
34 15 693
34 16 2163
34 17 2111
34 18 1565
34 19 2807
34 20 1405
34 21 1882
34 22 2696
34 23 2506
34 24 1856
34 25 2162
34 26 1273
34 27 1097
34 28 2115
34 29 2025
34 30 1842
34 31 2404
34 32 679
34 33 2241
34 34 0
34 35 1288
34 36 2318
34 37 2446
34 38 818
34 39 1949
34 40 3180
34 41 770
34 42 1901
34 43 3132
34 44 722
34 45 1853
34 46 3084
34 47 674
34 48 1805
34 49 3036
34 50 626
34 51 1757
34 52 2988
34 53 578
34 54 1709
34 55 2940
34 56 530
34 57 1661
34 58 2892
34 59 482
34 60 1613
34 61 2844
34 62 434
34 63 1565
34 64 2796
34 65 386
34 66 1517
34 67 2748
34 68 338
34 69 1469
34 70 2700
34 71 290
34 72 1421
34 73 2652
34 74 242
34 75 1373
34 76 2604
34 77 194
34 78 1325
34 79 2556
34 80 146
34 81 1277
34 82 2508
34 83 98
34 84 1229
34 85 2460
34 86 50
34 87 1181
34 88 2412
34 89 98
34 90 1229
34 91 2460
34 92 938
35 0 686
35 1 1032
35 2 941
35 3 1309
35 4 1361
35 5 1227
35 6 889
35 7 1799
35 8 1437
35 9 1320
35 10 2219
35 11 1153
35 12 995
35 13 1791
35 14 1540
35 15 825
35 16 1071
35 17 1019
35 18 1149
35 19 2195
35 20 117
35 21 928
35 22 1604
35 23 1318
35 24 954
35 25 1358
35 26 1441
35 27 941
35 28 1119
35 29 837
35 30 872
35 31 1792
35 32 1099
35 33 2397
35 34 1288
35 35 0
35 36 1514
35 37 2218
35 38 566
35 39 761
35 40 1992
35 41 518
35 42 713
35 43 1944
35 44 566
35 45 761
35 46 1992
35 47 614
35 48 809
35 49 2040
35 50 662
35 51 857
35 52 2088
35 53 710
35 54 905
35 55 2136
35 56 758
35 57 953
35 58 2184
35 59 806
35 60 1001
35 61 2232
35 62 854
35 63 1049
35 64 2280
35 65 902
35 66 1097
35 67 2328
35 68 950
35 69 1145
35 70 2376
35 71 998
35 72 1193
35 73 2424
35 74 1046
35 75 1241
35 76 2472
35 77 1094
35 78 1289
35 79 2520
35 80 1142
35 81 1337
35 82 2568
35 83 1190
35 84 1385
35 85 2616
35 86 1238
35 87 1433
35 88 2664
35 89 1286
35 90 1481
35 91 2712
35 92 686
36 0 2200
36 1 1120
36 2 933
36 3 1397
36 4 1397
36 5 1315
36 6 881
36 7 1711
36 8 1401
36 9 1518
36 10 1403
36 11 1241
36 12 1843
36 13 967
36 14 26
36 15 1725
36 16 1063
36 17 1011
36 18 1141
36 19 755
36 20 1397
36 21 1016
36 22 1154
36 23 1406
36 24 1042
36 25 156
36 26 1145
36 27 1609
36 28 1015
36 29 925
36 30 768
36 31 1158
36 32 1739
36 33 1321
36 34 2318
36 35 1514
36 36 0
36 37 1116
36 38 2080
36 39 849
36 40 862
36 41 2032
36 42 801
36 43 814
36 44 1984
36 45 753
36 46 766
36 47 1936
36 48 705
36 49 718
36 50 1888
36 51 657
36 52 670
36 53 1840
36 54 609
36 55 622
36 56 1888
36 57 657
36 58 670
36 59 1936
36 60 705
36 61 718
36 62 1984
36 63 753
36 64 766
36 65 2032
36 66 801
36 67 814
36 68 2080
36 69 849
36 70 862
36 71 2128
36 72 897
36 73 910
36 74 2176
36 75 945
36 76 958
36 77 2224
36 78 993
36 79 1006
36 80 2272
36 81 1041
36 82 1054
36 83 2320
36 84 1089
36 85 1102
36 86 2368
36 87 1137
36 88 1150
36 89 2416
36 90 1185
36 91 1198
36 92 2200
37 0 2904
37 1 1694
37 2 1637
37 3 1321
37 4 1269
37 5 1499
37 6 1585
37 7 1839
37 8 1817
37 9 1934
37 10 699
37 11 1477
37 12 2259
37 13 839
37 14 1090
37 15 2429
37 16 1559
37 17 1611
37 18 1845
37 19 435
37 20 2101
37 21 1720
37 22 1026
37 23 1408
37 24 1746
37 25 1272
37 26 1657
37 27 2313
37 28 1511
37 29 1629
37 30 1472
37 31 838
37 32 2155
37 33 617
37 34 2446
37 35 2218
37 36 1116
37 37 0
37 38 2784
37 39 1553
37 40 734
37 41 2736
37 42 1505
37 43 686
37 44 2688
37 45 1457
37 46 638
37 47 2640
37 48 1409
37 49 590
37 50 2592
37 51 1361
37 52 542
37 53 2544
37 54 1313
37 55 494
37 56 2496
37 57 1265
37 58 446
37 59 2448
37 60 1217
37 61 398
37 62 2400
37 63 1169
37 64 350
37 65 2352
37 66 1121
37 67 302
37 68 2304
37 69 1073
37 70 254
37 71 2256
37 72 1025
37 73 206
37 74 2304
37 75 1073
37 76 254
37 77 2352
37 78 1121
37 79 302
37 80 2400
37 81 1169
37 82 350
37 83 2448
37 84 1217
37 85 398
37 86 2496
37 87 1265
37 88 446
37 89 2544
37 90 1313
37 91 494
37 92 2904
38 0 120
38 1 1502
38 2 1507
38 3 1875
38 4 1927
38 5 1697
38 6 1199
38 7 1329
38 8 967
38 9 850
38 10 2785
38 11 1719
38 12 525
38 13 2357
38 14 2106
38 15 355
38 16 1637
38 17 1585
38 18 939
38 19 2761
38 20 683
38 21 1064
38 22 2170
38 23 1788
38 24 1038
38 25 1924
38 26 1127
38 27 471
38 28 1685
38 29 1307
38 30 1312
38 31 2358
38 32 629
38 33 2963
38 34 818
38 35 566
38 36 2080
38 37 2784
38 38 0
38 39 1231
38 40 2462
38 41 48
38 42 1279
38 43 2510
38 44 96
38 45 1327
38 46 2558
38 47 144
38 48 1375
38 49 2606
38 50 192
38 51 1423
38 52 2654
38 53 240
38 54 1471
38 55 2702
38 56 288
38 57 1519
38 58 2750
38 59 336
38 60 1567
38 61 2798
38 62 384
38 63 1615
38 64 2846
38 65 432
38 66 1663
38 67 2894
38 68 480
38 69 1711
38 70 2942
38 71 528
38 72 1759
38 73 2990
38 74 576
38 75 1807
38 76 3038
38 77 624
38 78 1855
38 79 3086
38 80 672
38 81 1903
38 82 3134
38 83 720
38 84 1951
38 85 3182
38 86 768
38 87 1999
38 88 3230
38 89 816
38 90 2047
38 91 3278
38 92 120
39 0 1351
39 1 271
39 2 276
39 3 644
39 4 696
39 5 466
39 6 224
39 7 1342
39 8 1032
39 9 1149
39 10 1554
39 11 488
39 12 1474
39 13 1126
39 14 875
39 15 1356
39 16 406
39 17 354
39 18 484
39 19 1530
39 20 644
39 21 167
39 22 939
39 23 557
39 24 193
39 25 693
39 26 776
39 27 952
39 28 454
39 29 76
39 30 207
39 31 1127
39 32 1370
39 33 1732
39 34 1949
39 35 761
39 36 849
39 37 1553
39 38 1231
39 39 0
39 40 1231
39 41 1279
39 42 48
39 43 1279
39 44 1327
39 45 96
39 46 1327
39 47 1375
39 48 144
39 49 1375
39 50 1423
39 51 192
39 52 1423
39 53 1471
39 54 240
39 55 1471
39 56 1519
39 57 288
39 58 1519
39 59 1567
39 60 336
39 61 1567
39 62 1615
39 63 384
39 64 1615
39 65 1663
39 66 432
39 67 1663
39 68 1711
39 69 480
39 70 1711
39 71 1759
39 72 528
39 73 1759
39 74 1807
39 75 576
39 76 1807
39 77 1855
39 78 624
39 79 1855
39 80 1903
39 81 672
39 82 1903
39 83 1951
39 84 720
39 85 1951
39 86 1999
39 87 768
39 88 1999
39 89 2047
39 90 816
39 91 2047
39 92 1351
40 0 2582
40 1 960
40 2 1147
40 3 683
40 4 631
40 5 765
40 6 1455
40 7 2573
40 8 2263
40 9 2380
40 10 1021
40 11 839
40 12 2705
40 13 489
40 14 836
40 15 2587
40 16 1017
40 17 1069
40 18 1715
40 19 373
40 20 1875
40 21 1398
40 22 484
40 23 674
40 24 1424
40 25 1018
40 26 2007
40 27 2183
40 28 1065
40 29 1155
40 30 1438
40 31 776
40 32 2601
40 33 939
40 34 3180
40 35 1992
40 36 862
40 37 734
40 38 2462
40 39 1231
40 40 0
40 41 2510
40 42 1279
40 43 48
40 44 2558
40 45 1327
40 46 96
40 47 2606
40 48 1375
40 49 144
40 50 2654
40 51 1423
40 52 192
40 53 2702
40 54 1471
40 55 240
40 56 2750
40 57 1519
40 58 288
40 59 2798
40 60 1567
40 61 336
40 62 2846
40 63 1615
40 64 384
40 65 2894
40 66 1663
40 67 432
40 68 2942
40 69 1711
40 70 480
40 71 2990
40 72 1759
40 73 528
40 74 3038
40 75 1807
40 76 576
40 77 3086
40 78 1855
40 79 624
40 80 3134
40 81 1903
40 82 672
40 83 3182
40 84 1951
40 85 720
40 86 3230
40 87 1999
40 88 768
40 89 3278
40 90 2047
40 91 816
40 92 2582
41 0 168
41 1 1550
41 2 1459
41 3 1827
41 4 1879
41 5 1745
41 6 1151
41 7 1281
41 8 919
41 9 802
41 10 2737
41 11 1671
41 12 477
41 13 2309
41 14 2058
41 15 307
41 16 1589
41 17 1537
41 18 891
41 19 2713
41 20 635
41 21 1112
41 22 2122
41 23 1836
41 24 1086
41 25 1876
41 26 1079
41 27 423
41 28 1637
41 29 1355
41 30 1264
41 31 2310
41 32 581
41 33 2915
41 34 770
41 35 518
41 36 2032
41 37 2736
41 38 48
41 39 1279
41 40 2510
41 41 0
41 42 1231
41 43 2462
41 44 48
41 45 1279
41 46 2510
41 47 96
41 48 1327
41 49 2558
41 50 144
41 51 1375
41 52 2606
41 53 192
41 54 1423
41 55 2654
41 56 240
41 57 1471
41 58 2702
41 59 288
41 60 1519
41 61 2750
41 62 336
41 63 1567
41 64 2798
41 65 384
41 66 1615
41 67 2846
41 68 432
41 69 1663
41 70 2894
41 71 480
41 72 1711
41 73 2942
41 74 528
41 75 1759
41 76 2990
41 77 576
41 78 1807
41 79 3038
41 80 624
41 81 1855
41 82 3086
41 83 672
41 84 1903
41 85 3134
41 86 720
41 87 1951
41 88 3182
41 89 768
41 90 1999
41 91 3230
41 92 168
42 0 1399
42 1 319
42 2 228
42 3 596
42 4 648
42 5 514
42 6 176
42 7 1294
42 8 984
42 9 1101
42 10 1506
42 11 440
42 12 1426
42 13 1078
42 14 827
42 15 1308
42 16 358
42 17 306
42 18 436
42 19 1482
42 20 596
42 21 215
42 22 891
42 23 605
42 24 241
42 25 645
42 26 728
42 27 904
42 28 406
42 29 124
42 30 159
42 31 1079
42 32 1322
42 33 1684
42 34 1901
42 35 713
42 36 801
42 37 1505
42 38 1279
42 39 48
42 40 1279
42 41 1231
42 42 0
42 43 1231
42 44 1279
42 45 48
42 46 1279
42 47 1327
42 48 96
42 49 1327
42 50 1375
42 51 144
42 52 1375
42 53 1423
42 54 192
42 55 1423
42 56 1471
42 57 240
42 58 1471
42 59 1519
42 60 288
42 61 1519
42 62 1567
42 63 336
42 64 1567
42 65 1615
42 66 384
42 67 1615
42 68 1663
42 69 432
42 70 1663
42 71 1711
42 72 480
42 73 1711
42 74 1759
42 75 528
42 76 1759
42 77 1807
42 78 576
42 79 1807
42 80 1855
42 81 624
42 82 1855
42 83 1903
42 84 672
42 85 1903
42 86 1951
42 87 720
42 88 1951
42 89 1999
42 90 768
42 91 1999
42 92 1399
43 0 2630
43 1 1008
43 2 1099
43 3 635
43 4 583
43 5 813
43 6 1407
43 7 2525
43 8 2215
43 9 2332
43 10 973
43 11 791
43 12 2657
43 13 441
43 14 788
43 15 2539
43 16 969
43 17 1021
43 18 1667
43 19 325
43 20 1827
43 21 1446
43 22 436
43 23 722
43 24 1472
43 25 970
43 26 1959
43 27 2135
43 28 1017
43 29 1203
43 30 1390
43 31 728
43 32 2553
43 33 891
43 34 3132
43 35 1944
43 36 814
43 37 686
43 38 2510
43 39 1279
43 40 48
43 41 2462
43 42 1231
43 43 0
43 44 2510
43 45 1279
43 46 48
43 47 2558
43 48 1327
43 49 96
43 50 2606
43 51 1375
43 52 144
43 53 2654
43 54 1423
43 55 192
43 56 2702
43 57 1471
43 58 240
43 59 2750
43 60 1519
43 61 288
43 62 2798
43 63 1567
43 64 336
43 65 2846
43 66 1615
43 67 384
43 68 2894
43 69 1663
43 70 432
43 71 2942
43 72 1711
43 73 480
43 74 2990
43 75 1759
43 76 528
43 77 3038
43 78 1807
43 79 576
43 80 3086
43 81 1855
43 82 624
43 83 3134
43 84 1903
43 85 672
43 86 3182
43 87 1951
43 88 720
43 89 3230
43 90 1999
43 91 768
43 92 2630
44 0 216
44 1 1598
44 2 1411
44 3 1875
44 4 1927
44 5 1793
44 6 1103
44 7 1233
44 8 871
44 9 754
44 10 2689
44 11 1719
44 12 429
44 13 2261
44 14 2010
44 15 259
44 16 1541
44 17 1489
44 18 843
44 19 2665
44 20 683
44 21 1160
44 22 2074
44 23 1884
44 24 1134
44 25 1828
44 26 1031
44 27 375
44 28 1589
44 29 1403
44 30 1216
44 31 2262
44 32 533
44 33 2867
44 34 722
44 35 566
44 36 1984
44 37 2688
44 38 96
44 39 1327
44 40 2558
44 41 48
44 42 1279
44 43 2510
44 44 0
44 45 1231
44 46 2462
44 47 48
44 48 1279
44 49 2510
44 50 96
44 51 1327
44 52 2558
44 53 144
44 54 1375
44 55 2606
44 56 192
44 57 1423
44 58 2654
44 59 240
44 60 1471
44 61 2702
44 62 288
44 63 1519
44 64 2750
44 65 336
44 66 1567
44 67 2798
44 68 384
44 69 1615
44 70 2846
44 71 432
44 72 1663
44 73 2894
44 74 480
44 75 1711
44 76 2942
44 77 528
44 78 1759
44 79 2990
44 80 576
44 81 1807
44 82 3038
44 83 624
44 84 1855
44 85 3086
44 86 672
44 87 1903
44 88 3134
44 89 720
44 90 1951
44 91 3182
44 92 216
45 0 1447
45 1 367
45 2 180
45 3 644
45 4 696
45 5 562
45 6 128
45 7 1246
45 8 936
45 9 1053
45 10 1458
45 11 488
45 12 1378
45 13 1030
45 14 779
45 15 1260
45 16 310
45 17 258
45 18 388
45 19 1434
45 20 644
45 21 263
45 22 843
45 23 653
45 24 289
45 25 597
45 26 680
45 27 856
45 28 358
45 29 172
45 30 111
45 31 1031
45 32 1274
45 33 1636
45 34 1853
45 35 761
45 36 753
45 37 1457
45 38 1327
45 39 96
45 40 1327
45 41 1279
45 42 48
45 43 1279
45 44 1231
45 45 0
45 46 1231
45 47 1279
45 48 48
45 49 1279
45 50 1327
45 51 96
45 52 1327
45 53 1375
45 54 144
45 55 1375
45 56 1423
45 57 192
45 58 1423
45 59 1471
45 60 240
45 61 1471
45 62 1519
45 63 288
45 64 1519
45 65 1567
45 66 336
45 67 1567
45 68 1615
45 69 384
45 70 1615
45 71 1663
45 72 432
45 73 1663
45 74 1711
45 75 480
45 76 1711
45 77 1759
45 78 528
45 79 1759
45 80 1807
45 81 576
45 82 1807
45 83 1855
45 84 624
45 85 1855
45 86 1903
45 87 672
45 88 1903
45 89 1951
45 90 720
45 91 1951
45 92 1447
46 0 2678
46 1 1056
46 2 1051
46 3 683
46 4 631
46 5 861
46 6 1359
46 7 2477
46 8 2167
46 9 2284
46 10 925
46 11 839
46 12 2609
46 13 393
46 14 740
46 15 2491
46 16 921
46 17 973
46 18 1619
46 19 277
46 20 1875
46 21 1494
46 22 388
46 23 770
46 24 1520
46 25 922
46 26 1911
46 27 2087
46 28 969
46 29 1251
46 30 1342
46 31 680
46 32 2505
46 33 843
46 34 3084
46 35 1992
46 36 766
46 37 638
46 38 2558
46 39 1327
46 40 96
46 41 2510
46 42 1279
46 43 48
46 44 2462
46 45 1231
46 46 0
46 47 2510
46 48 1279
46 49 48
46 50 2558
46 51 1327
46 52 96
46 53 2606
46 54 1375
46 55 144
46 56 2654
46 57 1423
46 58 192
46 59 2702
46 60 1471
46 61 240
46 62 2750
46 63 1519
46 64 288
46 65 2798
46 66 1567
46 67 336
46 68 2846
46 69 1615
46 70 384
46 71 2894
46 72 1663
46 73 432
46 74 2942
46 75 1711
46 76 480
46 77 2990
46 78 1759
46 79 528
46 80 3038
46 81 1807
46 82 576
46 83 3086
46 84 1855
46 85 624
46 86 3134
46 87 1903
46 88 672
46 89 3182
46 90 1951
46 91 720
46 92 2678
47 0 264
47 1 1646
47 2 1459
47 3 1923
47 4 1975
47 5 1841
47 6 1151
47 7 1185
47 8 823
47 9 706
47 10 2641
47 11 1767
47 12 381
47 13 2213
47 14 1962
47 15 211
47 16 1589
47 17 1537
47 18 891
47 19 2617
47 20 731
47 21 1208
47 22 2122
47 23 1932
47 24 1182
47 25 1780
47 26 983
47 27 423
47 28 1541
47 29 1451
47 30 1168
47 31 2214
47 32 485
47 33 2819
47 34 674
47 35 614
47 36 1936
47 37 2640
47 38 144
47 39 1375
47 40 2606
47 41 96
47 42 1327
47 43 2558
47 44 48
47 45 1279
47 46 2510
47 47 0
47 48 1231
47 49 2462
47 50 48
47 51 1279
47 52 2510
47 53 96
47 54 1327
47 55 2558
47 56 144
47 57 1375
47 58 2606
47 59 192
47 60 1423
47 61 2654
47 62 240
47 63 1471
47 64 2702
47 65 288
47 66 1519
47 67 2750
47 68 336
47 69 1567
47 70 2798
47 71 384
47 72 1615
47 73 2846
47 74 432
47 75 1663
47 76 2894
47 77 480
47 78 1711
47 79 2942
47 80 528
47 81 1759
47 82 2990
47 83 576
47 84 1807
47 85 3038
47 86 624
47 87 1855
47 88 3086
47 89 672
47 90 1903
47 91 3134
47 92 264
48 0 1495
48 1 415
48 2 228
48 3 692
48 4 744
48 5 610
48 6 176
48 7 1198
48 8 888
48 9 1005
48 10 1410
48 11 536
48 12 1330
48 13 982
48 14 731
48 15 1212
48 16 358
48 17 306
48 18 436
48 19 1386
48 20 692
48 21 311
48 22 891
48 23 701
48 24 337
48 25 549
48 26 632
48 27 904
48 28 310
48 29 220
48 30 63
48 31 983
48 32 1226
48 33 1588
48 34 1805
48 35 809
48 36 705
48 37 1409
48 38 1375
48 39 144
48 40 1375
48 41 1327
48 42 96
48 43 1327
48 44 1279
48 45 48
48 46 1279
48 47 1231
48 48 0
48 49 1231
48 50 1279
48 51 48
48 52 1279
48 53 1327
48 54 96
48 55 1327
48 56 1375
48 57 144
48 58 1375
48 59 1423
48 60 192
48 61 1423
48 62 1471
48 63 240
48 64 1471
48 65 1519
48 66 288
48 67 1519
48 68 1567
48 69 336
48 70 1567
48 71 1615
48 72 384
48 73 1615
48 74 1663
48 75 432
48 76 1663
48 77 1711
48 78 480
48 79 1711
48 80 1759
48 81 528
48 82 1759
48 83 1807
48 84 576
48 85 1807
48 86 1855
48 87 624
48 88 1855
48 89 1903
48 90 672
48 91 1903
48 92 1495
49 0 2726
49 1 1104
49 2 1099
49 3 731
49 4 679
49 5 909
49 6 1407
49 7 2429
49 8 2119
49 9 2236
49 10 877
49 11 887
49 12 2561
49 13 345
49 14 692
49 15 2443
49 16 969
49 17 1021
49 18 1667
49 19 229
49 20 1923
49 21 1542
49 22 436
49 23 818
49 24 1568
49 25 874
49 26 1863
49 27 2135
49 28 921
49 29 1299
49 30 1294
49 31 632
49 32 2457
49 33 795
49 34 3036
49 35 2040
49 36 718
49 37 590
49 38 2606
49 39 1375
49 40 144
49 41 2558
49 42 1327
49 43 96
49 44 2510
49 45 1279
49 46 48
49 47 2462
49 48 1231
49 49 0
49 50 2510
49 51 1279
49 52 48
49 53 2558
49 54 1327
49 55 96
49 56 2606
49 57 1375
49 58 144
49 59 2654
49 60 1423
49 61 192
49 62 2702
49 63 1471
49 64 240
49 65 2750
49 66 1519
49 67 288
49 68 2798
49 69 1567
49 70 336
49 71 2846
49 72 1615
49 73 384
49 74 2894
49 75 1663
49 76 432
49 77 2942
49 78 1711
49 79 480
49 80 2990
49 81 1759
49 82 528
49 83 3038
49 84 1807
49 85 576
49 86 3086
49 87 1855
49 88 624
49 89 3134
49 90 1903
49 91 672
49 92 2726
50 0 312
50 1 1694
50 2 1507
50 3 1971
50 4 2023
50 5 1889
50 6 1199
50 7 1137
50 8 775
50 9 658
50 10 2593
50 11 1815
50 12 333
50 13 2165
50 14 1914
50 15 163
50 16 1637
50 17 1585
50 18 939
50 19 2569
50 20 779
50 21 1256
50 22 2170
50 23 1980
50 24 1230
50 25 1732
50 26 935
50 27 471
50 28 1589
50 29 1499
50 30 1216
50 31 2166
50 32 437
50 33 2771
50 34 626
50 35 662
50 36 1888
50 37 2592
50 38 192
50 39 1423
50 40 2654
50 41 144
50 42 1375
50 43 2606
50 44 96
50 45 1327
50 46 2558
50 47 48
50 48 1279
50 49 2510
50 50 0
50 51 1231
50 52 2462
50 53 48
50 54 1279
50 55 2510
50 56 96
50 57 1327
50 58 2558
50 59 144
50 60 1375
50 61 2606
50 62 192
50 63 1423
50 64 2654
50 65 240
50 66 1471
50 67 2702
50 68 288
50 69 1519
50 70 2750
50 71 336
50 72 1567
50 73 2798
50 74 384
50 75 1615
50 76 2846
50 77 432
50 78 1663
50 79 2894
50 80 480
50 81 1711
50 82 2942
50 83 528
50 84 1759
50 85 2990
50 86 576
50 87 1807
50 88 3038
50 89 624
50 90 1855
50 91 3086
50 92 312
51 0 1543
51 1 463
51 2 276
51 3 740
51 4 792
51 5 658
51 6 224
51 7 1150
51 8 840
51 9 957
51 10 1362
51 11 584
51 12 1282
51 13 934
51 14 683
51 15 1164
51 16 406
51 17 354
51 18 484
51 19 1338
51 20 740
51 21 359
51 22 939
51 23 749
51 24 385
51 25 501
51 26 584
51 27 952
51 28 358
51 29 268
51 30 111
51 31 935
51 32 1178
51 33 1540
51 34 1757
51 35 857
51 36 657
51 37 1361
51 38 1423
51 39 192
51 40 1423
51 41 1375
51 42 144
51 43 1375
51 44 1327
51 45 96
51 46 1327
51 47 1279
51 48 48
51 49 1279
51 50 1231
51 51 0
51 52 1231
51 53 1279
51 54 48
51 55 1279
51 56 1327
51 57 96
51 58 1327
51 59 1375
51 60 144
51 61 1375
51 62 1423
51 63 192
51 64 1423
51 65 1471
51 66 240
51 67 1471
51 68 1519
51 69 288
51 70 1519
51 71 1567
51 72 336
51 73 1567
51 74 1615
51 75 384
51 76 1615
51 77 1663
51 78 432
51 79 1663
51 80 1711
51 81 480
51 82 1711
51 83 1759
51 84 528
51 85 1759
51 86 1807
51 87 576
51 88 1807
51 89 1855
51 90 624
51 91 1855
51 92 1543
52 0 2774
52 1 1152
52 2 1147
52 3 779
52 4 727
52 5 957
52 6 1455
52 7 2381
52 8 2071
52 9 2188
52 10 829
52 11 935
52 12 2513
52 13 297
52 14 644
52 15 2395
52 16 1017
52 17 1069
52 18 1715
52 19 181
52 20 1971
52 21 1590
52 22 484
52 23 866
52 24 1616
52 25 826
52 26 1815
52 27 2183
52 28 969
52 29 1347
52 30 1342
52 31 584
52 32 2409
52 33 747
52 34 2988
52 35 2088
52 36 670
52 37 542
52 38 2654
52 39 1423
52 40 192
52 41 2606
52 42 1375
52 43 144
52 44 2558
52 45 1327
52 46 96
52 47 2510
52 48 1279
52 49 48
52 50 2462
52 51 1231
52 52 0
52 53 2510
52 54 1279
52 55 48
52 56 2558
52 57 1327
52 58 96
52 59 2606
52 60 1375
52 61 144
52 62 2654
52 63 1423
52 64 192
52 65 2702
52 66 1471
52 67 240
52 68 2750
52 69 1519
52 70 288
52 71 2798
52 72 1567
52 73 336
52 74 2846
52 75 1615
52 76 384
52 77 2894
52 78 1663
52 79 432
52 80 2942
52 81 1711
52 82 480
52 83 2990
52 84 1759
52 85 528
52 86 3038
52 87 1807
52 88 576
52 89 3086
52 90 1855
52 91 624
52 92 2774
53 0 360
53 1 1742
53 2 1555
53 3 2019
53 4 2071
53 5 1937
53 6 1247
53 7 1089
53 8 727
53 9 610
53 10 2545
53 11 1863
53 12 285
53 13 2213
53 14 1866
53 15 115
53 16 1685
53 17 1633
53 18 987
53 19 2521
53 20 827
53 21 1304
53 22 2218
53 23 2028
53 24 1278
53 25 1684
53 26 887
53 27 519
53 28 1637
53 29 1547
53 30 1264
53 31 2118
53 32 389
53 33 2723
53 34 578
53 35 710
53 36 1840
53 37 2544
53 38 240
53 39 1471
53 40 2702
53 41 192
53 42 1423
53 43 2654
53 44 144
53 45 1375
53 46 2606
53 47 96
53 48 1327
53 49 2558
53 50 48
53 51 1279
53 52 2510
53 53 0
53 54 1231
53 55 2462
53 56 48
53 57 1279
53 58 2510
53 59 96
53 60 1327
53 61 2558
53 62 144
53 63 1375
53 64 2606
53 65 192
53 66 1423
53 67 2654
53 68 240
53 69 1471
53 70 2702
53 71 288
53 72 1519
53 73 2750
53 74 336
53 75 1567
53 76 2798
53 77 384
53 78 1615
53 79 2846
53 80 432
53 81 1663
53 82 2894
53 83 480
53 84 1711
53 85 2942
53 86 528
53 87 1759
53 88 2990
53 89 576
53 90 1807
53 91 3038
53 92 360
54 0 1591
54 1 511
54 2 324
54 3 788
54 4 840
54 5 706
54 6 272
54 7 1102
54 8 792
54 9 909
54 10 1314
54 11 632
54 12 1234
54 13 982
54 14 635
54 15 1116
54 16 454
54 17 402
54 18 532
54 19 1290
54 20 788
54 21 407
54 22 987
54 23 797
54 24 433
54 25 453
54 26 536
54 27 1000
54 28 406
54 29 316
54 30 159
54 31 887
54 32 1130
54 33 1492
54 34 1709
54 35 905
54 36 609
54 37 1313
54 38 1471
54 39 240
54 40 1471
54 41 1423
54 42 192
54 43 1423
54 44 1375
54 45 144
54 46 1375
54 47 1327
54 48 96
54 49 1327
54 50 1279
54 51 48
54 52 1279
54 53 1231
54 54 0
54 55 1231
54 56 1279
54 57 48
54 58 1279
54 59 1327
54 60 96
54 61 1327
54 62 1375
54 63 144
54 64 1375
54 65 1423
54 66 192
54 67 1423
54 68 1471
54 69 240
54 70 1471
54 71 1519
54 72 288
54 73 1519
54 74 1567
54 75 336
54 76 1567
54 77 1615
54 78 384
54 79 1615
54 80 1663
54 81 432
54 82 1663
54 83 1711
54 84 480
54 85 1711
54 86 1759
54 87 528
54 88 1759
54 89 1807
54 90 576
54 91 1807
54 92 1591
55 0 2822
55 1 1200
55 2 1195
55 3 827
55 4 775
55 5 1005
55 6 1503
55 7 2333
55 8 2023
55 9 2140
55 10 781
55 11 983
55 12 2465
55 13 345
55 14 596
55 15 2347
55 16 1065
55 17 1117
55 18 1763
55 19 133
55 20 2019
55 21 1638
55 22 532
55 23 914
55 24 1664
55 25 778
55 26 1767
55 27 2231
55 28 1017
55 29 1395
55 30 1390
55 31 536
55 32 2361
55 33 699
55 34 2940
55 35 2136
55 36 622
55 37 494
55 38 2702
55 39 1471
55 40 240
55 41 2654
55 42 1423
55 43 192
55 44 2606
55 45 1375
55 46 144
55 47 2558
55 48 1327
55 49 96
55 50 2510
55 51 1279
55 52 48
55 53 2462
55 54 1231
55 55 0
55 56 2510
55 57 1279
55 58 48
55 59 2558
55 60 1327
55 61 96
55 62 2606
55 63 1375
55 64 144
55 65 2654
55 66 1423
55 67 192
55 68 2702
55 69 1471
55 70 240
55 71 2750
55 72 1519
55 73 288
55 74 2798
55 75 1567
55 76 336
55 77 2846
55 78 1615
55 79 384
55 80 2894
55 81 1663
55 82 432
55 83 2942
55 84 1711
55 85 480
55 86 2990
55 87 1759
55 88 528
55 89 3038
55 90 1807
55 91 576
55 92 2822
56 0 408
56 1 1790
56 2 1603
56 3 2067
56 4 2119
56 5 1985
56 6 1295
56 7 1041
56 8 679
56 9 562
56 10 2497
56 11 1911
56 12 237
56 13 2261
56 14 1914
56 15 163
56 16 1733
56 17 1681
56 18 1035
56 19 2473
56 20 875
56 21 1352
56 22 2266
56 23 2076
56 24 1326
56 25 1732
56 26 839
56 27 567
56 28 1685
56 29 1595
56 30 1312
56 31 2070
56 32 341
56 33 2675
56 34 530
56 35 758
56 36 1888
56 37 2496
56 38 288
56 39 1519
56 40 2750
56 41 240
56 42 1471
56 43 2702
56 44 192
56 45 1423
56 46 2654
56 47 144
56 48 1375
56 49 2606
56 50 96
56 51 1327
56 52 2558
56 53 48
56 54 1279
56 55 2510
56 56 0
56 57 1231
56 58 2462
56 59 48
56 60 1279
56 61 2510
56 62 96
56 63 1327
56 64 2558
56 65 144
56 66 1375
56 67 2606
56 68 192
56 69 1423
56 70 2654
56 71 240
56 72 1471
56 73 2702
56 74 288
56 75 1519
56 76 2750
56 77 336
56 78 1567
56 79 2798
56 80 384
56 81 1615
56 82 2846
56 83 432
56 84 1663
56 85 2894
56 86 480
56 87 1711
56 88 2942
56 89 528
56 90 1759
56 91 2990
56 92 408
57 0 1639
57 1 559
57 2 372
57 3 836
57 4 888
57 5 754
57 6 320
57 7 1054
57 8 744
57 9 861
57 10 1266
57 11 680
57 12 1186
57 13 1030
57 14 683
57 15 1164
57 16 502
57 17 450
57 18 580
57 19 1242
57 20 836
57 21 455
57 22 1035
57 23 845
57 24 481
57 25 501
57 26 488
57 27 1048
57 28 454
57 29 364
57 30 207
57 31 839
57 32 1082
57 33 1444
57 34 1661
57 35 953
57 36 657
57 37 1265
57 38 1519
57 39 288
57 40 1519
57 41 1471
57 42 240
57 43 1471
57 44 1423
57 45 192
57 46 1423
57 47 1375
57 48 144
57 49 1375
57 50 1327
57 51 96
57 52 1327
57 53 1279
57 54 48
57 55 1279
57 56 1231
57 57 0
57 58 1231
57 59 1279
57 60 48
57 61 1279
57 62 1327
57 63 96
57 64 1327
57 65 1375
57 66 144
57 67 1375
57 68 1423
57 69 192
57 70 1423
57 71 1471
57 72 240
57 73 1471
57 74 1519
57 75 288
57 76 1519
57 77 1567
57 78 336
57 79 1567
57 80 1615
57 81 384
57 82 1615
57 83 1663
57 84 432
57 85 1663
57 86 1711
57 87 480
57 88 1711
57 89 1759
57 90 528
57 91 1759
57 92 1639
58 0 2870
58 1 1248
58 2 1243
58 3 875
58 4 823
58 5 1053
58 6 1551
58 7 2285
58 8 1975
58 9 2092
58 10 733
58 11 1031
58 12 2417
58 13 393
58 14 644
58 15 2395
58 16 1113
58 17 1165
58 18 1811
58 19 85
58 20 2067
58 21 1686
58 22 580
58 23 962
58 24 1712
58 25 826
58 26 1719
58 27 2279
58 28 1065
58 29 1443
58 30 1438
58 31 488
58 32 2313
58 33 651
58 34 2892
58 35 2184
58 36 670
58 37 446
58 38 2750
58 39 1519
58 40 288
58 41 2702
58 42 1471
58 43 240
58 44 2654
58 45 1423
58 46 192
58 47 2606
58 48 1375
58 49 144
58 50 2558
58 51 1327
58 52 96
58 53 2510
58 54 1279
58 55 48
58 56 2462
58 57 1231
58 58 0
58 59 2510
58 60 1279
58 61 48
58 62 2558
58 63 1327
58 64 96
58 65 2606
58 66 1375
58 67 144
58 68 2654
58 69 1423
58 70 192
58 71 2702
58 72 1471
58 73 240
58 74 2750
58 75 1519
58 76 288
58 77 2798
58 78 1567
58 79 336
58 80 2846
58 81 1615
58 82 384
58 83 2894
58 84 1663
58 85 432
58 86 2942
58 87 1711
58 88 480
58 89 2990
58 90 1759
58 91 528
58 92 2870
59 0 456
59 1 1838
59 2 1651
59 3 2115
59 4 2167
59 5 2033
59 6 1343
59 7 993
59 8 631
59 9 514
59 10 2449
59 11 1959
59 12 189
59 13 2309
59 14 1962
59 15 211
59 16 1781
59 17 1729
59 18 1083
59 19 2425
59 20 923
59 21 1400
59 22 2314
59 23 2124
59 24 1374
59 25 1780
59 26 791
59 27 615
59 28 1733
59 29 1643
59 30 1360
59 31 2022
59 32 293
59 33 2627
59 34 482
59 35 806
59 36 1936
59 37 2448
59 38 336
59 39 1567
59 40 2798
59 41 288
59 42 1519
59 43 2750
59 44 240
59 45 1471
59 46 2702
59 47 192
59 48 1423
59 49 2654
59 50 144
59 51 1375
59 52 2606
59 53 96
59 54 1327
59 55 2558
59 56 48
59 57 1279
59 58 2510
59 59 0
59 60 1231
59 61 2462
59 62 48
59 63 1279
59 64 2510
59 65 96
59 66 1327
59 67 2558
59 68 144
59 69 1375
59 70 2606
59 71 192
59 72 1423
59 73 2654
59 74 240
59 75 1471
59 76 2702
59 77 288
59 78 1519
59 79 2750
59 80 336
59 81 1567
59 82 2798
59 83 384
59 84 1615
59 85 2846
59 86 432
59 87 1663
59 88 2894
59 89 480
59 90 1711
59 91 2942
59 92 456
60 0 1687
60 1 607
60 2 420
60 3 884
60 4 936
60 5 802
60 6 368
60 7 1006
60 8 696
60 9 813
60 10 1218
60 11 728
60 12 1138
60 13 1078
60 14 731
60 15 1212
60 16 550
60 17 498
60 18 628
60 19 1194
60 20 884
60 21 503
60 22 1083
60 23 893
60 24 529
60 25 549
60 26 440
60 27 1096
60 28 502
60 29 412
60 30 255
60 31 791
60 32 1034
60 33 1396
60 34 1613
60 35 1001
60 36 705
60 37 1217
60 38 1567
60 39 336
60 40 1567
60 41 1519
60 42 288
60 43 1519
60 44 1471
60 45 240
60 46 1471
60 47 1423
60 48 192
60 49 1423
60 50 1375
60 51 144
60 52 1375
60 53 1327
60 54 96
60 55 1327
60 56 1279
60 57 48
60 58 1279
60 59 1231
60 60 0
60 61 1231
60 62 1279
60 63 48
60 64 1279
60 65 1327
60 66 96
60 67 1327
60 68 1375
60 69 144
60 70 1375
60 71 1423
60 72 192
60 73 1423
60 74 1471
60 75 240
60 76 1471
60 77 1519
60 78 288
60 79 1519
60 80 1567
60 81 336
60 82 1567
60 83 1615
60 84 384
60 85 1615
60 86 1663
60 87 432
60 88 1663
60 89 1711
60 90 480
60 91 1711
60 92 1687
61 0 2918
61 1 1296
61 2 1291
61 3 923
61 4 871
61 5 1101
61 6 1599
61 7 2237
61 8 1927
61 9 2044
61 10 685
61 11 1079
61 12 2369
61 13 441
61 14 692
61 15 2443
61 16 1161
61 17 1213
61 18 1859
61 19 37
61 20 2115
61 21 1734
61 22 628
61 23 1010
61 24 1760
61 25 874
61 26 1671
61 27 2327
61 28 1113
61 29 1491
61 30 1486
61 31 440
61 32 2265
61 33 603
61 34 2844
61 35 2232
61 36 718
61 37 398
61 38 2798
61 39 1567
61 40 336
61 41 2750
61 42 1519
61 43 288
61 44 2702
61 45 1471
61 46 240
61 47 2654
61 48 1423
61 49 192
61 50 2606
61 51 1375
61 52 144
61 53 2558
61 54 1327
61 55 96
61 56 2510
61 57 1279
61 58 48
61 59 2462
61 60 1231
61 61 0
61 62 2510
61 63 1279
61 64 48
61 65 2558
61 66 1327
61 67 96
61 68 2606
61 69 1375
61 70 144
61 71 2654
61 72 1423
61 73 192
61 74 2702
61 75 1471
61 76 240
61 77 2750
61 78 1519
61 79 288
61 80 2798
61 81 1567
61 82 336
61 83 2846
61 84 1615
61 85 384
61 86 2894
61 87 1663
61 88 432
61 89 2942
61 90 1711
61 91 480
61 92 2918
62 0 504
62 1 1886
62 2 1699
62 3 2163
62 4 2215
62 5 2081
62 6 1391
62 7 945
62 8 583
62 9 466
62 10 2401
62 11 2007
62 12 141
62 13 2357
62 14 2010
62 15 259
62 16 1829
62 17 1777
62 18 1131
62 19 2473
62 20 971
62 21 1448
62 22 2362
62 23 2172
62 24 1422
62 25 1828
62 26 839
62 27 663
62 28 1781
62 29 1691
62 30 1408
62 31 2070
62 32 245
62 33 2579
62 34 434
62 35 854
62 36 1984
62 37 2400
62 38 384
62 39 1615
62 40 2846
62 41 336
62 42 1567
62 43 2798
62 44 288
62 45 1519
62 46 2750
62 47 240
62 48 1471
62 49 2702
62 50 192
62 51 1423
62 52 2654
62 53 144
62 54 1375
62 55 2606
62 56 96
62 57 1327
62 58 2558
62 59 48
62 60 1279
62 61 2510
62 62 0
62 63 1231
62 64 2462
62 65 48
62 66 1279
62 67 2510
62 68 96
62 69 1327
62 70 2558
62 71 144
62 72 1375
62 73 2606
62 74 192
62 75 1423
62 76 2654
62 77 240
62 78 1471
62 79 2702
62 80 288
62 81 1519
62 82 2750
62 83 336
62 84 1567
62 85 2798
62 86 384
62 87 1615
62 88 2846
62 89 432
62 90 1663
62 91 2894
62 92 504
63 0 1735
63 1 655
63 2 468
63 3 932
63 4 984
63 5 850
63 6 416
63 7 958
63 8 648
63 9 765
63 10 1170
63 11 776
63 12 1090
63 13 1126
63 14 779
63 15 1260
63 16 598
63 17 546
63 18 676
63 19 1242
63 20 932
63 21 551
63 22 1131
63 23 941
63 24 577
63 25 597
63 26 488
63 27 1144
63 28 550
63 29 460
63 30 303
63 31 839
63 32 986
63 33 1348
63 34 1565
63 35 1049
63 36 753
63 37 1169
63 38 1615
63 39 384
63 40 1615
63 41 1567
63 42 336
63 43 1567
63 44 1519
63 45 288
63 46 1519
63 47 1471
63 48 240
63 49 1471
63 50 1423
63 51 192
63 52 1423
63 53 1375
63 54 144
63 55 1375
63 56 1327
63 57 96
63 58 1327
63 59 1279
63 60 48
63 61 1279
63 62 1231
63 63 0
63 64 1231
63 65 1279
63 66 48
63 67 1279
63 68 1327
63 69 96
63 70 1327
63 71 1375
63 72 144
63 73 1375
63 74 1423
63 75 192
63 76 1423
63 77 1471
63 78 240
63 79 1471
63 80 1519
63 81 288
63 82 1519
63 83 1567
63 84 336
63 85 1567
63 86 1615
63 87 384
63 88 1615
63 89 1663
63 90 432
63 91 1663
63 92 1735
64 0 2966
64 1 1344
64 2 1339
64 3 971
64 4 919
64 5 1149
64 6 1647
64 7 2189
64 8 1879
64 9 1996
64 10 637
64 11 1127
64 12 2321
64 13 489
64 14 740
64 15 2491
64 16 1209
64 17 1261
64 18 1907
64 19 85
64 20 2163
64 21 1782
64 22 676
64 23 1058
64 24 1808
64 25 922
64 26 1719
64 27 2375
64 28 1161
64 29 1539
64 30 1534
64 31 488
64 32 2217
64 33 555
64 34 2796
64 35 2280
64 36 766
64 37 350
64 38 2846
64 39 1615
64 40 384
64 41 2798
64 42 1567
64 43 336
64 44 2750
64 45 1519
64 46 288
64 47 2702
64 48 1471
64 49 240
64 50 2654
64 51 1423
64 52 192
64 53 2606
64 54 1375
64 55 144
64 56 2558
64 57 1327
64 58 96
64 59 2510
64 60 1279
64 61 48
64 62 2462
64 63 1231
64 64 0
64 65 2510
64 66 1279
64 67 48
64 68 2558
64 69 1327
64 70 96
64 71 2606
64 72 1375
64 73 144
64 74 2654
64 75 1423
64 76 192
64 77 2702
64 78 1471
64 79 240
64 80 2750
64 81 1519
64 82 288
64 83 2798
64 84 1567
64 85 336
64 86 2846
64 87 1615
64 88 384
64 89 2894
64 90 1663
64 91 432
64 92 2966
65 0 552
65 1 1934
65 2 1747
65 3 2211
65 4 2263
65 5 2129
65 6 1439
65 7 897
65 8 631
65 9 514
65 10 2353
65 11 2055
65 12 189
65 13 2405
65 14 2058
65 15 307
65 16 1877
65 17 1825
65 18 1179
65 19 2521
65 20 1019
65 21 1496
65 22 2410
65 23 2220
65 24 1470
65 25 1876
65 26 887
65 27 711
65 28 1829
65 29 1739
65 30 1456
65 31 2118
65 32 293
65 33 2531
65 34 386
65 35 902
65 36 2032
65 37 2352
65 38 432
65 39 1663
65 40 2894
65 41 384
65 42 1615
65 43 2846
65 44 336
65 45 1567
65 46 2798
65 47 288
65 48 1519
65 49 2750
65 50 240
65 51 1471
65 52 2702
65 53 192
65 54 1423
65 55 2654
65 56 144
65 57 1375
65 58 2606
65 59 96
65 60 1327
65 61 2558
65 62 48
65 63 1279
65 64 2510
65 65 0
65 66 1231
65 67 2462
65 68 48
65 69 1279
65 70 2510
65 71 96
65 72 1327
65 73 2558
65 74 144
65 75 1375
65 76 2606
65 77 192
65 78 1423
65 79 2654
65 80 240
65 81 1471
65 82 2702
65 83 288
65 84 1519
65 85 2750
65 86 336
65 87 1567
65 88 2798
65 89 384
65 90 1615
65 91 2846
65 92 552
66 0 1783
66 1 703
66 2 516
66 3 980
66 4 1032
66 5 898
66 6 464
66 7 910
66 8 696
66 9 813
66 10 1122
66 11 824
66 12 1138
66 13 1174
66 14 827
66 15 1308
66 16 646
66 17 594
66 18 724
66 19 1290
66 20 980
66 21 599
66 22 1179
66 23 989
66 24 625
66 25 645
66 26 536
66 27 1192
66 28 598
66 29 508
66 30 351
66 31 887
66 32 1034
66 33 1300
66 34 1517
66 35 1097
66 36 801
66 37 1121
66 38 1663
66 39 432
66 40 1663
66 41 1615
66 42 384
66 43 1615
66 44 1567
66 45 336
66 46 1567
66 47 1519
66 48 288
66 49 1519
66 50 1471
66 51 240
66 52 1471
66 53 1423
66 54 192
66 55 1423
66 56 1375
66 57 144
66 58 1375
66 59 1327
66 60 96
66 61 1327
66 62 1279
66 63 48
66 64 1279
66 65 1231
66 66 0
66 67 1231
66 68 1279
66 69 48
66 70 1279
66 71 1327
66 72 96
66 73 1327
66 74 1375
66 75 144
66 76 1375
66 77 1423
66 78 192
66 79 1423
66 80 1471
66 81 240
66 82 1471
66 83 1519
66 84 288
66 85 1519
66 86 1567
66 87 336
66 88 1567
66 89 1615
66 90 384
66 91 1615
66 92 1783
67 0 3014
67 1 1392
67 2 1387
67 3 1019
67 4 967
67 5 1197
67 6 1695
67 7 2141
67 8 1927
67 9 2044
67 10 589
67 11 1175
67 12 2369
67 13 537
67 14 788
67 15 2539
67 16 1257
67 17 1309
67 18 1955
67 19 133
67 20 2211
67 21 1830
67 22 724
67 23 1106
67 24 1856
67 25 970
67 26 1767
67 27 2423
67 28 1209
67 29 1587
67 30 1582
67 31 536
67 32 2265
67 33 507
67 34 2748
67 35 2328
67 36 814
67 37 302
67 38 2894
67 39 1663
67 40 432
67 41 2846
67 42 1615
67 43 384
67 44 2798
67 45 1567
67 46 336
67 47 2750
67 48 1519
67 49 288
67 50 2702
67 51 1471
67 52 240
67 53 2654
67 54 1423
67 55 192
67 56 2606
67 57 1375
67 58 144
67 59 2558
67 60 1327
67 61 96
67 62 2510
67 63 1279
67 64 48
67 65 2462
67 66 1231
67 67 0
67 68 2510
67 69 1279
67 70 48
67 71 2558
67 72 1327
67 73 96
67 74 2606
67 75 1375
67 76 144
67 77 2654
67 78 1423
67 79 192
67 80 2702
67 81 1471
67 82 240
67 83 2750
67 84 1519
67 85 288
67 86 2798
67 87 1567
67 88 336
67 89 2846
67 90 1615
67 91 384
67 92 3014
68 0 600
68 1 1982
68 2 1795
68 3 2259
68 4 2311
68 5 2177
68 6 1487
68 7 849
68 8 679
68 9 562
68 10 2305
68 11 2103
68 12 237
68 13 2453
68 14 2106
68 15 355
68 16 1925
68 17 1873
68 18 1227
68 19 2569
68 20 1067
68 21 1544
68 22 2458
68 23 2268
68 24 1518
68 25 1924
68 26 935
68 27 759
68 28 1877
68 29 1787
68 30 1504
68 31 2166
68 32 341
68 33 2483
68 34 338
68 35 950
68 36 2080
68 37 2304
68 38 480
68 39 1711
68 40 2942
68 41 432
68 42 1663
68 43 2894
68 44 384
68 45 1615
68 46 2846
68 47 336
68 48 1567
68 49 2798
68 50 288
68 51 1519
68 52 2750
68 53 240
68 54 1471
68 55 2702
68 56 192
68 57 1423
68 58 2654
68 59 144
68 60 1375
68 61 2606
68 62 96
68 63 1327
68 64 2558
68 65 48
68 66 1279
68 67 2510
68 68 0
68 69 1231
68 70 2462
68 71 48
68 72 1279
68 73 2510
68 74 96
68 75 1327
68 76 2558
68 77 144
68 78 1375
68 79 2606
68 80 192
68 81 1423
68 82 2654
68 83 240
68 84 1471
68 85 2702
68 86 288
68 87 1519
68 88 2750
68 89 336
68 90 1567
68 91 2798
68 92 600
69 0 1831
69 1 751
69 2 564
69 3 1028
69 4 1080
69 5 946
69 6 512
69 7 862
69 8 744
69 9 861
69 10 1074
69 11 872
69 12 1186
69 13 1222
69 14 875
69 15 1356
69 16 694
69 17 642
69 18 772
69 19 1338
69 20 1028
69 21 647
69 22 1227
69 23 1037
69 24 673
69 25 693
69 26 584
69 27 1240
69 28 646
69 29 556
69 30 399
69 31 935
69 32 1082
69 33 1252
69 34 1469
69 35 1145
69 36 849
69 37 1073
69 38 1711
69 39 480
69 40 1711
69 41 1663
69 42 432
69 43 1663
69 44 1615
69 45 384
69 46 1615
69 47 1567
69 48 336
69 49 1567
69 50 1519
69 51 288
69 52 1519
69 53 1471
69 54 240
69 55 1471
69 56 1423
69 57 192
69 58 1423
69 59 1375
69 60 144
69 61 1375
69 62 1327
69 63 96
69 64 1327
69 65 1279
69 66 48
69 67 1279
69 68 1231
69 69 0
69 70 1231
69 71 1279
69 72 48
69 73 1279
69 74 1327
69 75 96
69 76 1327
69 77 1375
69 78 144
69 79 1375
69 80 1423
69 81 192
69 82 1423
69 83 1471
69 84 240
69 85 1471
69 86 1519
69 87 288
69 88 1519
69 89 1567
69 90 336
69 91 1567
69 92 1831
70 0 3062
70 1 1440
70 2 1435
70 3 1067
70 4 1015
70 5 1245
70 6 1743
70 7 2093
70 8 1975
70 9 2092
70 10 541
70 11 1223
70 12 2417
70 13 585
70 14 836
70 15 2587
70 16 1305
70 17 1357
70 18 2003
70 19 181
70 20 2259
70 21 1878
70 22 772
70 23 1154
70 24 1904
70 25 1018
70 26 1815
70 27 2471
70 28 1257
70 29 1635
70 30 1630
70 31 584
70 32 2313
70 33 459
70 34 2700
70 35 2376
70 36 862
70 37 254
70 38 2942
70 39 1711
70 40 480
70 41 2894
70 42 1663
70 43 432
70 44 2846
70 45 1615
70 46 384
70 47 2798
70 48 1567
70 49 336
70 50 2750
70 51 1519
70 52 288
70 53 2702
70 54 1471
70 55 240
70 56 2654
70 57 1423
70 58 192
70 59 2606
70 60 1375
70 61 144
70 62 2558
70 63 1327
70 64 96
70 65 2510
70 66 1279
70 67 48
70 68 2462
70 69 1231
70 70 0
70 71 2510
70 72 1279
70 73 48
70 74 2558
70 75 1327
70 76 96
70 77 2606
70 78 1375
70 79 144
70 80 2654
70 81 1423
70 82 192
70 83 2702
70 84 1471
70 85 240
70 86 2750
70 87 1519
70 88 288
70 89 2798
70 90 1567
70 91 336
70 92 3062
71 0 648
71 1 2030
71 2 1843
71 3 2307
71 4 2359
71 5 2225
71 6 1535
71 7 801
71 8 727
71 9 610
71 10 2257
71 11 2151
71 12 285
71 13 2501
71 14 2154
71 15 403
71 16 1973
71 17 1921
71 18 1275
71 19 2617
71 20 1115
71 21 1592
71 22 2506
71 23 2316
71 24 1566
71 25 1972
71 26 983
71 27 807
71 28 1925
71 29 1835
71 30 1552
71 31 2214
71 32 389
71 33 2435
71 34 290
71 35 998
71 36 2128
71 37 2256
71 38 528
71 39 1759
71 40 2990
71 41 480
71 42 1711
71 43 2942
71 44 432
71 45 1663
71 46 2894
71 47 384
71 48 1615
71 49 2846
71 50 336
71 51 1567
71 52 2798
71 53 288
71 54 1519
71 55 2750
71 56 240
71 57 1471
71 58 2702
71 59 192
71 60 1423
71 61 2654
71 62 144
71 63 1375
71 64 2606
71 65 96
71 66 1327
71 67 2558
71 68 48
71 69 1279
71 70 2510
71 71 0
71 72 1231
71 73 2462
71 74 48
71 75 1279
71 76 2510
71 77 96
71 78 1327
71 79 2558
71 80 144
71 81 1375
71 82 2606
71 83 192
71 84 1423
71 85 2654
71 86 240
71 87 1471
71 88 2702
71 89 288
71 90 1519
71 91 2750
71 92 648
72 0 1879
72 1 799
72 2 612
72 3 1076
72 4 1128
72 5 994
72 6 560
72 7 814
72 8 792
72 9 909
72 10 1026
72 11 920
72 12 1234
72 13 1270
72 14 923
72 15 1404
72 16 742
72 17 690
72 18 820
72 19 1386
72 20 1076
72 21 695
72 22 1275
72 23 1085
72 24 721
72 25 741
72 26 632
72 27 1288
72 28 694
72 29 604
72 30 447
72 31 983
72 32 1130
72 33 1204
72 34 1421
72 35 1193
72 36 897
72 37 1025
72 38 1759
72 39 528
72 40 1759
72 41 1711
72 42 480
72 43 1711
72 44 1663
72 45 432
72 46 1663
72 47 1615
72 48 384
72 49 1615
72 50 1567
72 51 336
72 52 1567
72 53 1519
72 54 288
72 55 1519
72 56 1471
72 57 240
72 58 1471
72 59 1423
72 60 192
72 61 1423
72 62 1375
72 63 144
72 64 1375
72 65 1327
72 66 96
72 67 1327
72 68 1279
72 69 48
72 70 1279
72 71 1231
72 72 0
72 73 1231
72 74 1279
72 75 48
72 76 1279
72 77 1327
72 78 96
72 79 1327
72 80 1375
72 81 144
72 82 1375
72 83 1423
72 84 192
72 85 1423
72 86 1471
72 87 240
72 88 1471
72 89 1519
72 90 288
72 91 1519
72 92 1879
73 0 3110
73 1 1488
73 2 1483
73 3 1115
73 4 1063
73 5 1293
73 6 1791
73 7 2045
73 8 2023
73 9 2140
73 10 493
73 11 1271
73 12 2465
73 13 633
73 14 884
73 15 2635
73 16 1353
73 17 1405
73 18 2051
73 19 229
73 20 2307
73 21 1926
73 22 820
73 23 1202
73 24 1952
73 25 1066
73 26 1863
73 27 2519
73 28 1305
73 29 1683
73 30 1678
73 31 632
73 32 2361
73 33 411
73 34 2652
73 35 2424
73 36 910
73 37 206
73 38 2990
73 39 1759
73 40 528
73 41 2942
73 42 1711
73 43 480
73 44 2894
73 45 1663
73 46 432
73 47 2846
73 48 1615
73 49 384
73 50 2798
73 51 1567
73 52 336
73 53 2750
73 54 1519
73 55 288
73 56 2702
73 57 1471
73 58 240
73 59 2654
73 60 1423
73 61 192
73 62 2606
73 63 1375
73 64 144
73 65 2558
73 66 1327
73 67 96
73 68 2510
73 69 1279
73 70 48
73 71 2462
73 72 1231
73 73 0
73 74 2510
73 75 1279
73 76 48
73 77 2558
73 78 1327
73 79 96
73 80 2606
73 81 1375
73 82 144
73 83 2654
73 84 1423
73 85 192
73 86 2702
73 87 1471
73 88 240
73 89 2750
73 90 1519
73 91 288
73 92 3110
74 0 696
74 1 2078
74 2 1891
74 3 2355
74 4 2407
74 5 2273
74 6 1583
74 7 753
74 8 775
74 9 658
74 10 2209
74 11 2199
74 12 333
74 13 2549
74 14 2202
74 15 451
74 16 2021
74 17 1969
74 18 1323
74 19 2665
74 20 1163
74 21 1640
74 22 2554
74 23 2364
74 24 1614
74 25 2020
74 26 1031
74 27 855
74 28 1973
74 29 1883
74 30 1600
74 31 2262
74 32 437
74 33 2387
74 34 242
74 35 1046
74 36 2176
74 37 2304
74 38 576
74 39 1807
74 40 3038
74 41 528
74 42 1759
74 43 2990
74 44 480
74 45 1711
74 46 2942
74 47 432
74 48 1663
74 49 2894
74 50 384
74 51 1615
74 52 2846
74 53 336
74 54 1567
74 55 2798
74 56 288
74 57 1519
74 58 2750
74 59 240
74 60 1471
74 61 2702
74 62 192
74 63 1423
74 64 2654
74 65 144
74 66 1375
74 67 2606
74 68 96
74 69 1327
74 70 2558
74 71 48
74 72 1279
74 73 2510
74 74 0
74 75 1231
74 76 2462
74 77 48
74 78 1279
74 79 2510
74 80 96
74 81 1327
74 82 2558
74 83 144
74 84 1375
74 85 2606
74 86 192
74 87 1423
74 88 2654
74 89 240
74 90 1471
74 91 2702
74 92 696
75 0 1927
75 1 847
75 2 660
75 3 1124
75 4 1176
75 5 1042
75 6 608
75 7 766
75 8 840
75 9 957
75 10 978
75 11 968
75 12 1282
75 13 1318
75 14 971
75 15 1452
75 16 790
75 17 738
75 18 868
75 19 1434
75 20 1124
75 21 743
75 22 1323
75 23 1133
75 24 769
75 25 789
75 26 680
75 27 1336
75 28 742
75 29 652
75 30 495
75 31 1031
75 32 1178
75 33 1156
75 34 1373
75 35 1241
75 36 945
75 37 1073
75 38 1807
75 39 576
75 40 1807
75 41 1759
75 42 528
75 43 1759
75 44 1711
75 45 480
75 46 1711
75 47 1663
75 48 432
75 49 1663
75 50 1615
75 51 384
75 52 1615
75 53 1567
75 54 336
75 55 1567
75 56 1519
75 57 288
75 58 1519
75 59 1471
75 60 240
75 61 1471
75 62 1423
75 63 192
75 64 1423
75 65 1375
75 66 144
75 67 1375
75 68 1327
75 69 96
75 70 1327
75 71 1279
75 72 48
75 73 1279
75 74 1231
75 75 0
75 76 1231
75 77 1279
75 78 48
75 79 1279
75 80 1327
75 81 96
75 82 1327
75 83 1375
75 84 144
75 85 1375
75 86 1423
75 87 192
75 88 1423
75 89 1471
75 90 240
75 91 1471
75 92 1927
76 0 3158
76 1 1536
76 2 1531
76 3 1163
76 4 1111
76 5 1341
76 6 1839
76 7 1997
76 8 2071
76 9 2188
76 10 445
76 11 1319
76 12 2513
76 13 681
76 14 932
76 15 2683
76 16 1401
76 17 1453
76 18 2099
76 19 277
76 20 2355
76 21 1974
76 22 868
76 23 1250
76 24 2000
76 25 1114
76 26 1911
76 27 2567
76 28 1353
76 29 1731
76 30 1726
76 31 680
76 32 2409
76 33 363
76 34 2604
76 35 2472
76 36 958
76 37 254
76 38 3038
76 39 1807
76 40 576
76 41 2990
76 42 1759
76 43 528
76 44 2942
76 45 1711
76 46 480
76 47 2894
76 48 1663
76 49 432
76 50 2846
76 51 1615
76 52 384
76 53 2798
76 54 1567
76 55 336
76 56 2750
76 57 1519
76 58 288
76 59 2702
76 60 1471
76 61 240
76 62 2654
76 63 1423
76 64 192
76 65 2606
76 66 1375
76 67 144
76 68 2558
76 69 1327
76 70 96
76 71 2510
76 72 1279
76 73 48
76 74 2462
76 75 1231
76 76 0
76 77 2510
76 78 1279
76 79 48
76 80 2558
76 81 1327
76 82 96
76 83 2606
76 84 1375
76 85 144
76 86 2654
76 87 1423
76 88 192
76 89 2702
76 90 1471
76 91 240
76 92 3158
77 0 744
77 1 2126
77 2 1939
77 3 2403
77 4 2455
77 5 2321
77 6 1631
77 7 705
77 8 823
77 9 706
77 10 2161
77 11 2247
77 12 381
77 13 2597
77 14 2250
77 15 499
77 16 2069
77 17 2017
77 18 1371
77 19 2713
77 20 1211
77 21 1688
77 22 2602
77 23 2412
77 24 1662
77 25 2068
77 26 1079
77 27 903
77 28 2021
77 29 1931
77 30 1648
77 31 2310
77 32 485
77 33 2339
77 34 194
77 35 1094
77 36 2224
77 37 2352
77 38 624
77 39 1855
77 40 3086
77 41 576
77 42 1807
77 43 3038
77 44 528
77 45 1759
77 46 2990
77 47 480
77 48 1711
77 49 2942
77 50 432
77 51 1663
77 52 2894
77 53 384
77 54 1615
77 55 2846
77 56 336
77 57 1567
77 58 2798
77 59 288
77 60 1519
77 61 2750
77 62 240
77 63 1471
77 64 2702
77 65 192
77 66 1423
77 67 2654
77 68 144
77 69 1375
77 70 2606
77 71 96
77 72 1327
77 73 2558
77 74 48
77 75 1279
77 76 2510
77 77 0
77 78 1231
77 79 2462
77 80 48
77 81 1279
77 82 2510
77 83 96
77 84 1327
77 85 2558
77 86 144
77 87 1375
77 88 2606
77 89 192
77 90 1423
77 91 2654
77 92 744
78 0 1975
78 1 895
78 2 708
78 3 1172
78 4 1224
78 5 1090
78 6 656
78 7 718
78 8 888
78 9 1005
78 10 930
78 11 1016
78 12 1330
78 13 1366
78 14 1019
78 15 1500
78 16 838
78 17 786
78 18 916
78 19 1482
78 20 1172
78 21 791
78 22 1371
78 23 1181
78 24 817
78 25 837
78 26 728
78 27 1384
78 28 790
78 29 700
78 30 543
78 31 1079
78 32 1226
78 33 1108
78 34 1325
78 35 1289
78 36 993
78 37 1121
78 38 1855
78 39 624
78 40 1855
78 41 1807
78 42 576
78 43 1807
78 44 1759
78 45 528
78 46 1759
78 47 1711
78 48 480
78 49 1711
78 50 1663
78 51 432
78 52 1663
78 53 1615
78 54 384
78 55 1615
78 56 1567
78 57 336
78 58 1567
78 59 1519
78 60 288
78 61 1519
78 62 1471
78 63 240
78 64 1471
78 65 1423
78 66 192
78 67 1423
78 68 1375
78 69 144
78 70 1375
78 71 1327
78 72 96
78 73 1327
78 74 1279
78 75 48
78 76 1279
78 77 1231
78 78 0
78 79 1231
78 80 1279
78 81 48
78 82 1279
78 83 1327
78 84 96
78 85 1327
78 86 1375
78 87 144
78 88 1375
78 89 1423
78 90 192
78 91 1423
78 92 1975
79 0 3206
79 1 1584
79 2 1579
79 3 1211
79 4 1159
79 5 1389
79 6 1887
79 7 1949
79 8 2119
79 9 2236
79 10 397
79 11 1367
79 12 2561
79 13 729
79 14 980
79 15 2731
79 16 1449
79 17 1501
79 18 2147
79 19 325
79 20 2403
79 21 2022
79 22 916
79 23 1298
79 24 2048
79 25 1162
79 26 1959
79 27 2615
79 28 1401
79 29 1779
79 30 1774
79 31 728
79 32 2457
79 33 315
79 34 2556
79 35 2520
79 36 1006
79 37 302
79 38 3086
79 39 1855
79 40 624
79 41 3038
79 42 1807
79 43 576
79 44 2990
79 45 1759
79 46 528
79 47 2942
79 48 1711
79 49 480
79 50 2894
79 51 1663
79 52 432
79 53 2846
79 54 1615
79 55 384
79 56 2798
79 57 1567
79 58 336
79 59 2750
79 60 1519
79 61 288
79 62 2702
79 63 1471
79 64 240
79 65 2654
79 66 1423
79 67 192
79 68 2606
79 69 1375
79 70 144
79 71 2558
79 72 1327
79 73 96
79 74 2510
79 75 1279
79 76 48
79 77 2462
79 78 1231
79 79 0
79 80 2510
79 81 1279
79 82 48
79 83 2558
79 84 1327
79 85 96
79 86 2606
79 87 1375
79 88 144
79 89 2654
79 90 1423
79 91 192
79 92 3206
80 0 792
80 1 2174
80 2 1987
80 3 2451
80 4 2503
80 5 2369
80 6 1679
80 7 657
80 8 871
80 9 754
80 10 2113
80 11 2295
80 12 429
80 13 2645
80 14 2298
80 15 547
80 16 2117
80 17 2065
80 18 1419
80 19 2761
80 20 1259
80 21 1736
80 22 2650
80 23 2460
80 24 1710
80 25 2116
80 26 1127
80 27 951
80 28 2069
80 29 1979
80 30 1696
80 31 2358
80 32 533
80 33 2291
80 34 146
80 35 1142
80 36 2272
80 37 2400
80 38 672
80 39 1903
80 40 3134
80 41 624
80 42 1855
80 43 3086
80 44 576
80 45 1807
80 46 3038
80 47 528
80 48 1759
80 49 2990
80 50 480
80 51 1711
80 52 2942
80 53 432
80 54 1663
80 55 2894
80 56 384
80 57 1615
80 58 2846
80 59 336
80 60 1567
80 61 2798
80 62 288
80 63 1519
80 64 2750
80 65 240
80 66 1471
80 67 2702
80 68 192
80 69 1423
80 70 2654
80 71 144
80 72 1375
80 73 2606
80 74 96
80 75 1327
80 76 2558
80 77 48
80 78 1279
80 79 2510
80 80 0
80 81 1231
80 82 2462
80 83 48
80 84 1279
80 85 2510
80 86 96
80 87 1327
80 88 2558
80 89 144
80 90 1375
80 91 2606
80 92 792
81 0 2023
81 1 943
81 2 756
81 3 1220
81 4 1272
81 5 1138
81 6 704
81 7 670
81 8 936
81 9 1053
81 10 882
81 11 1064
81 12 1378
81 13 1414
81 14 1067
81 15 1548
81 16 886
81 17 834
81 18 964
81 19 1530
81 20 1220
81 21 839
81 22 1419
81 23 1229
81 24 865
81 25 885
81 26 776
81 27 1432
81 28 838
81 29 748
81 30 591
81 31 1127
81 32 1274
81 33 1060
81 34 1277
81 35 1337
81 36 1041
81 37 1169
81 38 1903
81 39 672
81 40 1903
81 41 1855
81 42 624
81 43 1855
81 44 1807
81 45 576
81 46 1807
81 47 1759
81 48 528
81 49 1759
81 50 1711
81 51 480
81 52 1711
81 53 1663
81 54 432
81 55 1663
81 56 1615
81 57 384
81 58 1615
81 59 1567
81 60 336
81 61 1567
81 62 1519
81 63 288
81 64 1519
81 65 1471
81 66 240
81 67 1471
81 68 1423
81 69 192
81 70 1423
81 71 1375
81 72 144
81 73 1375
81 74 1327
81 75 96
81 76 1327
81 77 1279
81 78 48
81 79 1279
81 80 1231
81 81 0
81 82 1231
81 83 1279
81 84 48
81 85 1279
81 86 1327
81 87 96
81 88 1327
81 89 1375
81 90 144
81 91 1375
81 92 2023
82 0 3254
82 1 1632
82 2 1627
82 3 1259
82 4 1207
82 5 1437
82 6 1935
82 7 1901
82 8 2167
82 9 2284
82 10 349
82 11 1415
82 12 2609
82 13 777
82 14 1028
82 15 2779
82 16 1497
82 17 1549
82 18 2195
82 19 373
82 20 2451
82 21 2070
82 22 964
82 23 1346
82 24 2096
82 25 1210
82 26 2007
82 27 2663
82 28 1449
82 29 1827
82 30 1822
82 31 776
82 32 2505
82 33 267
82 34 2508
82 35 2568
82 36 1054
82 37 350
82 38 3134
82 39 1903
82 40 672
82 41 3086
82 42 1855
82 43 624
82 44 3038
82 45 1807
82 46 576
82 47 2990
82 48 1759
82 49 528
82 50 2942
82 51 1711
82 52 480
82 53 2894
82 54 1663
82 55 432
82 56 2846
82 57 1615
82 58 384
82 59 2798
82 60 1567
82 61 336
82 62 2750
82 63 1519
82 64 288
82 65 2702
82 66 1471
82 67 240
82 68 2654
82 69 1423
82 70 192
82 71 2606
82 72 1375
82 73 144
82 74 2558
82 75 1327
82 76 96
82 77 2510
82 78 1279
82 79 48
82 80 2462
82 81 1231
82 82 0
82 83 2510
82 84 1279
82 85 48
82 86 2558
82 87 1327
82 88 96
82 89 2606
82 90 1375
82 91 144
82 92 3254
83 0 840
83 1 2222
83 2 2035
83 3 2499
83 4 2551
83 5 2417
83 6 1727
83 7 609
83 8 919
83 9 802
83 10 2161
83 11 2343
83 12 477
83 13 2693
83 14 2346
83 15 595
83 16 2165
83 17 2113
83 18 1467
83 19 2809
83 20 1307
83 21 1784
83 22 2698
83 23 2508
83 24 1758
83 25 2164
83 26 1175
83 27 999
83 28 2117
83 29 2027
83 30 1744
83 31 2406
83 32 581
83 33 2243
83 34 98
83 35 1190
83 36 2320
83 37 2448
83 38 720
83 39 1951
83 40 3182
83 41 672
83 42 1903
83 43 3134
83 44 624
83 45 1855
83 46 3086
83 47 576
83 48 1807
83 49 3038
83 50 528
83 51 1759
83 52 2990
83 53 480
83 54 1711
83 55 2942
83 56 432
83 57 1663
83 58 2894
83 59 384
83 60 1615
83 61 2846
83 62 336
83 63 1567
83 64 2798
83 65 288
83 66 1519
83 67 2750
83 68 240
83 69 1471
83 70 2702
83 71 192
83 72 1423
83 73 2654
83 74 144
83 75 1375
83 76 2606
83 77 96
83 78 1327
83 79 2558
83 80 48
83 81 1279
83 82 2510
83 83 0
83 84 1231
83 85 2462
83 86 48
83 87 1279
83 88 2510
83 89 96
83 90 1327
83 91 2558
83 92 840
84 0 2071
84 1 991
84 2 804
84 3 1268
84 4 1320
84 5 1186
84 6 752
84 7 622
84 8 984
84 9 1101
84 10 930
84 11 1112
84 12 1426
84 13 1462
84 14 1115
84 15 1596
84 16 934
84 17 882
84 18 1012
84 19 1578
84 20 1268
84 21 887
84 22 1467
84 23 1277
84 24 913
84 25 933
84 26 824
84 27 1480
84 28 886
84 29 796
84 30 639
84 31 1175
84 32 1322
84 33 1012
84 34 1229
84 35 1385
84 36 1089
84 37 1217
84 38 1951
84 39 720
84 40 1951
84 41 1903
84 42 672
84 43 1903
84 44 1855
84 45 624
84 46 1855
84 47 1807
84 48 576
84 49 1807
84 50 1759
84 51 528
84 52 1759
84 53 1711
84 54 480
84 55 1711
84 56 1663
84 57 432
84 58 1663
84 59 1615
84 60 384
84 61 1615
84 62 1567
84 63 336
84 64 1567
84 65 1519
84 66 288
84 67 1519
84 68 1471
84 69 240
84 70 1471
84 71 1423
84 72 192
84 73 1423
84 74 1375
84 75 144
84 76 1375
84 77 1327
84 78 96
84 79 1327
84 80 1279
84 81 48
84 82 1279
84 83 1231
84 84 0
84 85 1231
84 86 1279
84 87 48
84 88 1279
84 89 1327
84 90 96
84 91 1327
84 92 2071
85 0 3302
85 1 1680
85 2 1675
85 3 1307
85 4 1255
85 5 1485
85 6 1983
85 7 1853
85 8 2215
85 9 2332
85 10 397
85 11 1463
85 12 2657
85 13 825
85 14 1076
85 15 2827
85 16 1545
85 17 1597
85 18 2243
85 19 421
85 20 2499
85 21 2118
85 22 1012
85 23 1394
85 24 2144
85 25 1258
85 26 2055
85 27 2711
85 28 1497
85 29 1875
85 30 1870
85 31 824
85 32 2553
85 33 219
85 34 2460
85 35 2616
85 36 1102
85 37 398
85 38 3182
85 39 1951
85 40 720
85 41 3134
85 42 1903
85 43 672
85 44 3086
85 45 1855
85 46 624
85 47 3038
85 48 1807
85 49 576
85 50 2990
85 51 1759
85 52 528
85 53 2942
85 54 1711
85 55 480
85 56 2894
85 57 1663
85 58 432
85 59 2846
85 60 1615
85 61 384
85 62 2798
85 63 1567
85 64 336
85 65 2750
85 66 1519
85 67 288
85 68 2702
85 69 1471
85 70 240
85 71 2654
85 72 1423
85 73 192
85 74 2606
85 75 1375
85 76 144
85 77 2558
85 78 1327
85 79 96
85 80 2510
85 81 1279
85 82 48
85 83 2462
85 84 1231
85 85 0
85 86 2510
85 87 1279
85 88 48
85 89 2558
85 90 1327
85 91 96
85 92 3302
86 0 888
86 1 2270
86 2 2083
86 3 2547
86 4 2599
86 5 2465
86 6 1775
86 7 657
86 8 967
86 9 850
86 10 2209
86 11 2391
86 12 525
86 13 2741
86 14 2394
86 15 643
86 16 2213
86 17 2161
86 18 1515
86 19 2857
86 20 1355
86 21 1832
86 22 2746
86 23 2556
86 24 1806
86 25 2212
86 26 1223
86 27 1047
86 28 2165
86 29 2075
86 30 1792
86 31 2454
86 32 629
86 33 2291
86 34 50
86 35 1238
86 36 2368
86 37 2496
86 38 768
86 39 1999
86 40 3230
86 41 720
86 42 1951
86 43 3182
86 44 672
86 45 1903
86 46 3134
86 47 624
86 48 1855
86 49 3086
86 50 576
86 51 1807
86 52 3038
86 53 528
86 54 1759
86 55 2990
86 56 480
86 57 1711
86 58 2942
86 59 432
86 60 1663
86 61 2894
86 62 384
86 63 1615
86 64 2846
86 65 336
86 66 1567
86 67 2798
86 68 288
86 69 1519
86 70 2750
86 71 240
86 72 1471
86 73 2702
86 74 192
86 75 1423
86 76 2654
86 77 144
86 78 1375
86 79 2606
86 80 96
86 81 1327
86 82 2558
86 83 48
86 84 1279
86 85 2510
86 86 0
86 87 1231
86 88 2462
86 89 48
86 90 1279
86 91 2510
86 92 888
87 0 2119
87 1 1039
87 2 852
87 3 1316
87 4 1368
87 5 1234
87 6 800
87 7 670
87 8 1032
87 9 1149
87 10 978
87 11 1160
87 12 1474
87 13 1510
87 14 1163
87 15 1644
87 16 982
87 17 930
87 18 1060
87 19 1626
87 20 1316
87 21 935
87 22 1515
87 23 1325
87 24 961
87 25 981
87 26 872
87 27 1528
87 28 934
87 29 844
87 30 687
87 31 1223
87 32 1370
87 33 1060
87 34 1181
87 35 1433
87 36 1137
87 37 1265
87 38 1999
87 39 768
87 40 1999
87 41 1951
87 42 720
87 43 1951
87 44 1903
87 45 672
87 46 1903
87 47 1855
87 48 624
87 49 1855
87 50 1807
87 51 576
87 52 1807
87 53 1759
87 54 528
87 55 1759
87 56 1711
87 57 480
87 58 1711
87 59 1663
87 60 432
87 61 1663
87 62 1615
87 63 384
87 64 1615
87 65 1567
87 66 336
87 67 1567
87 68 1519
87 69 288
87 70 1519
87 71 1471
87 72 240
87 73 1471
87 74 1423
87 75 192
87 76 1423
87 77 1375
87 78 144
87 79 1375
87 80 1327
87 81 96
87 82 1327
87 83 1279
87 84 48
87 85 1279
87 86 1231
87 87 0
87 88 1231
87 89 1279
87 90 48
87 91 1279
87 92 2119
88 0 3350
88 1 1728
88 2 1723
88 3 1355
88 4 1303
88 5 1533
88 6 2031
88 7 1901
88 8 2263
88 9 2380
88 10 445
88 11 1511
88 12 2705
88 13 873
88 14 1124
88 15 2875
88 16 1593
88 17 1645
88 18 2291
88 19 469
88 20 2547
88 21 2166
88 22 1060
88 23 1442
88 24 2192
88 25 1306
88 26 2103
88 27 2759
88 28 1545
88 29 1923
88 30 1918
88 31 872
88 32 2601
88 33 267
88 34 2412
88 35 2664
88 36 1150
88 37 446
88 38 3230
88 39 1999
88 40 768
88 41 3182
88 42 1951
88 43 720
88 44 3134
88 45 1903
88 46 672
88 47 3086
88 48 1855
88 49 624
88 50 3038
88 51 1807
88 52 576
88 53 2990
88 54 1759
88 55 528
88 56 2942
88 57 1711
88 58 480
88 59 2894
88 60 1663
88 61 432
88 62 2846
88 63 1615
88 64 384
88 65 2798
88 66 1567
88 67 336
88 68 2750
88 69 1519
88 70 288
88 71 2702
88 72 1471
88 73 240
88 74 2654
88 75 1423
88 76 192
88 77 2606
88 78 1375
88 79 144
88 80 2558
88 81 1327
88 82 96
88 83 2510
88 84 1279
88 85 48
88 86 2462
88 87 1231
88 88 0
88 89 2510
88 90 1279
88 91 48
88 92 3350
89 0 936
89 1 2318
89 2 2131
89 3 2595
89 4 2647
89 5 2513
89 6 1823
89 7 705
89 8 1015
89 9 898
89 10 2257
89 11 2439
89 12 573
89 13 2789
89 14 2442
89 15 691
89 16 2261
89 17 2209
89 18 1563
89 19 2905
89 20 1403
89 21 1880
89 22 2794
89 23 2604
89 24 1854
89 25 2260
89 26 1271
89 27 1095
89 28 2213
89 29 2123
89 30 1840
89 31 2502
89 32 677
89 33 2339
89 34 98
89 35 1286
89 36 2416
89 37 2544
89 38 816
89 39 2047
89 40 3278
89 41 768
89 42 1999
89 43 3230
89 44 720
89 45 1951
89 46 3182
89 47 672
89 48 1903
89 49 3134
89 50 624
89 51 1855
89 52 3086
89 53 576
89 54 1807
89 55 3038
89 56 528
89 57 1759
89 58 2990
89 59 480
89 60 1711
89 61 2942
89 62 432
89 63 1663
89 64 2894
89 65 384
89 66 1615
89 67 2846
89 68 336
89 69 1567
89 70 2798
89 71 288
89 72 1519
89 73 2750
89 74 240
89 75 1471
89 76 2702
89 77 192
89 78 1423
89 79 2654
89 80 144
89 81 1375
89 82 2606
89 83 96
89 84 1327
89 85 2558
89 86 48
89 87 1279
89 88 2510
89 89 0
89 90 1231
89 91 2462
89 92 936
90 0 2167
90 1 1087
90 2 900
90 3 1364
90 4 1416
90 5 1282
90 6 848
90 7 718
90 8 1080
90 9 1197
90 10 1026
90 11 1208
90 12 1522
90 13 1558
90 14 1211
90 15 1692
90 16 1030
90 17 978
90 18 1108
90 19 1674
90 20 1364
90 21 983
90 22 1563
90 23 1373
90 24 1009
90 25 1029
90 26 920
90 27 1576
90 28 982
90 29 892
90 30 735
90 31 1271
90 32 1418
90 33 1108
90 34 1229
90 35 1481
90 36 1185
90 37 1313
90 38 2047
90 39 816
90 40 2047
90 41 1999
90 42 768
90 43 1999
90 44 1951
90 45 720
90 46 1951
90 47 1903
90 48 672
90 49 1903
90 50 1855
90 51 624
90 52 1855
90 53 1807
90 54 576
90 55 1807
90 56 1759
90 57 528
90 58 1759
90 59 1711
90 60 480
90 61 1711
90 62 1663
90 63 432
90 64 1663
90 65 1615
90 66 384
90 67 1615
90 68 1567
90 69 336
90 70 1567
90 71 1519
90 72 288
90 73 1519
90 74 1471
90 75 240
90 76 1471
90 77 1423
90 78 192
90 79 1423
90 80 1375
90 81 144
90 82 1375
90 83 1327
90 84 96
90 85 1327
90 86 1279
90 87 48
90 88 1279
90 89 1231
90 90 0
90 91 1231
90 92 2167
91 0 3398
91 1 1776
91 2 1771
91 3 1403
91 4 1351
91 5 1581
91 6 2079
91 7 1949
91 8 2311
91 9 2428
91 10 493
91 11 1559
91 12 2753
91 13 921
91 14 1172
91 15 2923
91 16 1641
91 17 1693
91 18 2339
91 19 517
91 20 2595
91 21 2214
91 22 1108
91 23 1490
91 24 2240
91 25 1354
91 26 2151
91 27 2807
91 28 1593
91 29 1971
91 30 1966
91 31 920
91 32 2649
91 33 315
91 34 2460
91 35 2712
91 36 1198
91 37 494
91 38 3278
91 39 2047
91 40 816
91 41 3230
91 42 1999
91 43 768
91 44 3182
91 45 1951
91 46 720
91 47 3134
91 48 1903
91 49 672
91 50 3086
91 51 1855
91 52 624
91 53 3038
91 54 1807
91 55 576
91 56 2990
91 57 1759
91 58 528
91 59 2942
91 60 1711
91 61 480
91 62 2894
91 63 1663
91 64 432
91 65 2846
91 66 1615
91 67 384
91 68 2798
91 69 1567
91 70 336
91 71 2750
91 72 1519
91 73 288
91 74 2702
91 75 1471
91 76 240
91 77 2654
91 78 1423
91 79 192
91 80 2606
91 81 1375
91 82 144
91 83 2558
91 84 1327
91 85 96
91 86 2510
91 87 1279
91 88 48
91 89 2462
91 90 1231
91 91 0
91 92 3398
92 0 0
92 1 1622
92 2 1627
92 3 1995
92 4 2047
92 5 1817
92 6 1319
92 7 1449
92 8 1087
92 9 970
92 10 2905
92 11 1839
92 12 645
92 13 2477
92 14 2226
92 15 475
92 16 1757
92 17 1705
92 18 1059
92 19 2881
92 20 803
92 21 1184
92 22 2290
92 23 1908
92 24 1158
92 25 2044
92 26 1247
92 27 591
92 28 1805
92 29 1427
92 30 1432
92 31 2478
92 32 749
92 33 3083
92 34 938
92 35 686
92 36 2200
92 37 2904
92 38 120
92 39 1351
92 40 2582
92 41 168
92 42 1399
92 43 2630
92 44 216
92 45 1447
92 46 2678
92 47 264
92 48 1495
92 49 2726
92 50 312
92 51 1543
92 52 2774
92 53 360
92 54 1591
92 55 2822
92 56 408
92 57 1639
92 58 2870
92 59 456
92 60 1687
92 61 2918
92 62 504
92 63 1735
92 64 2966
92 65 552
92 66 1783
92 67 3014
92 68 600
92 69 1831
92 70 3062
92 71 648
92 72 1879
92 73 3110
92 74 696
92 75 1927
92 76 3158
92 77 744
92 78 1975
92 79 3206
92 80 792
92 81 2023
92 82 3254
92 83 840
92 84 2071
92 85 3302
92 86 888
92 87 2119
92 88 3350
92 89 936
92 90 2167
92 91 3398
92 92 0
//Location coordinates LocationName
//Loc x y
0 0.0 0.0 "depot"
1 0.0 1622.0 "product aisle 0 bloc 1 rank 37"
2 96.0 1531.0 "product aisle 2 bloc 1 rank 23"
3 48.0 1947.0 "product aisle 1 bloc 1 rank 88"
4 48.0 1999.0 "product aisle 1 bloc 1 rank 96"
5 0.0 1817.0 "product aisle 0 bloc 1 rank 68"
6 96.0 1223.0 "product aisle 2 bloc 0 rank 166"
7 720.0 729.0 "product aisle 15 bloc 0 rank 90"
8 384.0 703.0 "product aisle 8 bloc 0 rank 86"
9 384.0 586.0 "product aisle 8 bloc 0 rank 67"
10 672.0 2233.0 "product aisle 14 bloc 1 rank 131"
11 48.0 1791.0 "product aisle 1 bloc 1 rank 64"
12 384.0 261.0 "product aisle 8 bloc 0 rank 17"
13 192.0 2285.0 "product aisle 4 bloc 1 rank 139"
14 240.0 1986.0 "product aisle 5 bloc 1 rank 93"
15 240.0 235.0 "product aisle 5 bloc 0 rank 13"
16 96.0 1661.0 "product aisle 2 bloc 1 rank 44"
17 96.0 1609.0 "product aisle 2 bloc 1 rank 35"
18 96.0 963.0 "product aisle 2 bloc 0 rank 125"
19 336.0 2545.0 "product aisle 7 bloc 1 rank 180"
20 48.0 755.0 "product aisle 1 bloc 0 rank 93"
21 0.0 1184.0 "product aisle 0 bloc 0 rank 159"
22 96.0 2194.0 "product aisle 2 bloc 1 rank 126"
23 0.0 1908.0 "product aisle 0 bloc 1 rank 81"
24 0.0 1158.0 "product aisle 0 bloc 0 rank 156"
25 240.0 1804.0 "product aisle 5 bloc 1 rank 65"
26 336.0 911.0 "product aisle 7 bloc 0 rank 118"
27 96.0 495.0 "product aisle 2 bloc 0 rank 54"
28 144.0 1661.0 "product aisle 3 bloc 1 rank 43"
29 0.0 1427.0 "product aisle 0 bloc 1 rank 7"
30 144.0 1288.0 "product aisle 3 bloc 0 rank 176"
31 336.0 2142.0 "product aisle 7 bloc 1 rank 117"
32 384.0 365.0 "product aisle 8 bloc 0 rank 34"
33 720.0 2363.0 "product aisle 15 bloc 1 rank 152"
34 768.0 170.0 "product aisle 16 bloc 0 rank 4"
35 48.0 638.0 "product aisle 1 bloc 0 rank 76"
36 240.0 1960.0 "product aisle 5 bloc 1 rank 90"
37 528.0 2376.0 "product aisle 11 bloc 1 rank 153"
38 24.0 120.0 "intersection aisle 0 bloc 0 rank 0"
39 24.0 1351.0 "intersection aisle 0 bloc 1 rank 1"
40 24.0 2582.0 "intersection aisle 0 bloc 2 rank 2"
41 72.0 120.0 "intersection aisle 1 bloc 0 rank 0"
42 72.0 1351.0 "intersection aisle 1 bloc 1 rank 1"
43 72.0 2582.0 "intersection aisle 1 bloc 2 rank 2"
44 120.0 120.0 "intersection aisle 2 bloc 0 rank 0"
45 120.0 1351.0 "intersection aisle 2 bloc 1 rank 1"
46 120.0 2582.0 "intersection aisle 2 bloc 2 rank 2"
47 168.0 120.0 "intersection aisle 3 bloc 0 rank 0"
48 168.0 1351.0 "intersection aisle 3 bloc 1 rank 1"
49 168.0 2582.0 "intersection aisle 3 bloc 2 rank 2"
50 216.0 120.0 "intersection aisle 4 bloc 0 rank 0"
51 216.0 1351.0 "intersection aisle 4 bloc 1 rank 1"
52 216.0 2582.0 "intersection aisle 4 bloc 2 rank 2"
53 264.0 120.0 "intersection aisle 5 bloc 0 rank 0"
54 264.0 1351.0 "intersection aisle 5 bloc 1 rank 1"
55 264.0 2582.0 "intersection aisle 5 bloc 2 rank 2"
56 312.0 120.0 "intersection aisle 6 bloc 0 rank 0"
57 312.0 1351.0 "intersection aisle 6 bloc 1 rank 1"
58 312.0 2582.0 "intersection aisle 6 bloc 2 rank 2"
59 360.0 120.0 "intersection aisle 7 bloc 0 rank 0"
60 360.0 1351.0 "intersection aisle 7 bloc 1 rank 1"
61 360.0 2582.0 "intersection aisle 7 bloc 2 rank 2"
62 408.0 120.0 "intersection aisle 8 bloc 0 rank 0"
63 408.0 1351.0 "intersection aisle 8 bloc 1 rank 1"
64 408.0 2582.0 "intersection aisle 8 bloc 2 rank 2"
65 456.0 120.0 "intersection aisle 9 bloc 0 rank 0"
66 456.0 1351.0 "intersection aisle 9 bloc 1 rank 1"
67 456.0 2582.0 "intersection aisle 9 bloc 2 rank 2"
68 504.0 120.0 "intersection aisle 10 bloc 0 rank 0"
69 504.0 1351.0 "intersection aisle 10 bloc 1 rank 1"
70 504.0 2582.0 "intersection aisle 10 bloc 2 rank 2"
71 552.0 120.0 "intersection aisle 11 bloc 0 rank 0"
72 552.0 1351.0 "intersection aisle 11 bloc 1 rank 1"
73 552.0 2582.0 "intersection aisle 11 bloc 2 rank 2"
74 600.0 120.0 "intersection aisle 12 bloc 0 rank 0"
75 600.0 1351.0 "intersection aisle 12 bloc 1 rank 1"
76 600.0 2582.0 "intersection aisle 12 bloc 2 rank 2"
77 648.0 120.0 "intersection aisle 13 bloc 0 rank 0"
78 648.0 1351.0 "intersection aisle 13 bloc 1 rank 1"
79 648.0 2582.0 "intersection aisle 13 bloc 2 rank 2"
80 696.0 120.0 "intersection aisle 14 bloc 0 rank 0"
81 696.0 1351.0 "intersection aisle 14 bloc 1 rank 1"
82 696.0 2582.0 "intersection aisle 14 bloc 2 rank 2"
83 744.0 120.0 "intersection aisle 15 bloc 0 rank 0"
84 744.0 1351.0 "intersection aisle 15 bloc 1 rank 1"
85 744.0 2582.0 "intersection aisle 15 bloc 2 rank 2"
86 792.0 120.0 "intersection aisle 16 bloc 0 rank 0"
87 792.0 1351.0 "intersection aisle 16 bloc 1 rank 1"
88 792.0 2582.0 "intersection aisle 16 bloc 2 rank 2"
89 840.0 120.0 "intersection aisle 17 bloc 0 rank 0"
90 840.0 1351.0 "intersection aisle 17 bloc 1 rank 1"
91 840.0 2582.0 "intersection aisle 17 bloc 2 rank 2"
92 0.0 0.0 "depot"
