//alpha
1
//NbLocations
88
//NbProducts
34
//NbPickers
2
//CapaPicker
4
//TimeToTravelOneDistanceUnit
3
//SetupTime
5400
//PickTime
300
//Products
//Idx Location Size
1 1 1
2 2 1
3 3 1
4 4 1
5 5 1
6 6 1
7 7 1
8 8 1
9 9 1
10 10 1
11 11 1
12 12 1
13 13 1
14 14 1
15 15 1
16 16 1
17 17 1
18 18 1
19 19 1
20 20 1
21 21 1
22 22 1
23 23 1
24 24 1
25 25 1
26 26 1
27 27 1
28 28 1
29 29 1
30 30 1
31 15 1
32 31 1
33 32 1
34 33 1
//Orders
//NbOrders
18
//Idx DueDate TardinessPenalty NbProdInOrder ProdIdx1 Qty1 ProdIdx2 Qty2 ...
1 72000 0 1 1 1
2 126000 0 1 2 1
3 90000 0 2 3 1 4 1
4 144000 0 4 5 1 6 1 7 1 8 1
5 108000 0 1 9 1
6 108000 0 3 10 1 11 1 12 1
7 126000 0 1 13 1
8 36000 0 2 14 1 15 1
9 72000 0 2 16 1 17 1
10 90000 0 1 18 1
11 108000 0 4 19 1 20 1 21 1 22 1
12 108000 0 1 23 1
13 126000 0 1 24 1
14 126000 0 1 25 1
15 108000 0 4 26 1 27 1 28 1 29 1
16 144000 0 2 30 1 31 1
17 126000 0 1 32 1
18 144000 0 2 33 1 34 1
//Graph (Products are vertices indexed from 1 to NbProducts)
//NbVerticesIntersections
54
//DepartingDepot
0
//ArrivalDepot
88
//Arcs
//Start End Distance
0 34 120
1 6 39
1 85 37
2 83 89
2 84 1142
3 12 715
3 82 128
4 43 778
4 44 453
5 14 78
5 66 1077
6 1 39
6 17 559
7 35 440
7 36 791
8 16 26
8 44 76
9 41 102
9 42 1129
10 74 570
10 75 661
11 31 13
11 71 76
12 3 715
12 83 388
13 19 754
13 63 414
14 5 78
14 65 76
15 68 63
15 69 1168
16 8 26
16 45 1129
17 6 559
17 86 596
18 56 1103
18 57 128
19 13 754
19 62 63
20 37 882
20 38 349
21 77 206
21 78 1025
22 79 934
22 80 297
23 27 611
23 77 323
24 38 544
24 39 687
25 31 130
25 72 1012
26 67 76
26 68 1155
27 23 611
27 76 297
28 32 598
28 34 102
29 52 349
29 53 882
30 59 102
30 60 1129
31 11 13
31 25 130
32 28 598
32 35 531
33 58 492
33 59 739
34 28 102
34 37 48
34 88 120
35 7 440
35 32 531
35 38 48
36 7 791
36 39 48
37 20 882
37 34 48
37 40 48
38 20 349
38 24 544
38 35 48
38 41 48
39 24 687
39 36 48
39 42 48
40 37 48
40 41 1231
40 43 48
41 9 102
41 38 48
41 40 1231
41 44 48
42 9 1129
42 39 48
42 45 48
43 4 778
43 40 48
43 46 48
44 4 453
44 8 76
44 41 48
44 47 48
45 16 1129
45 42 48
45 48 48
46 43 48
46 47 1231
46 49 48
47 44 48
47 46 1231
47 48 1231
47 50 48
48 45 48
48 47 1231
48 51 48
49 46 48
49 50 1231
49 52 48
50 47 48
50 49 1231
50 51 1231
50 53 48
51 48 48
51 50 1231
51 54 48
52 29 349
52 49 48
52 55 48
53 29 882
53 50 48
53 54 1231
53 56 48
54 51 48
54 53 1231
54 57 48
55 52 48
55 56 1231
55 58 48
56 18 1103
56 53 48
56 55 1231
56 59 48
57 18 128
57 54 48
57 60 48
58 33 492
58 55 48
58 61 48
59 30 102
59 33 739
59 56 48
59 62 48
60 30 1129
60 57 48
60 63 48
61 58 48
61 62 1231
61 64 48
62 19 63
62 59 48
62 61 1231
62 65 48
63 13 414
63 60 48
63 66 48
64 61 48
64 65 1231
64 67 48
65 14 76
65 62 48
65 64 1231
65 68 48
66 5 1077
66 63 48
66 69 48
67 26 76
67 64 48
67 70 48
68 15 63
68 26 1155
68 65 48
68 71 48
69 15 1168
69 66 48
69 72 48
70 67 48
70 71 1231
70 73 48
71 11 76
71 68 48
71 70 1231
71 74 48
72 25 1012
72 69 48
72 75 48
73 70 48
73 74 1231
73 76 48
74 10 570
74 71 48
74 73 1231
74 77 48
75 10 661
75 72 48
75 78 48
76 27 297
76 73 48
76 79 48
77 21 206
77 23 323
77 74 48
77 80 48
78 21 1025
78 75 48
78 81 48
79 22 934
79 76 48
79 82 48
80 22 297
80 77 48
80 81 1231
80 83 48
81 78 48
81 80 1231
81 84 48
82 3 128
82 79 48
82 85 48
83 2 89
83 12 388
83 80 48
83 86 48
84 2 1142
84 81 48
84 87 48
85 1 37
85 82 48
86 17 596
86 83 48
86 87 1231
87 84 48
87 86 1231
//LocStart LocEnd ShortestPath
0 0 0
0 1 973
0 2 2208
0 3 1016
0 4 1042
0 5 1985
0 6 1012
0 7 1791
0 8 1571
0 9 1549
0 10 2545
0 11 2003
0 12 1731
0 13 2600
0 14 1907
0 15 1942
0 16 1597
0 17 1571
0 18 2790
0 19 1846
0 20 1050
0 21 2229
0 22 1774
0 23 1700
0 24 1943
0 25 2146
0 26 724
0 27 1089
0 28 222
0 29 757
0 30 1837
0 31 2016
0 32 820
0 33 996
0 34 120
0 35 1351
0 36 2582
0 37 168
0 38 1399
0 39 2630
0 40 216
0 41 1447
0 42 2678
0 43 264
0 44 1495
0 45 2726
0 46 312
0 47 1543
0 48 2774
0 49 360
0 50 1591
0 51 2822
0 52 408
0 53 1639
0 54 2870
0 55 456
0 56 1687
0 57 2918
0 58 504
0 59 1735
0 60 2966
0 61 552
0 62 1783
0 63 3014
0 64 600
0 65 1831
0 66 3062
0 67 648
0 68 1879
0 69 3110
0 70 696
0 71 1927
0 72 3158
0 73 744
0 74 1975
0 75 3206
0 76 792
0 77 2023
0 78 3254
0 79 840
0 80 2071
0 81 3302
0 82 888
0 83 2119
0 84 3350
0 85 936
0 86 2167
0 87 3398
0 88 0
1 0 973
1 1 0
1 2 1331
1 3 213
1 4 1487
1 5 1684
1 6 39
1 7 2450
1 8 1942
1 9 2016
1 10 1956
1 11 1510
1 12 928
1 13 2395
1 14 1606
1 15 1545
1 16 1968
1 17 598
1 18 2777
1 19 1641
1 20 1687
1 21 1544
1 22 1067
1 23 1089
1 24 2506
1 25 1653
1 26 401
1 27 478
1 28 955
1 29 914
1 30 1728
1 31 1523
1 32 1553
1 33 961
1 34 853
1 35 2010
1 36 3241
1 37 805
1 38 1962
1 39 3193
1 40 757
1 41 1914
1 42 3145
1 43 709
1 44 1866
1 45 3097
1 46 661
1 47 1818
1 48 3049
1 49 613
1 50 1770
1 51 3001
1 52 565
1 53 1722
1 54 2953
1 55 517
1 56 1674
1 57 2905
1 58 469
1 59 1626
1 60 2857
1 61 421
1 62 1578
1 63 2809
1 64 373
1 65 1530
1 66 2761
1 67 325
1 68 1482
1 69 2713
1 70 277
1 71 1434
1 72 2665
1 73 229
1 74 1386
1 75 2617
1 76 181
1 77 1338
1 78 2569
1 79 133
1 80 1290
1 81 2521
1 82 85
1 83 1242
1 84 2473
1 85 37
1 86 1194
1 87 2425
1 88 973
2 0 2208
2 1 1331
2 2 0
2 3 1192
2 4 1166
2 5 531
2 6 1292
2 7 1297
2 8 789
2 9 863
2 10 803
2 11 357
2 12 477
2 13 1242
2 14 453
2 15 392
2 16 815
2 17 733
2 18 1624
2 19 488
2 20 1158
2 21 391
2 22 434
2 23 508
2 24 1353
2 25 500
2 26 1484
2 27 1119
2 28 1986
2 29 1451
2 30 575
2 31 370
2 32 1388
2 33 1212
2 34 2088
2 35 857
2 36 1910
2 37 2040
2 38 809
2 39 1862
2 40 1992
2 41 761
2 42 1814
2 43 1944
2 44 713
2 45 1766
2 46 1896
2 47 665
2 48 1718
2 49 1848
2 50 617
2 51 1670
2 52 1800
2 53 569
2 54 1622
2 55 1752
2 56 521
2 57 1574
2 58 1704
2 59 473
2 60 1526
2 61 1656
2 62 425
2 63 1478
2 64 1608
2 65 377
2 66 1430
2 67 1560
2 68 329
2 69 1382
2 70 1512
2 71 281
2 72 1334
2 73 1464
2 74 233
2 75 1286
2 76 1416
2 77 185
2 78 1238
2 79 1368
2 80 137
2 81 1190
2 82 1320
2 83 89
2 84 1142
2 85 1368
2 86 137
2 87 1190
2 88 2208
3 0 1016
3 1 213
3 2 1192
3 3 0
3 4 1530
3 5 1545
3 6 252
3 7 2311
3 8 1803
3 9 1877
3 10 1817
3 11 1371
3 12 715
3 13 2256
3 14 1467
3 15 1406
3 16 1829
3 17 811
3 18 2638
3 19 1502
3 20 1730
3 21 1405
3 22 1110
3 23 1132
3 24 2367
3 25 1514
3 26 444
3 27 521
3 28 998
3 29 957
3 30 1589
3 31 1384
3 32 1596
3 33 1004
3 34 896
3 35 1871
3 36 3102
3 37 848
3 38 1823
3 39 3054
3 40 800
3 41 1775
3 42 3006
3 43 752
3 44 1727
3 45 2958
3 46 704
3 47 1679
3 48 2910
3 49 656
3 50 1631
3 51 2862
3 52 608
3 53 1583
3 54 2814
3 55 560
3 56 1535
3 57 2766
3 58 512
3 59 1487
3 60 2718
3 61 464
3 62 1439
3 63 2670
3 64 416
3 65 1391
3 66 2622
3 67 368
3 68 1343
3 69 2574
3 70 320
3 71 1295
3 72 2526
3 73 272
3 74 1247
3 75 2478
3 76 224
3 77 1199
3 78 2430
3 79 176
3 80 1151
3 81 2382
3 82 128
3 83 1103
3 84 2334
3 85 176
3 86 1151
3 87 2382
3 88 1016
4 0 1042
4 1 1487
4 2 1166
4 3 1530
4 4 0
4 5 943
4 6 1526
4 7 1037
4 8 529
4 9 603
4 10 1503
4 11 961
4 12 1465
4 13 1558
4 14 865
4 15 900
4 16 555
4 17 1721
4 18 1748
4 19 804
4 20 898
4 21 1187
4 22 1326
4 23 1304
4 24 1093
4 25 1104
4 26 1238
4 27 1603
4 28 1024
4 29 1271
4 30 795
4 31 974
4 32 1128
4 33 1432
4 34 922
4 35 597
4 36 1828
4 37 874
4 38 549
4 39 1780
4 40 826
4 41 501
4 42 1732
4 43 778
4 44 453
4 45 1684
4 46 826
4 47 501
4 48 1732
4 49 874
4 50 549
4 51 1780
4 52 922
4 53 597
4 54 1828
4 55 970
4 56 645
4 57 1876
4 58 1018
4 59 693
4 60 1924
4 61 1066
4 62 741
4 63 1972
4 64 1114
4 65 789
4 66 2020
4 67 1162
4 68 837
4 69 2068
4 70 1210
4 71 885
4 72 2116
4 73 1258
4 74 933
4 75 2164
4 76 1306
4 77 981
4 78 2212
4 79 1354
4 80 1029
4 81 2260
4 82 1402
4 83 1077
4 84 2308
4 85 1450
4 86 1125
4 87 2356
4 88 1042
5 0 1985
5 1 1684
5 2 531
5 3 1545
5 4 943
5 5 0
5 6 1645
5 7 1074
5 8 566
5 9 640
5 10 868
5 11 326
5 12 830
5 13 1019
5 14 78
5 15 265
5 16 592
5 17 1086
5 18 1349
5 19 265
5 20 935
5 21 552
5 22 691
5 23 669
5 24 1130
5 25 469
5 26 1357
5 27 1280
5 28 1763
5 29 1228
5 30 352
5 31 339
5 32 1165
5 33 989
5 34 1865
5 35 634
5 36 1557
5 37 1817
5 38 586
5 39 1509
5 40 1769
5 41 538
5 42 1461
5 43 1721
5 44 490
5 45 1413
5 46 1673
5 47 442
5 48 1365
5 49 1625
5 50 394
5 51 1317
5 52 1577
5 53 346
5 54 1269
5 55 1529
5 56 298
5 57 1221
5 58 1481
5 59 250
5 60 1173
5 61 1433
5 62 202
5 63 1125
5 64 1385
5 65 154
5 66 1077
5 67 1433
5 68 202
5 69 1125
5 70 1481
5 71 250
5 72 1173
5 73 1529
5 74 298
5 75 1221
5 76 1577
5 77 346
5 78 1269
5 79 1625
5 80 394
5 81 1317
5 82 1673
5 83 442
5 84 1365
5 85 1721
5 86 490
5 87 1413
5 88 1985
6 0 1012
6 1 39
6 2 1292
6 3 252
6 4 1526
6 5 1645
6 6 0
6 7 2411
6 8 1903
6 9 1977
6 10 1917
6 11 1471
6 12 967
6 13 2356
6 14 1567
6 15 1506
6 16 1929
6 17 559
6 18 2738
6 19 1602
6 20 1726
6 21 1505
6 22 1106
6 23 1128
6 24 2467
6 25 1614
6 26 440
6 27 517
6 28 994
6 29 953
6 30 1689
6 31 1484
6 32 1592
6 33 1000
6 34 892
6 35 1971
6 36 3202
6 37 844
6 38 1923
6 39 3154
6 40 796
6 41 1875
6 42 3106
6 43 748
6 44 1827
6 45 3058
6 46 700
6 47 1779
6 48 3010
6 49 652
6 50 1731
6 51 2962
6 52 604
6 53 1683
6 54 2914
6 55 556
6 56 1635
6 57 2866
6 58 508
6 59 1587
6 60 2818
6 61 460
6 62 1539
6 63 2770
6 64 412
6 65 1491
6 66 2722
6 67 364
6 68 1443
6 69 2674
6 70 316
6 71 1395
6 72 2626
6 73 268
6 74 1347
6 75 2578
6 76 220
6 77 1299
6 78 2530
6 79 172
6 80 1251
6 81 2482
6 82 124
6 83 1203
6 84 2434
6 85 76
6 86 1155
6 87 2386
6 88 1012
7 0 1791
7 1 2450
7 2 1297
7 3 2311
7 4 1037
7 5 1074
7 6 2411
7 7 0
7 8 660
7 9 638
7 10 1634
7 11 1092
7 12 1596
7 13 1637
7 14 996
7 15 1031
7 16 686
7 17 1852
7 18 1255
7 19 935
7 20 837
7 21 1318
7 22 1457
7 23 1435
7 24 1032
7 25 1235
7 26 2123
7 27 2046
7 28 1569
7 29 1610
7 30 926
7 31 1105
7 32 971
7 33 1563
7 34 1671
7 35 440
7 36 791
7 37 1719
7 38 488
7 39 839
7 40 1767
7 41 536
7 42 887
7 43 1815
7 44 584
7 45 935
7 46 1863
7 47 632
7 48 983
7 49 1911
7 50 680
7 51 1031
7 52 1959
7 53 728
7 54 1079
7 55 2007
7 56 776
7 57 1127
7 58 2055
7 59 824
7 60 1175
7 61 2103
7 62 872
7 63 1223
7 64 2151
7 65 920
7 66 1271
7 67 2199
7 68 968
7 69 1319
7 70 2247
7 71 1016
7 72 1367
7 73 2295
7 74 1064
7 75 1415
7 76 2343
7 77 1112
7 78 1463
7 79 2391
7 80 1160
7 81 1511
7 82 2439
7 83 1208
7 84 1559
7 85 2487
7 86 1256
7 87 1607
7 88 1791
8 0 1571
8 1 1942
8 2 789
8 3 1803
8 4 529
8 5 566
8 6 1903
8 7 660
8 8 0
8 9 226
8 10 1126
8 11 584
8 12 1088
8 13 1181
8 14 488
8 15 523
8 16 26
8 17 1344
8 18 1371
8 19 427
8 20 521
8 21 810
8 22 949
8 23 927
8 24 716
8 25 727
8 26 1615
8 27 1538
8 28 1349
8 29 1102
8 30 418
8 31 597
8 32 751
8 33 1055
8 34 1451
8 35 220
8 36 1299
8 37 1403
8 38 172
8 39 1251
8 40 1355
8 41 124
8 42 1203
8 43 1307
8 44 76
8 45 1155
8 46 1355
8 47 124
8 48 1203
8 49 1403
8 50 172
8 51 1251
8 52 1451
8 53 220
8 54 1299
8 55 1499
8 56 268
8 57 1347
8 58 1547
8 59 316
8 60 1395
8 61 1595
8 62 364
8 63 1443
8 64 1643
8 65 412
8 66 1491
8 67 1691
8 68 460
8 69 1539
8 70 1739
8 71 508
8 72 1587
8 73 1787
8 74 556
8 75 1635
8 76 1835
8 77 604
8 78 1683
8 79 1883
8 80 652
8 81 1731
8 82 1931
8 83 700
8 84 1779
8 85 1979
8 86 748
8 87 1827
8 88 1571
9 0 1549
9 1 2016
9 2 863
9 3 1877
9 4 603
9 5 640
9 6 1977
9 7 638
9 8 226
9 9 0
9 10 1200
9 11 658
9 12 1162
9 13 1255
9 14 562
9 15 597
9 16 252
9 17 1418
9 18 1445
9 19 501
9 20 499
9 21 884
9 22 1023
9 23 1001
9 24 694
9 25 801
9 26 1689
9 27 1612
9 28 1327
9 29 1176
9 30 492
9 31 671
9 32 729
9 33 1129
9 34 1429
9 35 198
9 36 1225
9 37 1381
9 38 150
9 39 1177
9 40 1333
9 41 102
9 42 1129
9 43 1381
9 44 150
9 45 1177
9 46 1429
9 47 198
9 48 1225
9 49 1477
9 50 246
9 51 1273
9 52 1525
9 53 294
9 54 1321
9 55 1573
9 56 342
9 57 1369
9 58 1621
9 59 390
9 60 1417
9 61 1669
9 62 438
9 63 1465
9 64 1717
9 65 486
9 66 1513
9 67 1765
9 68 534
9 69 1561
9 70 1813
9 71 582
9 72 1609
9 73 1861
9 74 630
9 75 1657
9 76 1909
9 77 678
9 78 1705
9 79 1957
9 80 726
9 81 1753
9 82 2005
9 83 774
9 84 1801
9 85 2053
9 86 822
9 87 1849
9 88 1549
10 0 2545
10 1 1956
10 2 803
10 3 1817
10 4 1503
10 5 868
10 6 1917
10 7 1634
10 8 1126
10 9 1200
10 10 0
10 11 694
10 12 1102
10 13 1267
10 14 790
10 15 729
10 16 1152
10 17 1358
10 18 1077
10 19 825
10 20 1495
10 21 824
10 22 963
10 23 941
10 24 1690
10 25 837
10 26 1821
10 27 1552
10 28 2323
10 29 1788
10 30 912
10 31 707
10 32 1725
10 33 1549
10 34 2425
10 35 1194
10 36 1285
10 37 2377
10 38 1146
10 39 1237
10 40 2329
10 41 1098
10 42 1189
10 43 2281
10 44 1050
10 45 1141
10 46 2233
10 47 1002
10 48 1093
10 49 2185
10 50 954
10 51 1045
10 52 2137
10 53 906
10 54 997
10 55 2089
10 56 858
10 57 949
10 58 2041
10 59 810
10 60 901
10 61 1993
10 62 762
10 63 853
10 64 1945
10 65 714
10 66 805
10 67 1897
10 68 666
10 69 757
10 70 1849
10 71 618
10 72 709
10 73 1801
10 74 570
10 75 661
10 76 1849
10 77 618
10 78 709
10 79 1897
10 80 666
10 81 757
10 82 1945
10 83 714
10 84 805
10 85 1993
10 86 762
10 87 853
10 88 2545
11 0 2003
11 1 1510
11 2 357
11 3 1371
11 4 961
11 5 326
11 6 1471
11 7 1092
11 8 584
11 9 658
11 10 694
11 11 0
11 12 656
11 13 1037
11 14 248
11 15 187
11 16 610
11 17 912
11 18 1419
11 19 283
11 20 953
11 21 378
11 22 517
11 23 495
11 24 1148
11 25 143
11 26 1279
11 27 1106
11 28 1781
11 29 1246
11 30 370
11 31 13
11 32 1183
11 33 1007
11 34 1883
11 35 652
11 36 1731
11 37 1835
11 38 604
11 39 1683
11 40 1787
11 41 556
11 42 1635
11 43 1739
11 44 508
11 45 1587
11 46 1691
11 47 460
11 48 1539
11 49 1643
11 50 412
11 51 1491
11 52 1595
11 53 364
11 54 1443
11 55 1547
11 56 316
11 57 1395
11 58 1499
11 59 268
11 60 1347
11 61 1451
11 62 220
11 63 1299
11 64 1403
11 65 172
11 66 1251
11 67 1355
11 68 124
11 69 1203
11 70 1307
11 71 76
11 72 1155
11 73 1355
11 74 124
11 75 1203
11 76 1403
11 77 172
11 78 1251
11 79 1451
11 80 220
11 81 1299
11 82 1499
11 83 268
11 84 1347
11 85 1547
11 86 316
11 87 1395
11 88 2003
12 0 1731
12 1 928
12 2 477
12 3 715
12 4 1465
12 5 830
12 6 967
12 7 1596
12 8 1088
12 9 1162
12 10 1102
12 11 656
12 12 0
12 13 1541
12 14 752
12 15 691
12 16 1114
12 17 1032
12 18 1923
12 19 787
12 20 1457
12 21 690
12 22 733
12 23 807
12 24 1652
12 25 799
12 26 1159
12 27 1236
12 28 1713
12 29 1672
12 30 874
12 31 669
12 32 1687
12 33 1511
12 34 1611
12 35 1156
12 36 2387
12 37 1563
12 38 1108
12 39 2339
12 40 1515
12 41 1060
12 42 2291
12 43 1467
12 44 1012
12 45 2243
12 46 1419
12 47 964
12 48 2195
12 49 1371
12 50 916
12 51 2147
12 52 1323
12 53 868
12 54 2099
12 55 1275
12 56 820
12 57 2051
12 58 1227
12 59 772
12 60 2003
12 61 1179
12 62 724
12 63 1955
12 64 1131
12 65 676
12 66 1907
12 67 1083
12 68 628
12 69 1859
12 70 1035
12 71 580
12 72 1811
12 73 987
12 74 532
12 75 1763
12 76 939
12 77 484
12 78 1715
12 79 891
12 80 436
12 81 1667
12 82 843
12 83 388
12 84 1619
12 85 891
12 86 436
12 87 1667
12 88 1731
13 0 2600
13 1 2395
13 2 1242
13 3 2256
13 4 1558
13 5 1019
13 6 2356
13 7 1637
13 8 1181
13 9 1255
13 10 1267
13 11 1037
13 12 1541
13 13 0
13 14 941
13 15 976
13 16 1207
13 17 1797
13 18 638
13 19 754
13 20 1550
13 21 1263
13 22 1402
13 23 1380
13 24 1485
13 25 1180
13 26 2068
13 27 1991
13 28 2378
13 29 1843
13 30 967
13 31 1050
13 32 1780
13 33 1604
13 34 2480
13 35 1249
13 36 846
13 37 2432
13 38 1201
13 39 798
13 40 2384
13 41 1153
13 42 750
13 43 2336
13 44 1105
13 45 702
13 46 2288
13 47 1057
13 48 654
13 49 2240
13 50 1009
13 51 606
13 52 2192
13 53 961
13 54 558
13 55 2144
13 56 913
13 57 510
13 58 2096
13 59 865
13 60 462
13 61 2048
13 62 817
13 63 414
13 64 2096
13 65 865
13 66 462
13 67 2144
13 68 913
13 69 510
13 70 2192
13 71 961
13 72 558
13 73 2240
13 74 1009
13 75 606
13 76 2288
13 77 1057
13 78 654
13 79 2336
13 80 1105
13 81 702
13 82 2384
13 83 1153
13 84 750
13 85 2432
13 86 1201
13 87 798
13 88 2600
14 0 1907
14 1 1606
14 2 453
14 3 1467
14 4 865
14 5 78
14 6 1567
14 7 996
14 8 488
14 9 562
14 10 790
14 11 248
14 12 752
14 13 941
14 14 0
14 15 187
14 16 514
14 17 1008
14 18 1323
14 19 187
14 20 857
14 21 474
14 22 613
14 23 591
14 24 1052
14 25 391
14 26 1279
14 27 1202
14 28 1685
14 29 1150
14 30 274
14 31 261
14 32 1087
14 33 911
14 34 1787
14 35 556
14 36 1635
14 37 1739
14 38 508
14 39 1587
14 40 1691
14 41 460
14 42 1539
14 43 1643
14 44 412
14 45 1491
14 46 1595
14 47 364
14 48 1443
14 49 1547
14 50 316
14 51 1395
14 52 1499
14 53 268
14 54 1347
14 55 1451
14 56 220
14 57 1299
14 58 1403
14 59 172
14 60 1251
14 61 1355
14 62 124
14 63 1203
14 64 1307
14 65 76
14 66 1155
14 67 1355
14 68 124
14 69 1203
14 70 1403
14 71 172
14 72 1251
14 73 1451
14 74 220
14 75 1299
14 76 1499
14 77 268
14 78 1347
14 79 1547
14 80 316
14 81 1395
14 82 1595
14 83 364
14 84 1443
14 85 1643
14 86 412
14 87 1491
14 88 1907
15 0 1942
15 1 1545
15 2 392
15 3 1406
15 4 900
15 5 265
15 6 1506
15 7 1031
15 8 523
15 9 597
15 10 729
15 11 187
15 12 691
15 13 976
15 14 187
15 15 0
15 16 549
15 17 947
15 18 1358
15 19 222
15 20 892
15 21 413
15 22 552
15 23 530
15 24 1087
15 25 330
15 26 1218
15 27 1141
15 28 1720
15 29 1185
15 30 309
15 31 200
15 32 1122
15 33 946
15 34 1822
15 35 591
15 36 1696
15 37 1774
15 38 543
15 39 1648
15 40 1726
15 41 495
15 42 1600
15 43 1678
15 44 447
15 45 1552
15 46 1630
15 47 399
15 48 1504
15 49 1582
15 50 351
15 51 1456
15 52 1534
15 53 303
15 54 1408
15 55 1486
15 56 255
15 57 1360
15 58 1438
15 59 207
15 60 1312
15 61 1390
15 62 159
15 63 1264
15 64 1342
15 65 111
15 66 1216
15 67 1294
15 68 63
15 69 1168
15 70 1342
15 71 111
15 72 1216
15 73 1390
15 74 159
15 75 1264
15 76 1438
15 77 207
15 78 1312
15 79 1486
15 80 255
15 81 1360
15 82 1534
15 83 303
15 84 1408
15 85 1582
15 86 351
15 87 1456
15 88 1942
16 0 1597
16 1 1968
16 2 815
16 3 1829
16 4 555
16 5 592
16 6 1929
16 7 686
16 8 26
16 9 252
16 10 1152
16 11 610
16 12 1114
16 13 1207
16 14 514
16 15 549
16 16 0
16 17 1370
16 18 1397
16 19 453
16 20 547
16 21 836
16 22 975
16 23 953
16 24 742
16 25 753
16 26 1641
16 27 1564
16 28 1375
16 29 1128
16 30 444
16 31 623
16 32 777
16 33 1081
16 34 1477
16 35 246
16 36 1273
16 37 1429
16 38 198
16 39 1225
16 40 1381
16 41 150
16 42 1177
16 43 1333
16 44 102
16 45 1129
16 46 1381
16 47 150
16 48 1177
16 49 1429
16 50 198
16 51 1225
16 52 1477
16 53 246
16 54 1273
16 55 1525
16 56 294
16 57 1321
16 58 1573
16 59 342
16 60 1369
16 61 1621
16 62 390
16 63 1417
16 64 1669
16 65 438
16 66 1465
16 67 1717
16 68 486
16 69 1513
16 70 1765
16 71 534
16 72 1561
16 73 1813
16 74 582
16 75 1609
16 76 1861
16 77 630
16 78 1657
16 79 1909
16 80 678
16 81 1705
16 82 1957
16 83 726
16 84 1753
16 85 2005
16 86 774
16 87 1801
16 88 1597
17 0 1571
17 1 598
17 2 733
17 3 811
17 4 1721
17 5 1086
17 6 559
17 7 1852
17 8 1344
17 9 1418
17 10 1358
17 11 912
17 12 1032
17 13 1797
17 14 1008
17 15 947
17 16 1370
17 17 0
17 18 2179
17 19 1043
17 20 1713
17 21 946
17 22 989
17 23 1063
17 24 1908
17 25 1055
17 26 999
17 27 1076
17 28 1553
17 29 1512
17 30 1130
17 31 925
17 32 1943
17 33 1559
17 34 1451
17 35 1412
17 36 2643
17 37 1403
17 38 1364
17 39 2595
17 40 1355
17 41 1316
17 42 2547
17 43 1307
17 44 1268
17 45 2499
17 46 1259
17 47 1220
17 48 2451
17 49 1211
17 50 1172
17 51 2403
17 52 1163
17 53 1124
17 54 2355
17 55 1115
17 56 1076
17 57 2307
17 58 1067
17 59 1028
17 60 2259
17 61 1019
17 62 980
17 63 2211
17 64 971
17 65 932
17 66 2163
17 67 923
17 68 884
17 69 2115
17 70 875
17 71 836
17 72 2067
17 73 827
17 74 788
17 75 2019
17 76 779
17 77 740
17 78 1971
17 79 731
17 80 692
17 81 1923
17 82 683
17 83 644
17 84 1875
17 85 635
17 86 596
17 87 1827
17 88 1571
18 0 2790
18 1 2777
18 2 1624
18 3 2638
18 4 1748
18 5 1349
18 6 2738
18 7 1255
18 8 1371
18 9 1445
18 10 1077
18 11 1419
18 12 1923
18 13 638
18 14 1323
18 15 1358
18 16 1397
18 17 2179
18 18 0
18 19 1262
18 20 1740
18 21 1489
18 22 1784
18 23 1762
18 24 1103
18 25 1380
18 26 2450
18 27 2373
18 28 2568
18 29 2033
18 30 1253
18 31 1432
18 32 1970
18 33 1890
18 34 2670
18 35 1439
18 36 464
18 37 2622
18 38 1391
18 39 416
18 40 2574
18 41 1343
18 42 368
18 43 2526
18 44 1295
18 45 320
18 46 2478
18 47 1247
18 48 272
18 49 2430
18 50 1199
18 51 224
18 52 2382
18 53 1151
18 54 176
18 55 2334
18 56 1103
18 57 128
18 58 2382
18 59 1151
18 60 176
18 61 2430
18 62 1199
18 63 224
18 64 2478
18 65 1247
18 66 272
18 67 2526
18 68 1295
18 69 320
18 70 2574
18 71 1343
18 72 368
18 73 2622
18 74 1391
18 75 416
18 76 2670
18 77 1439
18 78 464
18 79 2718
18 80 1487
18 81 512
18 82 2766
18 83 1535
18 84 560
18 85 2814
18 86 1583
18 87 608
18 88 2790
19 0 1846
19 1 1641
19 2 488
19 3 1502
19 4 804
19 5 265
19 6 1602
19 7 935
19 8 427
19 9 501
19 10 825
19 11 283
19 12 787
19 13 754
19 14 187
19 15 222
19 16 453
19 17 1043
19 18 1262
19 19 0
19 20 796
19 21 509
19 22 648
19 23 626
19 24 991
19 25 426
19 26 1314
19 27 1237
19 28 1624
19 29 1089
19 30 213
19 31 296
19 32 1026
19 33 850
19 34 1726
19 35 495
19 36 1600
19 37 1678
19 38 447
19 39 1552
19 40 1630
19 41 399
19 42 1504
19 43 1582
19 44 351
19 45 1456
19 46 1534
19 47 303
19 48 1408
19 49 1486
19 50 255
19 51 1360
19 52 1438
19 53 207
19 54 1312
19 55 1390
19 56 159
19 57 1264
19 58 1342
19 59 111
19 60 1216
19 61 1294
19 62 63
19 63 1168
19 64 1342
19 65 111
19 66 1216
19 67 1390
19 68 159
19 69 1264
19 70 1438
19 71 207
19 72 1312
19 73 1486
19 74 255
19 75 1360
19 76 1534
19 77 303
19 78 1408
19 79 1582
19 80 351
19 81 1456
19 82 1630
19 83 399
19 84 1504
19 85 1678
19 86 447
19 87 1552
19 88 1846
20 0 1050
20 1 1687
20 2 1158
20 3 1730
20 4 898
20 5 935
20 6 1726
20 7 837
20 8 521
20 9 499
20 10 1495
20 11 953
20 12 1457
20 13 1550
20 14 857
20 15 892
20 16 547
20 17 1713
20 18 1740
20 19 796
20 20 0
20 21 1179
20 22 1318
20 23 1296
20 24 893
20 25 1096
20 26 1438
20 27 1803
20 28 1032
20 29 1471
20 30 787
20 31 966
20 32 928
20 33 1424
20 34 930
20 35 397
20 36 1628
20 37 882
20 38 349
20 39 1580
20 40 930
20 41 397
20 42 1628
20 43 978
20 44 445
20 45 1676
20 46 1026
20 47 493
20 48 1724
20 49 1074
20 50 541
20 51 1772
20 52 1122
20 53 589
20 54 1820
20 55 1170
20 56 637
20 57 1868
20 58 1218
20 59 685
20 60 1916
20 61 1266
20 62 733
20 63 1964
20 64 1314
20 65 781
20 66 2012
20 67 1362
20 68 829
20 69 2060
20 70 1410
20 71 877
20 72 2108
20 73 1458
20 74 925
20 75 2156
20 76 1506
20 77 973
20 78 2204
20 79 1554
20 80 1021
20 81 2252
20 82 1602
20 83 1069
20 84 2300
20 85 1650
20 86 1117
20 87 2348
20 88 1050
21 0 2229
21 1 1544
21 2 391
21 3 1405
21 4 1187
21 5 552
21 6 1505
21 7 1318
21 8 810
21 9 884
21 10 824
21 11 378
21 12 690
21 13 1263
21 14 474
21 15 413
21 16 836
21 17 946
21 18 1489
21 19 509
21 20 1179
21 21 0
21 22 551
21 23 529
21 24 1374
21 25 521
21 26 1505
21 27 1140
21 28 2007
21 29 1472
21 30 596
21 31 391
21 32 1409
21 33 1233
21 34 2109
21 35 878
21 36 1697
21 37 2061
21 38 830
21 39 1649
21 40 2013
21 41 782
21 42 1601
21 43 1965
21 44 734
21 45 1553
21 46 1917
21 47 686
21 48 1505
21 49 1869
21 50 638
21 51 1457
21 52 1821
21 53 590
21 54 1409
21 55 1773
21 56 542
21 57 1361
21 58 1725
21 59 494
21 60 1313
21 61 1677
21 62 446
21 63 1265
21 64 1629
21 65 398
21 66 1217
21 67 1581
21 68 350
21 69 1169
21 70 1533
21 71 302
21 72 1121
21 73 1485
21 74 254
21 75 1073
21 76 1437
21 77 206
21 78 1025
21 79 1485
21 80 254
21 81 1073
21 82 1533
21 83 302
21 84 1121
21 85 1581
21 86 350
21 87 1169
21 88 2229
22 0 1774
22 1 1067
22 2 434
22 3 1110
22 4 1326
22 5 691
22 6 1106
22 7 1457
22 8 949
22 9 1023
22 10 963
22 11 517
22 12 733
22 13 1402
22 14 613
22 15 552
22 16 975
22 17 989
22 18 1784
22 19 648
22 20 1318
22 21 551
22 22 0
22 23 668
22 24 1513
22 25 660
22 26 1202
22 27 1279
22 28 1756
22 29 1611
22 30 735
22 31 530
22 32 1548
22 33 1372
22 34 1654
22 35 1017
22 36 2248
22 37 1606
22 38 969
22 39 2200
22 40 1558
22 41 921
22 42 2152
22 43 1510
22 44 873
22 45 2104
22 46 1462
22 47 825
22 48 2056
22 49 1414
22 50 777
22 51 2008
22 52 1366
22 53 729
22 54 1960
22 55 1318
22 56 681
22 57 1912
22 58 1270
22 59 633
22 60 1864
22 61 1222
22 62 585
22 63 1816
22 64 1174
22 65 537
22 66 1768
22 67 1126
22 68 489
22 69 1720
22 70 1078
22 71 441
22 72 1672
22 73 1030
22 74 393
22 75 1624
22 76 982
22 77 345
22 78 1576
22 79 934
22 80 297
22 81 1528
22 82 982
22 83 345
22 84 1576
22 85 1030
22 86 393
22 87 1624
22 88 1774
23 0 1700
23 1 1089
23 2 508
23 3 1132
23 4 1304
23 5 669
23 6 1128
23 7 1435
23 8 927
23 9 1001
23 10 941
23 11 495
23 12 807
23 13 1380
23 14 591
23 15 530
23 16 953
23 17 1063
23 18 1762
23 19 626
23 20 1296
23 21 529
23 22 668
23 23 0
23 24 1491
23 25 638
23 26 1128
23 27 611
23 28 1682
23 29 1589
23 30 713
23 31 508
23 32 1526
23 33 1350
23 34 1580
23 35 995
23 36 2226
23 37 1532
23 38 947
23 39 2178
23 40 1484
23 41 899
23 42 2130
23 43 1436
23 44 851
23 45 2082
23 46 1388
23 47 803
23 48 2034
23 49 1340
23 50 755
23 51 1986
23 52 1292
23 53 707
23 54 1938
23 55 1244
23 56 659
23 57 1890
23 58 1196
23 59 611
23 60 1842
23 61 1148
23 62 563
23 63 1794
23 64 1100
23 65 515
23 66 1746
23 67 1052
23 68 467
23 69 1698
23 70 1004
23 71 419
23 72 1650
23 73 956
23 74 371
23 75 1602
23 76 908
23 77 323
23 78 1554
23 79 956
23 80 371
23 81 1602
23 82 1004
23 83 419
23 84 1650
23 85 1052
23 86 467
23 87 1698
23 88 1700
24 0 1943
24 1 2506
24 2 1353
24 3 2367
24 4 1093
24 5 1130
24 6 2467
24 7 1032
24 8 716
24 9 694
24 10 1690
24 11 1148
24 12 1652
24 13 1485
24 14 1052
24 15 1087
24 16 742
24 17 1908
24 18 1103
24 19 991
24 20 893
24 21 1374
24 22 1513
24 23 1491
24 24 0
24 25 1291
24 26 2179
24 27 2102
24 28 1721
24 29 1666
24 30 982
24 31 1161
24 32 1123
24 33 1619
24 34 1823
24 35 592
24 36 735
24 37 1775
24 38 544
24 39 687
24 40 1823
24 41 592
24 42 735
24 43 1871
24 44 640
24 45 783
24 46 1919
24 47 688
24 48 831
24 49 1967
24 50 736
24 51 879
24 52 2015
24 53 784
24 54 927
24 55 2063
24 56 832
24 57 975
24 58 2111
24 59 880
24 60 1023
24 61 2159
24 62 928
24 63 1071
24 64 2207
24 65 976
24 66 1119
24 67 2255
24 68 1024
24 69 1167
24 70 2303
24 71 1072
24 72 1215
24 73 2351
24 74 1120
24 75 1263
24 76 2399
24 77 1168
24 78 1311
24 79 2447
24 80 1216
24 81 1359
24 82 2495
24 83 1264
24 84 1407
24 85 2543
24 86 1312
24 87 1455
24 88 1943
25 0 2146
25 1 1653
25 2 500
25 3 1514
25 4 1104
25 5 469
25 6 1614
25 7 1235
25 8 727
25 9 801
25 10 837
25 11 143
25 12 799
25 13 1180
25 14 391
25 15 330
25 16 753
25 17 1055
25 18 1380
25 19 426
25 20 1096
25 21 521
25 22 660
25 23 638
25 24 1291
25 25 0
25 26 1422
25 27 1249
25 28 1924
25 29 1389
25 30 513
25 31 130
25 32 1326
25 33 1150
25 34 2026
25 35 795
25 36 1588
25 37 1978
25 38 747
25 39 1540
25 40 1930
25 41 699
25 42 1492
25 43 1882
25 44 651
25 45 1444
25 46 1834
25 47 603
25 48 1396
25 49 1786
25 50 555
25 51 1348
25 52 1738
25 53 507
25 54 1300
25 55 1690
25 56 459
25 57 1252
25 58 1642
25 59 411
25 60 1204
25 61 1594
25 62 363
25 63 1156
25 64 1546
25 65 315
25 66 1108
25 67 1498
25 68 267
25 69 1060
25 70 1450
25 71 219
25 72 1012
25 73 1498
25 74 267
25 75 1060
25 76 1546
25 77 315
25 78 1108
25 79 1594
25 80 363
25 81 1156
25 82 1642
25 83 411
25 84 1204
25 85 1690
25 86 459
25 87 1252
25 88 2146
26 0 724
26 1 401
26 2 1484
26 3 444
26 4 1238
26 5 1357
26 6 440
26 7 2123
26 8 1615
26 9 1689
26 10 1821
26 11 1279
26 12 1159
26 13 2068
26 14 1279
26 15 1218
26 16 1641
26 17 999
26 18 2450
26 19 1314
26 20 1438
26 21 1505
26 22 1202
26 23 1128
26 24 2179
26 25 1422
26 26 0
26 27 517
26 28 706
26 29 665
26 30 1401
26 31 1292
26 32 1304
26 33 712
26 34 604
26 35 1683
26 36 2914
26 37 556
26 38 1635
26 39 2866
26 40 508
26 41 1587
26 42 2818
26 43 460
26 44 1539
26 45 2770
26 46 412
26 47 1491
26 48 2722
26 49 364
26 50 1443
26 51 2674
26 52 316
26 53 1395
26 54 2626
26 55 268
26 56 1347
26 57 2578
26 58 220
26 59 1299
26 60 2530
26 61 172
26 62 1251
26 63 2482
26 64 124
26 65 1203
26 66 2434
26 67 76
26 68 1155
26 69 2386
26 70 124
26 71 1203
26 72 2434
26 73 172
26 74 1251
26 75 2482
26 76 220
26 77 1299
26 78 2530
26 79 268
26 80 1347
26 81 2578
26 82 316
26 83 1395
26 84 2626
26 85 364
26 86 1443
26 87 2674
26 88 724
27 0 1089
27 1 478
27 2 1119
27 3 521
27 4 1603
27 5 1280
27 6 517
27 7 2046
27 8 1538
27 9 1612
27 10 1552
27 11 1106
27 12 1236
27 13 1991
27 14 1202
27 15 1141
27 16 1564
27 17 1076
27 18 2373
27 19 1237
27 20 1803
27 21 1140
27 22 1279
27 23 611
27 24 2102
27 25 1249
27 26 517
27 27 0
27 28 1071
27 29 1030
27 30 1324
27 31 1119
27 32 1669
27 33 1077
27 34 969
27 35 1606
27 36 2837
27 37 921
27 38 1558
27 39 2789
27 40 873
27 41 1510
27 42 2741
27 43 825
27 44 1462
27 45 2693
27 46 777
27 47 1414
27 48 2645
27 49 729
27 50 1366
27 51 2597
27 52 681
27 53 1318
27 54 2549
27 55 633
27 56 1270
27 57 2501
27 58 585
27 59 1222
27 60 2453
27 61 537
27 62 1174
27 63 2405
27 64 489
27 65 1126
27 66 2357
27 67 441
27 68 1078
27 69 2309
27 70 393
27 71 1030
27 72 2261
27 73 345
27 74 982
27 75 2213
27 76 297
27 77 934
27 78 2165
27 79 345
27 80 982
27 81 2213
27 82 393
27 83 1030
27 84 2261
27 85 441
27 86 1078
27 87 2309
27 88 1089
28 0 222
28 1 955
28 2 1986
28 3 998
28 4 1024
28 5 1763
28 6 994
28 7 1569
28 8 1349
28 9 1327
28 10 2323
28 11 1781
28 12 1713
28 13 2378
28 14 1685
28 15 1720
28 16 1375
28 17 1553
28 18 2568
28 19 1624
28 20 1032
28 21 2007
28 22 1756
28 23 1682
28 24 1721
28 25 1924
28 26 706
28 27 1071
28 28 0
28 29 739
28 30 1615
28 31 1794
28 32 598
28 33 978
28 34 102
28 35 1129
28 36 2360
28 37 150
28 38 1177
28 39 2408
28 40 198
28 41 1225
28 42 2456
28 43 246
28 44 1273
28 45 2504
28 46 294
28 47 1321
28 48 2552
28 49 342
28 50 1369
28 51 2600
28 52 390
28 53 1417
28 54 2648
28 55 438
28 56 1465
28 57 2696
28 58 486
28 59 1513
28 60 2744
28 61 534
28 62 1561
28 63 2792
28 64 582
28 65 1609
28 66 2840
28 67 630
28 68 1657
28 69 2888
28 70 678
28 71 1705
28 72 2936
28 73 726
28 74 1753
28 75 2984
28 76 774
28 77 1801
28 78 3032
28 79 822
28 80 1849
28 81 3080
28 82 870
28 83 1897
28 84 3128
28 85 918
28 86 1945
28 87 3176
28 88 222
29 0 757
29 1 914
29 2 1451
29 3 957
29 4 1271
29 5 1228
29 6 953
29 7 1610
29 8 1102
29 9 1176
29 10 1788
29 11 1246
29 12 1672
29 13 1843
29 14 1150
29 15 1185
29 16 1128
29 17 1512
29 18 2033
29 19 1089
29 20 1471
29 21 1472
29 22 1611
29 23 1589
29 24 1666
29 25 1389
29 26 665
29 27 1030
29 28 739
29 29 0
29 30 1080
29 31 1259
29 32 1337
29 33 937
29 34 637
29 35 1170
29 36 2401
29 37 589
29 38 1122
29 39 2353
29 40 541
29 41 1074
29 42 2305
29 43 493
29 44 1026
29 45 2257
29 46 445
29 47 978
29 48 2209
29 49 397
29 50 930
29 51 2161
29 52 349
29 53 882
29 54 2113
29 55 397
29 56 930
29 57 2161
29 58 445
29 59 978
29 60 2209
29 61 493
29 62 1026
29 63 2257
29 64 541
29 65 1074
29 66 2305
29 67 589
29 68 1122
29 69 2353
29 70 637
29 71 1170
29 72 2401
29 73 685
29 74 1218
29 75 2449
29 76 733
29 77 1266
29 78 2497
29 79 781
29 80 1314
29 81 2545
29 82 829
29 83 1362
29 84 2593
29 85 877
29 86 1410
29 87 2641
29 88 757
30 0 1837
30 1 1728
30 2 575
30 3 1589
30 4 795
30 5 352
30 6 1689
30 7 926
30 8 418
30 9 492
30 10 912
30 11 370
30 12 874
30 13 967
30 14 274
30 15 309
30 16 444
30 17 1130
30 18 1253
30 19 213
30 20 787
30 21 596
30 22 735
30 23 713
30 24 982
30 25 513
30 26 1401
30 27 1324
30 28 1615
30 29 1080
30 30 0
30 31 383
30 32 1017
30 33 841
30 34 1717
30 35 486
30 36 1513
30 37 1669
30 38 438
30 39 1465
30 40 1621
30 41 390
30 42 1417
30 43 1573
30 44 342
30 45 1369
30 46 1525
30 47 294
30 48 1321
30 49 1477
30 50 246
30 51 1273
30 52 1429
30 53 198
30 54 1225
30 55 1381
30 56 150
30 57 1177
30 58 1333
30 59 102
30 60 1129
30 61 1381
30 62 150
30 63 1177
30 64 1429
30 65 198
30 66 1225
30 67 1477
30 68 246
30 69 1273
30 70 1525
30 71 294
30 72 1321
30 73 1573
30 74 342
30 75 1369
30 76 1621
30 77 390
30 78 1417
30 79 1669
30 80 438
30 81 1465
30 82 1717
30 83 486
30 84 1513
30 85 1765
30 86 534
30 87 1561
30 88 1837
31 0 2016
31 1 1523
31 2 370
31 3 1384
31 4 974
31 5 339
31 6 1484
31 7 1105
31 8 597
31 9 671
31 10 707
31 11 13
31 12 669
31 13 1050
31 14 261
31 15 200
31 16 623
31 17 925
31 18 1432
31 19 296
31 20 966
31 21 391
31 22 530
31 23 508
31 24 1161
31 25 130
31 26 1292
31 27 1119
31 28 1794
31 29 1259
31 30 383
31 31 0
31 32 1196
31 33 1020
31 34 1896
31 35 665
31 36 1718
31 37 1848
31 38 617
31 39 1670
31 40 1800
31 41 569
31 42 1622
31 43 1752
31 44 521
31 45 1574
31 46 1704
31 47 473
31 48 1526
31 49 1656
31 50 425
31 51 1478
31 52 1608
31 53 377
31 54 1430
31 55 1560
31 56 329
31 57 1382
31 58 1512
31 59 281
31 60 1334
31 61 1464
31 62 233
31 63 1286
31 64 1416
31 65 185
31 66 1238
31 67 1368
31 68 137
31 69 1190
31 70 1320
31 71 89
31 72 1142
31 73 1368
31 74 137
31 75 1190
31 76 1416
31 77 185
31 78 1238
31 79 1464
31 80 233
31 81 1286
31 82 1512
31 83 281
31 84 1334
31 85 1560
31 86 329
31 87 1382
31 88 2016
32 0 820
32 1 1553
32 2 1388
32 3 1596
32 4 1128
32 5 1165
32 6 1592
32 7 971
32 8 751
32 9 729
32 10 1725
32 11 1183
32 12 1687
32 13 1780
32 14 1087
32 15 1122
32 16 777
32 17 1943
32 18 1970
32 19 1026
32 20 928
32 21 1409
32 22 1548
32 23 1526
32 24 1123
32 25 1326
32 26 1304
32 27 1669
32 28 598
32 29 1337
32 30 1017
32 31 1196
32 32 0
32 33 1576
32 34 700
32 35 531
32 36 1762
32 37 748
32 38 579
32 39 1810
32 40 796
32 41 627
32 42 1858
32 43 844
32 44 675
32 45 1906
32 46 892
32 47 723
32 48 1954
32 49 940
32 50 771
32 51 2002
32 52 988
32 53 819
32 54 2050
32 55 1036
32 56 867
32 57 2098
32 58 1084
32 59 915
32 60 2146
32 61 1132
32 62 963
32 63 2194
32 64 1180
32 65 1011
32 66 2242
32 67 1228
32 68 1059
32 69 2290
32 70 1276
32 71 1107
32 72 2338
32 73 1324
32 74 1155
32 75 2386
32 76 1372
32 77 1203
32 78 2434
32 79 1420
32 80 1251
32 81 2482
32 82 1468
32 83 1299
32 84 2530
32 85 1516
32 86 1347
32 87 2578
32 88 820
33 0 996
33 1 961
33 2 1212
33 3 1004
33 4 1432
33 5 989
33 6 1000
33 7 1563
33 8 1055
33 9 1129
33 10 1549
33 11 1007
33 12 1511
33 13 1604
33 14 911
33 15 946
33 16 1081
33 17 1559
33 18 1890
33 19 850
33 20 1424
33 21 1233
33 22 1372
33 23 1350
33 24 1619
33 25 1150
33 26 712
33 27 1077
33 28 978
33 29 937
33 30 841
33 31 1020
33 32 1576
33 33 0
33 34 876
33 35 1123
33 36 2354
33 37 828
33 38 1075
33 39 2306
33 40 780
33 41 1027
33 42 2258
33 43 732
33 44 979
33 45 2210
33 46 684
33 47 931
33 48 2162
33 49 636
33 50 883
33 51 2114
33 52 588
33 53 835
33 54 2066
33 55 540
33 56 787
33 57 2018
33 58 492
33 59 739
33 60 1970
33 61 540
33 62 787
33 63 2018
33 64 588
33 65 835
33 66 2066
33 67 636
33 68 883
33 69 2114
33 70 684
33 71 931
33 72 2162
33 73 732
33 74 979
33 75 2210
33 76 780
33 77 1027
33 78 2258
33 79 828
33 80 1075
33 81 2306
33 82 876
33 83 1123
33 84 2354
33 85 924
33 86 1171
33 87 2402
33 88 996
34 0 120
34 1 853
34 2 2088
34 3 896
34 4 922
34 5 1865
34 6 892
34 7 1671
34 8 1451
34 9 1429
34 10 2425
34 11 1883
34 12 1611
34 13 2480
34 14 1787
34 15 1822
34 16 1477
34 17 1451
34 18 2670
34 19 1726
34 20 930
34 21 2109
34 22 1654
34 23 1580
34 24 1823
34 25 2026
34 26 604
34 27 969
34 28 102
34 29 637
34 30 1717
34 31 1896
34 32 700
34 33 876
34 34 0
34 35 1231
34 36 2462
34 37 48
34 38 1279
34 39 2510
34 40 96
34 41 1327
34 42 2558
34 43 144
34 44 1375
34 45 2606
34 46 192
34 47 1423
34 48 2654
34 49 240
34 50 1471
34 51 2702
34 52 288
34 53 1519
34 54 2750
34 55 336
34 56 1567
34 57 2798
34 58 384
34 59 1615
34 60 2846
34 61 432
34 62 1663
34 63 2894
34 64 480
34 65 1711
34 66 2942
34 67 528
34 68 1759
34 69 2990
34 70 576
34 71 1807
34 72 3038
34 73 624
34 74 1855
34 75 3086
34 76 672
34 77 1903
34 78 3134
34 79 720
34 80 1951
34 81 3182
34 82 768
34 83 1999
34 84 3230
34 85 816
34 86 2047
34 87 3278
34 88 120
35 0 1351
35 1 2010
35 2 857
35 3 1871
35 4 597
35 5 634
35 6 1971
35 7 440
35 8 220
35 9 198
35 10 1194
35 11 652
35 12 1156
35 13 1249
35 14 556
35 15 591
35 16 246
35 17 1412
35 18 1439
35 19 495
35 20 397
35 21 878
35 22 1017
35 23 995
35 24 592
35 25 795
35 26 1683
35 27 1606
35 28 1129
35 29 1170
35 30 486
35 31 665
35 32 531
35 33 1123
35 34 1231
35 35 0
35 36 1231
35 37 1279
35 38 48
35 39 1279
35 40 1327
35 41 96
35 42 1327
35 43 1375
35 44 144
35 45 1375
35 46 1423
35 47 192
35 48 1423
35 49 1471
35 50 240
35 51 1471
35 52 1519
35 53 288
35 54 1519
35 55 1567
35 56 336
35 57 1567
35 58 1615
35 59 384
35 60 1615
35 61 1663
35 62 432
35 63 1663
35 64 1711
35 65 480
35 66 1711
35 67 1759
35 68 528
35 69 1759
35 70 1807
35 71 576
35 72 1807
35 73 1855
35 74 624
35 75 1855
35 76 1903
35 77 672
35 78 1903
35 79 1951
35 80 720
35 81 1951
35 82 1999
35 83 768
35 84 1999
35 85 2047
35 86 816
35 87 2047
35 88 1351
36 0 2582
36 1 3241
36 2 1910
36 3 3102
36 4 1828
36 5 1557
36 6 3202
36 7 791
36 8 1299
36 9 1225
36 10 1285
36 11 1731
36 12 2387
36 13 846
36 14 1635
36 15 1696
36 16 1273
36 17 2643
36 18 464
36 19 1600
36 20 1628
36 21 1697
36 22 2248
36 23 2226
36 24 735
36 25 1588
36 26 2914
36 27 2837
36 28 2360
36 29 2401
36 30 1513
36 31 1718
36 32 1762
36 33 2354
36 34 2462
36 35 1231
36 36 0
36 37 2510
36 38 1279
36 39 48
36 40 2558
36 41 1327
36 42 96
36 43 2606
36 44 1375
36 45 144
36 46 2654
36 47 1423
36 48 192
36 49 2702
36 50 1471
36 51 240
36 52 2750
36 53 1519
36 54 288
36 55 2798
36 56 1567
36 57 336
36 58 2846
36 59 1615
36 60 384
36 61 2894
36 62 1663
36 63 432
36 64 2942
36 65 1711
36 66 480
36 67 2990
36 68 1759
36 69 528
36 70 3038
36 71 1807
36 72 576
36 73 3086
36 74 1855
36 75 624
36 76 3134
36 77 1903
36 78 672
36 79 3182
36 80 1951
36 81 720
36 82 3230
36 83 1999
36 84 768
36 85 3278
36 86 2047
36 87 816
36 88 2582
37 0 168
37 1 805
37 2 2040
37 3 848
37 4 874
37 5 1817
37 6 844
37 7 1719
37 8 1403
37 9 1381
37 10 2377
37 11 1835
37 12 1563
37 13 2432
37 14 1739
37 15 1774
37 16 1429
37 17 1403
37 18 2622
37 19 1678
37 20 882
37 21 2061
37 22 1606
37 23 1532
37 24 1775
37 25 1978
37 26 556
37 27 921
37 28 150
37 29 589
37 30 1669
37 31 1848
37 32 748
37 33 828
37 34 48
37 35 1279
37 36 2510
37 37 0
37 38 1231
37 39 2462
37 40 48
37 41 1279
37 42 2510
37 43 96
37 44 1327
37 45 2558
37 46 144
37 47 1375
37 48 2606
37 49 192
37 50 1423
37 51 2654
37 52 240
37 53 1471
37 54 2702
37 55 288
37 56 1519
37 57 2750
37 58 336
37 59 1567
37 60 2798
37 61 384
37 62 1615
37 63 2846
37 64 432
37 65 1663
37 66 2894
37 67 480
37 68 1711
37 69 2942
37 70 528
37 71 1759
37 72 2990
37 73 576
37 74 1807
37 75 3038
37 76 624
37 77 1855
37 78 3086
37 79 672
37 80 1903
37 81 3134
37 82 720
37 83 1951
37 84 3182
37 85 768
37 86 1999
37 87 3230
37 88 168
38 0 1399
38 1 1962
38 2 809
38 3 1823
38 4 549
38 5 586
38 6 1923
38 7 488
38 8 172
38 9 150
38 10 1146
38 11 604
38 12 1108
38 13 1201
38 14 508
38 15 543
38 16 198
38 17 1364
38 18 1391
38 19 447
38 20 349
38 21 830
38 22 969
38 23 947
38 24 544
38 25 747
38 26 1635
38 27 1558
38 28 1177
38 29 1122
38 30 438
38 31 617
38 32 579
38 33 1075
38 34 1279
38 35 48
38 36 1279
38 37 1231
38 38 0
38 39 1231
38 40 1279
38 41 48
38 42 1279
38 43 1327
38 44 96
38 45 1327
38 46 1375
38 47 144
38 48 1375
38 49 1423
38 50 192
38 51 1423
38 52 1471
38 53 240
38 54 1471
38 55 1519
38 56 288
38 57 1519
38 58 1567
38 59 336
38 60 1567
38 61 1615
38 62 384
38 63 1615
38 64 1663
38 65 432
38 66 1663
38 67 1711
38 68 480
38 69 1711
38 70 1759
38 71 528
38 72 1759
38 73 1807
38 74 576
38 75 1807
38 76 1855
38 77 624
38 78 1855
38 79 1903
38 80 672
38 81 1903
38 82 1951
38 83 720
38 84 1951
38 85 1999
38 86 768
38 87 1999
38 88 1399
39 0 2630
39 1 3193
39 2 1862
39 3 3054
39 4 1780
39 5 1509
39 6 3154
39 7 839
39 8 1251
39 9 1177
39 10 1237
39 11 1683
39 12 2339
39 13 798
39 14 1587
39 15 1648
39 16 1225
39 17 2595
39 18 416
39 19 1552
39 20 1580
39 21 1649
39 22 2200
39 23 2178
39 24 687
39 25 1540
39 26 2866
39 27 2789
39 28 2408
39 29 2353
39 30 1465
39 31 1670
39 32 1810
39 33 2306
39 34 2510
39 35 1279
39 36 48
39 37 2462
39 38 1231
39 39 0
39 40 2510
39 41 1279
39 42 48
39 43 2558
39 44 1327
39 45 96
39 46 2606
39 47 1375
39 48 144
39 49 2654
39 50 1423
39 51 192
39 52 2702
39 53 1471
39 54 240
39 55 2750
39 56 1519
39 57 288
39 58 2798
39 59 1567
39 60 336
39 61 2846
39 62 1615
39 63 384
39 64 2894
39 65 1663
39 66 432
39 67 2942
39 68 1711
39 69 480
39 70 2990
39 71 1759
39 72 528
39 73 3038
39 74 1807
39 75 576
39 76 3086
39 77 1855
39 78 624
39 79 3134
39 80 1903
39 81 672
39 82 3182
39 83 1951
39 84 720
39 85 3230
39 86 1999
39 87 768
39 88 2630
40 0 216
40 1 757
40 2 1992
40 3 800
40 4 826
40 5 1769
40 6 796
40 7 1767
40 8 1355
40 9 1333
40 10 2329
40 11 1787
40 12 1515
40 13 2384
40 14 1691
40 15 1726
40 16 1381
40 17 1355
40 18 2574
40 19 1630
40 20 930
40 21 2013
40 22 1558
40 23 1484
40 24 1823
40 25 1930
40 26 508
40 27 873
40 28 198
40 29 541
40 30 1621
40 31 1800
40 32 796
40 33 780
40 34 96
40 35 1327
40 36 2558
40 37 48
40 38 1279
40 39 2510
40 40 0
40 41 1231
40 42 2462
40 43 48
40 44 1279
40 45 2510
40 46 96
40 47 1327
40 48 2558
40 49 144
40 50 1375
40 51 2606
40 52 192
40 53 1423
40 54 2654
40 55 240
40 56 1471
40 57 2702
40 58 288
40 59 1519
40 60 2750
40 61 336
40 62 1567
40 63 2798
40 64 384
40 65 1615
40 66 2846
40 67 432
40 68 1663
40 69 2894
40 70 480
40 71 1711
40 72 2942
40 73 528
40 74 1759
40 75 2990
40 76 576
40 77 1807
40 78 3038
40 79 624
40 80 1855
40 81 3086
40 82 672
40 83 1903
40 84 3134
40 85 720
40 86 1951
40 87 3182
40 88 216
41 0 1447
41 1 1914
41 2 761
41 3 1775
41 4 501
41 5 538
41 6 1875
41 7 536
41 8 124
41 9 102
41 10 1098
41 11 556
41 12 1060
41 13 1153
41 14 460
41 15 495
41 16 150
41 17 1316
41 18 1343
41 19 399
41 20 397
41 21 782
41 22 921
41 23 899
41 24 592
41 25 699
41 26 1587
41 27 1510
41 28 1225
41 29 1074
41 30 390
41 31 569
41 32 627
41 33 1027
41 34 1327
41 35 96
41 36 1327
41 37 1279
41 38 48
41 39 1279
41 40 1231
41 41 0
41 42 1231
41 43 1279
41 44 48
41 45 1279
41 46 1327
41 47 96
41 48 1327
41 49 1375
41 50 144
41 51 1375
41 52 1423
41 53 192
41 54 1423
41 55 1471
41 56 240
41 57 1471
41 58 1519
41 59 288
41 60 1519
41 61 1567
41 62 336
41 63 1567
41 64 1615
41 65 384
41 66 1615
41 67 1663
41 68 432
41 69 1663
41 70 1711
41 71 480
41 72 1711
41 73 1759
41 74 528
41 75 1759
41 76 1807
41 77 576
41 78 1807
41 79 1855
41 80 624
41 81 1855
41 82 1903
41 83 672
41 84 1903
41 85 1951
41 86 720
41 87 1951
41 88 1447
42 0 2678
42 1 3145
42 2 1814
42 3 3006
42 4 1732
42 5 1461
42 6 3106
42 7 887
42 8 1203
42 9 1129
42 10 1189
42 11 1635
42 12 2291
42 13 750
42 14 1539
42 15 1600
42 16 1177
42 17 2547
42 18 368
42 19 1504
42 20 1628
42 21 1601
42 22 2152
42 23 2130
42 24 735
42 25 1492
42 26 2818
42 27 2741
42 28 2456
42 29 2305
42 30 1417
42 31 1622
42 32 1858
42 33 2258
42 34 2558
42 35 1327
42 36 96
42 37 2510
42 38 1279
42 39 48
42 40 2462
42 41 1231
42 42 0
42 43 2510
42 44 1279
42 45 48
42 46 2558
42 47 1327
42 48 96
42 49 2606
42 50 1375
42 51 144
42 52 2654
42 53 1423
42 54 192
42 55 2702
42 56 1471
42 57 240
42 58 2750
42 59 1519
42 60 288
42 61 2798
42 62 1567
42 63 336
42 64 2846
42 65 1615
42 66 384
42 67 2894
42 68 1663
42 69 432
42 70 2942
42 71 1711
42 72 480
42 73 2990
42 74 1759
42 75 528
42 76 3038
42 77 1807
42 78 576
42 79 3086
42 80 1855
42 81 624
42 82 3134
42 83 1903
42 84 672
42 85 3182
42 86 1951
42 87 720
42 88 2678
43 0 264
43 1 709
43 2 1944
43 3 752
43 4 778
43 5 1721
43 6 748
43 7 1815
43 8 1307
43 9 1381
43 10 2281
43 11 1739
43 12 1467
43 13 2336
43 14 1643
43 15 1678
43 16 1333
43 17 1307
43 18 2526
43 19 1582
43 20 978
43 21 1965
43 22 1510
43 23 1436
43 24 1871
43 25 1882
43 26 460
43 27 825
43 28 246
43 29 493
43 30 1573
43 31 1752
43 32 844
43 33 732
43 34 144
43 35 1375
43 36 2606
43 37 96
43 38 1327
43 39 2558
43 40 48
43 41 1279
43 42 2510
43 43 0
43 44 1231
43 45 2462
43 46 48
43 47 1279
43 48 2510
43 49 96
43 50 1327
43 51 2558
43 52 144
43 53 1375
43 54 2606
43 55 192
43 56 1423
43 57 2654
43 58 240
43 59 1471
43 60 2702
43 61 288
43 62 1519
43 63 2750
43 64 336
43 65 1567
43 66 2798
43 67 384
43 68 1615
43 69 2846
43 70 432
43 71 1663
43 72 2894
43 73 480
43 74 1711
43 75 2942
43 76 528
43 77 1759
43 78 2990
43 79 576
43 80 1807
43 81 3038
43 82 624
43 83 1855
43 84 3086
43 85 672
43 86 1903
43 87 3134
43 88 264
44 0 1495
44 1 1866
44 2 713
44 3 1727
44 4 453
44 5 490
44 6 1827
44 7 584
44 8 76
44 9 150
44 10 1050
44 11 508
44 12 1012
44 13 1105
44 14 412
44 15 447
44 16 102
44 17 1268
44 18 1295
44 19 351
44 20 445
44 21 734
44 22 873
44 23 851
44 24 640
44 25 651
44 26 1539
44 27 1462
44 28 1273
44 29 1026
44 30 342
44 31 521
44 32 675
44 33 979
44 34 1375
44 35 144
44 36 1375
44 37 1327
44 38 96
44 39 1327
44 40 1279
44 41 48
44 42 1279
44 43 1231
44 44 0
44 45 1231
44 46 1279
44 47 48
44 48 1279
44 49 1327
44 50 96
44 51 1327
44 52 1375
44 53 144
44 54 1375
44 55 1423
44 56 192
44 57 1423
44 58 1471
44 59 240
44 60 1471
44 61 1519
44 62 288
44 63 1519
44 64 1567
44 65 336
44 66 1567
44 67 1615
44 68 384
44 69 1615
44 70 1663
44 71 432
44 72 1663
44 73 1711
44 74 480
44 75 1711
44 76 1759
44 77 528
44 78 1759
44 79 1807
44 80 576
44 81 1807
44 82 1855
44 83 624
44 84 1855
44 85 1903
44 86 672
44 87 1903
44 88 1495
45 0 2726
45 1 3097
45 2 1766
45 3 2958
45 4 1684
45 5 1413
45 6 3058
45 7 935
45 8 1155
45 9 1177
45 10 1141
45 11 1587
45 12 2243
45 13 702
45 14 1491
45 15 1552
45 16 1129
45 17 2499
45 18 320
45 19 1456
45 20 1676
45 21 1553
45 22 2104
45 23 2082
45 24 783
45 25 1444
45 26 2770
45 27 2693
45 28 2504
45 29 2257
45 30 1369
45 31 1574
45 32 1906
45 33 2210
45 34 2606
45 35 1375
45 36 144
45 37 2558
45 38 1327
45 39 96
45 40 2510
45 41 1279
45 42 48
45 43 2462
45 44 1231
45 45 0
45 46 2510
45 47 1279
45 48 48
45 49 2558
45 50 1327
45 51 96
45 52 2606
45 53 1375
45 54 144
45 55 2654
45 56 1423
45 57 192
45 58 2702
45 59 1471
45 60 240
45 61 2750
45 62 1519
45 63 288
45 64 2798
45 65 1567
45 66 336
45 67 2846
45 68 1615
45 69 384
45 70 2894
45 71 1663
45 72 432
45 73 2942
45 74 1711
45 75 480
45 76 2990
45 77 1759
45 78 528
45 79 3038
45 80 1807
45 81 576
45 82 3086
45 83 1855
45 84 624
45 85 3134
45 86 1903
45 87 672
45 88 2726
46 0 312
46 1 661
46 2 1896
46 3 704
46 4 826
46 5 1673
46 6 700
46 7 1863
46 8 1355
46 9 1429
46 10 2233
46 11 1691
46 12 1419
46 13 2288
46 14 1595
46 15 1630
46 16 1381
46 17 1259
46 18 2478
46 19 1534
46 20 1026
46 21 1917
46 22 1462
46 23 1388
46 24 1919
46 25 1834
46 26 412
46 27 777
46 28 294
46 29 445
46 30 1525
46 31 1704
46 32 892
46 33 684
46 34 192
46 35 1423
46 36 2654
46 37 144
46 38 1375
46 39 2606
46 40 96
46 41 1327
46 42 2558
46 43 48
46 44 1279
46 45 2510
46 46 0
46 47 1231
46 48 2462
46 49 48
46 50 1279
46 51 2510
46 52 96
46 53 1327
46 54 2558
46 55 144
46 56 1375
46 57 2606
46 58 192
46 59 1423
46 60 2654
46 61 240
46 62 1471
46 63 2702
46 64 288
46 65 1519
46 66 2750
46 67 336
46 68 1567
46 69 2798
46 70 384
46 71 1615
46 72 2846
46 73 432
46 74 1663
46 75 2894
46 76 480
46 77 1711
46 78 2942
46 79 528
46 80 1759
46 81 2990
46 82 576
46 83 1807
46 84 3038
46 85 624
46 86 1855
46 87 3086
46 88 312
47 0 1543
47 1 1818
47 2 665
47 3 1679
47 4 501
47 5 442
47 6 1779
47 7 632
47 8 124
47 9 198
47 10 1002
47 11 460
47 12 964
47 13 1057
47 14 364
47 15 399
47 16 150
47 17 1220
47 18 1247
47 19 303
47 20 493
47 21 686
47 22 825
47 23 803
47 24 688
47 25 603
47 26 1491
47 27 1414
47 28 1321
47 29 978
47 30 294
47 31 473
47 32 723
47 33 931
47 34 1423
47 35 192
47 36 1423
47 37 1375
47 38 144
47 39 1375
47 40 1327
47 41 96
47 42 1327
47 43 1279
47 44 48
47 45 1279
47 46 1231
47 47 0
47 48 1231
47 49 1279
47 50 48
47 51 1279
47 52 1327
47 53 96
47 54 1327
47 55 1375
47 56 144
47 57 1375
47 58 1423
47 59 192
47 60 1423
47 61 1471
47 62 240
47 63 1471
47 64 1519
47 65 288
47 66 1519
47 67 1567
47 68 336
47 69 1567
47 70 1615
47 71 384
47 72 1615
47 73 1663
47 74 432
47 75 1663
47 76 1711
47 77 480
47 78 1711
47 79 1759
47 80 528
47 81 1759
47 82 1807
47 83 576
47 84 1807
47 85 1855
47 86 624
47 87 1855
47 88 1543
48 0 2774
48 1 3049
48 2 1718
48 3 2910
48 4 1732
48 5 1365
48 6 3010
48 7 983
48 8 1203
48 9 1225
48 10 1093
48 11 1539
48 12 2195
48 13 654
48 14 1443
48 15 1504
48 16 1177
48 17 2451
48 18 272
48 19 1408
48 20 1724
48 21 1505
48 22 2056
48 23 2034
48 24 831
48 25 1396
48 26 2722
48 27 2645
48 28 2552
48 29 2209
48 30 1321
48 31 1526
48 32 1954
48 33 2162
48 34 2654
48 35 1423
48 36 192
48 37 2606
48 38 1375
48 39 144
48 40 2558
48 41 1327
48 42 96
48 43 2510
48 44 1279
48 45 48
48 46 2462
48 47 1231
48 48 0
48 49 2510
48 50 1279
48 51 48
48 52 2558
48 53 1327
48 54 96
48 55 2606
48 56 1375
48 57 144
48 58 2654
48 59 1423
48 60 192
48 61 2702
48 62 1471
48 63 240
48 64 2750
48 65 1519
48 66 288
48 67 2798
48 68 1567
48 69 336
48 70 2846
48 71 1615
48 72 384
48 73 2894
48 74 1663
48 75 432
48 76 2942
48 77 1711
48 78 480
48 79 2990
48 80 1759
48 81 528
48 82 3038
48 83 1807
48 84 576
48 85 3086
48 86 1855
48 87 624
48 88 2774
49 0 360
49 1 613
49 2 1848
49 3 656
49 4 874
49 5 1625
49 6 652
49 7 1911
49 8 1403
49 9 1477
49 10 2185
49 11 1643
49 12 1371
49 13 2240
49 14 1547
49 15 1582
49 16 1429
49 17 1211
49 18 2430
49 19 1486
49 20 1074
49 21 1869
49 22 1414
49 23 1340
49 24 1967
49 25 1786
49 26 364
49 27 729
49 28 342
49 29 397
49 30 1477
49 31 1656
49 32 940
49 33 636
49 34 240
49 35 1471
49 36 2702
49 37 192
49 38 1423
49 39 2654
49 40 144
49 41 1375
49 42 2606
49 43 96
49 44 1327
49 45 2558
49 46 48
49 47 1279
49 48 2510
49 49 0
49 50 1231
49 51 2462
49 52 48
49 53 1279
49 54 2510
49 55 96
49 56 1327
49 57 2558
49 58 144
49 59 1375
49 60 2606
49 61 192
49 62 1423
49 63 2654
49 64 240
49 65 1471
49 66 2702
49 67 288
49 68 1519
49 69 2750
49 70 336
49 71 1567
49 72 2798
49 73 384
49 74 1615
49 75 2846
49 76 432
49 77 1663
49 78 2894
49 79 480
49 80 1711
49 81 2942
49 82 528
49 83 1759
49 84 2990
49 85 576
49 86 1807
49 87 3038
49 88 360
50 0 1591
50 1 1770
50 2 617
50 3 1631
50 4 549
50 5 394
50 6 1731
50 7 680
50 8 172
50 9 246
50 10 954
50 11 412
50 12 916
50 13 1009
50 14 316
50 15 351
50 16 198
50 17 1172
50 18 1199
50 19 255
50 20 541
50 21 638
50 22 777
50 23 755
50 24 736
50 25 555
50 26 1443
50 27 1366
50 28 1369
50 29 930
50 30 246
50 31 425
50 32 771
50 33 883
50 34 1471
50 35 240
50 36 1471
50 37 1423
50 38 192
50 39 1423
50 40 1375
50 41 144
50 42 1375
50 43 1327
50 44 96
50 45 1327
50 46 1279
50 47 48
50 48 1279
50 49 1231
50 50 0
50 51 1231
50 52 1279
50 53 48
50 54 1279
50 55 1327
50 56 96
50 57 1327
50 58 1375
50 59 144
50 60 1375
50 61 1423
50 62 192
50 63 1423
50 64 1471
50 65 240
50 66 1471
50 67 1519
50 68 288
50 69 1519
50 70 1567
50 71 336
50 72 1567
50 73 1615
50 74 384
50 75 1615
50 76 1663
50 77 432
50 78 1663
50 79 1711
50 80 480
50 81 1711
50 82 1759
50 83 528
50 84 1759
50 85 1807
50 86 576
50 87 1807
50 88 1591
51 0 2822
51 1 3001
51 2 1670
51 3 2862
51 4 1780
51 5 1317
51 6 2962
51 7 1031
51 8 1251
51 9 1273
51 10 1045
51 11 1491
51 12 2147
51 13 606
51 14 1395
51 15 1456
51 16 1225
51 17 2403
51 18 224
51 19 1360
51 20 1772
51 21 1457
51 22 2008
51 23 1986
51 24 879
51 25 1348
51 26 2674
51 27 2597
51 28 2600
51 29 2161
51 30 1273
51 31 1478
51 32 2002
51 33 2114
51 34 2702
51 35 1471
51 36 240
51 37 2654
51 38 1423
51 39 192
51 40 2606
51 41 1375
51 42 144
51 43 2558
51 44 1327
51 45 96
51 46 2510
51 47 1279
51 48 48
51 49 2462
51 50 1231
51 51 0
51 52 2510
51 53 1279
51 54 48
51 55 2558
51 56 1327
51 57 96
51 58 2606
51 59 1375
51 60 144
51 61 2654
51 62 1423
51 63 192
51 64 2702
51 65 1471
51 66 240
51 67 2750
51 68 1519
51 69 288
51 70 2798
51 71 1567
51 72 336
51 73 2846
51 74 1615
51 75 384
51 76 2894
51 77 1663
51 78 432
51 79 2942
51 80 1711
51 81 480
51 82 2990
51 83 1759
51 84 528
51 85 3038
51 86 1807
51 87 576
51 88 2822
52 0 408
52 1 565
52 2 1800
52 3 608
52 4 922
52 5 1577
52 6 604
52 7 1959
52 8 1451
52 9 1525
52 10 2137
52 11 1595
52 12 1323
52 13 2192
52 14 1499
52 15 1534
52 16 1477
52 17 1163
52 18 2382
52 19 1438
52 20 1122
52 21 1821
52 22 1366
52 23 1292
52 24 2015
52 25 1738
52 26 316
52 27 681
52 28 390
52 29 349
52 30 1429
52 31 1608
52 32 988
52 33 588
52 34 288
52 35 1519
52 36 2750
52 37 240
52 38 1471
52 39 2702
52 40 192
52 41 1423
52 42 2654
52 43 144
52 44 1375
52 45 2606
52 46 96
52 47 1327
52 48 2558
52 49 48
52 50 1279
52 51 2510
52 52 0
52 53 1231
52 54 2462
52 55 48
52 56 1279
52 57 2510
52 58 96
52 59 1327
52 60 2558
52 61 144
52 62 1375
52 63 2606
52 64 192
52 65 1423
52 66 2654
52 67 240
52 68 1471
52 69 2702
52 70 288
52 71 1519
52 72 2750
52 73 336
52 74 1567
52 75 2798
52 76 384
52 77 1615
52 78 2846
52 79 432
52 80 1663
52 81 2894
52 82 480
52 83 1711
52 84 2942
52 85 528
52 86 1759
52 87 2990
52 88 408
53 0 1639
53 1 1722
53 2 569
53 3 1583
53 4 597
53 5 346
53 6 1683
53 7 728
53 8 220
53 9 294
53 10 906
53 11 364
53 12 868
53 13 961
53 14 268
53 15 303
53 16 246
53 17 1124
53 18 1151
53 19 207
53 20 589
53 21 590
53 22 729
53 23 707
53 24 784
53 25 507
53 26 1395
53 27 1318
53 28 1417
53 29 882
53 30 198
53 31 377
53 32 819
53 33 835
53 34 1519
53 35 288
53 36 1519
53 37 1471
53 38 240
53 39 1471
53 40 1423
53 41 192
53 42 1423
53 43 1375
53 44 144
53 45 1375
53 46 1327
53 47 96
53 48 1327
53 49 1279
53 50 48
53 51 1279
53 52 1231
53 53 0
53 54 1231
53 55 1279
53 56 48
53 57 1279
53 58 1327
53 59 96
53 60 1327
53 61 1375
53 62 144
53 63 1375
53 64 1423
53 65 192
53 66 1423
53 67 1471
53 68 240
53 69 1471
53 70 1519
53 71 288
53 72 1519
53 73 1567
53 74 336
53 75 1567
53 76 1615
53 77 384
53 78 1615
53 79 1663
53 80 432
53 81 1663
53 82 1711
53 83 480
53 84 1711
53 85 1759
53 86 528
53 87 1759
53 88 1639
54 0 2870
54 1 2953
54 2 1622
54 3 2814
54 4 1828
54 5 1269
54 6 2914
54 7 1079
54 8 1299
54 9 1321
54 10 997
54 11 1443
54 12 2099
54 13 558
54 14 1347
54 15 1408
54 16 1273
54 17 2355
54 18 176
54 19 1312
54 20 1820
54 21 1409
54 22 1960
54 23 1938
54 24 927
54 25 1300
54 26 2626
54 27 2549
54 28 2648
54 29 2113
54 30 1225
54 31 1430
54 32 2050
54 33 2066
54 34 2750
54 35 1519
54 36 288
54 37 2702
54 38 1471
54 39 240
54 40 2654
54 41 1423
54 42 192
54 43 2606
54 44 1375
54 45 144
54 46 2558
54 47 1327
54 48 96
54 49 2510
54 50 1279
54 51 48
54 52 2462
54 53 1231
54 54 0
54 55 2510
54 56 1279
54 57 48
54 58 2558
54 59 1327
54 60 96
54 61 2606
54 62 1375
54 63 144
54 64 2654
54 65 1423
54 66 192
54 67 2702
54 68 1471
54 69 240
54 70 2750
54 71 1519
54 72 288
54 73 2798
54 74 1567
54 75 336
54 76 2846
54 77 1615
54 78 384
54 79 2894
54 80 1663
54 81 432
54 82 2942
54 83 1711
54 84 480
54 85 2990
54 86 1759
54 87 528
54 88 2870
55 0 456
55 1 517
55 2 1752
55 3 560
55 4 970
55 5 1529
55 6 556
55 7 2007
55 8 1499
55 9 1573
55 10 2089
55 11 1547
55 12 1275
55 13 2144
55 14 1451
55 15 1486
55 16 1525
55 17 1115
55 18 2334
55 19 1390
55 20 1170
55 21 1773
55 22 1318
55 23 1244
55 24 2063
55 25 1690
55 26 268
55 27 633
55 28 438
55 29 397
55 30 1381
55 31 1560
55 32 1036
55 33 540
55 34 336
55 35 1567
55 36 2798
55 37 288
55 38 1519
55 39 2750
55 40 240
55 41 1471
55 42 2702
55 43 192
55 44 1423
55 45 2654
55 46 144
55 47 1375
55 48 2606
55 49 96
55 50 1327
55 51 2558
55 52 48
55 53 1279
55 54 2510
55 55 0
55 56 1231
55 57 2462
55 58 48
55 59 1279
55 60 2510
55 61 96
55 62 1327
55 63 2558
55 64 144
55 65 1375
55 66 2606
55 67 192
55 68 1423
55 69 2654
55 70 240
55 71 1471
55 72 2702
55 73 288
55 74 1519
55 75 2750
55 76 336
55 77 1567
55 78 2798
55 79 384
55 80 1615
55 81 2846
55 82 432
55 83 1663
55 84 2894
55 85 480
55 86 1711
55 87 2942
55 88 456
56 0 1687
56 1 1674
56 2 521
56 3 1535
56 4 645
56 5 298
56 6 1635
56 7 776
56 8 268
56 9 342
56 10 858
56 11 316
56 12 820
56 13 913
56 14 220
56 15 255
56 16 294
56 17 1076
56 18 1103
56 19 159
56 20 637
56 21 542
56 22 681
56 23 659
56 24 832
56 25 459
56 26 1347
56 27 1270
56 28 1465
56 29 930
56 30 150
56 31 329
56 32 867
56 33 787
56 34 1567
56 35 336
56 36 1567
56 37 1519
56 38 288
56 39 1519
56 40 1471
56 41 240
56 42 1471
56 43 1423
56 44 192
56 45 1423
56 46 1375
56 47 144
56 48 1375
56 49 1327
56 50 96
56 51 1327
56 52 1279
56 53 48
56 54 1279
56 55 1231
56 56 0
56 57 1231
56 58 1279
56 59 48
56 60 1279
56 61 1327
56 62 96
56 63 1327
56 64 1375
56 65 144
56 66 1375
56 67 1423
56 68 192
56 69 1423
56 70 1471
56 71 240
56 72 1471
56 73 1519
56 74 288
56 75 1519
56 76 1567
56 77 336
56 78 1567
56 79 1615
56 80 384
56 81 1615
56 82 1663
56 83 432
56 84 1663
56 85 1711
56 86 480
56 87 1711
56 88 1687
57 0 2918
57 1 2905
57 2 1574
57 3 2766
57 4 1876
57 5 1221
57 6 2866
57 7 1127
57 8 1347
57 9 1369
57 10 949
57 11 1395
57 12 2051
57 13 510
57 14 1299
57 15 1360
57 16 1321
57 17 2307
57 18 128
57 19 1264
57 20 1868
57 21 1361
57 22 1912
57 23 1890
57 24 975
57 25 1252
57 26 2578
57 27 2501
57 28 2696
57 29 2161
57 30 1177
57 31 1382
57 32 2098
57 33 2018
57 34 2798
57 35 1567
57 36 336
57 37 2750
57 38 1519
57 39 288
57 40 2702
57 41 1471
57 42 240
57 43 2654
57 44 1423
57 45 192
57 46 2606
57 47 1375
57 48 144
57 49 2558
57 50 1327
57 51 96
57 52 2510
57 53 1279
57 54 48
57 55 2462
57 56 1231
57 57 0
57 58 2510
57 59 1279
57 60 48
57 61 2558
57 62 1327
57 63 96
57 64 2606
57 65 1375
57 66 144
57 67 2654
57 68 1423
57 69 192
57 70 2702
57 71 1471
57 72 240
57 73 2750
57 74 1519
57 75 288
57 76 2798
57 77 1567
57 78 336
57 79 2846
57 80 1615
57 81 384
57 82 2894
57 83 1663
57 84 432
57 85 2942
57 86 1711
57 87 480
57 88 2918
58 0 504
58 1 469
58 2 1704
58 3 512
58 4 1018
58 5 1481
58 6 508
58 7 2055
58 8 1547
58 9 1621
58 10 2041
58 11 1499
58 12 1227
58 13 2096
58 14 1403
58 15 1438
58 16 1573
58 17 1067
58 18 2382
58 19 1342
58 20 1218
58 21 1725
58 22 1270
58 23 1196
58 24 2111
58 25 1642
58 26 220
58 27 585
58 28 486
58 29 445
58 30 1333
58 31 1512
58 32 1084
58 33 492
58 34 384
58 35 1615
58 36 2846
58 37 336
58 38 1567
58 39 2798
58 40 288
58 41 1519
58 42 2750
58 43 240
58 44 1471
58 45 2702
58 46 192
58 47 1423
58 48 2654
58 49 144
58 50 1375
58 51 2606
58 52 96
58 53 1327
58 54 2558
58 55 48
58 56 1279
58 57 2510
58 58 0
58 59 1231
58 60 2462
58 61 48
58 62 1279
58 63 2510
58 64 96
58 65 1327
58 66 2558
58 67 144
58 68 1375
58 69 2606
58 70 192
58 71 1423
58 72 2654
58 73 240
58 74 1471
58 75 2702
58 76 288
58 77 1519
58 78 2750
58 79 336
58 80 1567
58 81 2798
58 82 384
58 83 1615
58 84 2846
58 85 432
58 86 1663
58 87 2894
58 88 504
59 0 1735
59 1 1626
59 2 473
59 3 1487
59 4 693
59 5 250
59 6 1587
59 7 824
59 8 316
59 9 390
59 10 810
59 11 268
59 12 772
59 13 865
59 14 172
59 15 207
59 16 342
59 17 1028
59 18 1151
59 19 111
59 20 685
59 21 494
59 22 633
59 23 611
59 24 880
59 25 411
59 26 1299
59 27 1222
59 28 1513
59 29 978
59 30 102
59 31 281
59 32 915
59 33 739
59 34 1615
59 35 384
59 36 1615
59 37 1567
59 38 336
59 39 1567
59 40 1519
59 41 288
59 42 1519
59 43 1471
59 44 240
59 45 1471
59 46 1423
59 47 192
59 48 1423
59 49 1375
59 50 144
59 51 1375
59 52 1327
59 53 96
59 54 1327
59 55 1279
59 56 48
59 57 1279
59 58 1231
59 59 0
59 60 1231
59 61 1279
59 62 48
59 63 1279
59 64 1327
59 65 96
59 66 1327
59 67 1375
59 68 144
59 69 1375
59 70 1423
59 71 192
59 72 1423
59 73 1471
59 74 240
59 75 1471
59 76 1519
59 77 288
59 78 1519
59 79 1567
59 80 336
59 81 1567
59 82 1615
59 83 384
59 84 1615
59 85 1663
59 86 432
59 87 1663
59 88 1735
60 0 2966
60 1 2857
60 2 1526
60 3 2718
60 4 1924
60 5 1173
60 6 2818
60 7 1175
60 8 1395
60 9 1417
60 10 901
60 11 1347
60 12 2003
60 13 462
60 14 1251
60 15 1312
60 16 1369
60 17 2259
60 18 176
60 19 1216
60 20 1916
60 21 1313
60 22 1864
60 23 1842
60 24 1023
60 25 1204
60 26 2530
60 27 2453
60 28 2744
60 29 2209
60 30 1129
60 31 1334
60 32 2146
60 33 1970
60 34 2846
60 35 1615
60 36 384
60 37 2798
60 38 1567
60 39 336
60 40 2750
60 41 1519
60 42 288
60 43 2702
60 44 1471
60 45 240
60 46 2654
60 47 1423
60 48 192
60 49 2606
60 50 1375
60 51 144
60 52 2558
60 53 1327
60 54 96
60 55 2510
60 56 1279
60 57 48
60 58 2462
60 59 1231
60 60 0
60 61 2510
60 62 1279
60 63 48
60 64 2558
60 65 1327
60 66 96
60 67 2606
60 68 1375
60 69 144
60 70 2654
60 71 1423
60 72 192
60 73 2702
60 74 1471
60 75 240
60 76 2750
60 77 1519
60 78 288
60 79 2798
60 80 1567
60 81 336
60 82 2846
60 83 1615
60 84 384
60 85 2894
60 86 1663
60 87 432
60 88 2966
61 0 552
61 1 421
61 2 1656
61 3 464
61 4 1066
61 5 1433
61 6 460
61 7 2103
61 8 1595
61 9 1669
61 10 1993
61 11 1451
61 12 1179
61 13 2048
61 14 1355
61 15 1390
61 16 1621
61 17 1019
61 18 2430
61 19 1294
61 20 1266
61 21 1677
61 22 1222
61 23 1148
61 24 2159
61 25 1594
61 26 172
61 27 537
61 28 534
61 29 493
61 30 1381
61 31 1464
61 32 1132
61 33 540
61 34 432
61 35 1663
61 36 2894
61 37 384
61 38 1615
61 39 2846
61 40 336
61 41 1567
61 42 2798
61 43 288
61 44 1519
61 45 2750
61 46 240
61 47 1471
61 48 2702
61 49 192
61 50 1423
61 51 2654
61 52 144
61 53 1375
61 54 2606
61 55 96
61 56 1327
61 57 2558
61 58 48
61 59 1279
61 60 2510
61 61 0
61 62 1231
61 63 2462
61 64 48
61 65 1279
61 66 2510
61 67 96
61 68 1327
61 69 2558
61 70 144
61 71 1375
61 72 2606
61 73 192
61 74 1423
61 75 2654
61 76 240
61 77 1471
61 78 2702
61 79 288
61 80 1519
61 81 2750
61 82 336
61 83 1567
61 84 2798
61 85 384
61 86 1615
61 87 2846
61 88 552
62 0 1783
62 1 1578
62 2 425
62 3 1439
62 4 741
62 5 202
62 6 1539
62 7 872
62 8 364
62 9 438
62 10 762
62 11 220
62 12 724
62 13 817
62 14 124
62 15 159
62 16 390
62 17 980
62 18 1199
62 19 63
62 20 733
62 21 446
62 22 585
62 23 563
62 24 928
62 25 363
62 26 1251
62 27 1174
62 28 1561
62 29 1026
62 30 150
62 31 233
62 32 963
62 33 787
62 34 1663
62 35 432
62 36 1663
62 37 1615
62 38 384
62 39 1615
62 40 1567
62 41 336
62 42 1567
62 43 1519
62 44 288
62 45 1519
62 46 1471
62 47 240
62 48 1471
62 49 1423
62 50 192
62 51 1423
62 52 1375
62 53 144
62 54 1375
62 55 1327
62 56 96
62 57 1327
62 58 1279
62 59 48
62 60 1279
62 61 1231
62 62 0
62 63 1231
62 64 1279
62 65 48
62 66 1279
62 67 1327
62 68 96
62 69 1327
62 70 1375
62 71 144
62 72 1375
62 73 1423
62 74 192
62 75 1423
62 76 1471
62 77 240
62 78 1471
62 79 1519
62 80 288
62 81 1519
62 82 1567
62 83 336
62 84 1567
62 85 1615
62 86 384
62 87 1615
62 88 1783
63 0 3014
63 1 2809
63 2 1478
63 3 2670
63 4 1972
63 5 1125
63 6 2770
63 7 1223
63 8 1443
63 9 1465
63 10 853
63 11 1299
63 12 1955
63 13 414
63 14 1203
63 15 1264
63 16 1417
63 17 2211
63 18 224
63 19 1168
63 20 1964
63 21 1265
63 22 1816
63 23 1794
63 24 1071
63 25 1156
63 26 2482
63 27 2405
63 28 2792
63 29 2257
63 30 1177
63 31 1286
63 32 2194
63 33 2018
63 34 2894
63 35 1663
63 36 432
63 37 2846
63 38 1615
63 39 384
63 40 2798
63 41 1567
63 42 336
63 43 2750
63 44 1519
63 45 288
63 46 2702
63 47 1471
63 48 240
63 49 2654
63 50 1423
63 51 192
63 52 2606
63 53 1375
63 54 144
63 55 2558
63 56 1327
63 57 96
63 58 2510
63 59 1279
63 60 48
63 61 2462
63 62 1231
63 63 0
63 64 2510
63 65 1279
63 66 48
63 67 2558
63 68 1327
63 69 96
63 70 2606
63 71 1375
63 72 144
63 73 2654
63 74 1423
63 75 192
63 76 2702
63 77 1471
63 78 240
63 79 2750
63 80 1519
63 81 288
63 82 2798
63 83 1567
63 84 336
63 85 2846
63 86 1615
63 87 384
63 88 3014
64 0 600
64 1 373
64 2 1608
64 3 416
64 4 1114
64 5 1385
64 6 412
64 7 2151
64 8 1643
64 9 1717
64 10 1945
64 11 1403
64 12 1131
64 13 2096
64 14 1307
64 15 1342
64 16 1669
64 17 971
64 18 2478
64 19 1342
64 20 1314
64 21 1629
64 22 1174
64 23 1100
64 24 2207
64 25 1546
64 26 124
64 27 489
64 28 582
64 29 541
64 30 1429
64 31 1416
64 32 1180
64 33 588
64 34 480
64 35 1711
64 36 2942
64 37 432
64 38 1663
64 39 2894
64 40 384
64 41 1615
64 42 2846
64 43 336
64 44 1567
64 45 2798
64 46 288
64 47 1519
64 48 2750
64 49 240
64 50 1471
64 51 2702
64 52 192
64 53 1423
64 54 2654
64 55 144
64 56 1375
64 57 2606
64 58 96
64 59 1327
64 60 2558
64 61 48
64 62 1279
64 63 2510
64 64 0
64 65 1231
64 66 2462
64 67 48
64 68 1279
64 69 2510
64 70 96
64 71 1327
64 72 2558
64 73 144
64 74 1375
64 75 2606
64 76 192
64 77 1423
64 78 2654
64 79 240
64 80 1471
64 81 2702
64 82 288
64 83 1519
64 84 2750
64 85 336
64 86 1567
64 87 2798
64 88 600
65 0 1831
65 1 1530
65 2 377
65 3 1391
65 4 789
65 5 154
65 6 1491
65 7 920
65 8 412
65 9 486
65 10 714
65 11 172
65 12 676
65 13 865
65 14 76
65 15 111
65 16 438
65 17 932
65 18 1247
65 19 111
65 20 781
65 21 398
65 22 537
65 23 515
65 24 976
65 25 315
65 26 1203
65 27 1126
65 28 1609
65 29 1074
65 30 198
65 31 185
65 32 1011
65 33 835
65 34 1711
65 35 480
65 36 1711
65 37 1663
65 38 432
65 39 1663
65 40 1615
65 41 384
65 42 1615
65 43 1567
65 44 336
65 45 1567
65 46 1519
65 47 288
65 48 1519
65 49 1471
65 50 240
65 51 1471
65 52 1423
65 53 192
65 54 1423
65 55 1375
65 56 144
65 57 1375
65 58 1327
65 59 96
65 60 1327
65 61 1279
65 62 48
65 63 1279
65 64 1231
65 65 0
65 66 1231
65 67 1279
65 68 48
65 69 1279
65 70 1327
65 71 96
65 72 1327
65 73 1375
65 74 144
65 75 1375
65 76 1423
65 77 192
65 78 1423
65 79 1471
65 80 240
65 81 1471
65 82 1519
65 83 288
65 84 1519
65 85 1567
65 86 336
65 87 1567
65 88 1831
66 0 3062
66 1 2761
66 2 1430
66 3 2622
66 4 2020
66 5 1077
66 6 2722
66 7 1271
66 8 1491
66 9 1513
66 10 805
66 11 1251
66 12 1907
66 13 462
66 14 1155
66 15 1216
66 16 1465
66 17 2163
66 18 272
66 19 1216
66 20 2012
66 21 1217
66 22 1768
66 23 1746
66 24 1119
66 25 1108
66 26 2434
66 27 2357
66 28 2840
66 29 2305
66 30 1225
66 31 1238
66 32 2242
66 33 2066
66 34 2942
66 35 1711
66 36 480
66 37 2894
66 38 1663
66 39 432
66 40 2846
66 41 1615
66 42 384
66 43 2798
66 44 1567
66 45 336
66 46 2750
66 47 1519
66 48 288
66 49 2702
66 50 1471
66 51 240
66 52 2654
66 53 1423
66 54 192
66 55 2606
66 56 1375
66 57 144
66 58 2558
66 59 1327
66 60 96
66 61 2510
66 62 1279
66 63 48
66 64 2462
66 65 1231
66 66 0
66 67 2510
66 68 1279
66 69 48
66 70 2558
66 71 1327
66 72 96
66 73 2606
66 74 1375
66 75 144
66 76 2654
66 77 1423
66 78 192
66 79 2702
66 80 1471
66 81 240
66 82 2750
66 83 1519
66 84 288
66 85 2798
66 86 1567
66 87 336
66 88 3062
67 0 648
67 1 325
67 2 1560
67 3 368
67 4 1162
67 5 1433
67 6 364
67 7 2199
67 8 1691
67 9 1765
67 10 1897
67 11 1355
67 12 1083
67 13 2144
67 14 1355
67 15 1294
67 16 1717
67 17 923
67 18 2526
67 19 1390
67 20 1362
67 21 1581
67 22 1126
67 23 1052
67 24 2255
67 25 1498
67 26 76
67 27 441
67 28 630
67 29 589
67 30 1477
67 31 1368
67 32 1228
67 33 636
67 34 528
67 35 1759
67 36 2990
67 37 480
67 38 1711
67 39 2942
67 40 432
67 41 1663
67 42 2894
67 43 384
67 44 1615
67 45 2846
67 46 336
67 47 1567
67 48 2798
67 49 288
67 50 1519
67 51 2750
67 52 240
67 53 1471
67 54 2702
67 55 192
67 56 1423
67 57 2654
67 58 144
67 59 1375
67 60 2606
67 61 96
67 62 1327
67 63 2558
67 64 48
67 65 1279
67 66 2510
67 67 0
67 68 1231
67 69 2462
67 70 48
67 71 1279
67 72 2510
67 73 96
67 74 1327
67 75 2558
67 76 144
67 77 1375
67 78 2606
67 79 192
67 80 1423
67 81 2654
67 82 240
67 83 1471
67 84 2702
67 85 288
67 86 1519
67 87 2750
67 88 648
68 0 1879
68 1 1482
68 2 329
68 3 1343
68 4 837
68 5 202
68 6 1443
68 7 968
68 8 460
68 9 534
68 10 666
68 11 124
68 12 628
68 13 913
68 14 124
68 15 63
68 16 486
68 17 884
68 18 1295
68 19 159
68 20 829
68 21 350
68 22 489
68 23 467
68 24 1024
68 25 267
68 26 1155
68 27 1078
68 28 1657
68 29 1122
68 30 246
68 31 137
68 32 1059
68 33 883
68 34 1759
68 35 528
68 36 1759
68 37 1711
68 38 480
68 39 1711
68 40 1663
68 41 432
68 42 1663
68 43 1615
68 44 384
68 45 1615
68 46 1567
68 47 336
68 48 1567
68 49 1519
68 50 288
68 51 1519
68 52 1471
68 53 240
68 54 1471
68 55 1423
68 56 192
68 57 1423
68 58 1375
68 59 144
68 60 1375
68 61 1327
68 62 96
68 63 1327
68 64 1279
68 65 48
68 66 1279
68 67 1231
68 68 0
68 69 1231
68 70 1279
68 71 48
68 72 1279
68 73 1327
68 74 96
68 75 1327
68 76 1375
68 77 144
68 78 1375
68 79 1423
68 80 192
68 81 1423
68 82 1471
68 83 240
68 84 1471
68 85 1519
68 86 288
68 87 1519
68 88 1879
69 0 3110
69 1 2713
69 2 1382
69 3 2574
69 4 2068
69 5 1125
69 6 2674
69 7 1319
69 8 1539
69 9 1561
69 10 757
69 11 1203
69 12 1859
69 13 510
69 14 1203
69 15 1168
69 16 1513
69 17 2115
69 18 320
69 19 1264
69 20 2060
69 21 1169
69 22 1720
69 23 1698
69 24 1167
69 25 1060
69 26 2386
69 27 2309
69 28 2888
69 29 2353
69 30 1273
69 31 1190
69 32 2290
69 33 2114
69 34 2990
69 35 1759
69 36 528
69 37 2942
69 38 1711
69 39 480
69 40 2894
69 41 1663
69 42 432
69 43 2846
69 44 1615
69 45 384
69 46 2798
69 47 1567
69 48 336
69 49 2750
69 50 1519
69 51 288
69 52 2702
69 53 1471
69 54 240
69 55 2654
69 56 1423
69 57 192
69 58 2606
69 59 1375
69 60 144
69 61 2558
69 62 1327
69 63 96
69 64 2510
69 65 1279
69 66 48
69 67 2462
69 68 1231
69 69 0
69 70 2510
69 71 1279
69 72 48
69 73 2558
69 74 1327
69 75 96
69 76 2606
69 77 1375
69 78 144
69 79 2654
69 80 1423
69 81 192
69 82 2702
69 83 1471
69 84 240
69 85 2750
69 86 1519
69 87 288
69 88 3110
70 0 696
70 1 277
70 2 1512
70 3 320
70 4 1210
70 5 1481
70 6 316
70 7 2247
70 8 1739
70 9 1813
70 10 1849
70 11 1307
70 12 1035
70 13 2192
70 14 1403
70 15 1342
70 16 1765
70 17 875
70 18 2574
70 19 1438
70 20 1410
70 21 1533
70 22 1078
70 23 1004
70 24 2303
70 25 1450
70 26 124
70 27 393
70 28 678
70 29 637
70 30 1525
70 31 1320
70 32 1276
70 33 684
70 34 576
70 35 1807
70 36 3038
70 37 528
70 38 1759
70 39 2990
70 40 480
70 41 1711
70 42 2942
70 43 432
70 44 1663
70 45 2894
70 46 384
70 47 1615
70 48 2846
70 49 336
70 50 1567
70 51 2798
70 52 288
70 53 1519
70 54 2750
70 55 240
70 56 1471
70 57 2702
70 58 192
70 59 1423
70 60 2654
70 61 144
70 62 1375
70 63 2606
70 64 96
70 65 1327
70 66 2558
70 67 48
70 68 1279
70 69 2510
70 70 0
70 71 1231
70 72 2462
70 73 48
70 74 1279
70 75 2510
70 76 96
70 77 1327
70 78 2558
70 79 144
70 80 1375
70 81 2606
70 82 192
70 83 1423
70 84 2654
70 85 240
70 86 1471
70 87 2702
70 88 696
71 0 1927
71 1 1434
71 2 281
71 3 1295
71 4 885
71 5 250
71 6 1395
71 7 1016
71 8 508
71 9 582
71 10 618
71 11 76
71 12 580
71 13 961
71 14 172
71 15 111
71 16 534
71 17 836
71 18 1343
71 19 207
71 20 877
71 21 302
71 22 441
71 23 419
71 24 1072
71 25 219
71 26 1203
71 27 1030
71 28 1705
71 29 1170
71 30 294
71 31 89
71 32 1107
71 33 931
71 34 1807
71 35 576
71 36 1807
71 37 1759
71 38 528
71 39 1759
71 40 1711
71 41 480
71 42 1711
71 43 1663
71 44 432
71 45 1663
71 46 1615
71 47 384
71 48 1615
71 49 1567
71 50 336
71 51 1567
71 52 1519
71 53 288
71 54 1519
71 55 1471
71 56 240
71 57 1471
71 58 1423
71 59 192
71 60 1423
71 61 1375
71 62 144
71 63 1375
71 64 1327
71 65 96
71 66 1327
71 67 1279
71 68 48
71 69 1279
71 70 1231
71 71 0
71 72 1231
71 73 1279
71 74 48
71 75 1279
71 76 1327
71 77 96
71 78 1327
71 79 1375
71 80 144
71 81 1375
71 82 1423
71 83 192
71 84 1423
71 85 1471
71 86 240
71 87 1471
71 88 1927
72 0 3158
72 1 2665
72 2 1334
72 3 2526
72 4 2116
72 5 1173
72 6 2626
72 7 1367
72 8 1587
72 9 1609
72 10 709
72 11 1155
72 12 1811
72 13 558
72 14 1251
72 15 1216
72 16 1561
72 17 2067
72 18 368
72 19 1312
72 20 2108
72 21 1121
72 22 1672
72 23 1650
72 24 1215
72 25 1012
72 26 2434
72 27 2261
72 28 2936
72 29 2401
72 30 1321
72 31 1142
72 32 2338
72 33 2162
72 34 3038
72 35 1807
72 36 576
72 37 2990
72 38 1759
72 39 528
72 40 2942
72 41 1711
72 42 480
72 43 2894
72 44 1663
72 45 432
72 46 2846
72 47 1615
72 48 384
72 49 2798
72 50 1567
72 51 336
72 52 2750
72 53 1519
72 54 288
72 55 2702
72 56 1471
72 57 240
72 58 2654
72 59 1423
72 60 192
72 61 2606
72 62 1375
72 63 144
72 64 2558
72 65 1327
72 66 96
72 67 2510
72 68 1279
72 69 48
72 70 2462
72 71 1231
72 72 0
72 73 2510
72 74 1279
72 75 48
72 76 2558
72 77 1327
72 78 96
72 79 2606
72 80 1375
72 81 144
72 82 2654
72 83 1423
72 84 192
72 85 2702
72 86 1471
72 87 240
72 88 3158
73 0 744
73 1 229
73 2 1464
73 3 272
73 4 1258
73 5 1529
73 6 268
73 7 2295
73 8 1787
73 9 1861
73 10 1801
73 11 1355
73 12 987
73 13 2240
73 14 1451
73 15 1390
73 16 1813
73 17 827
73 18 2622
73 19 1486
73 20 1458
73 21 1485
73 22 1030
73 23 956
73 24 2351
73 25 1498
73 26 172
73 27 345
73 28 726
73 29 685
73 30 1573
73 31 1368
73 32 1324
73 33 732
73 34 624
73 35 1855
73 36 3086
73 37 576
73 38 1807
73 39 3038
73 40 528
73 41 1759
73 42 2990
73 43 480
73 44 1711
73 45 2942
73 46 432
73 47 1663
73 48 2894
73 49 384
73 50 1615
73 51 2846
73 52 336
73 53 1567
73 54 2798
73 55 288
73 56 1519
73 57 2750
73 58 240
73 59 1471
73 60 2702
73 61 192
73 62 1423
73 63 2654
73 64 144
73 65 1375
73 66 2606
73 67 96
73 68 1327
73 69 2558
73 70 48
73 71 1279
73 72 2510
73 73 0
73 74 1231
73 75 2462
73 76 48
73 77 1279
73 78 2510
73 79 96
73 80 1327
73 81 2558
73 82 144
73 83 1375
73 84 2606
73 85 192
73 86 1423
73 87 2654
73 88 744
74 0 1975
74 1 1386
74 2 233
74 3 1247
74 4 933
74 5 298
74 6 1347
74 7 1064
74 8 556
74 9 630
74 10 570
74 11 124
74 12 532
74 13 1009
74 14 220
74 15 159
74 16 582
74 17 788
74 18 1391
74 19 255
74 20 925
74 21 254
74 22 393
74 23 371
74 24 1120
74 25 267
74 26 1251
74 27 982
74 28 1753
74 29 1218
74 30 342
74 31 137
74 32 1155
74 33 979
74 34 1855
74 35 624
74 36 1855
74 37 1807
74 38 576
74 39 1807
74 40 1759
74 41 528
74 42 1759
74 43 1711
74 44 480
74 45 1711
74 46 1663
74 47 432
74 48 1663
74 49 1615
74 50 384
74 51 1615
74 52 1567
74 53 336
74 54 1567
74 55 1519
74 56 288
74 57 1519
74 58 1471
74 59 240
74 60 1471
74 61 1423
74 62 192
74 63 1423
74 64 1375
74 65 144
74 66 1375
74 67 1327
74 68 96
74 69 1327
74 70 1279
74 71 48
74 72 1279
74 73 1231
74 74 0
74 75 1231
74 76 1279
74 77 48
74 78 1279
74 79 1327
74 80 96
74 81 1327
74 82 1375
74 83 144
74 84 1375
74 85 1423
74 86 192
74 87 1423
74 88 1975
75 0 3206
75 1 2617
75 2 1286
75 3 2478
75 4 2164
75 5 1221
75 6 2578
75 7 1415
75 8 1635
75 9 1657
75 10 661
75 11 1203
75 12 1763
75 13 606
75 14 1299
75 15 1264
75 16 1609
75 17 2019
75 18 416
75 19 1360
75 20 2156
75 21 1073
75 22 1624
75 23 1602
75 24 1263
75 25 1060
75 26 2482
75 27 2213
75 28 2984
75 29 2449
75 30 1369
75 31 1190
75 32 2386
75 33 2210
75 34 3086
75 35 1855
75 36 624
75 37 3038
75 38 1807
75 39 576
75 40 2990
75 41 1759
75 42 528
75 43 2942
75 44 1711
75 45 480
75 46 2894
75 47 1663
75 48 432
75 49 2846
75 50 1615
75 51 384
75 52 2798
75 53 1567
75 54 336
75 55 2750
75 56 1519
75 57 288
75 58 2702
75 59 1471
75 60 240
75 61 2654
75 62 1423
75 63 192
75 64 2606
75 65 1375
75 66 144
75 67 2558
75 68 1327
75 69 96
75 70 2510
75 71 1279
75 72 48
75 73 2462
75 74 1231
75 75 0
75 76 2510
75 77 1279
75 78 48
75 79 2558
75 80 1327
75 81 96
75 82 2606
75 83 1375
75 84 144
75 85 2654
75 86 1423
75 87 192
75 88 3206
76 0 792
76 1 181
76 2 1416
76 3 224
76 4 1306
76 5 1577
76 6 220
76 7 2343
76 8 1835
76 9 1909
76 10 1849
76 11 1403
76 12 939
76 13 2288
76 14 1499
76 15 1438
76 16 1861
76 17 779
76 18 2670
76 19 1534
76 20 1506
76 21 1437
76 22 982
76 23 908
76 24 2399
76 25 1546
76 26 220
76 27 297
76 28 774
76 29 733
76 30 1621
76 31 1416
76 32 1372
76 33 780
76 34 672
76 35 1903
76 36 3134
76 37 624
76 38 1855
76 39 3086
76 40 576
76 41 1807
76 42 3038
76 43 528
76 44 1759
76 45 2990
76 46 480
76 47 1711
76 48 2942
76 49 432
76 50 1663
76 51 2894
76 52 384
76 53 1615
76 54 2846
76 55 336
76 56 1567
76 57 2798
76 58 288
76 59 1519
76 60 2750
76 61 240
76 62 1471
76 63 2702
76 64 192
76 65 1423
76 66 2654
76 67 144
76 68 1375
76 69 2606
76 70 96
76 71 1327
76 72 2558
76 73 48
76 74 1279
76 75 2510
76 76 0
76 77 1231
76 78 2462
76 79 48
76 80 1279
76 81 2510
76 82 96
76 83 1327
76 84 2558
76 85 144
76 86 1375
76 87 2606
76 88 792
77 0 2023
77 1 1338
77 2 185
77 3 1199
77 4 981
77 5 346
77 6 1299
77 7 1112
77 8 604
77 9 678
77 10 618
77 11 172
77 12 484
77 13 1057
77 14 268
77 15 207
77 16 630
77 17 740
77 18 1439
77 19 303
77 20 973
77 21 206
77 22 345
77 23 323
77 24 1168
77 25 315
77 26 1299
77 27 934
77 28 1801
77 29 1266
77 30 390
77 31 185
77 32 1203
77 33 1027
77 34 1903
77 35 672
77 36 1903
77 37 1855
77 38 624
77 39 1855
77 40 1807
77 41 576
77 42 1807
77 43 1759
77 44 528
77 45 1759
77 46 1711
77 47 480
77 48 1711
77 49 1663
77 50 432
77 51 1663
77 52 1615
77 53 384
77 54 1615
77 55 1567
77 56 336
77 57 1567
77 58 1519
77 59 288
77 60 1519
77 61 1471
77 62 240
77 63 1471
77 64 1423
77 65 192
77 66 1423
77 67 1375
77 68 144
77 69 1375
77 70 1327
77 71 96
77 72 1327
77 73 1279
77 74 48
77 75 1279
77 76 1231
77 77 0
77 78 1231
77 79 1279
77 80 48
77 81 1279
77 82 1327
77 83 96
77 84 1327
77 85 1375
77 86 144
77 87 1375
77 88 2023
78 0 3254
78 1 2569
78 2 1238
78 3 2430
78 4 2212
78 5 1269
78 6 2530
78 7 1463
78 8 1683
78 9 1705
78 10 709
78 11 1251
78 12 1715
78 13 654
78 14 1347
78 15 1312
78 16 1657
78 17 1971
78 18 464
78 19 1408
78 20 2204
78 21 1025
78 22 1576
78 23 1554
78 24 1311
78 25 1108
78 26 2530
78 27 2165
78 28 3032
78 29 2497
78 30 1417
78 31 1238
78 32 2434
78 33 2258
78 34 3134
78 35 1903
78 36 672
78 37 3086
78 38 1855
78 39 624
78 40 3038
78 41 1807
78 42 576
78 43 2990
78 44 1759
78 45 528
78 46 2942
78 47 1711
78 48 480
78 49 2894
78 50 1663
78 51 432
78 52 2846
78 53 1615
78 54 384
78 55 2798
78 56 1567
78 57 336
78 58 2750
78 59 1519
78 60 288
78 61 2702
78 62 1471
78 63 240
78 64 2654
78 65 1423
78 66 192
78 67 2606
78 68 1375
78 69 144
78 70 2558
78 71 1327
78 72 96
78 73 2510
78 74 1279
78 75 48
78 76 2462
78 77 1231
78 78 0
78 79 2510
78 80 1279
78 81 48
78 82 2558
78 83 1327
78 84 96
78 85 2606
78 86 1375
78 87 144
78 88 3254
79 0 840
79 1 133
79 2 1368
79 3 176
79 4 1354
79 5 1625
79 6 172
79 7 2391
79 8 1883
79 9 1957
79 10 1897
79 11 1451
79 12 891
79 13 2336
79 14 1547
79 15 1486
79 16 1909
79 17 731
79 18 2718
79 19 1582
79 20 1554
79 21 1485
79 22 934
79 23 956
79 24 2447
79 25 1594
79 26 268
79 27 345
79 28 822
79 29 781
79 30 1669
79 31 1464
79 32 1420
79 33 828
79 34 720
79 35 1951
79 36 3182
79 37 672
79 38 1903
79 39 3134
79 40 624
79 41 1855
79 42 3086
79 43 576
79 44 1807
79 45 3038
79 46 528
79 47 1759
79 48 2990
79 49 480
79 50 1711
79 51 2942
79 52 432
79 53 1663
79 54 2894
79 55 384
79 56 1615
79 57 2846
79 58 336
79 59 1567
79 60 2798
79 61 288
79 62 1519
79 63 2750
79 64 240
79 65 1471
79 66 2702
79 67 192
79 68 1423
79 69 2654
79 70 144
79 71 1375
79 72 2606
79 73 96
79 74 1327
79 75 2558
79 76 48
79 77 1279
79 78 2510
79 79 0
79 80 1231
79 81 2462
79 82 48
79 83 1279
79 84 2510
79 85 96
79 86 1327
79 87 2558
79 88 840
80 0 2071
80 1 1290
80 2 137
80 3 1151
80 4 1029
80 5 394
80 6 1251
80 7 1160
80 8 652
80 9 726
80 10 666
80 11 220
80 12 436
80 13 1105
80 14 316
80 15 255
80 16 678
80 17 692
80 18 1487
80 19 351
80 20 1021
80 21 254
80 22 297
80 23 371
80 24 1216
80 25 363
80 26 1347
80 27 982
80 28 1849
80 29 1314
80 30 438
80 31 233
80 32 1251
80 33 1075
80 34 1951
80 35 720
80 36 1951
80 37 1903
80 38 672
80 39 1903
80 40 1855
80 41 624
80 42 1855
80 43 1807
80 44 576
80 45 1807
80 46 1759
80 47 528
80 48 1759
80 49 1711
80 50 480
80 51 1711
80 52 1663
80 53 432
80 54 1663
80 55 1615
80 56 384
80 57 1615
80 58 1567
80 59 336
80 60 1567
80 61 1519
80 62 288
80 63 1519
80 64 1471
80 65 240
80 66 1471
80 67 1423
80 68 192
80 69 1423
80 70 1375
80 71 144
80 72 1375
80 73 1327
80 74 96
80 75 1327
80 76 1279
80 77 48
80 78 1279
80 79 1231
80 80 0
80 81 1231
80 82 1279
80 83 48
80 84 1279
80 85 1327
80 86 96
80 87 1327
80 88 2071
81 0 3302
81 1 2521
81 2 1190
81 3 2382
81 4 2260
81 5 1317
81 6 2482
81 7 1511
81 8 1731
81 9 1753
81 10 757
81 11 1299
81 12 1667
81 13 702
81 14 1395
81 15 1360
81 16 1705
81 17 1923
81 18 512
81 19 1456
81 20 2252
81 21 1073
81 22 1528
81 23 1602
81 24 1359
81 25 1156
81 26 2578
81 27 2213
81 28 3080
81 29 2545
81 30 1465
81 31 1286
81 32 2482
81 33 2306
81 34 3182
81 35 1951
81 36 720
81 37 3134
81 38 1903
81 39 672
81 40 3086
81 41 1855
81 42 624
81 43 3038
81 44 1807
81 45 576
81 46 2990
81 47 1759
81 48 528
81 49 2942
81 50 1711
81 51 480
81 52 2894
81 53 1663
81 54 432
81 55 2846
81 56 1615
81 57 384
81 58 2798
81 59 1567
81 60 336
81 61 2750
81 62 1519
81 63 288
81 64 2702
81 65 1471
81 66 240
81 67 2654
81 68 1423
81 69 192
81 70 2606
81 71 1375
81 72 144
81 73 2558
81 74 1327
81 75 96
81 76 2510
81 77 1279
81 78 48
81 79 2462
81 80 1231
81 81 0
81 82 2510
81 83 1279
81 84 48
81 85 2558
81 86 1327
81 87 96
81 88 3302
82 0 888
82 1 85
82 2 1320
82 3 128
82 4 1402
82 5 1673
82 6 124
82 7 2439
82 8 1931
82 9 2005
82 10 1945
82 11 1499
82 12 843
82 13 2384
82 14 1595
82 15 1534
82 16 1957
82 17 683
82 18 2766
82 19 1630
82 20 1602
82 21 1533
82 22 982
82 23 1004
82 24 2495
82 25 1642
82 26 316
82 27 393
82 28 870
82 29 829
82 30 1717
82 31 1512
82 32 1468
82 33 876
82 34 768
82 35 1999
82 36 3230
82 37 720
82 38 1951
82 39 3182
82 40 672
82 41 1903
82 42 3134
82 43 624
82 44 1855
82 45 3086
82 46 576
82 47 1807
82 48 3038
82 49 528
82 50 1759
82 51 2990
82 52 480
82 53 1711
82 54 2942
82 55 432
82 56 1663
82 57 2894
82 58 384
82 59 1615
82 60 2846
82 61 336
82 62 1567
82 63 2798
82 64 288
82 65 1519
82 66 2750
82 67 240
82 68 1471
82 69 2702
82 70 192
82 71 1423
82 72 2654
82 73 144
82 74 1375
82 75 2606
82 76 96
82 77 1327
82 78 2558
82 79 48
82 80 1279
82 81 2510
82 82 0
82 83 1231
82 84 2462
82 85 48
82 86 1279
82 87 2510
82 88 888
83 0 2119
83 1 1242
83 2 89
83 3 1103
83 4 1077
83 5 442
83 6 1203
83 7 1208
83 8 700
83 9 774
83 10 714
83 11 268
83 12 388
83 13 1153
83 14 364
83 15 303
83 16 726
83 17 644
83 18 1535
83 19 399
83 20 1069
83 21 302
83 22 345
83 23 419
83 24 1264
83 25 411
83 26 1395
83 27 1030
83 28 1897
83 29 1362
83 30 486
83 31 281
83 32 1299
83 33 1123
83 34 1999
83 35 768
83 36 1999
83 37 1951
83 38 720
83 39 1951
83 40 1903
83 41 672
83 42 1903
83 43 1855
83 44 624
83 45 1855
83 46 1807
83 47 576
83 48 1807
83 49 1759
83 50 528
83 51 1759
83 52 1711
83 53 480
83 54 1711
83 55 1663
83 56 432
83 57 1663
83 58 1615
83 59 384
83 60 1615
83 61 1567
83 62 336
83 63 1567
83 64 1519
83 65 288
83 66 1519
83 67 1471
83 68 240
83 69 1471
83 70 1423
83 71 192
83 72 1423
83 73 1375
83 74 144
83 75 1375
83 76 1327
83 77 96
83 78 1327
83 79 1279
83 80 48
83 81 1279
83 82 1231
83 83 0
83 84 1231
83 85 1279
83 86 48
83 87 1279
83 88 2119
84 0 3350
84 1 2473
84 2 1142
84 3 2334
84 4 2308
84 5 1365
84 6 2434
84 7 1559
84 8 1779
84 9 1801
84 10 805
84 11 1347
84 12 1619
84 13 750
84 14 1443
84 15 1408
84 16 1753
84 17 1875
84 18 560
84 19 1504
84 20 2300
84 21 1121
84 22 1576
84 23 1650
84 24 1407
84 25 1204
84 26 2626
84 27 2261
84 28 3128
84 29 2593
84 30 1513
84 31 1334
84 32 2530
84 33 2354
84 34 3230
84 35 1999
84 36 768
84 37 3182
84 38 1951
84 39 720
84 40 3134
84 41 1903
84 42 672
84 43 3086
84 44 1855
84 45 624
84 46 3038
84 47 1807
84 48 576
84 49 2990
84 50 1759
84 51 528
84 52 2942
84 53 1711
84 54 480
84 55 2894
84 56 1663
84 57 432
84 58 2846
84 59 1615
84 60 384
84 61 2798
84 62 1567
84 63 336
84 64 2750
84 65 1519
84 66 288
84 67 2702
84 68 1471
84 69 240
84 70 2654
84 71 1423
84 72 192
84 73 2606
84 74 1375
84 75 144
84 76 2558
84 77 1327
84 78 96
84 79 2510
84 80 1279
84 81 48
84 82 2462
84 83 1231
84 84 0
84 85 2510
84 86 1279
84 87 48
84 88 3350
85 0 936
85 1 37
85 2 1368
85 3 176
85 4 1450
85 5 1721
85 6 76
85 7 2487
85 8 1979
85 9 2053
85 10 1993
85 11 1547
85 12 891
85 13 2432
85 14 1643
85 15 1582
85 16 2005
85 17 635
85 18 2814
85 19 1678
85 20 1650
85 21 1581
85 22 1030
85 23 1052
85 24 2543
85 25 1690
85 26 364
85 27 441
85 28 918
85 29 877
85 30 1765
85 31 1560
85 32 1516
85 33 924
85 34 816
85 35 2047
85 36 3278
85 37 768
85 38 1999
85 39 3230
85 40 720
85 41 1951
85 42 3182
85 43 672
85 44 1903
85 45 3134
85 46 624
85 47 1855
85 48 3086
85 49 576
85 50 1807
85 51 3038
85 52 528
85 53 1759
85 54 2990
85 55 480
85 56 1711
85 57 2942
85 58 432
85 59 1663
85 60 2894
85 61 384
85 62 1615
85 63 2846
85 64 336
85 65 1567
85 66 2798
85 67 288
85 68 1519
85 69 2750
85 70 240
85 71 1471
85 72 2702
85 73 192
85 74 1423
85 75 2654
85 76 144
85 77 1375
85 78 2606
85 79 96
85 80 1327
85 81 2558
85 82 48
85 83 1279
85 84 2510
85 85 0
85 86 1231
85 87 2462
85 88 936
86 0 2167
86 1 1194
86 2 137
86 3 1151
86 4 1125
86 5 490
86 6 1155
86 7 1256
86 8 748
86 9 822
86 10 762
86 11 316
86 12 436
86 13 1201
86 14 412
86 15 351
86 16 774
86 17 596
86 18 1583
86 19 447
86 20 1117
86 21 350
86 22 393
86 23 467
86 24 1312
86 25 459
86 26 1443
86 27 1078
86 28 1945
86 29 1410
86 30 534
86 31 329
86 32 1347
86 33 1171
86 34 2047
86 35 816
86 36 2047
86 37 1999
86 38 768
86 39 1999
86 40 1951
86 41 720
86 42 1951
86 43 1903
86 44 672
86 45 1903
86 46 1855
86 47 624
86 48 1855
86 49 1807
86 50 576
86 51 1807
86 52 1759
86 53 528
86 54 1759
86 55 1711
86 56 480
86 57 1711
86 58 1663
86 59 432
86 60 1663
86 61 1615
86 62 384
86 63 1615
86 64 1567
86 65 336
86 66 1567
86 67 1519
86 68 288
86 69 1519
86 70 1471
86 71 240
86 72 1471
86 73 1423
86 74 192
86 75 1423
86 76 1375
86 77 144
86 78 1375
86 79 1327
86 80 96
86 81 1327
86 82 1279
86 83 48
86 84 1279
86 85 1231
86 86 0
86 87 1231
86 88 2167
87 0 3398
87 1 2425
87 2 1190
87 3 2382
87 4 2356
87 5 1413
87 6 2386
87 7 1607
87 8 1827
87 9 1849
87 10 853
87 11 1395
87 12 1667
87 13 798
87 14 1491
87 15 1456
87 16 1801
87 17 1827
87 18 608
87 19 1552
87 20 2348
87 21 1169
87 22 1624
87 23 1698
87 24 1455
87 25 1252
87 26 2674
87 27 2309
87 28 3176
87 29 2641
87 30 1561
87 31 1382
87 32 2578
87 33 2402
87 34 3278
87 35 2047
87 36 816
87 37 3230
87 38 1999
87 39 768
87 40 3182
87 41 1951
87 42 720
87 43 3134
87 44 1903
87 45 672
87 46 3086
87 47 1855
87 48 624
87 49 3038
87 50 1807
87 51 576
87 52 2990
87 53 1759
87 54 528
87 55 2942
87 56 1711
87 57 480
87 58 2894
87 59 1663
87 60 432
87 61 2846
87 62 1615
87 63 384
87 64 2798
87 65 1567
87 66 336
87 67 2750
87 68 1519
87 69 288
87 70 2702
87 71 1471
87 72 240
87 73 2654
87 74 1423
87 75 192
87 76 2606
87 77 1375
87 78 144
87 79 2558
87 80 1327
87 81 96
87 82 2510
87 83 1279
87 84 48
87 85 2462
87 86 1231
87 87 0
87 88 3398
88 0 0
88 1 973
88 2 2208
88 3 1016
88 4 1042
88 5 1985
88 6 1012
88 7 1791
88 8 1571
88 9 1549
88 10 2545
88 11 2003
88 12 1731
88 13 2600
88 14 1907
88 15 1942
88 16 1597
88 17 1571
88 18 2790
88 19 1846
88 20 1050
88 21 2229
88 22 1774
88 23 1700
88 24 1943
88 25 2146
88 26 724
88 27 1089
88 28 222
88 29 757
88 30 1837
88 31 2016
88 32 820
88 33 996
88 34 120
88 35 1351
88 36 2582
88 37 168
88 38 1399
88 39 2630
88 40 216
88 41 1447
88 42 2678
88 43 264
88 44 1495
88 45 2726
88 46 312
88 47 1543
88 48 2774
88 49 360
88 50 1591
88 51 2822
88 52 408
88 53 1639
88 54 2870
88 55 456
88 56 1687
88 57 2918
88 58 504
88 59 1735
88 60 2966
88 61 552
88 62 1783
88 63 3014
88 64 600
88 65 1831
88 66 3062
88 67 648
88 68 1879
88 69 3110
88 70 696
88 71 1927
88 72 3158
88 73 744
88 74 1975
88 75 3206
88 76 792
88 77 2023
88 78 3254
88 79 840
88 80 2071
88 81 3302
88 82 888
88 83 2119
88 84 3350
88 85 936
88 86 2167
88 87 3398
88 88 0
//Location coordinates LocationName
//Loc x y
0 0.0 0.0 "depot"
1 816.0 157.0 "product aisle 17 bloc 0 rank 1"
2 768.0 1440.0 "product aisle 16 bloc 1 rank 10"
3 768.0 248.0 "product aisle 16 bloc 0 rank 15"
4 144.0 898.0 "product aisle 3 bloc 0 rank 116"
5 480.0 1505.0 "product aisle 10 bloc 1 rank 19"
6 816.0 196.0 "product aisle 17 bloc 0 rank 8"
7 0.0 1791.0 "product aisle 0 bloc 1 rank 63"
8 144.0 1427.0 "product aisle 3 bloc 1 rank 8"
9 96.0 1453.0 "product aisle 2 bloc 1 rank 11"
10 624.0 1921.0 "product aisle 13 bloc 1 rank 84"
11 576.0 1427.0 "product aisle 12 bloc 1 rank 8"
12 768.0 963.0 "product aisle 16 bloc 0 rank 126"
13 432.0 2168.0 "product aisle 9 bloc 1 rank 121"
14 480.0 1427.0 "product aisle 10 bloc 1 rank 8"
15 528.0 1414.0 "product aisle 11 bloc 1 rank 6"
16 144.0 1453.0 "product aisle 3 bloc 1 rank 11"
17 816.0 755.0 "product aisle 17 bloc 0 rank 93"
18 336.0 2454.0 "product aisle 7 bloc 1 rank 165"
19 432.0 1414.0 "product aisle 9 bloc 1 rank 5"
20 48.0 1002.0 "product aisle 1 bloc 0 rank 131"
21 672.0 1557.0 "product aisle 14 bloc 1 rank 28"
22 720.0 1054.0 "product aisle 15 bloc 0 rank 139"
23 672.0 1028.0 "product aisle 14 bloc 0 rank 135"
24 48.0 1895.0 "product aisle 1 bloc 1 rank 79"
25 576.0 1570.0 "product aisle 12 bloc 1 rank 30"
26 528.0 196.0 "product aisle 11 bloc 0 rank 8"
27 672.0 417.0 "product aisle 14 bloc 0 rank 41"
28 0.0 222.0 "product aisle 0 bloc 0 rank 12"
29 288.0 469.0 "product aisle 6 bloc 0 rank 49"
30 384.0 1453.0 "product aisle 8 bloc 1 rank 12"
31 576.0 1440.0 "product aisle 12 bloc 1 rank 9"
32 0.0 820.0 "product aisle 0 bloc 0 rank 104"
33 384.0 612.0 "product aisle 8 bloc 0 rank 72"
34 24.0 120.0 "intersection aisle 0 bloc 0 rank 0"
35 24.0 1351.0 "intersection aisle 0 bloc 1 rank 1"
36 24.0 2582.0 "intersection aisle 0 bloc 2 rank 2"
37 72.0 120.0 "intersection aisle 1 bloc 0 rank 0"
38 72.0 1351.0 "intersection aisle 1 bloc 1 rank 1"
39 72.0 2582.0 "intersection aisle 1 bloc 2 rank 2"
40 120.0 120.0 "intersection aisle 2 bloc 0 rank 0"
41 120.0 1351.0 "intersection aisle 2 bloc 1 rank 1"
42 120.0 2582.0 "intersection aisle 2 bloc 2 rank 2"
43 168.0 120.0 "intersection aisle 3 bloc 0 rank 0"
44 168.0 1351.0 "intersection aisle 3 bloc 1 rank 1"
45 168.0 2582.0 "intersection aisle 3 bloc 2 rank 2"
46 216.0 120.0 "intersection aisle 4 bloc 0 rank 0"
47 216.0 1351.0 "intersection aisle 4 bloc 1 rank 1"
48 216.0 2582.0 "intersection aisle 4 bloc 2 rank 2"
49 264.0 120.0 "intersection aisle 5 bloc 0 rank 0"
50 264.0 1351.0 "intersection aisle 5 bloc 1 rank 1"
51 264.0 2582.0 "intersection aisle 5 bloc 2 rank 2"
52 312.0 120.0 "intersection aisle 6 bloc 0 rank 0"
53 312.0 1351.0 "intersection aisle 6 bloc 1 rank 1"
54 312.0 2582.0 "intersection aisle 6 bloc 2 rank 2"
55 360.0 120.0 "intersection aisle 7 bloc 0 rank 0"
56 360.0 1351.0 "intersection aisle 7 bloc 1 rank 1"
57 360.0 2582.0 "intersection aisle 7 bloc 2 rank 2"
58 408.0 120.0 "intersection aisle 8 bloc 0 rank 0"
59 408.0 1351.0 "intersection aisle 8 bloc 1 rank 1"
60 408.0 2582.0 "intersection aisle 8 bloc 2 rank 2"
61 456.0 120.0 "intersection aisle 9 bloc 0 rank 0"
62 456.0 1351.0 "intersection aisle 9 bloc 1 rank 1"
63 456.0 2582.0 "intersection aisle 9 bloc 2 rank 2"
64 504.0 120.0 "intersection aisle 10 bloc 0 rank 0"
65 504.0 1351.0 "intersection aisle 10 bloc 1 rank 1"
66 504.0 2582.0 "intersection aisle 10 bloc 2 rank 2"
67 552.0 120.0 "intersection aisle 11 bloc 0 rank 0"
68 552.0 1351.0 "intersection aisle 11 bloc 1 rank 1"
69 552.0 2582.0 "intersection aisle 11 bloc 2 rank 2"
70 600.0 120.0 "intersection aisle 12 bloc 0 rank 0"
71 600.0 1351.0 "intersection aisle 12 bloc 1 rank 1"
72 600.0 2582.0 "intersection aisle 12 bloc 2 rank 2"
73 648.0 120.0 "intersection aisle 13 bloc 0 rank 0"
74 648.0 1351.0 "intersection aisle 13 bloc 1 rank 1"
75 648.0 2582.0 "intersection aisle 13 bloc 2 rank 2"
76 696.0 120.0 "intersection aisle 14 bloc 0 rank 0"
77 696.0 1351.0 "intersection aisle 14 bloc 1 rank 1"
78 696.0 2582.0 "intersection aisle 14 bloc 2 rank 2"
79 744.0 120.0 "intersection aisle 15 bloc 0 rank 0"
80 744.0 1351.0 "intersection aisle 15 bloc 1 rank 1"
81 744.0 2582.0 "intersection aisle 15 bloc 2 rank 2"
82 792.0 120.0 "intersection aisle 16 bloc 0 rank 0"
83 792.0 1351.0 "intersection aisle 16 bloc 1 rank 1"
84 792.0 2582.0 "intersection aisle 16 bloc 2 rank 2"
85 840.0 120.0 "intersection aisle 17 bloc 0 rank 0"
86 840.0 1351.0 "intersection aisle 17 bloc 1 rank 1"
87 840.0 2582.0 "intersection aisle 17 bloc 2 rank 2"
88 0.0 0.0 "depot"
