//alpha
1
//NbLocations
64
//NbProducts
27
//NbPickers
2
//CapaPicker
8
//TimeToTravelOneDistanceUnit
3
//SetupTime
5400
//PickTime
300
//Products
//Idx Location Size
1 1 1
2 2 1
3 3 1
4 4 1
5 5 1
6 6 1
7 7 1
8 8 1
9 9 1
10 10 1
11 11 1
12 12 1
13 13 1
14 14 1
15 15 1
16 16 1
17 17 1
18 18 1
19 19 1
20 20 1
21 21 1
22 22 1
23 23 1
24 24 1
25 25 1
26 26 1
27 27 1
//Orders
//NbOrders
12
//Idx DueDate TardinessPenalty NbProdInOrder ProdIdx1 Qty1 ProdIdx2 Qty2 ...
1 54000 0 1 1 1
2 72000 0 1 2 1
3 54000 0 4 3 1 4 1 5 1 6 1
4 72000 0 1 7 1
5 36000 0 3 8 1 9 1 10 1
6 126000 0 1 11 1
7 36000 0 1 12 1
8 90000 0 3 13 1 14 1 15 1
9 36000 0 5 16 1 17 1 18 1 19 1 20 1
10 90000 0 2 21 1 22 1
11 90000 0 1 23 1
12 54000 0 4 24 1 25 1 26 1 27 1
//Graph (Products are vertices indexed from 1 to NbProducts)
//NbVerticesIntersections
36
//DepartingDepot
0
//ArrivalDepot
64
//Arcs
//Start End Distance
0 28 120
1 34 167
1 35 674
2 56 63
2 57 778
3 12 299
3 32 284
4 41 336
4 42 505
5 14 52
5 47 63
6 31 479
6 32 362
7 16 130
7 38 622
8 19 416
8 29 141
9 14 481
9 18 91
10 15 351
10 44 76
11 53 596
11 54 245
12 3 299
12 33 258
13 20 52
13 61 700
14 5 52
14 9 481
15 10 351
15 45 414
16 7 130
16 39 89
17 24 52
17 29 609
18 9 91
18 48 154
19 8 416
19 30 284
20 13 52
20 62 89
21 23 468
21 37 115
22 27 52
22 56 466
23 21 468
23 38 258
24 17 52
24 28 180
25 49 323
25 50 518
26 50 609
26 51 232
27 22 52
27 55 323
28 24 180
28 31 48
28 64 120
29 8 141
29 17 609
29 32 48
30 19 284
30 33 48
31 6 479
31 28 48
31 34 48
32 3 284
32 6 362
32 29 48
32 35 48
33 12 258
33 30 48
33 36 48
34 1 167
34 31 48
34 37 48
35 1 674
35 32 48
35 36 841
35 38 48
36 33 48
36 35 841
36 39 48
37 21 115
37 34 48
37 40 48
38 7 622
38 23 258
38 35 48
38 41 48
39 16 89
39 36 48
39 42 48
40 37 48
40 41 841
40 43 48
41 4 336
41 38 48
41 40 841
41 44 48
42 4 505
42 39 48
42 45 48
43 40 48
43 44 841
43 46 48
44 10 76
44 41 48
44 43 841
44 47 48
45 15 414
45 42 48
45 48 48
46 43 48
46 47 841
46 49 48
47 5 63
47 44 48
47 46 841
47 50 48
48 18 154
48 45 48
48 51 48
49 25 323
49 46 48
49 52 48
50 25 518
50 26 609
50 47 48
50 53 48
51 26 232
51 48 48
51 54 48
52 49 48
52 53 841
52 55 48
53 11 596
53 50 48
53 52 841
53 56 48
54 11 245
54 51 48
54 57 48
55 27 323
55 52 48
55 58 48
56 2 63
56 22 466
56 53 48
56 59 48
57 2 778
57 54 48
57 60 48
58 55 48
58 59 841
58 61 48
59 56 48
59 58 841
59 60 841
59 62 48
60 57 48
60 59 841
60 63 48
61 13 700
61 58 48
62 20 89
62 59 48
62 63 841
63 60 48
63 62 841
//LocStart LocEnd ShortestPath
0 0 0
0 1 383
0 2 1456
0 3 1293
0 4 1489
0 5 1312
0 6 647
0 7 1727
0 8 1102
0 9 1845
0 10 1277
0 11 1941
0 12 1592
0 13 1348
0 14 1364
0 15 1628
0 16 1857
0 17 352
0 18 1936
0 19 1518
0 20 1400
0 21 379
0 22 927
0 23 847
0 24 300
0 25 779
0 26 1906
0 27 875
0 28 120
0 29 961
0 30 1802
0 31 168
0 32 1009
0 33 1850
0 34 216
0 35 1057
0 36 1898
0 37 264
0 38 1105
0 39 1946
0 40 312
0 41 1153
0 42 1994
0 43 360
0 44 1201
0 45 2042
0 46 408
0 47 1249
0 48 2090
0 49 456
0 50 1297
0 51 2138
0 52 504
0 53 1345
0 54 2186
0 55 552
0 56 1393
0 57 2234
0 58 600
0 59 1441
0 60 2282
0 61 648
0 62 1489
0 63 2330
0 64 0
1 0 383
1 1 0
1 2 1073
1 3 1006
1 4 1106
1 5 929
1 6 694
1 7 1344
1 8 911
1 9 1462
1 10 894
1 11 1558
1 12 1305
1 13 1247
1 14 981
1 15 1245
1 16 1474
1 17 495
1 18 1553
1 19 1327
1 20 1195
1 21 330
1 22 878
1 23 798
1 24 443
1 25 730
1 26 1523
1 27 826
1 28 263
1 29 770
1 30 1611
1 31 215
1 32 722
1 33 1563
1 34 167
1 35 674
1 36 1515
1 37 215
1 38 722
1 39 1563
1 40 263
1 41 770
1 42 1611
1 43 311
1 44 818
1 45 1659
1 46 359
1 47 866
1 48 1707
1 49 407
1 50 914
1 51 1755
1 52 455
1 53 962
1 54 1803
1 55 503
1 56 1010
1 57 1851
1 58 551
1 59 1058
1 60 1899
1 61 599
1 62 1106
1 63 1947
1 64 383
2 0 1456
2 1 1073
2 2 0
2 3 731
2 4 639
2 5 270
2 6 809
2 7 973
2 8 636
2 9 803
2 10 331
2 11 707
2 12 1030
2 13 300
2 14 322
2 15 682
2 16 1103
2 17 1104
2 18 894
2 19 1052
2 20 248
2 21 1077
2 22 529
2 23 609
2 24 1156
2 25 677
2 26 768
2 27 581
2 28 1336
2 29 495
2 30 1210
2 31 1288
2 32 447
2 33 1162
2 34 1240
2 35 399
2 36 1114
2 37 1192
2 38 351
2 39 1066
2 40 1144
2 41 303
2 42 1018
2 43 1096
2 44 255
2 45 970
2 46 1048
2 47 207
2 48 922
2 49 1000
2 50 159
2 51 874
2 52 952
2 53 111
2 54 826
2 55 904
2 56 63
2 57 778
2 58 952
2 59 111
2 60 826
2 61 1000
2 62 159
2 63 874
2 64 1456
3 0 1293
3 1 1006
3 2 731
3 3 0
3 4 764
3 5 587
3 6 646
3 7 872
3 8 473
3 9 1042
3 10 552
3 11 1138
3 12 299
3 13 905
3 14 639
3 15 903
3 16 742
3 17 941
3 18 951
3 19 889
3 20 853
3 21 1106
3 22 1134
3 23 638
3 24 993
3 25 1090
3 26 1077
3 27 1186
3 28 1173
3 29 332
3 30 605
3 31 1125
3 32 284
3 33 557
3 34 1173
3 35 332
3 36 605
3 37 1221
3 38 380
3 39 653
3 40 1269
3 41 428
3 42 701
3 43 1317
3 44 476
3 45 749
3 46 1365
3 47 524
3 48 797
3 49 1413
3 50 572
3 51 845
3 52 1461
3 53 620
3 54 893
3 55 1509
3 56 668
3 57 941
3 58 1557
3 59 716
3 60 989
3 61 1605
3 62 764
3 63 1037
3 64 1293
4 0 1489
4 1 1106
4 2 639
4 3 764
4 4 0
4 5 495
4 6 842
4 7 772
4 8 669
4 9 846
4 10 460
4 11 942
4 12 907
4 13 813
4 14 547
4 15 811
4 16 642
4 17 1137
4 18 755
4 19 981
4 20 761
4 21 1110
4 22 1042
4 23 642
4 24 1189
4 25 998
4 26 881
4 27 1094
4 28 1369
4 29 528
4 30 697
4 31 1321
4 32 480
4 33 649
4 34 1273
4 35 432
4 36 601
4 37 1225
4 38 384
4 39 553
4 40 1177
4 41 336
4 42 505
4 43 1225
4 44 384
4 45 553
4 46 1273
4 47 432
4 48 601
4 49 1321
4 50 480
4 51 649
4 52 1369
4 53 528
4 54 697
4 55 1417
4 56 576
4 57 745
4 58 1465
4 59 624
4 60 793
4 61 1513
4 62 672
4 63 841
4 64 1489
5 0 1312
5 1 929
5 2 270
5 3 587
5 4 495
5 5 0
5 6 665
5 7 829
5 8 492
5 9 533
5 10 187
5 11 755
5 12 886
5 13 444
5 14 52
5 15 538
5 16 959
5 17 960
5 18 624
5 19 908
5 20 392
5 21 933
5 22 673
5 23 465
5 24 1012
5 25 629
5 26 720
5 27 725
5 28 1192
5 29 351
5 30 1066
5 31 1144
5 32 303
5 33 1018
5 34 1096
5 35 255
5 36 970
5 37 1048
5 38 207
5 39 922
5 40 1000
5 41 159
5 42 874
5 43 952
5 44 111
5 45 826
5 46 904
5 47 63
5 48 778
5 49 952
5 50 111
5 51 826
5 52 1000
5 53 159
5 54 874
5 55 1048
5 56 207
5 57 922
5 58 1096
5 59 255
5 60 970
5 61 1144
5 62 303
5 63 1018
5 64 1312
6 0 647
6 1 694
6 2 809
6 3 646
6 4 842
6 5 665
6 6 0
6 7 1080
6 8 551
6 9 1198
6 10 630
6 11 1294
6 12 945
6 13 983
6 14 717
6 15 981
6 16 1210
6 17 759
6 18 1289
6 19 967
6 20 931
6 21 690
6 22 1212
6 23 716
6 24 707
6 25 1090
6 26 1259
6 27 1186
6 28 527
6 29 410
6 30 1251
6 31 479
6 32 362
6 33 1203
6 34 527
6 35 410
6 36 1251
6 37 575
6 38 458
6 39 1299
6 40 623
6 41 506
6 42 1347
6 43 671
6 44 554
6 45 1395
6 46 719
6 47 602
6 48 1443
6 49 767
6 50 650
6 51 1491
6 52 815
6 53 698
6 54 1539
6 55 863
6 56 746
6 57 1587
6 58 911
6 59 794
6 60 1635
6 61 959
6 62 842
6 63 1683
6 64 647
7 0 1727
7 1 1344
7 2 973
7 3 872
7 4 772
7 5 829
7 6 1080
7 7 0
7 8 907
7 9 608
7 10 794
7 11 704
7 12 573
7 13 1147
7 14 881
7 15 729
7 16 130
7 17 1375
7 18 517
7 19 647
7 20 1095
7 21 1348
7 22 1376
7 23 880
7 24 1427
7 25 1332
7 26 643
7 27 1428
7 28 1607
7 29 766
7 30 363
7 31 1559
7 32 718
7 33 315
7 34 1511
7 35 670
7 36 267
7 37 1463
7 38 622
7 39 219
7 40 1511
7 41 670
7 42 267
7 43 1559
7 44 718
7 45 315
7 46 1607
7 47 766
7 48 363
7 49 1655
7 50 814
7 51 411
7 52 1703
7 53 862
7 54 459
7 55 1751
7 56 910
7 57 507
7 58 1799
7 59 958
7 60 555
7 61 1847
7 62 1006
7 63 603
7 64 1727
8 0 1102
8 1 911
8 2 636
8 3 473
8 4 669
8 5 492
8 6 551
8 7 907
8 8 0
8 9 1025
8 10 457
8 11 1121
8 12 772
8 13 810
8 14 544
8 15 808
8 16 933
8 17 750
8 18 1116
8 19 416
8 20 758
8 21 1011
8 22 1039
8 23 543
8 24 802
8 25 995
8 26 1086
8 27 1091
8 28 982
8 29 141
8 30 700
8 31 1030
8 32 189
8 33 748
8 34 1078
8 35 237
8 36 796
8 37 1126
8 38 285
8 39 844
8 40 1174
8 41 333
8 42 892
8 43 1222
8 44 381
8 45 940
8 46 1270
8 47 429
8 48 988
8 49 1318
8 50 477
8 51 1036
8 52 1366
8 53 525
8 54 1084
8 55 1414
8 56 573
8 57 1132
8 58 1462
8 59 621
8 60 1180
8 61 1510
8 62 669
8 63 1228
8 64 1102
9 0 1845
9 1 1462
9 2 803
9 3 1042
9 4 846
9 5 533
9 6 1198
9 7 608
9 8 1025
9 9 0
9 10 720
9 11 586
9 12 743
9 13 977
9 14 481
9 15 707
9 16 478
9 17 1493
9 18 91
9 19 817
9 20 925
9 21 1466
9 22 1206
9 23 998
9 24 1545
9 25 1162
9 26 525
9 27 1258
9 28 1725
9 29 884
9 30 533
9 31 1677
9 32 836
9 33 485
9 34 1629
9 35 788
9 36 437
9 37 1581
9 38 740
9 39 389
9 40 1533
9 41 692
9 42 341
9 43 1485
9 44 644
9 45 293
9 46 1437
9 47 596
9 48 245
9 49 1485
9 50 644
9 51 293
9 52 1533
9 53 692
9 54 341
9 55 1581
9 56 740
9 57 389
9 58 1629
9 59 788
9 60 437
9 61 1677
9 62 836
9 63 485
9 64 1845
10 0 1277
10 1 894
10 2 331
10 3 552
10 4 460
10 5 187
10 6 630
10 7 794
10 8 457
10 9 720
10 10 0
10 11 816
10 12 851
10 13 505
10 14 239
10 15 351
10 16 924
10 17 925
10 18 811
10 19 873
10 20 453
10 21 898
10 22 734
10 23 430
10 24 977
10 25 690
10 26 781
10 27 786
10 28 1157
10 29 316
10 30 1005
10 31 1109
10 32 268
10 33 957
10 34 1061
10 35 220
10 36 909
10 37 1013
10 38 172
10 39 861
10 40 965
10 41 124
10 42 813
10 43 917
10 44 76
10 45 765
10 46 965
10 47 124
10 48 813
10 49 1013
10 50 172
10 51 861
10 52 1061
10 53 220
10 54 909
10 55 1109
10 56 268
10 57 957
10 58 1157
10 59 316
10 60 1005
10 61 1205
10 62 364
10 63 1053
10 64 1277
11 0 1941
11 1 1558
11 2 707
11 3 1138
11 4 942
11 5 755
11 6 1294
11 7 704
11 8 1121
11 9 586
11 10 816
11 11 0
11 12 839
11 13 881
11 14 807
11 15 803
11 16 574
11 17 1589
11 18 495
11 19 913
11 20 829
11 21 1562
11 22 1110
11 23 1094
11 24 1641
11 25 1162
11 26 525
11 27 1162
11 28 1821
11 29 980
11 30 629
11 31 1773
11 32 932
11 33 581
11 34 1725
11 35 884
11 36 533
11 37 1677
11 38 836
11 39 485
11 40 1629
11 41 788
11 42 437
11 43 1581
11 44 740
11 45 389
11 46 1533
11 47 692
11 48 341
11 49 1485
11 50 644
11 51 293
11 52 1437
11 53 596
11 54 245
11 55 1485
11 56 644
11 57 293
11 58 1533
11 59 692
11 60 341
11 61 1581
11 62 740
11 63 389
11 64 1941
12 0 1592
12 1 1305
12 2 1030
12 3 299
12 4 907
12 5 886
12 6 945
12 7 573
12 8 772
12 9 743
12 10 851
12 11 839
12 12 0
12 13 1204
12 14 938
12 15 864
12 16 443
12 17 1240
12 18 652
12 19 590
12 20 1152
12 21 1405
12 22 1433
12 23 937
12 24 1292
12 25 1389
12 26 778
12 27 1485
12 28 1472
12 29 631
12 30 306
12 31 1424
12 32 583
12 33 258
12 34 1472
12 35 631
12 36 306
12 37 1520
12 38 679
12 39 354
12 40 1568
12 41 727
12 42 402
12 43 1616
12 44 775
12 45 450
12 46 1664
12 47 823
12 48 498
12 49 1712
12 50 871
12 51 546
12 52 1760
12 53 919
12 54 594
12 55 1808
12 56 967
12 57 642
12 58 1856
12 59 1015
12 60 690
12 61 1904
12 62 1063
12 63 738
12 64 1592
13 0 1348
13 1 1247
13 2 300
13 3 905
13 4 813
13 5 444
13 6 983
13 7 1147
13 8 810
13 9 977
13 10 505
13 11 881
13 12 1204
13 13 0
13 14 496
13 15 856
13 16 1277
13 17 1278
13 18 1068
13 19 1226
13 20 52
13 21 1199
13 22 703
13 23 783
13 24 1330
13 25 851
13 26 942
13 27 755
13 28 1228
13 29 669
13 30 1510
13 31 1180
13 32 621
13 33 1462
13 34 1132
13 35 573
13 36 1414
13 37 1084
13 38 525
13 39 1366
13 40 1036
13 41 477
13 42 1318
13 43 988
13 44 429
13 45 1270
13 46 940
13 47 381
13 48 1222
13 49 892
13 50 333
13 51 1174
13 52 844
13 53 285
13 54 1126
13 55 796
13 56 237
13 57 1078
13 58 748
13 59 189
13 60 1030
13 61 700
13 62 141
13 63 982
13 64 1348
14 0 1364
14 1 981
14 2 322
14 3 639
14 4 547
14 5 52
14 6 717
14 7 881
14 8 544
14 9 481
14 10 239
14 11 807
14 12 938
14 13 496
14 14 0
14 15 590
14 16 959
14 17 1012
14 18 572
14 19 960
14 20 444
14 21 985
14 22 725
14 23 517
14 24 1064
14 25 681
14 26 772
14 27 777
14 28 1244
14 29 403
14 30 1014
14 31 1196
14 32 355
14 33 966
14 34 1148
14 35 307
14 36 918
14 37 1100
14 38 259
14 39 870
14 40 1052
14 41 211
14 42 822
14 43 1004
14 44 163
14 45 774
14 46 956
14 47 115
14 48 726
14 49 1004
14 50 163
14 51 774
14 52 1052
14 53 211
14 54 822
14 55 1100
14 56 259
14 57 870
14 58 1148
14 59 307
14 60 918
14 61 1196
14 62 355
14 63 966
14 64 1364
15 0 1628
15 1 1245
15 2 682
15 3 903
15 4 811
15 5 538
15 6 981
15 7 729
15 8 808
15 9 707
15 10 351
15 11 803
15 12 864
15 13 856
15 14 590
15 15 0
15 16 599
15 17 1276
15 18 616
15 19 938
15 20 804
15 21 1249
15 22 1085
15 23 781
15 24 1328
15 25 1041
15 26 742
15 27 1137
15 28 1508
15 29 667
15 30 654
15 31 1460
15 32 619
15 33 606
15 34 1412
15 35 571
15 36 558
15 37 1364
15 38 523
15 39 510
15 40 1316
15 41 475
15 42 462
15 43 1268
15 44 427
15 45 414
15 46 1316
15 47 475
15 48 462
15 49 1364
15 50 523
15 51 510
15 52 1412
15 53 571
15 54 558
15 55 1460
15 56 619
15 57 606
15 58 1508
15 59 667
15 60 654
15 61 1556
15 62 715
15 63 702
15 64 1628
16 0 1857
16 1 1474
16 2 1103
16 3 742
16 4 642
16 5 959
16 6 1210
16 7 130
16 8 933
16 9 478
16 10 924
16 11 574
16 12 443
16 13 1277
16 14 959
16 15 599
16 16 0
16 17 1505
16 18 387
16 19 517
16 20 1225
16 21 1478
16 22 1506
16 23 1010
16 24 1557
16 25 1462
16 26 513
16 27 1558
16 28 1737
16 29 896
16 30 233
16 31 1689
16 32 848
16 33 185
16 34 1641
16 35 800
16 36 137
16 37 1593
16 38 752
16 39 89
16 40 1641
16 41 800
16 42 137
16 43 1689
16 44 848
16 45 185
16 46 1737
16 47 896
16 48 233
16 49 1785
16 50 944
16 51 281
16 52 1833
16 53 992
16 54 329
16 55 1881
16 56 1040
16 57 377
16 58 1929
16 59 1088
16 60 425
16 61 1977
16 62 1136
16 63 473
16 64 1857
17 0 352
17 1 495
17 2 1104
17 3 941
17 4 1137
17 5 960
17 6 759
17 7 1375
17 8 750
17 9 1493
17 10 925
17 11 1589
17 12 1240
17 13 1278
17 14 1012
17 15 1276
17 16 1505
17 17 0
17 18 1584
17 19 1166
17 20 1226
17 21 491
17 22 1039
17 23 959
17 24 52
17 25 891
17 26 1554
17 27 987
17 28 232
17 29 609
17 30 1450
17 31 280
17 32 657
17 33 1498
17 34 328
17 35 705
17 36 1546
17 37 376
17 38 753
17 39 1594
17 40 424
17 41 801
17 42 1642
17 43 472
17 44 849
17 45 1690
17 46 520
17 47 897
17 48 1738
17 49 568
17 50 945
17 51 1786
17 52 616
17 53 993
17 54 1834
17 55 664
17 56 1041
17 57 1882
17 58 712
17 59 1089
17 60 1930
17 61 760
17 62 1137
17 63 1978
17 64 352
18 0 1936
18 1 1553
18 2 894
18 3 951
18 4 755
18 5 624
18 6 1289
18 7 517
18 8 1116
18 9 91
18 10 811
18 11 495
18 12 652
18 13 1068
18 14 572
18 15 616
18 16 387
18 17 1584
18 18 0
18 19 726
18 20 1016
18 21 1557
18 22 1297
18 23 1089
18 24 1636
18 25 1253
18 26 434
18 27 1349
18 28 1816
18 29 975
18 30 442
18 31 1768
18 32 927
18 33 394
18 34 1720
18 35 879
18 36 346
18 37 1672
18 38 831
18 39 298
18 40 1624
18 41 783
18 42 250
18 43 1576
18 44 735
18 45 202
18 46 1528
18 47 687
18 48 154
18 49 1576
18 50 735
18 51 202
18 52 1624
18 53 783
18 54 250
18 55 1672
18 56 831
18 57 298
18 58 1720
18 59 879
18 60 346
18 61 1768
18 62 927
18 63 394
18 64 1936
19 0 1518
19 1 1327
19 2 1052
19 3 889
19 4 981
19 5 908
19 6 967
19 7 647
19 8 416
19 9 817
19 10 873
19 11 913
19 12 590
19 13 1226
19 14 960
19 15 938
19 16 517
19 17 1166
19 18 726
19 19 0
19 20 1174
19 21 1427
19 22 1455
19 23 959
19 24 1218
19 25 1411
19 26 852
19 27 1507
19 28 1398
19 29 557
19 30 284
19 31 1446
19 32 605
19 33 332
19 34 1494
19 35 653
19 36 380
19 37 1542
19 38 701
19 39 428
19 40 1590
19 41 749
19 42 476
19 43 1638
19 44 797
19 45 524
19 46 1686
19 47 845
19 48 572
19 49 1734
19 50 893
19 51 620
19 52 1782
19 53 941
19 54 668
19 55 1830
19 56 989
19 57 716
19 58 1878
19 59 1037
19 60 764
19 61 1926
19 62 1085
19 63 812
19 64 1518
20 0 1400
20 1 1195
20 2 248
20 3 853
20 4 761
20 5 392
20 6 931
20 7 1095
20 8 758
20 9 925
20 10 453
20 11 829
20 12 1152
20 13 52
20 14 444
20 15 804
20 16 1225
20 17 1226
20 18 1016
20 19 1174
20 20 0
20 21 1199
20 22 651
20 23 731
20 24 1278
20 25 799
20 26 890
20 27 703
20 28 1280
20 29 617
20 30 1458
20 31 1232
20 32 569
20 33 1410
20 34 1184
20 35 521
20 36 1362
20 37 1136
20 38 473
20 39 1314
20 40 1088
20 41 425
20 42 1266
20 43 1040
20 44 377
20 45 1218
20 46 992
20 47 329
20 48 1170
20 49 944
20 50 281
20 51 1122
20 52 896
20 53 233
20 54 1074
20 55 848
20 56 185
20 57 1026
20 58 800
20 59 137
20 60 978
20 61 752
20 62 89
20 63 930
20 64 1400
21 0 379
21 1 330
21 2 1077
21 3 1106
21 4 1110
21 5 933
21 6 690
21 7 1348
21 8 1011
21 9 1466
21 10 898
21 11 1562
21 12 1405
21 13 1199
21 14 985
21 15 1249
21 16 1478
21 17 491
21 18 1557
21 19 1427
21 20 1199
21 21 0
21 22 778
21 23 468
21 24 439
21 25 630
21 26 1527
21 27 726
21 28 259
21 29 870
21 30 1711
21 31 211
21 32 822
21 33 1663
21 34 163
21 35 774
21 36 1615
21 37 115
21 38 726
21 39 1567
21 40 163
21 41 774
21 42 1615
21 43 211
21 44 822
21 45 1663
21 46 259
21 47 870
21 48 1711
21 49 307
21 50 918
21 51 1759
21 52 355
21 53 966
21 54 1807
21 55 403
21 56 1014
21 57 1855
21 58 451
21 59 1062
21 60 1903
21 61 499
21 62 1110
21 63 1951
21 64 379
22 0 927
22 1 878
22 2 529
22 3 1134
22 4 1042
22 5 673
22 6 1212
22 7 1376
22 8 1039
22 9 1206
22 10 734
22 11 1110
22 12 1433
22 13 703
22 14 725
22 15 1085
22 16 1506
22 17 1039
22 18 1297
22 19 1455
22 20 651
22 21 778
22 22 0
22 23 1012
22 24 987
22 25 794
22 26 1171
22 27 52
22 28 807
22 29 898
22 30 1739
22 31 759
22 32 850
22 33 1691
22 34 711
22 35 802
22 36 1643
22 37 663
22 38 754
22 39 1595
22 40 615
22 41 706
22 42 1547
22 43 567
22 44 658
22 45 1499
22 46 519
22 47 610
22 48 1451
22 49 471
22 50 562
22 51 1403
22 52 423
22 53 514
22 54 1355
22 55 375
22 56 466
22 57 1307
22 58 423
22 59 514
22 60 1355
22 61 471
22 62 562
22 63 1403
22 64 927
23 0 847
23 1 798
23 2 609
23 3 638
23 4 642
23 5 465
23 6 716
23 7 880
23 8 543
23 9 998
23 10 430
23 11 1094
23 12 937
23 13 783
23 14 517
23 15 781
23 16 1010
23 17 959
23 18 1089
23 19 959
23 20 731
23 21 468
23 22 1012
23 23 0
23 24 907
23 25 968
23 26 1059
23 27 1064
23 28 727
23 29 402
23 30 1243
23 31 679
23 32 354
23 33 1195
23 34 631
23 35 306
23 36 1147
23 37 583
23 38 258
23 39 1099
23 40 631
23 41 306
23 42 1147
23 43 679
23 44 354
23 45 1195
23 46 727
23 47 402
23 48 1243
23 49 775
23 50 450
23 51 1291
23 52 823
23 53 498
23 54 1339
23 55 871
23 56 546
23 57 1387
23 58 919
23 59 594
23 60 1435
23 61 967
23 62 642
23 63 1483
23 64 847
24 0 300
24 1 443
24 2 1156
24 3 993
24 4 1189
24 5 1012
24 6 707
24 7 1427
24 8 802
24 9 1545
24 10 977
24 11 1641
24 12 1292
24 13 1330
24 14 1064
24 15 1328
24 16 1557
24 17 52
24 18 1636
24 19 1218
24 20 1278
24 21 439
24 22 987
24 23 907
24 24 0
24 25 839
24 26 1606
24 27 935
24 28 180
24 29 661
24 30 1502
24 31 228
24 32 709
24 33 1550
24 34 276
24 35 757
24 36 1598
24 37 324
24 38 805
24 39 1646
24 40 372
24 41 853
24 42 1694
24 43 420
24 44 901
24 45 1742
24 46 468
24 47 949
24 48 1790
24 49 516
24 50 997
24 51 1838
24 52 564
24 53 1045
24 54 1886
24 55 612
24 56 1093
24 57 1934
24 58 660
24 59 1141
24 60 1982
24 61 708
24 62 1189
24 63 2030
24 64 300
25 0 779
25 1 730
25 2 677
25 3 1090
25 4 998
25 5 629
25 6 1090
25 7 1332
25 8 995
25 9 1162
25 10 690
25 11 1162
25 12 1389
25 13 851
25 14 681
25 15 1041
25 16 1462
25 17 891
25 18 1253
25 19 1411
25 20 799
25 21 630
25 22 794
25 23 968
25 24 839
25 25 0
25 26 1127
25 27 742
25 28 659
25 29 854
25 30 1695
25 31 611
25 32 806
25 33 1647
25 34 563
25 35 758
25 36 1599
25 37 515
25 38 710
25 39 1551
25 40 467
25 41 662
25 42 1503
25 43 419
25 44 614
25 45 1455
25 46 371
25 47 566
25 48 1407
25 49 323
25 50 518
25 51 1359
25 52 371
25 53 566
25 54 1407
25 55 419
25 56 614
25 57 1455
25 58 467
25 59 662
25 60 1503
25 61 515
25 62 710
25 63 1551
25 64 779
26 0 1906
26 1 1523
26 2 768
26 3 1077
26 4 881
26 5 720
26 6 1259
26 7 643
26 8 1086
26 9 525
26 10 781
26 11 525
26 12 778
26 13 942
26 14 772
26 15 742
26 16 513
26 17 1554
26 18 434
26 19 852
26 20 890
26 21 1527
26 22 1171
26 23 1059
26 24 1606
26 25 1127
26 26 0
26 27 1223
26 28 1786
26 29 945
26 30 568
26 31 1738
26 32 897
26 33 520
26 34 1690
26 35 849
26 36 472
26 37 1642
26 38 801
26 39 424
26 40 1594
26 41 753
26 42 376
26 43 1546
26 44 705
26 45 328
26 46 1498
26 47 657
26 48 280
26 49 1450
26 50 609
26 51 232
26 52 1498
26 53 657
26 54 280
26 55 1546
26 56 705
26 57 328
26 58 1594
26 59 753
26 60 376
26 61 1642
26 62 801
26 63 424
26 64 1906
27 0 875
27 1 826
27 2 581
27 3 1186
27 4 1094
27 5 725
27 6 1186
27 7 1428
27 8 1091
27 9 1258
27 10 786
27 11 1162
27 12 1485
27 13 755
27 14 777
27 15 1137
27 16 1558
27 17 987
27 18 1349
27 19 1507
27 20 703
27 21 726
27 22 52
27 23 1064
27 24 935
27 25 742
27 26 1223
27 27 0
27 28 755
27 29 950
27 30 1791
27 31 707
27 32 902
27 33 1743
27 34 659
27 35 854
27 36 1695
27 37 611
27 38 806
27 39 1647
27 40 563
27 41 758
27 42 1599
27 43 515
27 44 710
27 45 1551
27 46 467
27 47 662
27 48 1503
27 49 419
27 50 614
27 51 1455
27 52 371
27 53 566
27 54 1407
27 55 323
27 56 518
27 57 1359
27 58 371
27 59 566
27 60 1407
27 61 419
27 62 614
27 63 1455
27 64 875
28 0 120
28 1 263
28 2 1336
28 3 1173
28 4 1369
28 5 1192
28 6 527
28 7 1607
28 8 982
28 9 1725
28 10 1157
28 11 1821
28 12 1472
28 13 1228
28 14 1244
28 15 1508
28 16 1737
28 17 232
28 18 1816
28 19 1398
28 20 1280
28 21 259
28 22 807
28 23 727
28 24 180
28 25 659
28 26 1786
28 27 755
28 28 0
28 29 841
28 30 1682
28 31 48
28 32 889
28 33 1730
28 34 96
28 35 937
28 36 1778
28 37 144
28 38 985
28 39 1826
28 40 192
28 41 1033
28 42 1874
28 43 240
28 44 1081
28 45 1922
28 46 288
28 47 1129
28 48 1970
28 49 336
28 50 1177
28 51 2018
28 52 384
28 53 1225
28 54 2066
28 55 432
28 56 1273
28 57 2114
28 58 480
28 59 1321
28 60 2162
28 61 528
28 62 1369
28 63 2210
28 64 120
29 0 961
29 1 770
29 2 495
29 3 332
29 4 528
29 5 351
29 6 410
29 7 766
29 8 141
29 9 884
29 10 316
29 11 980
29 12 631
29 13 669
29 14 403
29 15 667
29 16 896
29 17 609
29 18 975
29 19 557
29 20 617
29 21 870
29 22 898
29 23 402
29 24 661
29 25 854
29 26 945
29 27 950
29 28 841
29 29 0
29 30 841
29 31 889
29 32 48
29 33 889
29 34 937
29 35 96
29 36 937
29 37 985
29 38 144
29 39 985
29 40 1033
29 41 192
29 42 1033
29 43 1081
29 44 240
29 45 1081
29 46 1129
29 47 288
29 48 1129
29 49 1177
29 50 336
29 51 1177
29 52 1225
29 53 384
29 54 1225
29 55 1273
29 56 432
29 57 1273
29 58 1321
29 59 480
29 60 1321
29 61 1369
29 62 528
29 63 1369
29 64 961
30 0 1802
30 1 1611
30 2 1210
30 3 605
30 4 697
30 5 1066
30 6 1251
30 7 363
30 8 700
30 9 533
30 10 1005
30 11 629
30 12 306
30 13 1510
30 14 1014
30 15 654
30 16 233
30 17 1450
30 18 442
30 19 284
30 20 1458
30 21 1711
30 22 1739
30 23 1243
30 24 1502
30 25 1695
30 26 568
30 27 1791
30 28 1682
30 29 841
30 30 0
30 31 1730
30 32 889
30 33 48
30 34 1778
30 35 937
30 36 96
30 37 1826
30 38 985
30 39 144
30 40 1874
30 41 1033
30 42 192
30 43 1922
30 44 1081
30 45 240
30 46 1970
30 47 1129
30 48 288
30 49 2018
30 50 1177
30 51 336
30 52 2066
30 53 1225
30 54 384
30 55 2114
30 56 1273
30 57 432
30 58 2162
30 59 1321
30 60 480
30 61 2210
30 62 1369
30 63 528
30 64 1802
31 0 168
31 1 215
31 2 1288
31 3 1125
31 4 1321
31 5 1144
31 6 479
31 7 1559
31 8 1030
31 9 1677
31 10 1109
31 11 1773
31 12 1424
31 13 1180
31 14 1196
31 15 1460
31 16 1689
31 17 280
31 18 1768
31 19 1446
31 20 1232
31 21 211
31 22 759
31 23 679
31 24 228
31 25 611
31 26 1738
31 27 707
31 28 48
31 29 889
31 30 1730
31 31 0
31 32 841
31 33 1682
31 34 48
31 35 889
31 36 1730
31 37 96
31 38 937
31 39 1778
31 40 144
31 41 985
31 42 1826
31 43 192
31 44 1033
31 45 1874
31 46 240
31 47 1081
31 48 1922
31 49 288
31 50 1129
31 51 1970
31 52 336
31 53 1177
31 54 2018
31 55 384
31 56 1225
31 57 2066
31 58 432
31 59 1273
31 60 2114
31 61 480
31 62 1321
31 63 2162
31 64 168
32 0 1009
32 1 722
32 2 447
32 3 284
32 4 480
32 5 303
32 6 362
32 7 718
32 8 189
32 9 836
32 10 268
32 11 932
32 12 583
32 13 621
32 14 355
32 15 619
32 16 848
32 17 657
32 18 927
32 19 605
32 20 569
32 21 822
32 22 850
32 23 354
32 24 709
32 25 806
32 26 897
32 27 902
32 28 889
32 29 48
32 30 889
32 31 841
32 32 0
32 33 841
32 34 889
32 35 48
32 36 889
32 37 937
32 38 96
32 39 937
32 40 985
32 41 144
32 42 985
32 43 1033
32 44 192
32 45 1033
32 46 1081
32 47 240
32 48 1081
32 49 1129
32 50 288
32 51 1129
32 52 1177
32 53 336
32 54 1177
32 55 1225
32 56 384
32 57 1225
32 58 1273
32 59 432
32 60 1273
32 61 1321
32 62 480
32 63 1321
32 64 1009
33 0 1850
33 1 1563
33 2 1162
33 3 557
33 4 649
33 5 1018
33 6 1203
33 7 315
33 8 748
33 9 485
33 10 957
33 11 581
33 12 258
33 13 1462
33 14 966
33 15 606
33 16 185
33 17 1498
33 18 394
33 19 332
33 20 1410
33 21 1663
33 22 1691
33 23 1195
33 24 1550
33 25 1647
33 26 520
33 27 1743
33 28 1730
33 29 889
33 30 48
33 31 1682
33 32 841
33 33 0
33 34 1730
33 35 889
33 36 48
33 37 1778
33 38 937
33 39 96
33 40 1826
33 41 985
33 42 144
33 43 1874
33 44 1033
33 45 192
33 46 1922
33 47 1081
33 48 240
33 49 1970
33 50 1129
33 51 288
33 52 2018
33 53 1177
33 54 336
33 55 2066
33 56 1225
33 57 384
33 58 2114
33 59 1273
33 60 432
33 61 2162
33 62 1321
33 63 480
33 64 1850
34 0 216
34 1 167
34 2 1240
34 3 1173
34 4 1273
34 5 1096
34 6 527
34 7 1511
34 8 1078
34 9 1629
34 10 1061
34 11 1725
34 12 1472
34 13 1132
34 14 1148
34 15 1412
34 16 1641
34 17 328
34 18 1720
34 19 1494
34 20 1184
34 21 163
34 22 711
34 23 631
34 24 276
34 25 563
34 26 1690
34 27 659
34 28 96
34 29 937
34 30 1778
34 31 48
34 32 889
34 33 1730
34 34 0
34 35 841
34 36 1682
34 37 48
34 38 889
34 39 1730
34 40 96
34 41 937
34 42 1778
34 43 144
34 44 985
34 45 1826
34 46 192
34 47 1033
34 48 1874
34 49 240
34 50 1081
34 51 1922
34 52 288
34 53 1129
34 54 1970
34 55 336
34 56 1177
34 57 2018
34 58 384
34 59 1225
34 60 2066
34 61 432
34 62 1273
34 63 2114
34 64 216
35 0 1057
35 1 674
35 2 399
35 3 332
35 4 432
35 5 255
35 6 410
35 7 670
35 8 237
35 9 788
35 10 220
35 11 884
35 12 631
35 13 573
35 14 307
35 15 571
35 16 800
35 17 705
35 18 879
35 19 653
35 20 521
35 21 774
35 22 802
35 23 306
35 24 757
35 25 758
35 26 849
35 27 854
35 28 937
35 29 96
35 30 937
35 31 889
35 32 48
35 33 889
35 34 841
35 35 0
35 36 841
35 37 889
35 38 48
35 39 889
35 40 937
35 41 96
35 42 937
35 43 985
35 44 144
35 45 985
35 46 1033
35 47 192
35 48 1033
35 49 1081
35 50 240
35 51 1081
35 52 1129
35 53 288
35 54 1129
35 55 1177
35 56 336
35 57 1177
35 58 1225
35 59 384
35 60 1225
35 61 1273
35 62 432
35 63 1273
35 64 1057
36 0 1898
36 1 1515
36 2 1114
36 3 605
36 4 601
36 5 970
36 6 1251
36 7 267
36 8 796
36 9 437
36 10 909
36 11 533
36 12 306
36 13 1414
36 14 918
36 15 558
36 16 137
36 17 1546
36 18 346
36 19 380
36 20 1362
36 21 1615
36 22 1643
36 23 1147
36 24 1598
36 25 1599
36 26 472
36 27 1695
36 28 1778
36 29 937
36 30 96
36 31 1730
36 32 889
36 33 48
36 34 1682
36 35 841
36 36 0
36 37 1730
36 38 889
36 39 48
36 40 1778
36 41 937
36 42 96
36 43 1826
36 44 985
36 45 144
36 46 1874
36 47 1033
36 48 192
36 49 1922
36 50 1081
36 51 240
36 52 1970
36 53 1129
36 54 288
36 55 2018
36 56 1177
36 57 336
36 58 2066
36 59 1225
36 60 384
36 61 2114
36 62 1273
36 63 432
36 64 1898
37 0 264
37 1 215
37 2 1192
37 3 1221
37 4 1225
37 5 1048
37 6 575
37 7 1463
37 8 1126
37 9 1581
37 10 1013
37 11 1677
37 12 1520
37 13 1084
37 14 1100
37 15 1364
37 16 1593
37 17 376
37 18 1672
37 19 1542
37 20 1136
37 21 115
37 22 663
37 23 583
37 24 324
37 25 515
37 26 1642
37 27 611
37 28 144
37 29 985
37 30 1826
37 31 96
37 32 937
37 33 1778
37 34 48
37 35 889
37 36 1730
37 37 0
37 38 841
37 39 1682
37 40 48
37 41 889
37 42 1730
37 43 96
37 44 937
37 45 1778
37 46 144
37 47 985
37 48 1826
37 49 192
37 50 1033
37 51 1874
37 52 240
37 53 1081
37 54 1922
37 55 288
37 56 1129
37 57 1970
37 58 336
37 59 1177
37 60 2018
37 61 384
37 62 1225
37 63 2066
37 64 264
38 0 1105
38 1 722
38 2 351
38 3 380
38 4 384
38 5 207
38 6 458
38 7 622
38 8 285
38 9 740
38 10 172
38 11 836
38 12 679
38 13 525
38 14 259
38 15 523
38 16 752
38 17 753
38 18 831
38 19 701
38 20 473
38 21 726
38 22 754
38 23 258
38 24 805
38 25 710
38 26 801
38 27 806
38 28 985
38 29 144
38 30 985
38 31 937
38 32 96
38 33 937
38 34 889
38 35 48
38 36 889
38 37 841
38 38 0
38 39 841
38 40 889
38 41 48
38 42 889
38 43 937
38 44 96
38 45 937
38 46 985
38 47 144
38 48 985
38 49 1033
38 50 192
38 51 1033
38 52 1081
38 53 240
38 54 1081
38 55 1129
38 56 288
38 57 1129
38 58 1177
38 59 336
38 60 1177
38 61 1225
38 62 384
38 63 1225
38 64 1105
39 0 1946
39 1 1563
39 2 1066
39 3 653
39 4 553
39 5 922
39 6 1299
39 7 219
39 8 844
39 9 389
39 10 861
39 11 485
39 12 354
39 13 1366
39 14 870
39 15 510
39 16 89
39 17 1594
39 18 298
39 19 428
39 20 1314
39 21 1567
39 22 1595
39 23 1099
39 24 1646
39 25 1551
39 26 424
39 27 1647
39 28 1826
39 29 985
39 30 144
39 31 1778
39 32 937
39 33 96
39 34 1730
39 35 889
39 36 48
39 37 1682
39 38 841
39 39 0
39 40 1730
39 41 889
39 42 48
39 43 1778
39 44 937
39 45 96
39 46 1826
39 47 985
39 48 144
39 49 1874
39 50 1033
39 51 192
39 52 1922
39 53 1081
39 54 240
39 55 1970
39 56 1129
39 57 288
39 58 2018
39 59 1177
39 60 336
39 61 2066
39 62 1225
39 63 384
39 64 1946
40 0 312
40 1 263
40 2 1144
40 3 1269
40 4 1177
40 5 1000
40 6 623
40 7 1511
40 8 1174
40 9 1533
40 10 965
40 11 1629
40 12 1568
40 13 1036
40 14 1052
40 15 1316
40 16 1641
40 17 424
40 18 1624
40 19 1590
40 20 1088
40 21 163
40 22 615
40 23 631
40 24 372
40 25 467
40 26 1594
40 27 563
40 28 192
40 29 1033
40 30 1874
40 31 144
40 32 985
40 33 1826
40 34 96
40 35 937
40 36 1778
40 37 48
40 38 889
40 39 1730
40 40 0
40 41 841
40 42 1682
40 43 48
40 44 889
40 45 1730
40 46 96
40 47 937
40 48 1778
40 49 144
40 50 985
40 51 1826
40 52 192
40 53 1033
40 54 1874
40 55 240
40 56 1081
40 57 1922
40 58 288
40 59 1129
40 60 1970
40 61 336
40 62 1177
40 63 2018
40 64 312
41 0 1153
41 1 770
41 2 303
41 3 428
41 4 336
41 5 159
41 6 506
41 7 670
41 8 333
41 9 692
41 10 124
41 11 788
41 12 727
41 13 477
41 14 211
41 15 475
41 16 800
41 17 801
41 18 783
41 19 749
41 20 425
41 21 774
41 22 706
41 23 306
41 24 853
41 25 662
41 26 753
41 27 758
41 28 1033
41 29 192
41 30 1033
41 31 985
41 32 144
41 33 985
41 34 937
41 35 96
41 36 937
41 37 889
41 38 48
41 39 889
41 40 841
41 41 0
41 42 841
41 43 889
41 44 48
41 45 889
41 46 937
41 47 96
41 48 937
41 49 985
41 50 144
41 51 985
41 52 1033
41 53 192
41 54 1033
41 55 1081
41 56 240
41 57 1081
41 58 1129
41 59 288
41 60 1129
41 61 1177
41 62 336
41 63 1177
41 64 1153
42 0 1994
42 1 1611
42 2 1018
42 3 701
42 4 505
42 5 874
42 6 1347
42 7 267
42 8 892
42 9 341
42 10 813
42 11 437
42 12 402
42 13 1318
42 14 822
42 15 462
42 16 137
42 17 1642
42 18 250
42 19 476
42 20 1266
42 21 1615
42 22 1547
42 23 1147
42 24 1694
42 25 1503
42 26 376
42 27 1599
42 28 1874
42 29 1033
42 30 192
42 31 1826
42 32 985
42 33 144
42 34 1778
42 35 937
42 36 96
42 37 1730
42 38 889
42 39 48
42 40 1682
42 41 841
42 42 0
42 43 1730
42 44 889
42 45 48
42 46 1778
42 47 937
42 48 96
42 49 1826
42 50 985
42 51 144
42 52 1874
42 53 1033
42 54 192
42 55 1922
42 56 1081
42 57 240
42 58 1970
42 59 1129
42 60 288
42 61 2018
42 62 1177
42 63 336
42 64 1994
43 0 360
43 1 311
43 2 1096
43 3 1317
43 4 1225
43 5 952
43 6 671
43 7 1559
43 8 1222
43 9 1485
43 10 917
43 11 1581
43 12 1616
43 13 988
43 14 1004
43 15 1268
43 16 1689
43 17 472
43 18 1576
43 19 1638
43 20 1040
43 21 211
43 22 567
43 23 679
43 24 420
43 25 419
43 26 1546
43 27 515
43 28 240
43 29 1081
43 30 1922
43 31 192
43 32 1033
43 33 1874
43 34 144
43 35 985
43 36 1826
43 37 96
43 38 937
43 39 1778
43 40 48
43 41 889
43 42 1730
43 43 0
43 44 841
43 45 1682
43 46 48
43 47 889
43 48 1730
43 49 96
43 50 937
43 51 1778
43 52 144
43 53 985
43 54 1826
43 55 192
43 56 1033
43 57 1874
43 58 240
43 59 1081
43 60 1922
43 61 288
43 62 1129
43 63 1970
43 64 360
44 0 1201
44 1 818
44 2 255
44 3 476
44 4 384
44 5 111
44 6 554
44 7 718
44 8 381
44 9 644
44 10 76
44 11 740
44 12 775
44 13 429
44 14 163
44 15 427
44 16 848
44 17 849
44 18 735
44 19 797
44 20 377
44 21 822
44 22 658
44 23 354
44 24 901
44 25 614
44 26 705
44 27 710
44 28 1081
44 29 240
44 30 1081
44 31 1033
44 32 192
44 33 1033
44 34 985
44 35 144
44 36 985
44 37 937
44 38 96
44 39 937
44 40 889
44 41 48
44 42 889
44 43 841
44 44 0
44 45 841
44 46 889
44 47 48
44 48 889
44 49 937
44 50 96
44 51 937
44 52 985
44 53 144
44 54 985
44 55 1033
44 56 192
44 57 1033
44 58 1081
44 59 240
44 60 1081
44 61 1129
44 62 288
44 63 1129
44 64 1201
45 0 2042
45 1 1659
45 2 970
45 3 749
45 4 553
45 5 826
45 6 1395
45 7 315
45 8 940
45 9 293
45 10 765
45 11 389
45 12 450
45 13 1270
45 14 774
45 15 414
45 16 185
45 17 1690
45 18 202
45 19 524
45 20 1218
45 21 1663
45 22 1499
45 23 1195
45 24 1742
45 25 1455
45 26 328
45 27 1551
45 28 1922
45 29 1081
45 30 240
45 31 1874
45 32 1033
45 33 192
45 34 1826
45 35 985
45 36 144
45 37 1778
45 38 937
45 39 96
45 40 1730
45 41 889
45 42 48
45 43 1682
45 44 841
45 45 0
45 46 1730
45 47 889
45 48 48
45 49 1778
45 50 937
45 51 96
45 52 1826
45 53 985
45 54 144
45 55 1874
45 56 1033
45 57 192
45 58 1922
45 59 1081
45 60 240
45 61 1970
45 62 1129
45 63 288
45 64 2042
46 0 408
46 1 359
46 2 1048
46 3 1365
46 4 1273
46 5 904
46 6 719
46 7 1607
46 8 1270
46 9 1437
46 10 965
46 11 1533
46 12 1664
46 13 940
46 14 956
46 15 1316
46 16 1737
46 17 520
46 18 1528
46 19 1686
46 20 992
46 21 259
46 22 519
46 23 727
46 24 468
46 25 371
46 26 1498
46 27 467
46 28 288
46 29 1129
46 30 1970
46 31 240
46 32 1081
46 33 1922
46 34 192
46 35 1033
46 36 1874
46 37 144
46 38 985
46 39 1826
46 40 96
46 41 937
46 42 1778
46 43 48
46 44 889
46 45 1730
46 46 0
46 47 841
46 48 1682
46 49 48
46 50 889
46 51 1730
46 52 96
46 53 937
46 54 1778
46 55 144
46 56 985
46 57 1826
46 58 192
46 59 1033
46 60 1874
46 61 240
46 62 1081
46 63 1922
46 64 408
47 0 1249
47 1 866
47 2 207
47 3 524
47 4 432
47 5 63
47 6 602
47 7 766
47 8 429
47 9 596
47 10 124
47 11 692
47 12 823
47 13 381
47 14 115
47 15 475
47 16 896
47 17 897
47 18 687
47 19 845
47 20 329
47 21 870
47 22 610
47 23 402
47 24 949
47 25 566
47 26 657
47 27 662
47 28 1129
47 29 288
47 30 1129
47 31 1081
47 32 240
47 33 1081
47 34 1033
47 35 192
47 36 1033
47 37 985
47 38 144
47 39 985
47 40 937
47 41 96
47 42 937
47 43 889
47 44 48
47 45 889
47 46 841
47 47 0
47 48 841
47 49 889
47 50 48
47 51 889
47 52 937
47 53 96
47 54 937
47 55 985
47 56 144
47 57 985
47 58 1033
47 59 192
47 60 1033
47 61 1081
47 62 240
47 63 1081
47 64 1249
48 0 2090
48 1 1707
48 2 922
48 3 797
48 4 601
48 5 778
48 6 1443
48 7 363
48 8 988
48 9 245
48 10 813
48 11 341
48 12 498
48 13 1222
48 14 726
48 15 462
48 16 233
48 17 1738
48 18 154
48 19 572
48 20 1170
48 21 1711
48 22 1451
48 23 1243
48 24 1790
48 25 1407
48 26 280
48 27 1503
48 28 1970
48 29 1129
48 30 288
48 31 1922
48 32 1081
48 33 240
48 34 1874
48 35 1033
48 36 192
48 37 1826
48 38 985
48 39 144
48 40 1778
48 41 937
48 42 96
48 43 1730
48 44 889
48 45 48
48 46 1682
48 47 841
48 48 0
48 49 1730
48 50 889
48 51 48
48 52 1778
48 53 937
48 54 96
48 55 1826
48 56 985
48 57 144
48 58 1874
48 59 1033
48 60 192
48 61 1922
48 62 1081
48 63 240
48 64 2090
49 0 456
49 1 407
49 2 1000
49 3 1413
49 4 1321
49 5 952
49 6 767
49 7 1655
49 8 1318
49 9 1485
49 10 1013
49 11 1485
49 12 1712
49 13 892
49 14 1004
49 15 1364
49 16 1785
49 17 568
49 18 1576
49 19 1734
49 20 944
49 21 307
49 22 471
49 23 775
49 24 516
49 25 323
49 26 1450
49 27 419
49 28 336
49 29 1177
49 30 2018
49 31 288
49 32 1129
49 33 1970
49 34 240
49 35 1081
49 36 1922
49 37 192
49 38 1033
49 39 1874
49 40 144
49 41 985
49 42 1826
49 43 96
49 44 937
49 45 1778
49 46 48
49 47 889
49 48 1730
49 49 0
49 50 841
49 51 1682
49 52 48
49 53 889
49 54 1730
49 55 96
49 56 937
49 57 1778
49 58 144
49 59 985
49 60 1826
49 61 192
49 62 1033
49 63 1874
49 64 456
50 0 1297
50 1 914
50 2 159
50 3 572
50 4 480
50 5 111
50 6 650
50 7 814
50 8 477
50 9 644
50 10 172
50 11 644
50 12 871
50 13 333
50 14 163
50 15 523
50 16 944
50 17 945
50 18 735
50 19 893
50 20 281
50 21 918
50 22 562
50 23 450
50 24 997
50 25 518
50 26 609
50 27 614
50 28 1177
50 29 336
50 30 1177
50 31 1129
50 32 288
50 33 1129
50 34 1081
50 35 240
50 36 1081
50 37 1033
50 38 192
50 39 1033
50 40 985
50 41 144
50 42 985
50 43 937
50 44 96
50 45 937
50 46 889
50 47 48
50 48 889
50 49 841
50 50 0
50 51 841
50 52 889
50 53 48
50 54 889
50 55 937
50 56 96
50 57 937
50 58 985
50 59 144
50 60 985
50 61 1033
50 62 192
50 63 1033
50 64 1297
51 0 2138
51 1 1755
51 2 874
51 3 845
51 4 649
51 5 826
51 6 1491
51 7 411
51 8 1036
51 9 293
51 10 861
51 11 293
51 12 546
51 13 1174
51 14 774
51 15 510
51 16 281
51 17 1786
51 18 202
51 19 620
51 20 1122
51 21 1759
51 22 1403
51 23 1291
51 24 1838
51 25 1359
51 26 232
51 27 1455
51 28 2018
51 29 1177
51 30 336
51 31 1970
51 32 1129
51 33 288
51 34 1922
51 35 1081
51 36 240
51 37 1874
51 38 1033
51 39 192
51 40 1826
51 41 985
51 42 144
51 43 1778
51 44 937
51 45 96
51 46 1730
51 47 889
51 48 48
51 49 1682
51 50 841
51 51 0
51 52 1730
51 53 889
51 54 48
51 55 1778
51 56 937
51 57 96
51 58 1826
51 59 985
51 60 144
51 61 1874
51 62 1033
51 63 192
51 64 2138
52 0 504
52 1 455
52 2 952
52 3 1461
52 4 1369
52 5 1000
52 6 815
52 7 1703
52 8 1366
52 9 1533
52 10 1061
52 11 1437
52 12 1760
52 13 844
52 14 1052
52 15 1412
52 16 1833
52 17 616
52 18 1624
52 19 1782
52 20 896
52 21 355
52 22 423
52 23 823
52 24 564
52 25 371
52 26 1498
52 27 371
52 28 384
52 29 1225
52 30 2066
52 31 336
52 32 1177
52 33 2018
52 34 288
52 35 1129
52 36 1970
52 37 240
52 38 1081
52 39 1922
52 40 192
52 41 1033
52 42 1874
52 43 144
52 44 985
52 45 1826
52 46 96
52 47 937
52 48 1778
52 49 48
52 50 889
52 51 1730
52 52 0
52 53 841
52 54 1682
52 55 48
52 56 889
52 57 1730
52 58 96
52 59 937
52 60 1778
52 61 144
52 62 985
52 63 1826
52 64 504
53 0 1345
53 1 962
53 2 111
53 3 620
53 4 528
53 5 159
53 6 698
53 7 862
53 8 525
53 9 692
53 10 220
53 11 596
53 12 919
53 13 285
53 14 211
53 15 571
53 16 992
53 17 993
53 18 783
53 19 941
53 20 233
53 21 966
53 22 514
53 23 498
53 24 1045
53 25 566
53 26 657
53 27 566
53 28 1225
53 29 384
53 30 1225
53 31 1177
53 32 336
53 33 1177
53 34 1129
53 35 288
53 36 1129
53 37 1081
53 38 240
53 39 1081
53 40 1033
53 41 192
53 42 1033
53 43 985
53 44 144
53 45 985
53 46 937
53 47 96
53 48 937
53 49 889
53 50 48
53 51 889
53 52 841
53 53 0
53 54 841
53 55 889
53 56 48
53 57 889
53 58 937
53 59 96
53 60 937
53 61 985
53 62 144
53 63 985
53 64 1345
54 0 2186
54 1 1803
54 2 826
54 3 893
54 4 697
54 5 874
54 6 1539
54 7 459
54 8 1084
54 9 341
54 10 909
54 11 245
54 12 594
54 13 1126
54 14 822
54 15 558
54 16 329
54 17 1834
54 18 250
54 19 668
54 20 1074
54 21 1807
54 22 1355
54 23 1339
54 24 1886
54 25 1407
54 26 280
54 27 1407
54 28 2066
54 29 1225
54 30 384
54 31 2018
54 32 1177
54 33 336
54 34 1970
54 35 1129
54 36 288
54 37 1922
54 38 1081
54 39 240
54 40 1874
54 41 1033
54 42 192
54 43 1826
54 44 985
54 45 144
54 46 1778
54 47 937
54 48 96
54 49 1730
54 50 889
54 51 48
54 52 1682
54 53 841
54 54 0
54 55 1730
54 56 889
54 57 48
54 58 1778
54 59 937
54 60 96
54 61 1826
54 62 985
54 63 144
54 64 2186
55 0 552
55 1 503
55 2 904
55 3 1509
55 4 1417
55 5 1048
55 6 863
55 7 1751
55 8 1414
55 9 1581
55 10 1109
55 11 1485
55 12 1808
55 13 796
55 14 1100
55 15 1460
55 16 1881
55 17 664
55 18 1672
55 19 1830
55 20 848
55 21 403
55 22 375
55 23 871
55 24 612
55 25 419
55 26 1546
55 27 323
55 28 432
55 29 1273
55 30 2114
55 31 384
55 32 1225
55 33 2066
55 34 336
55 35 1177
55 36 2018
55 37 288
55 38 1129
55 39 1970
55 40 240
55 41 1081
55 42 1922
55 43 192
55 44 1033
55 45 1874
55 46 144
55 47 985
55 48 1826
55 49 96
55 50 937
55 51 1778
55 52 48
55 53 889
55 54 1730
55 55 0
55 56 841
55 57 1682
55 58 48
55 59 889
55 60 1730
55 61 96
55 62 937
55 63 1778
55 64 552
56 0 1393
56 1 1010
56 2 63
56 3 668
56 4 576
56 5 207
56 6 746
56 7 910
56 8 573
56 9 740
56 10 268
56 11 644
56 12 967
56 13 237
56 14 259
56 15 619
56 16 1040
56 17 1041
56 18 831
56 19 989
56 20 185
56 21 1014
56 22 466
56 23 546
56 24 1093
56 25 614
56 26 705
56 27 518
56 28 1273
56 29 432
56 30 1273
56 31 1225
56 32 384
56 33 1225
56 34 1177
56 35 336
56 36 1177
56 37 1129
56 38 288
56 39 1129
56 40 1081
56 41 240
56 42 1081
56 43 1033
56 44 192
56 45 1033
56 46 985
56 47 144
56 48 985
56 49 937
56 50 96
56 51 937
56 52 889
56 53 48
56 54 889
56 55 841
56 56 0
56 57 841
56 58 889
56 59 48
56 60 889
56 61 937
56 62 96
56 63 937
56 64 1393
57 0 2234
57 1 1851
57 2 778
57 3 941
57 4 745
57 5 922
57 6 1587
57 7 507
57 8 1132
57 9 389
57 10 957
57 11 293
57 12 642
57 13 1078
57 14 870
57 15 606
57 16 377
57 17 1882
57 18 298
57 19 716
57 20 1026
57 21 1855
57 22 1307
57 23 1387
57 24 1934
57 25 1455
57 26 328
57 27 1359
57 28 2114
57 29 1273
57 30 432
57 31 2066
57 32 1225
57 33 384
57 34 2018
57 35 1177
57 36 336
57 37 1970
57 38 1129
57 39 288
57 40 1922
57 41 1081
57 42 240
57 43 1874
57 44 1033
57 45 192
57 46 1826
57 47 985
57 48 144
57 49 1778
57 50 937
57 51 96
57 52 1730
57 53 889
57 54 48
57 55 1682
57 56 841
57 57 0
57 58 1730
57 59 889
57 60 48
57 61 1778
57 62 937
57 63 96
57 64 2234
58 0 600
58 1 551
58 2 952
58 3 1557
58 4 1465
58 5 1096
58 6 911
58 7 1799
58 8 1462
58 9 1629
58 10 1157
58 11 1533
58 12 1856
58 13 748
58 14 1148
58 15 1508
58 16 1929
58 17 712
58 18 1720
58 19 1878
58 20 800
58 21 451
58 22 423
58 23 919
58 24 660
58 25 467
58 26 1594
58 27 371
58 28 480
58 29 1321
58 30 2162
58 31 432
58 32 1273
58 33 2114
58 34 384
58 35 1225
58 36 2066
58 37 336
58 38 1177
58 39 2018
58 40 288
58 41 1129
58 42 1970
58 43 240
58 44 1081
58 45 1922
58 46 192
58 47 1033
58 48 1874
58 49 144
58 50 985
58 51 1826
58 52 96
58 53 937
58 54 1778
58 55 48
58 56 889
58 57 1730
58 58 0
58 59 841
58 60 1682
58 61 48
58 62 889
58 63 1730
58 64 600
59 0 1441
59 1 1058
59 2 111
59 3 716
59 4 624
59 5 255
59 6 794
59 7 958
59 8 621
59 9 788
59 10 316
59 11 692
59 12 1015
59 13 189
59 14 307
59 15 667
59 16 1088
59 17 1089
59 18 879
59 19 1037
59 20 137
59 21 1062
59 22 514
59 23 594
59 24 1141
59 25 662
59 26 753
59 27 566
59 28 1321
59 29 480
59 30 1321
59 31 1273
59 32 432
59 33 1273
59 34 1225
59 35 384
59 36 1225
59 37 1177
59 38 336
59 39 1177
59 40 1129
59 41 288
59 42 1129
59 43 1081
59 44 240
59 45 1081
59 46 1033
59 47 192
59 48 1033
59 49 985
59 50 144
59 51 985
59 52 937
59 53 96
59 54 937
59 55 889
59 56 48
59 57 889
59 58 841
59 59 0
59 60 841
59 61 889
59 62 48
59 63 889
59 64 1441
60 0 2282
60 1 1899
60 2 826
60 3 989
60 4 793
60 5 970
60 6 1635
60 7 555
60 8 1180
60 9 437
60 10 1005
60 11 341
60 12 690
60 13 1030
60 14 918
60 15 654
60 16 425
60 17 1930
60 18 346
60 19 764
60 20 978
60 21 1903
60 22 1355
60 23 1435
60 24 1982
60 25 1503
60 26 376
60 27 1407
60 28 2162
60 29 1321
60 30 480
60 31 2114
60 32 1273
60 33 432
60 34 2066
60 35 1225
60 36 384
60 37 2018
60 38 1177
60 39 336
60 40 1970
60 41 1129
60 42 288
60 43 1922
60 44 1081
60 45 240
60 46 1874
60 47 1033
60 48 192
60 49 1826
60 50 985
60 51 144
60 52 1778
60 53 937
60 54 96
60 55 1730
60 56 889
60 57 48
60 58 1682
60 59 841
60 60 0
60 61 1730
60 62 889
60 63 48
60 64 2282
61 0 648
61 1 599
61 2 1000
61 3 1605
61 4 1513
61 5 1144
61 6 959
61 7 1847
61 8 1510
61 9 1677
61 10 1205
61 11 1581
61 12 1904
61 13 700
61 14 1196
61 15 1556
61 16 1977
61 17 760
61 18 1768
61 19 1926
61 20 752
61 21 499
61 22 471
61 23 967
61 24 708
61 25 515
61 26 1642
61 27 419
61 28 528
61 29 1369
61 30 2210
61 31 480
61 32 1321
61 33 2162
61 34 432
61 35 1273
61 36 2114
61 37 384
61 38 1225
61 39 2066
61 40 336
61 41 1177
61 42 2018
61 43 288
61 44 1129
61 45 1970
61 46 240
61 47 1081
61 48 1922
61 49 192
61 50 1033
61 51 1874
61 52 144
61 53 985
61 54 1826
61 55 96
61 56 937
61 57 1778
61 58 48
61 59 889
61 60 1730
61 61 0
61 62 841
61 63 1682
61 64 648
62 0 1489
62 1 1106
62 2 159
62 3 764
62 4 672
62 5 303
62 6 842
62 7 1006
62 8 669
62 9 836
62 10 364
62 11 740
62 12 1063
62 13 141
62 14 355
62 15 715
62 16 1136
62 17 1137
62 18 927
62 19 1085
62 20 89
62 21 1110
62 22 562
62 23 642
62 24 1189
62 25 710
62 26 801
62 27 614
62 28 1369
62 29 528
62 30 1369
62 31 1321
62 32 480
62 33 1321
62 34 1273
62 35 432
62 36 1273
62 37 1225
62 38 384
62 39 1225
62 40 1177
62 41 336
62 42 1177
62 43 1129
62 44 288
62 45 1129
62 46 1081
62 47 240
62 48 1081
62 49 1033
62 50 192
62 51 1033
62 52 985
62 53 144
62 54 985
62 55 937
62 56 96
62 57 937
62 58 889
62 59 48
62 60 889
62 61 841
62 62 0
62 63 841
62 64 1489
63 0 2330
63 1 1947
63 2 874
63 3 1037
63 4 841
63 5 1018
63 6 1683
63 7 603
63 8 1228
63 9 485
63 10 1053
63 11 389
63 12 738
63 13 982
63 14 966
63 15 702
63 16 473
63 17 1978
63 18 394
63 19 812
63 20 930
63 21 1951
63 22 1403
63 23 1483
63 24 2030
63 25 1551
63 26 424
63 27 1455
63 28 2210
63 29 1369
63 30 528
63 31 2162
63 32 1321
63 33 480
63 34 2114
63 35 1273
63 36 432
63 37 2066
63 38 1225
63 39 384
63 40 2018
63 41 1177
63 42 336
63 43 1970
63 44 1129
63 45 288
63 46 1922
63 47 1081
63 48 240
63 49 1874
63 50 1033
63 51 192
63 52 1826
63 53 985
63 54 144
63 55 1778
63 56 937
63 57 96
63 58 1730
63 59 889
63 60 48
63 61 1682
63 62 841
63 63 0
63 64 2330
64 0 0
64 1 383
64 2 1456
64 3 1293
64 4 1489
64 5 1312
64 6 647
64 7 1727
64 8 1102
64 9 1845
64 10 1277
64 11 1941
64 12 1592
64 13 1348
64 14 1364
64 15 1628
64 16 1857
64 17 352
64 18 1936
64 19 1518
64 20 1400
64 21 379
64 22 927
64 23 847
64 24 300
64 25 779
64 26 1906
64 27 875
64 28 120
64 29 961
64 30 1802
64 31 168
64 32 1009
64 33 1850
64 34 216
64 35 1057
64 36 1898
64 37 264
64 38 1105
64 39 1946
64 40 312
64 41 1153
64 42 1994
64 43 360
64 44 1201
64 45 2042
64 46 408
64 47 1249
64 48 2090
64 49 456
64 50 1297
64 51 2138
64 52 504
64 53 1345
64 54 2186
64 55 552
64 56 1393
64 57 2234
64 58 600
64 59 1441
64 60 2282
64 61 648
64 62 1489
64 63 2330
64 64 0
//Location coordinates LocationName
//Loc x y
0 0.0 0.0 "depot"
1 96.0 287.0 "product aisle 2 bloc 0 rank 21"
2 432.0 1024.0 "product aisle 9 bloc 1 rank 5"
3 48.0 1245.0 "product aisle 1 bloc 1 rank 40"
4 192.0 1297.0 "product aisle 4 bloc 1 rank 48"
5 288.0 1024.0 "product aisle 6 bloc 1 rank 5"
6 48.0 599.0 "product aisle 1 bloc 0 rank 69"
7 144.0 1583.0 "product aisle 3 bloc 1 rank 92"
8 0.0 1102.0 "product aisle 0 bloc 1 rank 17"
9 288.0 1557.0 "product aisle 6 bloc 1 rank 88"
10 240.0 1037.0 "product aisle 5 bloc 1 rank 8"
11 384.0 1557.0 "product aisle 8 bloc 1 rank 88"
12 48.0 1544.0 "product aisle 1 bloc 1 rank 85"
13 528.0 820.0 "product aisle 11 bloc 0 rank 103"
14 288.0 1076.0 "product aisle 6 bloc 1 rank 14"
15 240.0 1388.0 "product aisle 5 bloc 1 rank 62"
16 144.0 1713.0 "product aisle 3 bloc 1 rank 111"
17 0.0 352.0 "product aisle 0 bloc 0 rank 32"
18 288.0 1648.0 "product aisle 6 bloc 1 rank 101"
19 0.0 1518.0 "product aisle 0 bloc 1 rank 81"
20 528.0 872.0 "product aisle 11 bloc 0 rank 112"
21 144.0 235.0 "product aisle 3 bloc 0 rank 14"
22 432.0 495.0 "product aisle 9 bloc 0 rank 53"
23 144.0 703.0 "product aisle 3 bloc 0 rank 86"
24 0.0 300.0 "product aisle 0 bloc 0 rank 24"
25 336.0 443.0 "product aisle 7 bloc 0 rank 45"
26 336.0 1570.0 "product aisle 7 bloc 1 rank 90"
27 432.0 443.0 "product aisle 9 bloc 0 rank 45"
28 24.0 120.0 "intersection aisle 0 bloc 0 rank 0"
29 24.0 961.0 "intersection aisle 0 bloc 1 rank 1"
30 24.0 1802.0 "intersection aisle 0 bloc 2 rank 2"
31 72.0 120.0 "intersection aisle 1 bloc 0 rank 0"
32 72.0 961.0 "intersection aisle 1 bloc 1 rank 1"
33 72.0 1802.0 "intersection aisle 1 bloc 2 rank 2"
34 120.0 120.0 "intersection aisle 2 bloc 0 rank 0"
35 120.0 961.0 "intersection aisle 2 bloc 1 rank 1"
36 120.0 1802.0 "intersection aisle 2 bloc 2 rank 2"
37 168.0 120.0 "intersection aisle 3 bloc 0 rank 0"
38 168.0 961.0 "intersection aisle 3 bloc 1 rank 1"
39 168.0 1802.0 "intersection aisle 3 bloc 2 rank 2"
40 216.0 120.0 "intersection aisle 4 bloc 0 rank 0"
41 216.0 961.0 "intersection aisle 4 bloc 1 rank 1"
42 216.0 1802.0 "intersection aisle 4 bloc 2 rank 2"
43 264.0 120.0 "intersection aisle 5 bloc 0 rank 0"
44 264.0 961.0 "intersection aisle 5 bloc 1 rank 1"
45 264.0 1802.0 "intersection aisle 5 bloc 2 rank 2"
46 312.0 120.0 "intersection aisle 6 bloc 0 rank 0"
47 312.0 961.0 "intersection aisle 6 bloc 1 rank 1"
48 312.0 1802.0 "intersection aisle 6 bloc 2 rank 2"
49 360.0 120.0 "intersection aisle 7 bloc 0 rank 0"
50 360.0 961.0 "intersection aisle 7 bloc 1 rank 1"
51 360.0 1802.0 "intersection aisle 7 bloc 2 rank 2"
52 408.0 120.0 "intersection aisle 8 bloc 0 rank 0"
53 408.0 961.0 "intersection aisle 8 bloc 1 rank 1"
54 408.0 1802.0 "intersection aisle 8 bloc 2 rank 2"
55 456.0 120.0 "intersection aisle 9 bloc 0 rank 0"
56 456.0 961.0 "intersection aisle 9 bloc 1 rank 1"
57 456.0 1802.0 "intersection aisle 9 bloc 2 rank 2"
58 504.0 120.0 "intersection aisle 10 bloc 0 rank 0"
59 504.0 961.0 "intersection aisle 10 bloc 1 rank 1"
60 504.0 1802.0 "intersection aisle 10 bloc 2 rank 2"
61 552.0 120.0 "intersection aisle 11 bloc 0 rank 0"
62 552.0 961.0 "intersection aisle 11 bloc 1 rank 1"
63 552.0 1802.0 "intersection aisle 11 bloc 2 rank 2"
64 0.0 0.0 "depot"
