0	12	100	50	0	50	50	0	0
1	4	16980	24600	1	89	89	21000	24600
2	5	7740	17580	5	52	61	13980	17580
3	6	13740	21900	10	24	65	18300	21900
4	10	17160	24780	16	6	65	21180	24780
5	2	6600	14160	26	60	67	10560	14160
6	2	17220	27540	28	99	1	23940	27540
7	3	6840	15780	30	84	69	12180	15780
8	6	5220	13200	33	54	3	9600	13200
9	1	13500	21900	39	31	8	18300	21900
10	2	13020	23100	40	89	86	19500	23100
11	1	0	8940	42	3	86	5340	8940
12	1	17340	26100	43	13	17	22500	26100
13	2	5880	15180	44	67	45	11580	15180
14	4	13140	21540	46	26	72	17940	21540
15	1	5820	13980	50	97	0	10380	13980
16	1	18120	25620	51	23	10	22020	25620
17	1	0	9180	52	73	3	5580	9180
18	6	15780	26340	53	17	28	22740	26340
19	1	1200	10140	59	12	22	6540	10140
20	2	10920	18780	60	8	51	15180	18780
21	1	6060	13860	62	27	9	10260	13860
22	1	300	8400	63	7	5	4800	8400
23	2	19080	27360	64	7	37	23760	27360
24	2	11280	19980	66	23	27	16380	19980
25	1	0	9840	68	11	80	6240	9840
26	1	13800	21960	69	45	73	18360	21960
27	1	1200	9900	70	48	23	6300	9900
28	5	0	10080	71	17	59	6480	10080
29	2	15540	24960	76	68	67	21360	24960
30	6	2880	11640	78	41	17	8040	11640
31	2	3000	13080	84	15	23	9480	13080
32	4	8280	16860	86	3	81	13260	16860
33	3	5700	12960	90	68	57	9360	12960
34	3	1080	10320	93	53	99	6720	10320
35	4	13140	22560	96	28	80	18960	22560
36	1	2640	10740	100	48	80	7140	10740
37	5	13740	24420	101	78	46	20820	24420
38	1	3780	11160	106	77	76	7560	11160
39	1	5640	15180	107	72	46	11580	15180
40	2	18120	27720	108	73	1	24120	27720
41	2	12300	21540	110	61	71	17940	21540
42	1	10680	18180	112	52	90	14580	18180
43	2	0	8280	113	51	34	4680	8280
44	2	5760	14700	115	59	12	11100	14700
45	4	5820	16560	117	69	2	12960	16560
46	2	3360	13260	121	77	12	9660	13260
47	1	15060	24900	123	41	52	21300	24900
48	3	15360	24600	124	75	31	21000	24600
49	1	6540	14520	127	64	98	10920	14520
50	3	9120	18600	128	45	51	15000	18600
51	1	16740	24840	131	63	88	21240	24840
52	2	10680	19440	132	14	21	15840	19440
53	1	0	8280	134	39	31	4680	8280
54	3	6060	15240	135	79	28	11640	15240
55	4	0	9420	138	65	58	5820	9420
56	1	7320	16080	142	40	41	12480	16080
57	2	3660	11160	143	64	61	7560	11160
58	1	5460	12720	145	93	12	9120	12720
59	3	900	11160	146	19	22	7560	11160
60	1	14940	23040	149	52	61	19440	23040
61	10	10560	18540	150	34	84	14940	18540
62	2	0	7740	160	57	15	4140	7740
63	3	6660	16560	162	25	60	12960	16560
64	4	0	9540	165	53	43	5940	9540
65	4	240	8400	169	33	41	4800	8400
66	1	16200	23820	173	77	51	20220	23820
67	1	780	10860	174	41	6	7260	10860
68	1	16440	24960	175	44	80	21360	24960
69	3	1380	11340	176	12	80	7740	11340
70	2	0	8580	179	87	63	4980	8580
71	3	4200	11820	181	4	52	8220	11820
72	1	4320	12420	184	15	0	8820	12420
73	9	15960	23220	185	80	95	19620	23220
74	1	18300	28800	194	57	1	25200	28800
75	1	11460	19200	195	86	8	15600	19200
76	3	17520	26580	196	61	35	22980	26580
77	3	17520	28200	199	4	15	24600	28200
78	1	15900	25440	202	6	74	21840	25440
79	5	17640	25140	203	48	32	21540	25140
80	1	15840	26160	208	4	43	22560	26160
81	1	13680	20940	209	23	63	17340	20940
82	2	0	7320	210	38	60	3720	7320
83	1	18180	26460	212	8	12	22860	26460
84	8	3540	11280	213	31	5	7680	11280
85	5	11280	20580	221	77	77	16980	20580
86	2	3540	13200	226	78	75	9600	13200
87	3	9060	19140	228	31	21	15540	19140
88	2	20220	27780	231	40	76	24180	27780
89	2	1680	8880	233	46	85	5280	8880
90	4	10380	18000	235	32	10	14400	18000
91	1	4200	12240	239	17	27	8640	12240
92	2	600	10380	240	5	2	6780	10380
93	2	1380	9600	242	98	58	6000	9600
94	2	6840	16680	244	53	29	13080	16680
95	2	900	10800	246	16	70	7200	10800
96	1	5040	15480	248	47	97	11880	15480
97	3	8460	18060	249	62	10	14460	18060
98	1	11700	20700	252	20	26	17100	20700
99	1	13080	23460	253	43	100	19860	23460
100	1	9600	16860	254	19	85	13260	16860
101	1	16500	25440	255	94	68	21840	25440
102	2	4080	12540	256	33	49	8940	12540
103	4	10680	18900	258	18	76	15300	18900
104	6	1740	9660	262	12	4	6060	9660
105	3	6780	17280	268	77	9	13680	17280
106	1	3420	11400	271	14	85	7800	11400
107	1	840	11400	272	2	30	7800	11400
108	2	16620	24540	273	57	71	20940	24540
109	1	16500	25680	275	16	45	22080	25680
110	3	0	7800	276	30	9	4200	7800
111	1	7740	16080	279	65	92	12480	16080
112	2	0	7500	280	54	11	3900	7500
113	3	6840	17220	282	54	90	13620	17220
114	2	3420	11880	285	19	88	8280	11880
115	1	7140	17040	287	52	78	13440	17040
116	5	20280	28380	288	9	49	24780	28380
117	6	5580	13980	293	100	69	10380	13980
118	1	13800	22080	299	34	59	18480	22080
119	2	2040	12420	300	65	41	8820	12420
120	1	17220	27360	302	80	61	23760	27360
121	1	10920	19740	303	69	8	16140	19740
122	1	7680	15240	304	98	61	11640	15240
123	6	9420	17520	305	61	83	13920	17520
124	14	15900	23760	311	40	92	20160	23760
125	1	16200	26340	325	32	73	22740	26340
126	4	11940	22500	326	71	34	18900	22500
127	3	14880	24540	330	61	30	20940	24540
128	1	8220	17400	333	52	34	13800	17400
129	3	10860	18960	334	82	80	15360	18960
130	1	17340	25440	337	32	77	21840	25440
131	4	7920	16200	338	67	70	12600	16200
132	3	3180	11700	342	50	68	8100	11700
133	1	9420	16680	345	9	59	13080	16680
134	5	9780	18420	346	69	71	14820	18420
135	1	2640	10500	351	100	58	6900	10500
136	3	3240	13200	352	46	65	9600	13200
137	1	14820	23760	355	93	92	20160	23760
138	1	4260	12900	356	84	64	9300	12900
139	1	8880	17160	357	41	69	13560	17160
140	4	19080	27960	358	35	55	24360	27960
141	1	5160	15720	362	2	5	12120	15720
142	6	0	7800	363	15	16	4200	7800
143	5	3420	13200	369	93	33	9600	13200
144	1	8460	16920	374	19	52	13320	16920
145	2	21180	28440	375	8	20	24840	28440
146	1	14460	24180	377	61	15	20580	24180
147	1	2340	12720	378	50	18	9120	12720
148	1	13200	24000	379	49	51	20400	24000
149	1	12420	21900	380	16	82	18300	21900
150	1	2100	12600	381	26	42	9000	12600
151	5	4080	14040	382	79	82	10440	14040
152	1	1020	9300	387	67	74	5700	9300
153	1	9540	18600	388	100	35	15000	18600
154	4	5160	13260	389	75	9	9660	13260
155	2	18360	28320	393	19	85	24720	28320
156	1	480	9480	395	71	90	5880	9480
157	1	5400	14460	396	57	67	10860	14460
158	2	0	8580	397	3	57	4980	8580
159	3	8760	17040	399	84	65	13440	17040
160	4	0	7260	402	89	95	3660	7260
161	1	2700	12600	406	71	19	9000	12600
162	1	13980	21720	407	10	13	18120	21720
163	3	19140	28740	408	92	76	25140	28740
164	1	16320	24840	411	63	51	21240	24840
165	4	13020	22500	412	91	50	18900	22500
166	3	2100	9480	416	99	18	5880	9480
167	2	7380	15840	419	88	86	12240	15840
168	1	7200	16080	421	50	87	12480	16080
169	1	6960	16800	422	18	76	13200	16800
170	1	840	8580	423	78	4	4980	8580
171	1	15720	24180	424	97	46	20580	24180
172	1	5580	15240	425	34	70	11640	15240
173	1	4200	11820	426	8	54	8220	11820
174	3	15840	25320	427	79	47	21720	25320
175	2	17820	28080	430	82	7	24480	28080
176	1	0	9540	432	45	32	5940	9540
177	3	420	9660	433	89	47	6060	9660
178	4	13260	22920	436	86	74	19320	22920
179	7	10440	20880	440	9	15	17280	20880
180	1	1260	10920	447	2	58	7320	10920
181	1	3840	14100	448	84	40	10500	14100
182	3	10140	20940	449	83	37	17340	20940
183	1	16920	26460	452	37	58	22860	26460
184	11	0	7500	453	58	43	3900	7500
185	4	1620	9420	464	53	20	5820	9420
186	3	18600	26280	468	0	47	22680	26280
187	1	16740	24960	471	9	80	21360	24960
188	1	420	8820	472	60	7	5220	8820
189	1	13080	22500	473	44	25	18900	22500
190	1	7140	15840	474	90	70	12240	15840
191	2	14460	22680	475	62	54	19080	22680
192	2	16320	24000	477	27	72	20400	24000
193	1	0	9360	479	57	44	5760	9360
194	2	0	7680	480	1	90	4080	7680
195	3	540	8940	482	48	23	5340	8940
196	2	8040	18540	485	33	6	14940	18540
197	1	0	8400	487	23	92	4800	8400
198	2	15840	25140	488	77	27	21540	25140
199	2	2580	11220	490	68	1	7620	11220
200	1	13620	23940	492	6	23	20340	23940
201	2	10560	20040	493	91	39	16440	20040
202	4	14820	23700	495	55	26	20100	23700
203	5	4800	15180	499	13	31	11580	15180
204	1	19560	27960	504	42	52	24360	27960
205	3	7680	17460	505	31	4	13860	17460
206	4	9120	19380	508	86	1	15780	19380
207	1	6900	14880	512	29	16	11280	14880
208	1	0	9300	513	26	66	5700	9300
209	1	4740	13200	514	49	13	9600	13200
210	10	15120	23940	515	68	45	20340	23940
211	7	9240	19620	525	84	3	16020	19620
212	4	540	9900	532	70	67	6300	9900
213	3	6840	17520	536	13	15	13920	17520
214	5	1020	10020	539	84	7	6420	10020
215	1	2520	13080	544	49	34	9480	13080
216	1	14580	22860	545	61	47	19260	22860
217	1	2700	12060	546	94	69	8460	12060
218	1	7020	16500	547	57	20	12900	16500
219	1	6660	16800	548	99	62	13200	16800
220	2	0	9180	549	22	1	5580	9180
221	5	1860	10500	551	14	83	6900	10500
222	2	14880	25500	556	23	1	21900	25500
223	3	13560	22320	558	17	22	18720	22320
224	6	1200	9120	561	87	4	5520	9120
225	1	12660	20160	567	17	23	16560	20160
226	2	18480	28320	568	5	14	24720	28320
227	3	4320	14040	570	18	71	10440	14040
228	3	11700	20040	573	86	55	16440	20040
229	1	600	10560	576	39	82	6960	10560
230	3	18000	27300	577	8	86	23700	27300
231	3	0	9480	580	77	91	5880	9480
232	3	6840	16380	583	45	77	12780	16380
233	1	1080	9960	586	3	12	6360	9960
234	2	5400	14340	587	26	98	10740	14340
235	3	0	9240	589	82	46	5640	9240
236	2	4800	13800	592	98	86	10200	13800
237	1	8940	18780	594	17	16	15180	18780
238	2	10740	18240	595	56	28	14640	18240
239	1	17580	25200	597	86	12	21600	25200
240	1	19140	28560	598	7	19	24960	28560
241	1	9180	19440	599	91	9	15840	19440
242	6	1860	9780	600	30	61	6180	9780
243	2	15480	23460	606	80	63	19860	23460
244	3	4560	13740	608	3	24	10140	13740
245	2	7020	15240	611	62	32	11640	15240
246	2	0	10320	613	58	65	6720	10320
247	1	13980	21900	615	77	23	18300	21900
248	2	120	8040	616	33	14	4440	8040
249	3	10260	20820	618	37	36	17220	20820
250	2	16800	25500	621	82	21	21900	25500
251	3	3900	13500	623	7	77	9900	13500
252	2	15600	25200	626	19	82	21600	25200
253	1	16200	24120	628	40	27	20520	24120
254	2	15840	25560	629	44	24	21960	25560
255	3	13440	20940	631	25	46	17340	20940
256	3	12240	20400	634	38	83	16800	20400
257	1	6900	16860	637	79	73	13260	16860
258	1	4320	14340	638	67	41	10740	14340
259	3	9600	18780	639	30	28	15180	18780
260	1	12780	21960	642	99	70	18360	21960
261	7	18000	27780	643	23	69	24180	27780
262	1	11040	19140	650	45	33	15540	19140
263	4	0	7800	651	3	96	4200	7800
264	3	0	9240	655	51	1	5640	9240
265	1	10740	18000	658	94	74	14400	18000
266	8	13860	21960	659	51	40	18360	21960
267	2	9060	19740	667	47	61	16140	19740
268	3	3660	14220	669	90	5	10620	14220
269	1	17760	25920	672	62	2	22320	25920
270	2	180	10200	673	53	28	6600	10200
271	5	4020	13800	675	51	97	10200	13800
272	2	17880	27120	680	82	8	23520	27120
273	2	3180	11160	682	67	79	7560	11160
274	3	6600	16140	684	43	2	12540	16140
275	1	17400	26400	687	54	31	22800	26400
276	4	720	10980	688	2	27	7380	10980
277	3	13380	22020	692	40	64	18420	22020
278	1	12660	20580	695	84	72	16980	20580
279	4	8760	16740	696	34	91	13140	16740
280	1	8220	15960	700	81	22	12360	15960
281	3	20520	28500	701	48	26	24900	28500
282	3	14220	21720	704	60	95	18120	21720
283	1	0	7440	707	2	21	3840	7440
284	1	19740	28560	708	66	10	24960	28560
285	1	13320	23280	709	41	94	19680	23280
286	1	8040	16320	710	46	65	12720	16320
287	2	18240	27840	711	9	54	24240	27840
288	2	12660	21960	713	99	49	18360	21960
289	5	3600	13740	715	19	61	10140	13740
290	1	9780	19800	720	87	79	16200	19800
291	1	18840	26880	721	66	52	23280	26880
292	3	6120	15120	722	97	73	11520	15120
293	1	2700	10860	725	9	52	7260	10860
294	12	15660	24660	726	93	55	21060	24660
295	4	8760	19440	738	81	5	15840	19440
296	2	15600	24120	742	55	100	20520	24120
297	2	17220	25920	744	53	56	22320	25920
298	1	13500	23280	746	41	19	19680	23280
