0	12	100	100	0	50	50	0	0
1	1	18480	27060	1	76	18	19860	27060
2	2	6300	14220	2	90	92	7020	14220
3	1	12840	22080	4	49	73	14880	22080
4	1	21360	28560	5	96	63	21360	28560
5	2	4260	12900	6	51	91	5700	12900
6	1	5820	14580	8	1	95	7380	14580
7	3	480	8040	9	49	7	840	8040
8	1	18360	25920	12	22	11	18720	25920
9	1	12660	22260	13	94	79	15060	22260
10	5	14460	21780	14	18	86	14580	21780
11	1	8820	16620	19	70	84	9420	16620
12	3	9120	17820	20	19	11	10620	17820
13	1	0	7440	23	9	43	240	7440
14	1	8640	18900	24	49	83	11700	18900
15	4	6780	15660	25	49	16	8460	15660
16	3	5760	16380	29	68	60	9180	16380
17	3	6480	17100	32	72	38	9900	17100
18	1	2760	12660	35	75	90	5460	12660
19	4	1740	10320	36	29	16	3120	10320
20	1	2820	13500	40	15	73	6300	13500
21	7	15660	26280	41	73	89	19080	26280
22	5	6840	15780	48	35	47	8580	15780
23	2	20400	27660	53	6	48	20460	27660
24	1	18480	26280	55	13	63	19080	26280
25	1	13260	23400	56	72	22	16200	23400
26	3	14340	22560	57	26	43	15360	22560
27	3	17460	26880	60	91	43	19680	26880
28	4	15900	25080	63	71	83	17880	25080
29	1	9720	18000	67	68	65	10800	18000
30	1	15300	25380	68	4	93	18180	25380
31	1	20280	27840	69	82	82	20640	27840
32	1	18000	27420	70	17	36	20220	27420
33	1	14580	23100	71	76	4	15900	23100
34	1	1740	9480	72	10	72	2280	9480
35	3	720	8280	73	55	33	1080	8280
36	1	14460	24720	76	82	41	17520	24720
37	1	16680	24780	77	22	7	17580	24780
38	3	16200	26940	78	2	20	19740	26940
39	2	15720	23640	81	55	54	16440	23640
40	1	12060	21600	83	80	68	14400	21600
41	3	1260	10080	84	47	10	2880	10080
42	1	7560	15060	87	99	2	7860	15060
43	4	2700	10260	88	16	63	3060	10260
44	2	7920	16680	92	19	27	9480	16680
45	2	0	8700	94	24	63	1500	8700
46	1	7620	15720	96	40	36	8520	15720
47	1	3840	11520	97	79	62	4320	11520
48	3	13860	24300	98	8	32	17100	24300
49	3	0	7980	101	90	37	780	7980
50	3	5760	13800	104	58	76	6600	13800
51	1	11640	21660	107	31	32	14460	21660
52	7	360	9300	108	89	12	2100	9300
53	7	11760	20520	115	88	3	13320	20520
54	2	20160	28320	122	57	69	21120	28320
55	1	2640	12900	124	52	84	5700	12900
56	3	660	7860	125	74	100	660	7860
57	1	3300	13320	128	20	60	6120	13320
58	10	14700	22260	129	12	60	15060	22260
59	3	1440	11280	139	77	74	4080	11280
60	1	15900	24360	142	97	71	17160	24360
61	3	10800	20220	143	17	37	13020	20220
62	4	17700	25740	146	78	77	18540	25740
63	1	0	8820	150	72	86	1620	8820
64	1	13020	21000	151	80	54	13800	21000
65	5	7260	17340	152	18	49	10140	17340
66	14	5880	16320	157	7	60	9120	16320
67	5	0	9360	171	17	67	2160	9360
68	1	12600	23220	176	9	96	16020	23220
69	2	5040	13200	177	63	23	6000	13200
70	3	7620	17580	179	84	66	10380	17580
71	1	7020	17400	182	5	37	10200	17400
72	1	7740	17520	183	22	99	10320	17520
73	11	19620	28200	184	97	79	21000	28200
74	4	5580	15120	195	71	32	7920	15120
75	14	14700	24060	199	58	49	16860	24060
76	2	4260	12180	213	15	8	4980	12180
77	4	13860	21900	215	91	81	14700	21900
78	1	0	8820	219	66	97	1620	8820
79	1	5880	13080	220	45	21	5880	13080
80	3	2220	11940	221	51	75	4740	11940
81	3	3480	13380	224	67	43	6180	13380
82	3	7860	15240	227	76	94	8040	15240
83	1	1620	9960	230	22	28	2760	9960
84	2	1620	10260	231	91	70	3060	10260
85	2	15780	26040	233	43	4	18840	26040
86	1	3000	12540	235	96	0	5340	12540
87	4	9720	17820	236	77	51	10620	17820
88	1	660	9720	240	32	70	2520	9720
89	2	19020	27480	241	89	64	20280	27480
90	1	0	8100	243	6	45	900	8100
91	2	6120	15960	244	97	98	8760	15960
92	1	10500	18540	246	61	98	11340	18540
93	5	17400	26520	247	95	76	19320	26520
94	2	6840	15120	252	81	90	7920	15120
95	9	240	10320	254	38	79	3120	10320
96	1	0	7680	263	15	33	480	7680
97	3	3720	12120	264	48	10	4920	12120
98	3	8580	18960	267	11	66	11760	18960
99	1	14640	24300	270	11	48	17100	24300
100	4	9540	18960	271	62	76	11760	18960
101	1	420	9660	275	26	76	2460	9660
102	1	12480	21060	276	33	74	13860	21060
103	1	0	8160	277	82	9	960	8160
104	6	13800	21660	278	88	85	14460	21660
105	3	9960	20700	284	7	4	13500	20700
106	1	14460	23040	287	77	45	15840	23040
107	4	10800	21540	288	85	76	14340	21540
108	4	2640	10500	292	2	66	3300	10500
109	4	5580	14580	296	78	97	7380	14580
110	1	6180	16740	300	27	68	9540	16740
111	1	12060	20700	301	42	9	13500	20700
112	1	0	7680	302	47	32	480	7680
113	1	8580	17700	303	75	36	10500	17700
114	2	6180	15660	304	86	78	8460	15660
115	2	6300	14520	306	1	1	7320	14520
116	1	0	7560	308	28	21	360	7560
117	2	6000	15300	309	16	56	8100	15300
118	1	11160	20760	311	64	6	13560	20760
119	4	21420	28680	312	89	29	21480	28680
120	9	13500	23880	316	53	79	16680	23880
121	5	7620	15480	325	66	77	8280	15480
122	1	1020	9900	330	74	91	2700	9900
123	5	7260	17700	331	65	75	10500	17700
124	1	19380	27960	336	83	1	20760	27960
125	1	5340	12780	337	95	7	5580	12780
126	3	8460	18180	338	36	57	10980	18180
127	2	13740	23160	341	0	3	15960	23160
128	3	3240	11340	343	98	41	4140	11340
129	2	0	7740	346	64	93	540	7740
130	1	8400	16320	348	2	48	9120	16320
131	5	9600	19020	349	64	99	11820	19020
132	2	12660	21360	354	73	79	14160	21360
133	1	11640	19080	356	18	53	11880	19080
134	3	540	10980	357	86	32	3780	10980
135	2	13800	22020	360	18	73	14820	22020
136	4	11100	19740	362	68	55	12540	19740
137	4	6840	16320	366	85	54	9120	16320
138	6	0	8100	370	12	62	900	8100
139	3	1260	8640	376	34	30	1440	8640
140	7	19260	27300	379	27	60	20100	27300
141	2	1380	9360	386	2	61	2160	9360
142	1	16080	26760	388	71	0	19560	26760
143	5	15660	23580	389	13	93	16380	23580
144	5	4980	13320	394	100	95	6120	13320
145	1	5280	14940	399	37	48	7740	14940
146	1	7860	15660	400	92	10	8460	15660
147	1	5640	12960	401	21	97	5760	12960
148	1	16200	25860	402	60	89	18660	25860
149	1	6300	16860	403	39	69	9660	16860
150	2	12600	20940	404	24	1	13740	20940
151	3	13020	21420	406	45	44	14220	21420
152	1	11640	22200	409	51	81	15000	22200
153	2	6420	14100	410	86	94	6900	14100
154	9	16860	24300	412	36	46	17100	24300
155	4	10620	18840	421	43	14	11640	18840
156	4	2760	12300	425	35	65	5100	12300
157	2	1140	9000	429	58	5	1800	9000
158	1	15780	25920	431	19	56	18720	25920
159	1	4980	14220	432	29	49	7020	14220
160	4	6840	14100	433	59	94	6900	14100
161	5	9360	17400	437	16	55	10200	17400
162	3	20580	28500	442	12	13	21300	28500
163	5	15420	24600	445	51	90	17400	24600
164	6	15180	23520	450	28	54	16320	23520
165	1	8100	17520	456	90	94	10320	17520
166	5	11880	21660	457	31	80	14460	21660
167	2	8400	16500	462	95	84	9300	16500
168	1	9240	16740	464	1	90	9540	16740
169	1	19980	27240	465	93	49	20040	27240
170	2	1680	12000	466	18	53	4800	12000
171	2	6420	14340	468	95	44	7140	14340
172	1	4620	13680	470	87	2	6480	13680
173	2	2820	10980	471	28	74	3780	10980
174	3	16800	25020	473	99	96	17820	25020
175	1	7980	17940	476	53	86	10740	17940
176	2	19920	27300	477	62	6	20100	27300
177	1	12180	21420	479	27	61	14220	21420
178	1	8040	16740	480	50	23	9540	16740
179	2	0	10320	481	83	15	3120	10320
180	3	3420	12900	483	96	46	5700	12900
181	3	9600	18360	486	88	8	11160	18360
182	3	1860	9060	489	88	49	1860	9060
183	1	12780	21180	492	51	75	13980	21180
184	1	1200	10140	493	92	81	2940	10140
185	1	0	7560	494	34	59	360	7560
186	5	12480	20460	495	60	5	13260	20460
187	1	480	9600	500	46	75	2400	9600
188	3	240	8040	501	39	26	840	8040
189	1	18600	28140	504	76	95	20940	28140
190	1	10680	19320	505	54	12	12120	19320
191	1	17520	28080	506	43	58	20880	28080
192	2	15060	25860	507	73	62	18660	25860
193	1	15960	23400	509	99	2	16200	23400
194	1	2100	11040	510	20	20	3840	11040
195	5	1440	12180	511	99	45	4980	12180
196	10	12000	21720	516	59	0	14520	21720
197	4	15240	23100	526	49	84	15900	23100
198	2	10560	17820	530	4	6	10620	17820
199	1	14460	22380	532	46	43	15180	22380
200	1	0	9660	533	78	19	2460	9660
201	1	5580	14940	534	40	56	7740	14940
202	10	14580	24060	535	89	40	16860	24060
203	1	15600	22860	545	5	4	15660	22860
204	1	15900	25260	546	26	54	18060	25260
205	1	18060	26460	547	73	86	19260	26460
206	3	11280	20100	548	59	8	12900	20100
207	2	15720	23520	551	8	57	16320	23520
208	1	18000	27840	553	35	59	20640	27840
209	3	17760	25860	554	66	5	18660	25860
210	4	5460	13800	557	66	1	6600	13800
211	4	9600	20280	561	36	100	13080	20280
212	4	2040	12180	565	94	17	4980	12180
213	1	5340	16080	569	94	85	8880	16080
214	3	17460	24840	570	17	64	17640	24840
215	3	15960	23880	573	66	51	16680	23880
216	2	14040	22920	576	90	34	15720	22920
217	1	1800	10320	578	45	64	3120	10320
218	3	18480	25920	579	63	13	18720	25920
219	1	9120	19140	582	36	67	11940	19140
220	1	600	10080	583	64	71	2880	10080
221	1	1440	9240	584	91	53	2040	9240
222	1	9420	16980	585	15	4	9780	16980
223	1	17160	27300	586	12	19	20100	27300
224	3	16920	25800	587	69	60	18600	25800
225	1	0	7920	590	63	90	720	7920
226	4	18180	27420	591	59	77	20220	27420
227	2	5520	13080	595	83	36	5880	13080
228	8	7740	15240	597	51	65	8040	15240
229	4	840	11400	605	47	63	4200	11400
230	3	1020	10320	609	92	51	3120	10320
231	1	12900	21300	612	52	5	14100	21300
232	7	5760	13560	613	39	22	6360	13560
233	3	13500	23580	620	87	96	16380	23580
234	3	6000	16200	623	67	93	9000	16200
235	2	0	9360	626	53	43	2160	9360
236	3	10620	18300	628	43	27	11100	18300
237	2	3240	12840	631	5	96	5640	12840
238	2	11280	21420	633	51	36	14220	21420
239	3	12480	21120	635	72	20	13920	21120
240	1	4740	13860	638	73	94	6660	13860
241	1	13800	22680	639	29	64	15480	22680
242	1	9900	18960	640	96	75	11760	18960
243	3	4800	12900	641	82	50	5700	12900
244	3	13140	22260	644	63	76	15060	22260
245	2	0	8280	647	35	62	1080	8280
246	9	8100	15780	649	23	11	8580	15780
247	1	12840	22200	658	97	50	15000	22200
248	3	60	10260	659	11	45	3060	10260
249	3	6720	16380	662	6	55	9180	16380
250	3	18060	27240	665	14	65	20040	27240
251	1	0	10440	668	27	50	3240	10440
252	8	14280	24000	669	33	37	16800	24000
253	5	4320	13980	677	94	4	6780	13980
254	1	10020	17460	682	26	57	10260	17460
255	4	3600	10920	683	57	75	3720	10920
256	3	11400	21900	687	24	56	14700	21900
257	7	4620	14880	690	5	26	7680	14880
258	2	5460	14940	697	7	41	7740	14940
259	3	2940	13380	699	30	83	6180	13380
260	5	5340	14760	702	37	48	7560	14760
261	2	0	8340	707	88	17	1140	8340
262	1	1020	9300	709	31	3	2100	9300
263	3	0	8820	710	47	73	1620	8820
264	4	16380	26580	713	74	30	19380	26580
265	1	7980	17700	717	44	37	10500	17700
266	1	9480	19140	718	46	31	11940	19140
267	1	16500	24420	719	79	47	17220	24420
268	1	2460	11160	720	83	81	3960	11160
269	1	8940	17100	721	39	56	9900	17100
270	1	7560	15120	722	25	34	7920	15120
271	1	5160	13500	723	90	41	6300	13500
272	1	13020	22680	724	77	5	15480	22680
273	2	16140	24120	725	37	67	16920	24120
274	1	15420	24120	727	46	31	16920	24120
275	3	17940	25200	728	73	13	18000	25200
276	2	11280	21600	731	62	46	14400	21600
277	3	19800	28260	733	41	52	21060	28260
278	3	8160	16080	736	68	3	8880	16080
279	3	8040	17100	739	0	1	9900	17100
280	7	14700	24000	742	70	69	16800	24000
281	5	0	7740	749	50	26	540	7740
282	1	0	8040	754	31	8	840	8040
283	1	10500	21060	755	83	34	13860	21060
284	3	10800	20280	756	17	8	13080	20280
285	12	9300	18600	759	26	23	11400	18600
286	1	1320	9300	771	62	49	2100	9300
287	3	17520	26400	772	46	15	19200	26400
288	3	17160	25560	775	66	68	18360	25560
289	1	14700	25200	778	72	66	18000	25200
290	1	7860	15840	779	96	20	8640	15840
291	1	5940	15120	780	14	60	7920	15120
292	1	600	10740	781	2	98	3540	10740
293	2	12960	23520	782	28	84	16320	23520
294	1	6480	16320	784	10	2	9120	16320
295	1	7320	15600	785	11	0	8400	15600
296	4	1620	8880	786	22	21	1680	8880
297	1	17340	27360	790	73	98	20160	27360
298	2	7440	16200	791	68	27	9000	16200
299	4	11100	19140	793	69	51	11940	19140
300	1	11400	19020	797	41	28	11820	19020
301	1	18540	27120	798	43	65	19920	27120
302	3	18960	28380	799	80	2	21180	28380
