0	12	100	50	0	50	50	0	0
1	1	13380	24240	1	66	48	17040	24240
2	4	15480	26700	2	52	66	19500	26700
3	1	6300	19380	6	69	13	12180	19380
4	8	0	9420	7	18	53	2220	9420
5	1	0	8220	15	53	31	1020	8220
6	3	0	12120	16	33	66	4920	12120
7	4	7680	20340	19	67	58	13140	20340
8	2	360	11340	23	85	8	4140	11340
9	1	11340	22680	25	47	82	15480	22680
10	3	7200	21120	26	52	78	13920	21120
11	4	4860	18000	29	61	79	10800	18000
12	1	0	8040	33	39	16	840	8040
13	6	0	8160	34	63	86	960	8160
14	2	6960	20280	40	69	95	13080	20280
15	2	12660	26160	42	58	92	18960	26160
16	5	660	14880	44	24	64	7680	14880
17	1	15420	28620	49	62	4	21420	28620
18	2	0	10860	50	70	39	3660	10860
19	1	0	8280	52	47	79	1080	8280
20	3	3180	16860	53	51	67	9660	16860
21	2	10680	23820	56	75	95	16620	23820
22	4	9780	24060	58	14	28	16860	24060
23	2	11220	23340	62	82	40	16140	23340
24	2	10380	21660	64	34	26	14460	21660
25	3	3900	15120	66	46	96	7920	15120
26	1	11880	24840	69	87	17	17640	24840
27	3	0	8460	70	78	4	1260	8460
28	2	13440	24420	73	64	41	17220	24420
29	2	0	10140	75	81	68	2940	10140
30	2	3840	14880	77	67	91	7680	14880
31	3	13740	27540	79	18	8	20340	27540
32	4	0	9060	82	72	90	1860	9060
33	1	0	8280	86	16	1	1080	8280
34	1	0	11220	87	6	24	4020	11220
35	3	0	10140	88	75	31	2940	10140
36	3	0	11160	91	23	72	3960	11160
37	2	11220	22980	94	88	83	15780	22980
38	8	5580	16680	96	24	7	9480	16680
39	12	12540	24660	104	45	97	17460	24660
40	2	8400	21120	116	10	5	13920	21120
41	5	10560	24660	118	31	33	17460	24660
42	5	12660	27000	123	10	26	19800	27000
43	2	12780	24420	128	91	39	17220	24420
44	4	0	12960	130	69	1	5760	12960
45	1	9960	23340	134	73	95	16140	23340
46	2	6420	17700	135	45	13	10500	17700
47	2	11280	24060	137	6	18	16860	24060
48	8	16860	27840	139	99	84	20640	27840
49	7	9660	22260	147	53	93	15060	22260
50	2	7380	19920	154	26	56	12720	19920
51	1	480	11940	156	77	20	4740	11940
52	1	1440	14400	157	3	91	7200	14400
53	1	4260	18120	158	50	52	10920	18120
54	6	60	13020	159	14	70	5820	13020
55	4	5280	16680	165	73	99	9480	16680
56	1	0	8460	169	31	18	1260	8460
57	1	1140	14580	170	15	78	7380	14580
58	5	3300	15240	171	87	31	8040	15240
59	1	6360	20700	176	39	93	13500	20700
60	2	11160	24360	177	47	40	17160	24360
61	5	0	10560	179	32	6	3360	10560
62	3	4980	17880	184	5	76	10680	17880
63	1	5700	16980	187	4	1	9780	16980
64	1	0	7440	188	100	87	240	7440
65	1	0	13860	189	76	99	6660	13860
66	9	2640	15600	190	95	59	8400	15600
67	1	8880	19800	199	5	16	12600	19800
68	1	7080	18000	200	10	89	10800	18000
69	1	12540	26700	201	93	25	19500	26700
70	1	11100	23700	202	40	78	16500	23700
71	1	13320	24780	203	13	29	17580	24780
72	1	15060	26340	204	67	75	19140	26340
73	1	11340	22920	205	89	85	15720	22920
74	1	9240	23580	206	85	54	16380	23580
75	1	14280	26040	207	86	94	18840	26040
76	1	7740	20820	208	45	41	13620	20820
77	1	0	9300	209	31	8	2100	9300
78	2	0	11400	210	55	84	4200	11400
79	1	4380	16740	212	24	48	9540	16740
80	1	720	13260	213	22	80	6060	13260
81	1	4080	17520	214	63	5	10320	17520
82	4	0	7320	215	85	48	120	7320
83	6	10800	24840	219	39	1	17640	24840
84	1	1500	12840	225	18	69	5640	12840
85	1	0	13680	226	30	92	6480	13680
86	1	2820	15600	227	61	79	8400	15600
87	1	4980	17220	228	41	89	10020	17220
88	1	15180	27960	229	44	28	20760	27960
89	1	7020	19080	230	22	71	11880	19080
90	2	4140	16680	231	78	3	9480	16680
91	1	14280	27300	233	29	83	20100	27300
92	3	15060	28200	234	64	30	21000	28200
93	3	7080	20820	237	22	72	13620	20820
94	3	16380	27300	240	5	33	20100	27300
95	1	7800	19980	243	4	68	12780	19980
96	4	12600	26640	244	67	85	19440	26640
97	2	8460	21960	248	73	60	14760	21960
98	3	0	12600	250	67	27	5400	12600
99	3	0	13980	253	89	76	6780	13980
100	4	9060	23160	256	55	77	15960	23160
101	2	14280	27600	260	52	7	20400	27600
102	2	1260	15420	262	37	16	8220	15420
103	2	15240	27060	264	59	94	19860	27060
104	4	17340	28500	266	39	70	21300	28500
105	2	720	12480	270	62	20	5280	12480
106	3	2580	16800	272	38	81	9600	16800
107	1	11040	22860	275	88	17	15660	22860
108	2	0	12180	276	57	72	4980	12180
109	2	0	12240	278	35	36	5040	12240
110	3	10020	23880	280	67	8	16680	23880
111	3	0	9300	283	12	84	2100	9300
112	1	2220	16380	286	88	66	9180	16380
113	3	3720	16260	287	42	82	9060	16260
114	3	15960	27360	290	19	94	20160	27360
115	2	1320	13080	293	90	56	5880	13080
116	2	6360	19500	295	99	98	12300	19500
117	8	7800	20760	297	25	90	13560	20760
118	2	10200	23520	305	33	18	16320	23520
119	5	2760	14580	307	98	74	7380	14580
120	2	0	7800	312	83	34	600	7800
121	11	14940	28500	314	33	79	21300	28500
122	3	11640	23160	325	45	78	15960	23160
123	5	10980	23160	328	16	69	15960	23160
124	1	0	11220	333	29	73	4020	11220
125	1	16980	28380	334	75	3	21180	28380
126	9	12660	26220	335	58	87	19020	26220
127	6	0	8460	344	42	35	1260	8460
128	4	8400	21480	350	93	26	14280	21480
129	1	12120	23280	354	85	52	16080	23280
130	1	1560	14700	355	20	35	7500	14700
131	7	5400	18900	356	8	71	11700	18900
132	3	13980	25080	363	83	58	17880	25080
133	1	0	9600	366	98	27	2400	9600
134	2	15660	28680	367	17	8	21480	28680
135	1	0	9780	369	18	79	2580	9780
136	2	10560	24480	370	58	94	17280	24480
137	1	5340	19260	372	40	65	12060	19260
138	4	0	10800	373	79	76	3600	10800
139	1	660	13500	377	91	27	6300	13500
140	2	9960	21840	378	41	78	14640	21840
141	1	8400	21180	380	30	41	13980	21180
142	1	11700	24000	381	97	36	16800	24000
143	3	9540	23340	382	17	77	16140	23340
144	4	0	11640	385	42	8	4440	11640
145	3	0	7440	389	94	18	240	7440
146	1	10980	23160	392	52	27	15960	23160
147	2	0	9960	393	35	67	2760	9960
148	7	3660	15240	395	94	25	8040	15240
149	5	8280	22320	402	94	69	15120	22320
150	1	13740	26040	407	60	99	18840	26040
151	1	16500	28140	408	6	69	20940	28140
152	2	15780	27720	409	3	64	20520	27720
153	2	0	9360	411	63	58	2160	9360
154	2	0	11340	413	25	48	4140	11340
155	4	0	9180	415	19	96	1980	9180
156	5	5040	18600	419	5	76	11400	18600
157	1	9000	22800	424	62	85	15600	22800
158	2	14820	27060	425	6	13	19860	27060
159	4	12600	26220	427	91	79	19020	26220
160	1	12300	25560	431	49	99	18360	25560
161	9	4740	18600	432	40	93	11400	18600
162	4	0	8520	441	1	39	1320	8520
163	1	0	13140	445	92	7	5940	13140
164	1	13800	24840	446	72	5	17640	24840
165	1	11640	23760	447	16	33	16560	23760
166	1	8820	21060	448	36	94	13860	21060
167	3	3240	15300	449	79	24	8100	15300
168	1	240	12840	452	6	0	5640	12840
169	2	0	9840	453	62	3	2640	9840
170	1	0	10500	455	69	58	3300	10500
171	7	0	12720	456	36	95	5520	12720
172	2	6180	18960	463	87	94	11760	18960
173	7	2040	14460	465	12	34	7260	14460
174	1	0	13680	472	11	68	6480	13680
175	6	13920	28260	473	41	29	21060	28260
176	5	1560	14340	479	79	23	7140	14340
177	5	12900	27000	484	71	54	19800	27000
178	2	1260	13860	489	56	29	6660	13860
179	2	13680	26940	491	29	68	19740	26940
180	2	1980	13680	493	7	46	6480	13680
181	2	14280	27180	495	44	2	19980	27180
182	1	0	9600	497	21	86	2400	9600
183	8	9840	23640	498	78	38	16440	23640
184	1	0	10800	506	11	97	3600	10800
185	1	7560	18540	507	76	11	11340	18540
186	1	3180	15000	508	2	58	7800	15000
187	1	0	8220	509	6	60	1020	8220
188	2	0	10800	510	6	100	3600	10800
189	1	5820	16740	512	2	54	9540	16740
190	1	9960	22800	513	41	37	15600	22800
191	8	5820	18540	514	77	27	11340	18540
192	2	13200	24600	522	52	46	17400	24600
193	1	15240	26100	524	15	48	18900	26100
194	2	5340	17340	525	9	46	10140	17340
195	2	1800	13500	527	23	43	6300	13500
196	6	0	7500	529	46	38	300	7500
197	1	0	7620	535	39	24	420	7620
198	1	12180	24180	536	97	60	16980	24180
199	1	14460	27660	537	77	19	20460	27660
200	1	4020	17340	538	15	92	10140	17340
201	1	11280	22260	539	20	61	15060	22260
202	2	11040	24000	540	17	95	16800	24000
203	2	10320	21300	542	19	41	14100	21300
204	3	0	13980	544	34	3	6780	13980
205	2	600	14040	547	29	76	6840	14040
206	1	8460	21960	549	27	53	14760	21960
207	1	4980	16740	550	33	92	9540	16740
208	1	14580	27300	551	42	75	20100	27300
209	5	8760	20640	552	76	83	13440	20640
210	2	0	11160	557	55	30	3960	11160
211	3	6300	20580	559	79	41	13380	20580
212	1	0	8820	562	87	9	1620	8820
213	2	2940	16620	563	36	14	9420	16620
214	7	2520	15060	565	45	90	7860	15060
215	4	7320	19860	572	75	94	12660	19860
216	6	0	7320	576	67	61	120	7320
217	2	13740	26940	582	88	95	19740	26940
218	2	0	12360	584	11	3	5160	12360
219	1	13560	27660	586	95	6	20460	27660
220	2	15000	26520	587	95	54	19320	26520
221	1	4740	17040	589	69	96	9840	17040
222	2	540	13980	590	4	34	6780	13980
223	1	0	11940	592	74	56	4740	11940
224	1	0	11100	593	74	57	3900	11100
225	4	11880	25020	594	38	36	17820	25020
226	1	360	11280	598	92	11	4080	11280
227	5	0	7920	599	30	87	720	7920
228	4	0	10320	604	82	30	3120	10320
229	2	9480	20340	608	51	50	13140	20340
230	5	6660	20940	610	54	44	13740	20940
231	3	0	9660	615	0	3	2460	9660
232	1	1980	14880	618	68	22	7680	14880
233	5	7020	19680	619	52	21	12480	19680
234	1	0	9780	624	84	7	2580	9780
235	2	16080	27240	625	81	36	20040	27240
236	2	0	13260	627	68	41	6060	13260
237	1	0	8760	629	76	78	1560	8760
238	12	1260	13020	630	10	92	5820	13020
239	4	180	14100	642	91	68	6900	14100
240	2	9660	22680	646	28	81	15480	22680
241	1	15840	28200	648	61	48	21000	28200
242	1	0	12060	649	20	11	4860	12060
243	2	15180	28380	650	39	20	21180	28380
244	1	1200	13320	652	35	11	6120	13320
245	3	3000	15480	653	77	77	8280	15480
246	2	2580	14460	656	11	76	7260	14460
247	3	0	9540	658	9	3	2340	9540
248	4	11880	22920	661	75	34	15720	22920
249	6	6960	20340	665	63	13	13140	20340
250	2	1020	12000	671	39	25	4800	12000
251	1	0	9120	673	54	30	1920	9120
252	3	0	11520	674	85	97	4320	11520
253	2	6240	17760	677	83	48	10560	17760
254	3	5880	20040	679	86	28	12840	20040
255	2	7620	18900	682	6	92	11700	18900
256	1	0	12840	684	35	74	5640	12840
257	5	11160	23400	685	86	25	16200	23400
258	1	12000	26100	690	46	42	18900	26100
259	3	8760	19980	691	95	97	12780	19980
260	3	13020	25380	694	6	4	18180	25380
261	2	3120	15900	697	85	7	8700	15900
262	6	0	7980	699	11	33	780	7980
263	2	9720	21900	705	85	65	14700	21900
264	2	13800	25200	707	97	95	18000	25200
265	6	11340	24600	709	49	12	17400	24600
266	4	8820	21180	715	81	63	13980	21180
267	1	12060	24180	719	16	1	16980	24180
268	1	3240	17220	720	30	93	10020	17220
269	2	2040	16140	721	99	1	8940	16140
270	2	900	13020	723	77	35	5820	13020
271	1	0	13200	725	66	9	6000	13200
272	3	900	14760	726	80	6	7560	14760
273	3	10200	22200	729	29	40	15000	22200
274	7	12600	26220	732	76	6	19020	26220
275	4	0	8460	739	16	88	1260	8460
276	4	11880	25740	743	4	99	18540	25740
277	1	0	8700	747	26	16	1500	8700
278	4	0	8460	748	49	54	1260	8460
279	3	10560	22320	752	42	78	15120	22320
280	5	6060	18060	755	94	45	10860	18060
281	1	11700	24960	760	17	21	17760	24960
282	13	1080	15360	761	20	19	8160	15360
283	11	2040	15000	774	1	78	7800	15000
284	1	0	10260	785	41	41	3060	10260
