1	1	10	6	0	1086
2	2	12	20	0	1340
2	3	14	115	0	1675
2	4	23	57	0	2697
3	5	12	18	0	1338
3	6	2	7	0	127
3	7	20	3	0	2283
4	8	18	9	0	2049
5	9	8	26	0	866
6	10	22	54	0	2574
6	11	5	15	0	495
7	12	14	20	0	1580
8	13	6	15	0	615
8	14	10	44	0	1124
9	15	11	17	0	1217
10	16	20	18	0	2298
11	17	12	114	0	1434
12	18	3	3	0	243
12	19	22	17	0	2537
13	20	6	56	0	656
14	21	10	119	0	1199
15	22	17	1	0	1921
16	23	24	17	0	2777
16	24	24	2	0	2762
17	25	13	11	0	1451
17	26	5	17	0	497
17	27	8	85	0	925
17	28	13	14	0	1454
17	29	6	3	0	603
17	30	23	41	0	2681
17	31	15	20	0	1700
18	32	7	8	0	728
18	33	15	15	0	1695
18	34	9	55	0	1015
18	35	6	43	0	643
19	36	2	7	0	127
19	37	21	110	0	2510
19	38	5	7	0	487
19	39	2	94	0	214
19	40	15	49	0	1729
19	41	22	15	0	2535
19	42	16	31	0	1831
19	43	23	11	0	2651
19	44	14	11	0	1571
19	45	14	90	0	1650
19	46	12	1	0	1321
19	47	18	7	0	2047
20	48	18	14	0	2054
20	49	6	11	0	611
20	50	1	44	0	44
20	51	12	32	0	1352
21	52	11	53	0	1253
21	53	21	24	0	2424
21	54	3	99	0	339
21	55	1	47	0	47
21	56	19	5	0	2165
22	57	19	3	0	2163
23	58	5	26	0	506
24	59	24	7	0	2767
25	60	5	117	0	597
26	61	19	58	0	2218
26	62	20	18	0	2298
27	63	22	16	0	2536
27	64	7	17	0	737
28	65	1	73	0	73
28	66	21	17	0	2417
28	67	7	8	0	728
28	68	9	28	0	988
29	69	10	15	0	1095
30	70	17	46	0	1966
30	71	9	22	0	982
31	72	4	12	0	372
31	73	18	3	0	2043
31	74	3	12	0	252
31	75	11	7	0	1207
31	76	2	102	0	222
31	77	10	41	0	1121
32	78	7	38	0	758
32	79	8	14	0	854
32	80	19	95	0	2255
33	81	1	26	0	26
34	82	21	11	0	2411
34	83	20	9	0	2289
35	84	10	8	0	1088
35	85	16	3	0	1803
35	86	21	3	0	2403
35	87	8	3	0	843
36	88	11	33	0	1233
37	89	20	109	0	2389
37	90	3	14	0	254
38	91	16	8	0	1808
38	92	23	6	0	2646
38	93	6	5	0	605
38	94	18	39	0	2079
39	95	13	3	0	1443
39	96	12	5	0	1325
39	97	21	4	0	2404
40	98	3	2	0	242
40	99	6	14	0	614
41	100	13	18	0	1458
42	101	3	4	0	244
42	102	18	8	0	2048
43	103	23	30	0	2670
44	104	2	33	0	153
45	105	15	11	0	1691
45	106	15	2	0	1682
46	107	5	62	0	542
47	108	3	13	0	253
47	109	11	4	0	1204
47	110	23	13	0	2653
48	111	13	24	0	1464
49	112	16	3	0	1803
49	113	16	56	0	1856
49	114	8	43	0	883
49	115	14	18	0	1578
49	116	15	10	0	1690
49	117	15	40	0	1720
50	118	6	69	0	669
50	119	10	9	0	1089
50	120	19	36	0	2196
50	121	12	110	0	1430
51	122	13	11	0	1451
51	123	9	32	0	992
51	124	4	16	0	376
52	125	15	107	0	1787
52	126	9	28	0	988
52	127	18	8	0	2048
52	128	4	35	0	395
52	129	9	10	0	970
53	130	14	13	0	1573
53	131	24	41	0	2801
53	132	1	110	0	110
54	133	13	10	0	1450
54	134	16	55	0	1855
54	135	21	53	0	2453
55	136	8	16	0	856
56	137	12	40	0	1360
56	138	21	48	0	2448
56	139	23	24	0	2664
56	140	10	7	0	1087
57	141	24	48	0	2808
57	142	14	43	0	1603
57	143	10	19	0	1099
58	144	4	34	0	394
58	145	20	4	0	2284
59	146	17	19	0	1939
59	147	18	18	0	2058
59	148	9	1	0	961
59	149	23	10	0	2650
59	150	9	45	0	1005
59	151	19	14	0	2174
59	152	22	19	0	2539
59	153	17	17	0	1937
59	154	8	41	0	881
59	155	14	5	0	1565
59	156	20	6	0	2286
60	157	12	69	0	1389
61	158	3	1	0	241
62	159	11	107	0	1307
62	160	17	9	0	1929
62	161	21	3	0	2403
63	162	4	119	0	479
64	163	14	31	0	1591
65	164	24	6	0	2766
65	165	18	17	0	2057
66	166	12	11	0	1331
66	167	22	39	0	2559
66	168	24	2	0	2762
66	169	5	15	0	495
66	170	16	8	0	1808
66	171	20	8	0	2288
66	172	18	57	0	2097
67	173	24	61	0	2821
67	174	21	17	0	2417
67	175	19	6	0	2166
67	176	24	35	0	2795
68	177	15	40	0	1720
69	178	12	11	0	1331
69	179	20	13	0	2293
70	180	8	44	0	884
70	181	17	7	0	1927
70	182	20	12	0	2292
71	183	1	17	0	17
71	184	21	35	0	2435
71	185	18	54	0	2094
71	186	18	20	0	2060
72	187	8	104	0	944
72	188	8	59	0	899
72	189	17	37	0	1957
72	190	14	10	0	1570
73	191	8	46	0	886
73	192	18	13	0	2053
73	193	6	3	0	603
73	194	24	8	0	2768
73	195	11	66	0	1266
73	196	16	7	0	1807
73	197	22	5	0	2525
74	198	19	98	0	2258
74	199	21	30	0	2430
75	200	2	52	0	172
75	201	20	11	0	2291
75	202	12	19	0	1339
75	203	13	60	0	1500
75	204	17	11	0	1931
75	205	10	28	0	1108
76	206	6	10	0	610
77	207	15	4	0	1684
78	208	4	25	0	385
78	209	23	16	0	2656
78	210	14	91	0	1651
79	211	1	56	0	56
80	212	24	17	0	2777
80	213	17	2	0	1922
81	214	4	15	0	375
82	215	7	120	0	840
83	216	15	11	0	1691
84	217	21	52	0	2452
85	218	20	12	0	2292
85	219	22	28	0	2548
85	220	10	47	0	1127
85	221	17	13	0	1933
85	222	15	7	0	1687
86	223	7	16	0	736
86	224	4	20	0	380
87	225	13	6	0	1446
88	226	24	26	0	2786
88	227	18	16	0	2056
88	228	6	9	0	609
89	229	9	112	0	1072
90	230	5	37	0	517
91	231	23	43	0	2683
92	232	3	4	0	244
92	233	21	8	0	2408
93	234	1	69	0	69
93	235	9	60	0	1020
94	236	16	16	0	1816
94	237	20	18	0	2298
94	238	15	16	0	1696
94	239	15	4	0	1684
95	240	11	117	0	1317
95	241	20	59	0	2339
95	242	13	10	0	1450
95	243	3	86	0	326
95	244	18	46	0	2086
95	245	7	9	0	729
96	246	11	2	0	1202
96	247	2	16	0	136
96	248	15	3	0	1683
96	249	2	7	0	127
96	250	22	93	0	2613
97	251	19	5	0	2165
98	252	13	15	0	1455
99	253	8	19	0	859
99	254	9	7	0	967
99	255	1	58	0	58
99	256	16	8	0	1808
99	257	7	13	0	733
99	258	1	51	0	51
100	259	9	65	0	1025
100	260	3	14	0	254
100	261	7	3	0	723
101	262	19	8	0	2168
102	263	18	9	0	2049
102	264	12	9	0	1329
103	265	22	57	0	2577
104	266	20	30	0	2310
104	267	20	14	0	2294
104	268	24	21	0	2781
104	269	15	52	0	1732
104	270	12	20	0	1340
104	271	18	15	0	2055
104	272	7	103	0	823
104	273	19	17	0	2177
104	274	24	41	0	2801
105	275	7	25	0	745
105	276	12	8	0	1328
105	277	13	31	0	1471
106	278	13	3	0	1443
106	279	18	111	0	2151
106	280	19	27	0	2187
107	281	8	61	0	901
107	282	23	10	0	2650
107	283	6	11	0	611
107	284	5	17	0	497
107	285	17	10	0	1930
108	286	2	44	0	164
109	287	12	4	0	1324
109	288	1	5	0	5
109	289	4	51	0	411
109	290	18	11	0	2051
110	291	17	49	0	1969
111	292	18	35	0	2075
112	293	1	17	0	17
112	294	15	11	0	1691
112	295	2	43	0	163
113	296	2	40	0	160
113	297	14	18	0	1578
113	298	8	38	0	878
113	299	20	24	0	2304
113	300	11	5	0	1205
113	301	19	9	0	2169
113	302	22	20	0	2540
114	303	24	8	0	2768
114	304	19	35	0	2195
115	305	16	14	0	1814
115	306	15	1	0	1681
115	307	6	90	0	690
115	308	10	2	0	1082
115	309	7	28	0	748
115	310	17	4	0	1924
115	311	15	59	0	1739
115	312	20	50	0	2330
115	313	19	16	0	2176
116	314	24	29	0	2789
116	315	21	85	0	2485
117	316	9	74	0	1034
117	317	18	31	0	2071
117	318	14	20	0	1580
118	319	14	14	0	1574
119	320	20	18	0	2298
120	321	23	13	0	2653
121	322	21	18	0	2418
121	323	17	64	0	1984
121	324	23	67	0	2707
121	325	21	12	0	2412
122	326	6	39	0	639
122	327	16	17	0	1817
122	328	11	11	0	1211
122	329	15	9	0	1689
123	330	3	4	0	244
123	331	19	113	0	2273
124	332	1	57	0	57
125	333	23	79	0	2719
125	334	12	13	0	1333
125	335	2	1	0	121
126	336	22	18	0	2538
126	337	8	22	0	862
127	338	2	44	0	164
127	339	1	16	0	16
127	340	22	4	0	2524
128	341	1	17	0	17
128	342	18	7	0	2047
129	343	18	2	0	2042
129	344	8	20	0	860
129	345	20	59	0	2339
129	346	3	109	0	349
130	347	19	18	0	2178
130	348	2	13	0	133
131	349	21	6	0	2406
131	350	6	5	0	605
131	351	1	16	0	16
131	352	9	19	0	979
131	353	16	10	0	1810
131	354	1	45	0	45
132	355	16	3	0	1803
132	356	21	5	0	2405
132	357	12	18	0	1338
133	358	18	15	0	2055
133	359	2	5	0	125
134	360	1	13	0	13
134	361	22	4	0	2524
134	362	20	27	0	2307
134	363	10	34	0	1114
134	364	23	2	0	2642
134	365	12	17	0	1337
135	366	9	10	0	970
136	367	18	39	0	2079
136	368	9	5	0	965
136	369	20	22	0	2302
137	370	2	30	0	150
137	371	5	16	0	496
137	372	17	49	0	1969
137	373	20	46	0	2326
137	374	2	10	0	130
138	375	7	30	0	750
138	376	12	18	0	1338
138	377	20	35	0	2315
139	378	11	14	0	1214
139	379	9	92	0	1052
140	380	20	8	0	2288
140	381	6	7	0	607
140	382	22	14	0	2534
140	383	13	63	0	1503
141	384	20	16	0	2296
142	385	11	68	0	1268
142	386	1	18	0	18
142	387	5	13	0	493
142	388	19	11	0	2171
143	389	8	6	0	846
143	390	20	43	0	2323
144	391	21	19	0	2419
144	392	1	57	0	57
144	393	12	20	0	1340
144	394	24	88	0	2848
144	395	22	10	0	2530
145	396	21	6	0	2406
145	397	9	33	0	993
146	398	4	53	0	413
146	399	15	111	0	1791
146	400	16	37	0	1837
147	401	10	2	0	1082
148	402	10	3	0	1083
148	403	14	1	0	1561
148	404	21	5	0	2405
148	405	11	1	0	1201
148	406	15	5	0	1685
148	407	3	49	0	289
148	408	12	15	0	1335
148	409	11	27	0	1227
148	410	2	9	0	129
148	411	14	14	0	1574
148	412	7	29	0	749
148	413	17	5	0	1925
148	414	1	46	0	46
149	415	15	23	0	1703
150	416	24	1	0	2761
151	417	14	48	0	1608
151	418	13	59	0	1499
151	419	11	18	0	1218
151	420	9	5	0	965
151	421	13	20	0	1460
151	422	16	1	0	1801
151	423	12	6	0	1326
151	424	9	11	0	971
152	425	14	33	0	1593
152	426	7	8	0	728
153	427	19	18	0	2178
153	428	14	12	0	1572
153	429	5	19	0	499
153	430	1	53	0	53
153	431	6	9	0	609
154	432	3	41	0	281
154	433	10	20	0	1100
155	434	19	16	0	2176
156	435	12	47	0	1367
156	436	15	17	0	1697
156	437	9	8	0	968
156	438	20	2	0	2282
157	439	5	58	0	538
157	440	2	47	0	167
157	441	13	18	0	1458
157	442	4	2	0	362
157	443	15	34	0	1714
157	444	11	11	0	1211
157	445	16	11	0	1811
157	446	13	24	0	1464
158	447	19	48	0	2208
158	448	15	28	0	1708
158	449	12	15	0	1335
158	450	11	42	0	1242
158	451	21	18	0	2418
158	452	15	33	0	1713
159	453	20	36	0	2316
159	454	21	20	0	2420
160	455	5	48	0	528
161	456	20	15	0	2295
161	457	14	19	0	1579
162	458	9	40	0	1000
162	459	2	17	0	137
162	460	5	43	0	523
162	461	7	17	0	737
162	462	18	35	0	2075
163	463	24	11	0	2771
163	464	18	12	0	2052
164	465	9	24	0	984
164	466	2	20	0	140
165	467	16	12	0	1812
165	468	13	26	0	1466
165	469	15	109	0	1789
165	470	15	28	0	1708
166	471	8	10	0	850
167	472	23	55	0	2695
167	473	24	12	0	2772
168	474	21	16	0	2416
168	475	4	22	0	382
169	476	14	73	0	1633
169	477	8	57	0	897
169	478	22	17	0	2537
170	479	11	57	0	1257
171	480	4	56	0	416
171	481	21	5	0	2405
171	482	12	42	0	1362
171	483	11	5	0	1205
172	484	16	2	0	1802
172	485	15	44	0	1724
173	486	19	20	0	2180
174	487	7	18	0	738
174	488	22	15	0	2535
175	489	23	20	0	2660
175	490	24	13	0	2773
176	491	4	77	0	437
176	492	3	9	0	249
176	493	15	60	0	1740
177	494	12	68	0	1388
177	495	7	52	0	772
178	496	9	52	0	1012
178	497	23	60	0	2700
179	498	2	15	0	135
179	499	3	4	0	244
179	500	12	32	0	1352
179	501	22	10	0	2530
180	502	12	46	0	1366
181	503	3	59	0	299
182	504	12	98	0	1418
183	505	22	12	0	2532
184	506	12	3	0	1323
184	507	9	24	0	984
184	508	5	97	0	577
184	509	9	52	0	1012
184	510	5	86	0	566
184	511	20	17	0	2297
184	512	19	51	0	2211
185	513	9	91	0	1051
186	514	15	3	0	1683
186	515	10	6	0	1086
186	516	24	40	0	2800
186	517	24	14	0	2774
187	518	3	40	0	280
188	519	21	13	0	2413
188	520	22	15	0	2535
188	521	10	2	0	1082
189	522	21	20	0	2420
190	523	19	17	0	2177
190	524	2	52	0	172
191	525	17	35	0	1955
192	526	2	44	0	164
192	527	7	18	0	738
193	528	17	5	0	1925
193	529	1	16	0	16
193	530	16	10	0	1810
193	531	12	46	0	1366
194	532	15	60	0	1740
194	533	17	38	0	1958
194	534	12	4	0	1324
194	535	5	34	0	514
194	536	22	4	0	2524
194	537	13	15	0	1455
195	538	6	17	0	617
196	539	16	8	0	1808
197	540	4	49	0	409
197	541	7	12	0	732
197	542	21	5	0	2405
198	543	5	15	0	495
198	544	14	10	0	1570
198	545	23	35	0	2675
198	546	15	17	0	1697
198	547	13	1	0	1441
199	548	10	19	0	1099
199	549	15	14	0	1694
199	550	4	45	0	405
200	551	24	54	0	2814
201	552	22	25	0	2545
201	553	18	29	0	2069
202	554	18	20	0	2060
202	555	4	15	0	375
203	556	24	19	0	2779
203	557	21	16	0	2416
203	558	19	59	0	2219
203	559	5	13	0	493
204	560	3	2	0	242
205	561	15	58	0	1738
205	562	19	15	0	2175
206	563	14	49	0	1609
206	564	7	8	0	728
206	565	24	12	0	2772
206	566	6	7	0	607
206	567	2	46	0	166
207	568	5	18	0	498
207	569	7	28	0	748
207	570	10	19	0	1099
207	571	23	11	0	2651
207	572	13	20	0	1460
208	573	3	10	0	250
209	574	24	37	0	2797
209	575	16	2	0	1802
209	576	8	15	0	855
209	577	18	20	0	2060
210	578	12	35	0	1355
211	579	22	1	0	2521
211	580	24	9	0	2769
211	581	23	8	0	2648
211	582	19	7	0	2167
211	583	16	14	0	1814
211	584	20	4	0	2284
212	585	24	17	0	2777
212	586	11	7	0	1207
212	587	22	114	0	2634
212	588	4	40	0	400
212	589	1	118	0	118
212	590	12	7	0	1327
212	591	3	26	0	266
212	592	18	11	0	2051
213	593	20	8	0	2288
214	594	8	10	0	850
214	595	20	19	0	2299
214	596	6	6	0	606
214	597	12	106	0	1426
215	598	18	10	0	2050
215	599	4	20	0	380
216	600	2	22	0	142
217	601	19	12	0	2172
218	602	8	18	0	858
218	603	14	16	0	1576
218	604	18	8	0	2048
218	605	16	51	0	1851
218	606	6	17	0	617
219	607	4	86	0	446
219	608	14	4	0	1564
220	609	22	19	0	2539
220	610	4	16	0	376
220	611	3	96	0	336
220	612	1	10	0	10
220	613	23	46	0	2686
220	614	7	9	0	729
221	615	17	8	0	1928
221	616	7	5	0	725
221	617	7	103	0	823
221	618	20	59	0	2339
221	619	24	18	0	2778
222	620	1	16	0	16
222	621	18	43	0	2083
222	622	12	9	0	1329
223	623	22	41	0	2561
224	624	16	18	0	1818
224	625	24	6	0	2766
224	626	6	114	0	714
224	627	21	6	0	2406
224	628	11	58	0	1258
224	629	14	49	0	1609
224	630	17	51	0	1971
224	631	19	53	0	2213
224	632	4	22	0	382
224	633	16	19	0	1819
225	634	8	6	0	846
226	635	5	20	0	500
226	636	12	38	0	1358
226	637	7	11	0	731
226	638	17	29	0	1949
226	639	16	12	0	1812
226	640	17	46	0	1966
227	641	21	30	0	2430
227	642	14	39	0	1599
228	643	24	13	0	2773
228	644	3	3	0	243
228	645	8	27	0	867
228	646	15	7	0	1687
228	647	22	7	0	2527
229	648	18	14	0	2054
230	649	23	2	0	2642
231	650	18	5	0	2045
232	651	21	18	0	2418
232	652	12	13	0	1333
232	653	6	3	0	603
232	654	18	19	0	2059
233	655	12	3	0	1323
233	656	13	8	0	1448
234	657	14	10	0	1570
234	658	15	9	0	1689
235	659	22	12	0	2532
236	660	4	3	0	363
236	661	6	3	0	603
236	662	5	2	0	482
236	663	4	42	0	402
236	664	17	6	0	1926
236	665	21	14	0	2414
237	666	19	20	0	2180
238	667	24	15	0	2775
239	668	16	6	0	1806
240	669	2	15	0	135
240	670	1	2	0	2
240	671	23	87	0	2727
240	672	22	56	0	2576
240	673	4	5	0	365
240	674	18	20	0	2060
240	675	24	50	0	2810
240	676	6	19	0	619
240	677	10	11	0	1091
240	678	4	8	0	368
240	679	22	4	0	2524
241	680	9	20	0	980
241	681	10	12	0	1092
242	682	1	13	0	13
243	683	9	16	0	976
243	684	15	6	0	1686
244	685	10	3	0	1083
244	686	16	25	0	1825
244	687	16	37	0	1837
245	688	22	6	0	2526
246	689	5	59	0	539
246	690	9	52	0	1012
246	691	11	75	0	1275
247	692	21	30	0	2430
248	693	5	41	0	521
248	694	23	25	0	2665
249	695	9	54	0	1014
249	696	20	4	0	2284
249	697	10	96	0	1176
250	698	3	5	0	245
251	699	10	26	0	1106
251	700	12	89	0	1409
251	701	16	6	0	1806
251	702	12	12	0	1332
252	703	20	23	0	2303
253	704	1	15	0	15
254	705	11	16	0	1216
254	706	19	4	0	2164
255	707	19	4	0	2164
255	708	12	20	0	1340
256	709	6	30	0	630
257	710	21	14	0	2414
257	711	7	12	0	732
257	712	4	12	0	372
257	713	6	4	0	604
257	714	17	1	0	1921
258	715	16	27	0	1827
258	716	19	48	0	2208
259	717	18	114	0	2154
259	718	5	4	0	484
259	719	2	3	0	123
260	720	4	20	0	380
261	721	15	33	0	1713
261	722	15	65	0	1745
262	723	12	34	0	1354
263	724	11	25	0	1225
264	725	19	82	0	2242
264	726	5	33	0	513
264	727	12	11	0	1331
264	728	11	30	0	1230
265	729	12	59	0	1379
266	730	18	10	0	2050
266	731	10	4	0	1084
266	732	13	3	0	1443
266	733	13	1	0	1441
266	734	17	18	0	1938
266	735	21	48	0	2448
267	736	20	1	0	2281
267	737	16	24	0	1824
268	738	17	78	0	1998
269	739	14	109	0	1669
270	740	9	58	0	1018
270	741	11	15	0	1215
270	742	7	23	0	743
270	743	14	10	0	1570
270	744	22	56	0	2576
270	745	8	83	0	923
270	746	15	11	0	1691
271	747	10	27	0	1107
272	748	14	28	0	1588
273	749	13	15	0	1455
274	750	21	1	0	2401
274	751	8	58	0	898
274	752	7	16	0	736
275	753	19	8	0	2168
275	754	10	12	0	1092
276	755	8	96	0	936
277	756	24	69	0	2829
277	757	22	63	0	2583
278	758	17	20	0	1940
278	759	12	44	0	1364
278	760	5	115	0	595
278	761	10	8	0	1088
278	762	4	41	0	401
278	763	9	7	0	967
278	764	14	18	0	1578
278	765	15	48	0	1728
278	766	24	14	0	2774
279	767	16	47	0	1847
279	768	18	47	0	2087
280	769	19	50	0	2210
280	770	15	105	0	1785
280	771	21	5	0	2405
281	772	14	59	0	1619
281	773	9	7	0	967
281	774	9	5	0	965
282	775	4	115	0	475
283	776	5	40	0	520
284	777	12	60	0	1380
285	778	21	11	0	2411
285	779	16	46	0	1846
285	780	1	15	0	15
286	781	13	16	0	1456
287	782	17	9	0	1929
288	783	22	18	0	2538
288	784	6	3	0	603
289	785	19	12	0	2172
289	786	23	18	0	2658
290	787	19	9	0	2169
290	788	21	6	0	2406
290	789	7	17	0	737
291	790	16	25	0	1825
291	791	5	3	0	483
291	792	12	16	0	1336
292	793	19	58	0	2218
293	794	22	35	0	2555
293	795	24	15	0	2775
293	796	16	20	0	1820
294	797	15	18	0	1698
294	798	4	15	0	375
294	799	14	12	0	1572
294	800	2	41	0	161
295	801	23	16	0	2656
295	802	17	6	0	1926
295	803	17	98	0	2018
295	804	5	15	0	495
295	805	23	32	0	2672
296	806	16	10	0	1810
296	807	8	2	0	842
297	808	8	57	0	897
297	809	21	78	0	2478
298	810	10	15	0	1095
298	811	21	3	0	2403
299	812	8	15	0	855
300	813	8	71	0	911
300	814	5	54	0	534
300	815	6	2	0	602
300	816	17	37	0	1957
300	817	22	11	0	2531
301	818	7	17	0	737
301	819	1	16	0	16
301	820	18	19	0	2059
301	821	4	18	0	378
301	822	24	11	0	2771
301	823	8	84	0	924
301	824	16	7	0	1807
301	825	4	2	0	362
302	826	11	7	0	1207
303	827	10	29	0	1109
304	828	5	24	0	504
304	829	22	25	0	2545
304	830	11	6	0	1206
305	831	2	2	0	122
305	832	22	43	0	2563
305	833	13	45	0	1485
305	834	2	57	0	177
306	835	10	55	0	1135
306	836	12	10	0	1330
306	837	20	14	0	2294
306	838	6	3	0	603
306	839	7	6	0	726
306	840	10	103	0	1183
307	841	16	19	0	1819
307	842	7	62	0	782
307	843	20	15	0	2295
307	844	23	5	0	2645
307	845	1	54	0	54
307	846	12	11	0	1331
307	847	15	16	0	1696
307	848	1	3	0	3
307	849	12	8	0	1328
307	850	17	13	0	1933
308	851	14	10	0	1570
309	852	13	3	0	1443
310	853	13	33	0	1473
310	854	24	18	0	2778
310	855	13	18	0	1458
310	856	15	4	0	1684
311	857	10	13	0	1093
311	858	10	120	0	1200
311	859	5	79	0	559
311	860	19	40	0	2200
312	861	10	18	0	1098
312	862	20	42	0	2322
312	863	8	60	0	900
313	864	24	50	0	2810
314	865	24	3	0	2763
314	866	24	19	0	2779
315	867	19	10	0	2170
315	868	2	20	0	140
316	869	7	13	0	733
316	870	19	27	0	2187
316	871	4	24	0	384
317	872	10	41	0	1121
318	873	7	19	0	739
318	874	15	50	0	1730
318	875	21	6	0	2406
318	876	16	48	0	1848
318	877	12	49	0	1369
319	878	4	44	0	404
319	879	6	9	0	609
319	880	12	15	0	1335
319	881	4	15	0	375
319	882	8	14	0	854
320	883	12	16	0	1336
320	884	13	37	0	1477
320	885	24	26	0	2786
321	886	12	38	0	1358
322	887	11	3	0	1203
323	888	5	1	0	481
324	889	13	56	0	1496
324	890	8	6	0	846
325	891	8	26	0	866
325	892	9	20	0	980
326	893	21	10	0	2410
327	894	14	90	0	1650
328	895	13	8	0	1448
328	896	24	24	0	2784
328	897	23	10	0	2650
329	898	15	113	0	1793
329	899	1	14	0	14
329	900	19	90	0	2250
330	901	6	20	0	620
331	902	9	32	0	992
332	903	22	27	0	2547
333	904	22	58	0	2578
334	905	8	51	0	891
334	906	12	33	0	1353
334	907	15	5	0	1685
335	908	14	70	0	1630
335	909	4	12	0	372
336	910	10	17	0	1097
336	911	6	94	0	694
337	912	2	16	0	136
337	913	14	11	0	1571
337	914	11	15	0	1215
337	915	3	14	0	254
338	916	4	17	0	377
338	917	20	29	0	2309
338	918	24	87	0	2847
339	919	13	57	0	1497
339	920	23	9	0	2649
339	921	14	10	0	1570
339	922	21	7	0	2407
339	923	3	10	0	250
340	924	3	17	0	257
340	925	13	29	0	1469
341	926	16	111	0	1911
342	927	19	37	0	2197
342	928	7	13	0	733
342	929	5	9	0	489
342	930	6	14	0	614
342	931	17	74	0	1994
343	932	18	55	0	2095
344	933	8	100	0	940
344	934	16	23	0	1823
345	935	13	34	0	1474
345	936	11	46	0	1246
345	937	11	34	0	1234
345	938	2	13	0	133
346	939	3	16	0	256
347	940	24	6	0	2766
347	941	5	70	0	550
347	942	21	17	0	2417
347	943	16	20	0	1820
348	944	13	106	0	1546
348	945	15	1	0	1681
348	946	8	104	0	944
349	947	7	19	0	739
349	948	7	58	0	778
350	949	22	8	0	2528
350	950	9	17	0	977
350	951	2	26	0	146
351	952	7	2	0	722
352	953	22	12	0	2532
352	954	17	44	0	1964
353	955	10	17	0	1097
354	956	13	18	0	1458
355	957	8	5	0	845
355	958	12	2	0	1322
355	959	1	8	0	8
356	960	2	37	0	157
356	961	18	19	0	2059
356	962	4	9	0	369
356	963	19	47	0	2207
356	964	11	9	0	1209
356	965	19	37	0	2197
356	966	22	18	0	2538
356	967	20	12	0	2292
356	968	6	8	0	608
356	969	13	117	0	1557
356	970	13	15	0	1455
357	971	22	13	0	2533
358	972	13	2	0	1442
358	973	10	1	0	1081
359	974	19	23	0	2183
359	975	10	11	0	1091
360	976	13	79	0	1519
360	977	8	2	0	842
361	978	8	120	0	960
361	979	3	54	0	294
362	980	22	18	0	2538
362	981	21	7	0	2407
362	982	2	5	0	125
362	983	12	18	0	1338
362	984	7	15	0	735
362	985	23	12	0	2652
362	986	13	16	0	1456
363	987	8	30	0	870
363	988	10	41	0	1121
363	989	23	42	0	2682
364	990	2	42	0	162
364	991	5	103	0	583
364	992	6	12	0	612
364	993	16	10	0	1810
365	994	17	11	0	1931
365	995	18	4	0	2044
366	996	13	2	0	1442
367	997	12	19	0	1339
368	998	20	51	0	2331
369	999	13	60	0	1500
369	1000	9	17	0	977
369	1001	14	30	0	1590
370	1002	2	19	0	139
370	1003	19	31	0	2191
371	1004	4	5	0	365
371	1005	5	15	0	495
371	1006	21	48	0	2448
371	1007	9	31	0	991
371	1008	8	1	0	841
371	1009	22	108	0	2628
372	1010	17	2	0	1922
373	1011	8	7	0	847
373	1012	10	6	0	1086
373	1013	22	49	0	2569
373	1014	4	31	0	391
374	1015	21	6	0	2406
375	1016	21	24	0	2424
375	1017	7	35	0	755
376	1018	1	19	0	19
376	1019	11	42	0	1242
376	1020	18	14	0	2054
377	1021	16	4	0	1804
378	1022	22	6	0	2526
378	1023	1	67	0	67
379	1024	15	5	0	1685
380	1025	4	19	0	379
380	1026	6	50	0	650
380	1027	9	10	0	970
381	1028	1	5	0	5
382	1029	1	15	0	15
383	1030	16	14	0	1814
384	1031	8	58	0	898
384	1032	13	16	0	1456
385	1033	20	80	0	2360
385	1034	22	120	0	2640
386	1035	3	51	0	291
387	1036	24	57	0	2817
388	1037	17	48	0	1968
389	1038	10	14	0	1094
389	1039	5	9	0	489
389	1040	2	93	0	213
389	1041	17	16	0	1936
390	1042	22	17	0	2537
391	1043	20	1	0	2281
391	1044	11	8	0	1208
391	1045	23	22	0	2662
391	1046	4	4	0	364
391	1047	9	16	0	976
392	1048	17	20	0	1940
393	1049	16	6	0	1806
393	1050	24	31	0	2791
393	1051	20	3	0	2283
393	1052	21	16	0	2416
393	1053	9	60	0	1020
393	1054	2	24	0	144
393	1055	6	7	0	607
394	1056	16	10	0	1810
394	1057	18	13	0	2053
394	1058	3	21	0	261
394	1059	20	68	0	2348
394	1060	6	17	0	617
394	1061	15	34	0	1714
394	1062	5	6	0	486
395	1063	17	17	0	1937
396	1064	10	60	0	1140
396	1065	13	49	0	1489
396	1066	9	16	0	976
397	1067	14	18	0	1578
397	1068	13	17	0	1457
397	1069	16	6	0	1806
398	1070	6	15	0	615
399	1071	16	8	0	1808
400	1072	16	12	0	1812
400	1073	4	119	0	479
401	1074	7	8	0	728
401	1075	3	33	0	273
402	1076	21	52	0	2452
402	1077	12	15	0	1335
402	1078	2	60	0	180
402	1079	23	18	0	2658
402	1080	9	4	0	964
403	1081	24	1	0	2761
403	1082	5	38	0	518
404	1083	20	63	0	2343
405	1084	10	51	0	1131
406	1085	15	16	0	1696
406	1086	2	14	0	134
407	1087	12	33	0	1353
408	1088	17	44	0	1964
409	1089	23	26	0	2666
410	1090	19	13	0	2173
410	1091	20	4	0	2284
411	1092	16	8	0	1808
411	1093	4	3	0	363
411	1094	20	120	0	2400
412	1095	4	77	0	437
413	1096	8	7	0	847
413	1097	5	31	0	511
414	1098	17	10	0	1930
414	1099	6	20	0	620
414	1100	12	5	0	1325
415	1101	13	13	0	1453
415	1102	15	36	0	1716
415	1103	5	13	0	493
416	1104	20	51	0	2331
417	1105	23	52	0	2692
418	1106	7	3	0	723
418	1107	1	1	0	1
418	1108	22	54	0	2574
418	1109	20	3	0	2283
419	1110	14	13	0	1573
419	1111	13	7	0	1447
419	1112	1	42	0	42
420	1113	9	14	0	974
420	1114	11	75	0	1275
421	1115	6	2	0	602
421	1116	7	72	0	792
421	1117	18	29	0	2069
422	1118	1	39	0	39
423	1119	5	27	0	507
424	1120	18	16	0	2056
424	1121	12	13	0	1333
425	1122	17	24	0	1944
426	1123	9	38	0	998
426	1124	4	53	0	413
427	1125	3	37	0	277
427	1126	9	2	0	962
427	1127	24	1	0	2761
428	1128	11	13	0	1213
428	1129	13	8	0	1448
428	1130	7	12	0	732
429	1131	16	5	0	1805
429	1132	23	18	0	2658
430	1133	7	59	0	779
430	1134	12	1	0	1321
430	1135	9	17	0	977
430	1136	24	19	0	2779
430	1137	22	120	0	2640
430	1138	9	15	0	975
430	1139	18	55	0	2095
430	1140	2	6	0	126
430	1141	17	40	0	1960
430	1142	17	13	0	1933
430	1143	23	17	0	2657
430	1144	19	19	0	2179
430	1145	1	52	0	52
430	1146	14	17	0	1577
430	1147	8	12	0	852
430	1148	15	1	0	1681
430	1149	14	19	0	1579
431	1150	15	13	0	1693
431	1151	20	3	0	2283
432	1152	18	6	0	2046
432	1153	7	11	0	731
432	1154	7	5	0	725
433	1155	21	7	0	2407
433	1156	20	15	0	2295
433	1157	19	7	0	2167
434	1158	6	12	0	612
434	1159	14	1	0	1561
434	1160	17	106	0	2026
434	1161	6	14	0	614
434	1162	10	57	0	1137
435	1163	17	5	0	1925
435	1164	5	1	0	481
435	1165	18	7	0	2047
435	1166	6	13	0	613
435	1167	12	17	0	1337
435	1168	10	15	0	1095
436	1169	24	53	0	2813
436	1170	2	26	0	146
437	1171	22	61	0	2581
437	1172	1	8	0	8
438	1173	18	20	0	2060
439	1174	4	39	0	399
439	1175	22	41	0	2561
439	1176	10	5	0	1085
440	1177	7	6	0	726
440	1178	12	12	0	1332
440	1179	15	99	0	1779
441	1180	20	18	0	2298
442	1181	17	36	0	1956
443	1182	22	25	0	2545
443	1183	17	13	0	1933
444	1184	8	7	0	847
444	1185	9	53	0	1013
445	1186	3	5	0	245
446	1187	4	115	0	475
447	1188	2	4	0	124
448	1189	22	2	0	2522
449	1190	8	5	0	845
450	1191	1	8	0	8
450	1192	19	14	0	2174
450	1193	10	79	0	1159
450	1194	13	90	0	1530
450	1195	17	9	0	1929
451	1196	20	11	0	2291
451	1197	7	48	0	768
451	1198	19	3	0	2163
451	1199	21	99	0	2499
452	1200	4	2	0	362
453	1201	8	16	0	856
453	1202	21	101	0	2501
453	1203	14	9	0	1569
453	1204	22	22	0	2542
453	1205	1	13	0	13
453	1206	4	6	0	366
453	1207	1	10	0	10
453	1208	13	9	0	1449
453	1209	18	9	0	2049
453	1210	3	30	0	270
453	1211	5	20	0	500
454	1212	18	18	0	2058
454	1213	7	20	0	740
454	1214	17	50	0	1970
454	1215	2	5	0	125
454	1216	21	7	0	2407
455	1217	23	104	0	2744
456	1218	17	8	0	1928
456	1219	13	20	0	1460
457	1220	14	16	0	1576
458	1221	1	12	0	12
458	1222	2	14	0	134
459	1223	10	75	0	1155
460	1224	6	6	0	606
461	1225	1	17	0	17
462	1226	2	14	0	134
462	1227	10	55	0	1135
462	1228	17	16	0	1936
462	1229	22	18	0	2538
462	1230	14	27	0	1587
463	1231	17	9	0	1929
464	1232	24	107	0	2867
465	1233	4	20	0	380
465	1234	8	54	0	894
466	1235	6	14	0	614
466	1236	24	12	0	2772
467	1237	12	8	0	1328
467	1238	9	2	0	962
467	1239	21	1	0	2401
467	1240	13	38	0	1478
468	1241	1	60	0	60
469	1242	9	51	0	1011
469	1243	11	18	0	1218
470	1244	8	42	0	882
470	1245	7	25	0	745
470	1246	5	120	0	600
470	1247	1	13	0	13
470	1248	15	13	0	1693
470	1249	9	1	0	961
471	1250	16	85	0	1885
471	1251	15	18	0	1698
472	1252	7	14	0	734
472	1253	8	16	0	856
473	1254	12	29	0	1349
474	1255	18	1	0	2041
474	1256	7	13	0	733
474	1257	10	28	0	1108
474	1258	11	1	0	1201
474	1259	22	72	0	2592
475	1260	23	13	0	2653
476	1261	8	13	0	853
476	1262	14	4	0	1564
476	1263	24	8	0	2768
476	1264	14	14	0	1574
476	1265	24	17	0	2777
476	1266	2	86	0	206
477	1267	17	59	0	1979
477	1268	20	56	0	2336
477	1269	12	70	0	1390
478	1270	3	13	0	253
478	1271	21	47	0	2447
478	1272	15	6	0	1686
478	1273	2	3	0	123
479	1274	5	36	0	516
480	1275	7	8	0	728
480	1276	20	2	0	2282
481	1277	4	57	0	417
481	1278	2	30	0	150
482	1279	16	16	0	1816
482	1280	14	11	0	1571
482	1281	4	16	0	376
483	1282	13	6	0	1446
484	1283	11	49	0	1249
484	1284	11	10	0	1210
485	1285	14	10	0	1570
485	1286	3	1	0	241
486	1287	22	7	0	2527
486	1288	1	14	0	14
487	1289	24	14	0	2774
487	1290	5	10	0	490
488	1291	19	16	0	2176
489	1292	2	10	0	130
489	1293	21	49	0	2449
489	1294	10	8	0	1088
489	1295	20	2	0	2282
489	1296	6	98	0	698
489	1297	8	2	0	842
490	1298	17	42	0	1962
491	1299	6	28	0	628
491	1300	10	9	0	1089
491	1301	7	15	0	735
492	1302	2	86	0	206
492	1303	8	60	0	900
492	1304	16	60	0	1860
492	1305	20	8	0	2288
492	1306	16	48	0	1848
492	1307	21	29	0	2429
492	1308	22	29	0	2549
492	1309	3	12	0	252
492	1310	18	11	0	2051
492	1311	21	13	0	2413
492	1312	11	10	0	1210
493	1313	23	40	0	2680
494	1314	24	4	0	2764
494	1315	14	27	0	1587
495	1316	15	9	0	1689
496	1317	7	10	0	730
497	1318	24	23	0	2783
498	1319	17	16	0	1936
499	1320	7	39	0	759
499	1321	9	25	0	985
499	1322	20	74	0	2354
499	1323	23	13	0	2653
499	1324	18	8	0	2048
499	1325	15	46	0	1726
500	1326	1	15	0	15
501	1327	2	3	0	123
501	1328	4	45	0	405
502	1329	24	20	0	2780
503	1330	21	11	0	2411
504	1331	14	18	0	1578
504	1332	19	3	0	2163
504	1333	15	15	0	1695
504	1334	15	108	0	1788
505	1335	14	15	0	1575
506	1336	11	12	0	1212
506	1337	11	14	0	1214
506	1338	19	9	0	2169
506	1339	21	13	0	2413
507	1340	9	3	0	963
507	1341	23	66	0	2706
507	1342	23	17	0	2657
508	1343	13	9	0	1449
508	1344	20	116	0	2396
508	1345	15	27	0	1707
509	1346	17	13	0	1933
510	1347	19	45	0	2205
510	1348	13	5	0	1445
510	1349	13	82	0	1522
511	1350	15	21	0	1701
511	1351	21	6	0	2406
511	1352	16	24	0	1824
512	1353	7	44	0	764
512	1354	21	49	0	2449
512	1355	18	81	0	2121
513	1356	24	14	0	2774
514	1357	4	115	0	475
515	1358	2	1	0	121
515	1359	13	29	0	1469
516	1360	7	12	0	732
516	1361	20	4	0	2284
517	1362	6	2	0	602
518	1363	17	6	0	1926
519	1364	12	11	0	1331
520	1365	23	53	0	2693
521	1366	15	111	0	1791
522	1367	17	19	0	1939
522	1368	11	4	0	1204
523	1369	7	9	0	729
523	1370	14	16	0	1576
524	1371	9	102	0	1062
524	1372	9	11	0	971
525	1373	5	37	0	517
525	1374	1	15	0	15
525	1375	10	11	0	1091
526	1376	24	7	0	2767
527	1377	2	66	0	186
527	1378	9	86	0	1046
527	1379	10	24	0	1104
527	1380	8	4	0	844
527	1381	3	48	0	288
528	1382	5	7	0	487
529	1383	23	54	0	2694
530	1384	13	14	0	1454
530	1385	14	14	0	1574
530	1386	22	14	0	2534
530	1387	24	32	0	2792
531	1388	2	10	0	130
531	1389	20	19	0	2299
531	1390	16	17	0	1817
531	1391	23	34	0	2674
531	1392	7	11	0	731
531	1393	23	14	0	2654
532	1394	14	68	0	1628
532	1395	4	28	0	388
532	1396	4	13	0	373
532	1397	9	9	0	969
532	1398	21	15	0	2415
532	1399	10	20	0	1100
533	1400	1	106	0	106
533	1401	16	5	0	1805
533	1402	5	17	0	497
534	1403	2	80	0	200
534	1404	7	21	0	741
535	1405	9	19	0	979
536	1406	7	27	0	747
536	1407	2	3	0	123
536	1408	10	11	0	1091
537	1409	3	15	0	255
538	1410	22	25	0	2545
538	1411	16	8	0	1808
539	1412	4	91	0	451
540	1413	17	34	0	1954
540	1414	24	11	0	2771
540	1415	15	4	0	1684
540	1416	11	8	0	1208
541	1417	4	12	0	372
542	1418	22	16	0	2536
542	1419	17	11	0	1931
543	1420	5	13	0	493
543	1421	2	83	0	203
544	1422	18	18	0	2058
545	1423	11	14	0	1214
545	1424	18	10	0	2050
545	1425	3	94	0	334
545	1426	11	54	0	1254
545	1427	11	18	0	1218
546	1428	10	100	0	1180
547	1429	1	111	0	111
548	1430	17	18	0	1938
549	1431	1	67	0	67
549	1432	11	94	0	1294
549	1433	8	16	0	856
549	1434	14	64	0	1624
549	1435	2	58	0	178
550	1436	16	27	0	1827
550	1437	18	21	0	2061
550	1438	10	8	0	1088
551	1439	11	25	0	1225
551	1440	9	6	0	966
551	1441	9	11	0	971
551	1442	23	21	0	2661
551	1443	1	6	0	6
551	1444	21	16	0	2416
551	1445	24	5	0	2765
552	1446	15	119	0	1799
552	1447	2	88	0	208
552	1448	5	17	0	497
553	1449	9	10	0	970
553	1450	16	15	0	1815
553	1451	2	5	0	125
554	1452	22	5	0	2525
554	1453	17	10	0	1930
555	1454	15	19	0	1699
556	1455	7	17	0	737
556	1456	23	19	0	2659
557	1457	11	62	0	1262
557	1458	2	21	0	141
558	1459	22	18	0	2538
558	1460	21	31	0	2431
558	1461	16	39	0	1839
558	1462	1	51	0	51
558	1463	17	14	0	1934
558	1464	10	10	0	1090
558	1465	12	37	0	1357
558	1466	18	8	0	2048
559	1467	9	5	0	965
559	1468	6	4	0	604
559	1469	21	6	0	2406
560	1470	14	41	0	1601
561	1471	18	12	0	2052
562	1472	13	49	0	1489
562	1473	15	42	0	1722
562	1474	19	12	0	2172
563	1475	11	60	0	1260
564	1476	15	14	0	1694
565	1477	13	11	0	1451
565	1478	6	14	0	614
565	1479	12	4	0	1324
565	1480	17	7	0	1927
565	1481	6	8	0	608
565	1482	21	108	0	2508
565	1483	14	6	0	1566
566	1484	18	110	0	2150
567	1485	21	101	0	2501
568	1486	1	10	0	10
569	1487	8	15	0	855
569	1488	22	15	0	2535
570	1489	22	51	0	2571
571	1490	22	37	0	2557
571	1491	1	16	0	16
571	1492	20	5	0	2285
572	1493	7	5	0	725
572	1494	11	75	0	1275
573	1495	22	35	0	2555
574	1496	11	8	0	1208
574	1497	11	83	0	1283
574	1498	7	10	0	730
575	1499	10	35	0	1115
575	1500	18	2	0	2042
575	1501	7	3	0	723
575	1502	17	20	0	1940
575	1503	8	1	0	841
575	1504	11	10	0	1210
575	1505	7	13	0	733
575	1506	20	15	0	2295
576	1507	5	49	0	529
576	1508	11	45	0	1245
577	1509	2	40	0	160
578	1510	6	17	0	617
579	1511	5	18	0	498
579	1512	10	8	0	1088
580	1513	13	56	0	1496
581	1514	4	35	0	395
581	1515	17	3	0	1923
581	1516	15	9	0	1689
582	1517	18	4	0	2044
582	1518	5	56	0	536
582	1519	2	72	0	192
583	1520	13	44	0	1484
584	1521	17	13	0	1933
584	1522	1	25	0	25
585	1523	17	9	0	1929
585	1524	3	7	0	247
586	1525	18	94	0	2134
586	1526	6	1	0	601
586	1527	19	11	0	2171
586	1528	5	38	0	518
586	1529	8	17	0	857
586	1530	24	9	0	2769
586	1531	15	20	0	1700
587	1532	5	15	0	495
587	1533	21	13	0	2413
588	1534	8	24	0	864
588	1535	24	14	0	2774
589	1536	10	34	0	1114
590	1537	11	46	0	1246
591	1538	19	17	0	2177
591	1539	15	19	0	1699
591	1540	22	46	0	2566
591	1541	17	19	0	1939
592	1542	18	12	0	2052
592	1543	2	52	0	172
592	1544	22	14	0	2534
592	1545	15	52	0	1732
593	1546	10	5	0	1085
593	1547	20	9	0	2289
594	1548	16	13	0	1813
594	1549	18	15	0	2055
595	1550	24	36	0	2796
596	1551	17	19	0	1939
596	1552	15	7	0	1687
597	1553	22	9	0	2529
597	1554	17	13	0	1933
597	1555	17	18	0	1938
597	1556	22	19	0	2539
597	1557	7	11	0	731
598	1558	7	15	0	735
598	1559	23	9	0	2649
599	1560	23	55	0	2695
600	1561	23	23	0	2663
600	1562	17	47	0	1967
600	1563	12	56	0	1376
600	1564	24	10	0	2770
600	1565	17	6	0	1926
600	1566	15	20	0	1700
601	1567	5	11	0	491
601	1568	17	28	0	1948
601	1569	2	10	0	130
601	1570	10	40	0	1120
601	1571	3	10	0	250
601	1572	22	11	0	2531
601	1573	17	1	0	1921
602	1574	10	1	0	1081
602	1575	13	1	0	1441
602	1576	12	1	0	1321
602	1577	20	17	0	2297
602	1578	12	11	0	1331
603	1579	13	67	0	1507
604	1580	14	15	0	1575
604	1581	17	103	0	2023
605	1582	22	69	0	2589
606	1583	22	78	0	2598
606	1584	21	21	0	2421
606	1585	9	3	0	963
606	1586	6	19	0	619
607	1587	22	13	0	2533
607	1588	21	2	0	2402
607	1589	8	15	0	855
608	1590	3	17	0	257
609	1591	14	20	0	1580
609	1592	3	25	0	265
609	1593	23	34	0	2674
610	1594	11	4	0	1204
611	1595	14	26	0	1586
611	1596	23	11	0	2651
612	1597	5	28	0	508
612	1598	9	53	0	1013
612	1599	20	8	0	2288
613	1600	13	26	0	1466
613	1601	21	20	0	2420
614	1602	17	18	0	1938
614	1603	24	32	0	2792
614	1604	18	12	0	2052
615	1605	16	106	0	1906
616	1606	15	2	0	1682
617	1607	12	92	0	1412
617	1608	11	10	0	1210
617	1609	4	18	0	378
617	1610	15	119	0	1799
617	1611	7	10	0	730
618	1612	9	42	0	1002
618	1613	14	18	0	1578
618	1614	3	5	0	245
618	1615	19	10	0	2170
618	1616	23	49	0	2689
619	1617	15	14	0	1694
619	1618	6	32	0	632
619	1619	7	34	0	754
619	1620	24	11	0	2771
620	1621	14	74	0	1634
620	1622	23	49	0	2689
620	1623	9	20	0	980
620	1624	21	15	0	2415
621	1625	19	20	0	2180
622	1626	11	28	0	1228
623	1627	8	28	0	868
624	1628	10	40	0	1120
625	1629	1	20	0	20
626	1630	5	11	0	491
627	1631	9	55	0	1015
627	1632	23	36	0	2676
628	1633	9	4	0	964
629	1634	19	12	0	2172
629	1635	19	16	0	2176
630	1636	5	18	0	498
631	1637	10	8	0	1088
632	1638	12	95	0	1415
632	1639	9	18	0	978
