0	24	100	50	0	50	50	0	0
1	1	5160	15480	1	97	93	8280	15480
2	1	12840	21000	2	11	1	13800	21000
3	1	240	10920	3	83	77	3720	10920
4	4	11400	22020	4	27	70	14820	22020
5	1	12240	19560	8	47	97	12360	19560
6	2	18540	27780	9	48	100	20580	27780
7	1	1260	9660	11	51	74	2460	9660
8	2	14880	24120	12	55	77	16920	24120
9	3	540	10140	14	4	17	2940	10140
10	6	0	9000	17	40	96	1800	9000
11	1	11880	20400	23	59	13	13200	20400
12	2	19260	28560	24	73	25	21360	28560
13	1	660	10800	26	28	30	3600	10800
14	1	11220	19320	27	81	30	12120	19320
15	1	7740	16020	28	15	90	8820	16020
16	6	5700	14820	29	53	23	7620	14820
17	1	6960	16980	35	98	73	9780	16980
18	5	19320	27300	36	44	16	20100	27300
19	2	10560	18480	41	67	82	11280	18480
20	1	18240	28320	43	82	56	21120	28320
21	3	11280	20940	44	38	55	13740	20940
22	1	7560	17100	47	55	29	9900	17100
23	2	17220	25320	48	46	40	18120	25320
24	1	16620	26100	50	88	95	18900	26100
25	1	7380	15420	51	63	27	8220	15420
26	1	11220	19560	52	72	54	12360	19560
27	6	15060	23160	53	9	44	15960	23160
28	2	13440	21060	59	76	88	13860	21060
29	2	10200	19260	61	32	19	12060	19260
30	3	16320	26820	63	83	1	19620	26820
31	2	8580	17460	66	4	16	10260	17460
32	7	0	8100	68	88	95	900	8100
33	2	17640	25440	75	18	35	18240	25440
34	1	18180	28620	77	13	82	21420	28620
35	5	15960	23580	78	41	1	16380	23580
36	1	14940	24420	83	57	4	17220	24420
37	1	360	10380	84	85	14	3180	10380
38	3	3060	13560	85	45	44	6360	13560
39	3	0	7260	88	80	5	60	7260
40	1	0	8760	91	94	93	1560	8760
41	3	0	7800	92	84	52	600	7800
42	1	7800	16980	95	56	71	9780	16980
43	1	2280	10440	96	31	4	3240	10440
44	1	9720	20340	97	69	63	13140	20340
45	1	0	9780	98	54	85	2580	9780
46	2	6300	15240	99	57	52	8040	15240
47	1	14640	24360	101	64	3	17160	24360
48	1	540	11280	102	20	35	4080	11280
49	3	12060	22740	103	44	42	15540	22740
50	2	18840	26580	106	57	97	19380	26580
51	5	16320	26100	108	31	71	18900	26100
52	4	18960	27480	113	62	6	20280	27480
53	1	2100	10740	117	40	47	3540	10740
54	5	15480	23520	118	30	35	16320	23520
55	7	11520	20280	123	6	28	13080	20280
56	2	8040	17280	130	17	64	10080	17280
57	1	18240	27000	132	7	96	19800	27000
58	3	17880	28500	133	98	56	21300	28500
59	1	6780	17160	136	31	99	9960	17160
60	1	13800	22440	137	52	74	15240	22440
61	1	7380	17100	138	48	93	9900	17100
62	6	0	8280	139	30	29	1080	8280
63	2	15420	26040	145	77	31	18840	26040
64	1	60	10320	147	33	22	3120	10320
65	4	11400	21060	148	69	43	13860	21060
66	1	16680	26040	152	49	76	18840	26040
67	3	600	10320	153	22	72	3120	10320
68	1	13200	21060	156	86	18	13860	21060
69	1	1260	10440	157	56	14	3240	10440
70	1	15240	23160	158	48	8	15960	23160
71	5	20760	28020	159	33	10	20820	28020
72	1	13920	23280	164	78	70	16080	23280
73	1	6000	15240	165	75	59	8040	15240
74	2	19080	27840	166	32	30	20640	27840
75	3	5280	12900	168	65	79	5700	12900
76	3	13380	21000	171	3	12	13800	21000
77	1	13620	22320	174	70	1	15120	22320
78	5	10620	20520	175	55	97	13320	20520
79	1	15540	23100	180	77	22	15900	23100
80	2	6900	15480	181	86	98	8280	15480
81	3	16320	24840	183	85	82	17640	24840
82	1	10020	17220	186	85	48	10020	17220
83	2	15060	23580	187	48	22	16380	23580
84	3	11700	19920	189	97	63	12720	19920
85	1	18660	28260	192	92	68	21060	28260
86	1	3600	11400	193	69	85	4200	11400
87	1	0	8040	194	21	93	840	8040
88	2	3840	11940	195	77	38	4740	11940
89	2	17280	24840	197	34	26	17640	24840
90	2	0	10140	199	21	30	2940	10140
91	1	14640	23040	201	48	33	15840	23040
92	1	10920	20520	202	79	30	13320	20520
93	7	15720	23280	203	79	57	16080	23280
94	4	12180	22560	210	14	35	15360	22560
95	1	4380	14580	214	51	37	7380	14580
96	3	8160	17820	215	19	74	10620	17820
97	1	7260	15720	218	92	91	8520	15720
98	3	9000	19320	219	92	58	12120	19320
99	2	1620	10440	222	97	81	3240	10440
100	2	18000	27480	224	41	30	20280	27480
101	2	4860	12720	226	8	53	5520	12720
102	4	13980	24120	228	88	1	16920	24120
103	5	10020	17820	232	86	60	10620	17820
104	1	2760	11640	237	92	58	4440	11640
105	1	16380	26700	238	32	77	19500	26700
106	6	360	10200	239	55	10	3000	10200
107	1	12360	20040	245	43	91	12840	20040
108	1	6960	15060	246	15	51	7860	15060
109	5	17340	25920	247	37	97	18720	25920
110	2	13920	22620	252	18	37	15420	22620
111	7	19920	27180	254	41	80	19980	27180
112	4	9960	18300	261	49	23	11100	18300
113	2	9840	17400	265	88	94	10200	17400
114	4	16140	26700	267	26	69	19500	26700
115	2	14700	23160	271	12	51	15960	23160
116	3	1920	9780	273	41	70	2580	9780
117	1	12180	21060	276	68	1	13860	21060
118	3	4980	13200	277	29	11	6000	13200
119	3	14100	22620	280	93	34	15420	22620
120	3	10800	19860	283	79	90	12660	19860
121	3	240	10380	286	22	79	3180	10380
122	1	8880	17280	289	53	39	10080	17280
123	1	6780	16560	290	70	25	9360	16560
124	2	1260	11400	291	24	61	4200	11400
125	4	2160	12840	293	10	53	5640	12840
126	1	3240	12600	297	3	14	5400	12600
127	1	0	7980	298	40	94	780	7980
128	9	10560	19920	299	69	87	12720	19920
129	2	3960	13560	308	79	5	6360	13560
130	4	15480	23340	310	69	56	16140	23340
131	2	600	9000	314	86	70	1800	9000
132	1	1620	11460	316	100	5	4260	11460
133	2	7920	18660	317	39	37	11460	18660
134	2	10920	21000	319	44	81	13800	21000
135	2	0	10080	321	64	78	2880	10080
136	1	7080	16260	323	70	56	9060	16260
137	4	6900	14220	324	58	93	7020	14220
138	3	11880	19740	328	62	2	12540	19740
139	2	0	8580	331	98	45	1380	8580
140	2	780	8460	333	96	11	1260	8460
141	1	12660	21600	335	65	42	14400	21600
142	5	7260	17460	336	38	92	10260	17460
143	1	14580	22080	341	95	63	14880	22080
144	2	17100	25680	342	54	71	18480	25680
145	5	19920	28320	344	70	28	21120	28320
146	1	13380	23640	349	31	13	16440	23640
147	1	14280	21900	350	68	22	14700	21900
148	1	8760	18960	351	97	20	11760	18960
149	7	4200	11520	352	91	76	4320	11520
150	2	7380	16860	359	15	96	9660	16860
151	2	2100	11160	361	72	97	3960	11160
152	2	15300	24360	363	79	45	17160	24360
153	2	2820	12240	365	100	68	5040	12240
154	1	19140	27420	367	56	98	20220	27420
155	2	1080	8460	368	52	3	1260	8460
156	2	11100	18540	370	1	20	11340	18540
157	5	2220	12000	372	75	76	4800	12000
158	5	6960	16140	377	15	13	8940	16140
159	3	17460	27000	382	6	12	19800	27000
160	1	15720	22980	385	54	47	15780	22980
161	1	12660	22140	386	71	59	14940	22140
162	3	18300	26160	387	53	47	18960	26160
163	1	60	7680	390	58	29	480	7680
164	1	8100	17940	391	90	63	10740	17940
165	1	1200	11880	392	97	23	4680	11880
166	2	12240	22560	393	49	55	15360	22560
167	1	20640	28680	395	44	36	21480	28680
168	2	5940	16560	396	96	12	9360	16560
169	7	10140	18720	398	8	45	11520	18720
170	1	6900	17700	405	39	44	10500	17700
171	3	9240	16680	406	10	93	9480	16680
172	2	6960	16680	409	86	72	9480	16680
173	2	1200	9720	411	15	54	2520	9720
174	1	11100	21480	413	59	33	14280	21480
175	1	12900	20580	414	27	6	13380	20580
176	1	10440	21180	415	98	53	13980	21180
177	2	7080	16740	416	96	83	9540	16740
178	2	17400	26640	418	100	81	19440	26640
179	1	17340	25440	420	11	53	18240	25440
180	2	4320	11880	421	16	53	4680	11880
181	3	7860	15540	423	33	75	8340	15540
182	6	11040	18420	426	83	73	11220	18420
183	2	11820	20340	432	59	80	13140	20340
184	1	5340	13740	434	89	76	6540	13740
185	10	1680	9420	435	48	55	2220	9420
186	2	15540	25560	445	43	71	18360	25560
187	2	0	7560	447	3	47	360	7560
188	1	1500	10560	449	75	14	3360	10560
189	2	12540	21240	450	61	70	14040	21240
190	2	1560	10320	452	19	26	3120	10320
191	4	6840	14400	454	64	50	7200	14400
192	2	19380	27960	458	94	91	20760	27960
193	5	5940	13500	460	61	79	6300	13500
194	1	16320	24000	465	68	56	16800	24000
195	3	7560	15840	466	33	99	8640	15840
196	2	0	7740	469	89	71	540	7740
197	4	5460	14400	471	79	18	7200	14400
198	1	13080	22440	475	82	81	15240	22440
199	2	0	7740	476	51	55	540	7740
200	1	7500	14760	478	3	24	7560	14760
201	4	0	8220	479	86	21	1020	8220
202	3	11760	21900	483	25	26	14700	21900
203	2	10740	21540	486	14	39	14340	21540
204	2	13260	23280	488	73	62	16080	23280
205	1	13680	23700	490	96	3	16500	23700
206	3	18120	26280	491	74	80	19080	26280
207	2	11340	19860	494	77	92	12660	19860
208	9	7680	16680	496	27	30	9480	16680
209	2	7560	18240	505	84	11	11040	18240
210	2	0	9840	507	80	26	2640	9840
211	2	10380	19380	509	85	10	12180	19380
212	1	20580	28740	511	1	63	21540	28740
213	3	11880	20460	512	17	29	13260	20460
214	1	4920	15180	515	39	26	7980	15180
215	2	13800	24480	516	6	29	17280	24480
216	1	1320	11280	518	65	7	4080	11280
217	1	14940	25380	519	94	54	18180	25380
218	3	1140	8460	520	74	72	1260	8460
219	3	8100	15420	523	79	83	8220	15420
220	6	9960	17880	526	62	97	10680	17880
221	5	19440	28500	532	3	28	21300	28500
222	2	6600	16980	537	31	99	9780	16980
223	3	10200	17880	539	77	18	10680	17880
224	1	9660	16860	542	61	5	9660	16860
225	3	10680	19380	543	89	39	12180	19380
226	2	1020	10740	546	88	61	3540	10740
227	5	7320	15360	548	80	70	8160	15360
228	1	900	10980	553	24	45	3780	10980
229	1	0	7680	554	33	77	480	7680
230	1	16380	26160	555	75	68	18960	26160
231	1	8820	16140	556	63	8	8940	16140
232	1	1680	12180	557	76	42	4980	12180
233	3	10500	20760	558	46	58	13560	20760
234	1	13380	22020	561	5	87	14820	22020
235	1	16380	23820	562	90	35	16620	23820
236	9	10380	20100	563	100	63	12900	20100
237	3	10620	18120	572	70	8	10920	18120
238	4	15960	26520	575	26	3	19320	26520
239	1	14100	21420	579	31	56	14220	21420
240	1	2280	10920	580	38	14	3720	10920
241	3	540	10620	581	1	12	3420	10620
242	3	12360	22440	584	72	48	15240	22440
243	1	1440	10380	587	86	7	3180	10380
244	5	13200	23580	588	6	93	16380	23580
245	1	6780	15840	593	16	21	8640	15840
246	2	0	9180	594	38	87	1980	9180
247	1	9600	19320	596	13	41	12120	19320
248	2	2220	11100	597	17	11	3900	11100
249	1	9180	19200	599	18	27	12000	19200
250	2	14700	25500	600	62	65	18300	25500
251	3	15540	25500	602	88	91	18300	25500
252	1	10620	19440	605	25	73	12240	19440
253	9	9900	20040	606	86	96	12840	20040
254	2	5160	15720	615	22	28	8520	15720
255	1	7080	17400	617	58	75	10200	17400
256	1	0	7440	618	77	24	240	7440
257	2	4260	12480	619	48	67	5280	12480
258	3	1620	10140	621	39	89	2940	10140
259	1	8880	16740	624	20	84	9540	16740
260	2	12000	22680	625	73	53	15480	22680
261	5	16680	24840	627	58	8	17640	24840
262	2	8460	18900	632	7	74	11700	18900
263	1	18120	28740	634	3	17	21540	28740
264	1	11940	22440	635	47	63	15240	22440
265	2	20040	28740	636	91	44	21540	28740
266	4	7740	14940	638	17	16	7740	14940
267	8	13860	21540	642	71	86	14340	21540
268	4	5580	14040	650	55	4	6840	14040
269	1	11940	19560	654	45	37	12360	19560
270	1	17880	26460	655	9	24	19260	26460
271	1	17520	26100	656	30	84	18900	26100
272	1	11880	19440	657	76	66	12240	19440
273	3	4980	14280	658	62	34	7080	14280
274	2	18480	27480	661	26	1	20280	27480
275	4	0	8340	663	57	10	1140	8340
276	1	1260	10260	667	31	34	3060	10260
277	2	11100	21840	668	54	80	14640	21840
278	3	11580	20220	670	86	39	13020	20220
279	8	15600	25560	673	31	64	18360	25560
280	2	4380	13740	681	3	12	6540	13740
281	1	3180	12840	683	49	86	5640	12840
282	3	18420	27900	684	70	65	20700	27900
283	2	4620	13980	687	87	98	6780	13980
284	1	12900	23340	689	81	99	16140	23340
285	1	13020	20280	690	45	66	13080	20280
286	4	17400	24900	691	8	57	17700	24900
287	6	20160	27660	695	72	31	20460	27660
288	1	0	7320	701	12	36	120	7320
289	8	2460	12600	702	78	35	5400	12600
290	2	12960	21720	710	95	16	14520	21720
291	10	11520	21240	712	22	32	14040	21240
292	9	3480	14100	722	63	13	6900	14100
293	2	420	8340	731	1	67	1140	8340
294	1	600	8760	733	10	6	1560	8760
295	2	12780	20460	734	50	54	13260	20460
296	2	18180	26400	736	1	37	19200	26400
297	1	10380	19680	738	77	17	12480	19680
298	1	1620	12240	739	48	53	5040	12240
299	1	7260	15300	740	39	45	8100	15300
300	1	6600	16680	741	78	65	9480	16680
301	4	6660	16500	742	84	9	9300	16500
302	1	14220	22080	746	65	12	14880	22080
303	1	4920	14220	747	61	9	7020	14220
304	2	1740	11700	748	39	96	4500	11700
305	7	9780	20160	750	34	80	12960	20160
306	1	7620	16140	757	39	84	8940	16140
307	1	19200	26700	758	94	36	19500	26700
308	1	180	8100	759	31	29	900	8100
309	1	6540	14760	760	2	90	7560	14760
310	1	4500	14160	761	39	15	6960	14160
311	1	6060	13320	762	62	95	6120	13320
312	3	15420	23760	763	33	83	16560	23760
313	1	10500	20880	766	65	95	13680	20880
314	3	8040	18600	767	8	37	11400	18600
315	1	15240	25080	770	83	84	17880	25080
316	1	8520	17040	771	95	77	9840	17040
317	1	10740	21480	772	66	83	14280	21480
318	1	5340	13560	773	57	84	6360	13560
319	16	0	9420	774	30	46	2220	9420
320	3	15900	24000	790	88	75	16800	24000
321	2	10860	18840	793	72	70	11640	18840
322	3	0	8880	795	80	70	1680	8880
323	2	11580	22140	798	6	53	14940	22140
324	4	0	8940	800	73	91	1740	8940
325	4	10080	20400	804	60	60	13200	20400
326	1	10980	19020	808	64	23	11820	19020
327	1	13860	21240	809	27	40	14040	21240
328	3	4200	14640	810	71	62	7440	14640
329	1	6840	16980	813	7	65	9780	16980
330	4	0	7680	814	34	87	480	7680
331	1	17760	25440	818	27	14	18240	25440
332	1	11940	22140	819	60	76	14940	22140
333	2	2460	9900	820	96	94	2700	9900
334	1	1800	11940	822	88	88	4740	11940
335	1	17220	27900	823	63	15	20700	27900
336	3	12120	19800	824	72	66	12600	19800
337	2	12360	20880	827	35	99	13680	20880
338	1	12840	21900	829	63	51	14700	21900
339	1	8400	17160	830	42	51	9960	17160
340	4	7680	15120	831	7	71	7920	15120
341	5	2760	12000	835	83	80	4800	12000
342	1	16140	25860	840	3	99	18660	25860
343	10	4920	13920	841	56	81	6720	13920
344	1	6720	14760	851	65	49	7560	14760
345	6	7800	16560	852	97	66	9360	16560
346	4	3600	12240	858	38	93	5040	12240
347	1	18720	26940	862	34	75	19740	26940
348	2	8940	18480	863	81	65	11280	18480
349	2	18300	28320	865	84	41	21120	28320
350	2	0	8160	867	89	52	960	8160
351	1	14220	24840	869	97	29	17640	24840
352	4	12120	19860	870	77	29	12660	19860
353	1	6540	16560	874	71	47	9360	16560
354	9	3240	13080	875	68	26	5880	13080
355	1	6180	15660	884	41	39	8460	15660
356	2	4980	15540	885	29	6	8340	15540
357	2	4260	14220	887	82	43	7020	14220
358	1	2640	12300	889	0	32	5100	12300
359	4	17940	25500	890	13	49	18300	25500
360	3	14520	22860	894	42	87	15660	22860
361	1	13860	22740	897	35	25	15540	22740
362	1	4260	11700	898	62	57	4500	11700
363	1	12000	22560	899	17	48	15360	22560
364	3	2940	10260	900	41	16	3060	10260
365	1	17760	26640	903	42	11	19440	26640
366	1	0	8520	904	21	22	1320	8520
367	1	14760	24600	905	24	39	17400	24600
368	2	16320	24300	906	71	87	17100	24300
369	9	2280	12480	908	30	90	5280	12480
370	1	10560	19020	917	97	4	11820	19020
371	3	0	9300	918	94	69	2100	9300
372	3	16140	23460	921	12	1	16260	23460
373	2	6180	15660	924	71	33	8460	15660
374	1	7800	15420	926	32	23	8220	15420
375	1	6900	15720	927	14	18	8520	15720
376	1	420	11040	928	8	83	3840	11040
377	1	0	7320	929	23	61	120	7320
378	2	15540	24180	930	74	99	16980	24180
379	1	9240	17460	932	46	52	10260	17460
380	2	1440	10980	933	4	66	3780	10980
381	1	15900	26400	935	85	83	19200	26400
382	5	11760	22320	936	71	58	15120	22320
383	6	13620	21000	941	87	39	13800	21000
384	5	16440	25560	947	99	32	18360	25560
385	9	15660	23220	952	67	91	16020	23220
386	5	5340	12960	961	84	12	5760	12960
387	1	5100	12480	966	47	32	5280	12480
388	6	8640	16080	967	9	25	8880	16080
389	1	5400	14580	973	67	24	7380	14580
390	1	13260	23640	974	99	91	16440	23640
391	5	3540	12240	975	31	2	5040	12240
392	1	13080	22860	980	47	10	15660	22860
393	2	5940	16620	981	66	84	9420	16620
394	1	13020	20760	983	70	53	13560	20760
395	3	3900	11520	984	41	49	4320	11520
396	3	2400	12480	987	11	16	5280	12480
397	4	180	9660	990	31	27	2460	9660
398	2	14700	24180	994	57	36	16980	24180
399	4	0	7440	996	83	64	240	7440
400	1	12000	22560	1000	83	20	15360	22560
401	1	20100	27540	1001	37	5	20340	27540
402	13	15240	25200	1002	89	92	18000	25200
403	6	10080	19080	1015	97	58	11880	19080
404	3	9660	19140	1021	49	12	11940	19140
405	3	14220	21720	1024	89	81	14520	21720
406	2	5640	14580	1027	33	70	7380	14580
407	1	9060	18960	1029	88	54	11760	18960
408	4	6120	14580	1030	21	8	7380	14580
409	1	14700	23160	1034	72	94	15960	23160
410	4	15660	25800	1035	75	69	18600	25800
411	1	0	9240	1039	77	41	2040	9240
412	2	2880	13140	1040	80	35	5940	13140
413	1	8460	16140	1042	3	3	8940	16140
414	1	14940	25140	1043	22	48	17940	25140
415	1	17040	25860	1044	62	87	18660	25860
416	2	600	8100	1045	25	73	900	8100
417	1	16320	24780	1047	0	78	17580	24780
418	2	0	7260	1048	2	4	60	7260
419	2	9840	18060	1050	95	20	10860	18060
420	1	19920	28620	1052	40	64	21420	28620
421	4	10920	20220	1053	60	58	13020	20220
422	1	9660	20100	1057	91	10	12900	20100
423	2	4260	14040	1058	60	71	6840	14040
424	1	0	7860	1060	70	81	660	7860
425	3	13320	21360	1061	53	82	14160	21360
426	5	15240	24060	1064	44	13	16860	24060
427	3	12720	22800	1069	81	71	15600	22800
428	1	1260	9900	1072	9	55	2700	9900
429	1	7560	16620	1073	25	63	9420	16620
430	3	12900	21720	1074	39	100	14520	21720
431	5	10200	18420	1077	28	24	11220	18420
432	4	15840	25320	1082	4	77	18120	25320
433	1	7440	15900	1086	21	44	8700	15900
434	1	10260	18240	1087	40	20	11040	18240
435	3	7500	18240	1088	44	32	11040	18240
436	3	15480	24180	1091	70	47	16980	24180
437	1	1980	12120	1094	8	3	4920	12120
438	10	360	10140	1095	61	74	2940	10140
439	1	7320	17580	1105	77	86	10380	17580
440	4	10500	20400	1106	13	98	13200	20400
441	2	13020	23760	1110	23	27	16560	23760
442	3	12840	20400	1112	56	67	13200	20400
443	4	4080	11700	1115	34	22	4500	11700
444	3	19320	26760	1119	73	77	19560	26760
445	1	6180	16920	1122	25	47	9720	16920
446	2	960	9960	1123	9	16	2760	9960
447	1	4320	13200	1125	37	31	6000	13200
448	1	0	9240	1126	78	86	2040	9240
449	6	2760	12180	1127	64	31	4980	12180
450	3	15000	25440	1133	47	29	18240	25440
451	1	3180	13680	1136	3	47	6480	13680
452	3	4020	11760	1137	1	92	4560	11760
453	1	7500	17940	1140	61	53	10740	17940
454	1	12000	19800	1141	57	45	12600	19800
455	2	15780	23880	1142	23	78	16680	23880
456	3	15660	26340	1144	45	97	19140	26340
457	3	720	9840	1147	0	4	2640	9840
458	2	14940	22440	1150	21	27	15240	22440
459	1	18180	26640	1152	69	17	19440	26640
460	3	0	9480	1153	26	64	2280	9480
461	4	4320	12060	1156	34	87	4860	12060
462	2	0	7260	1160	61	33	60	7260
463	4	19740	27000	1162	98	5	19800	27000
464	1	16500	24060	1166	81	18	16860	24060
465	2	2400	10440	1167	100	56	3240	10440
466	1	7740	17040	1169	98	37	9840	17040
467	2	10500	20640	1170	81	58	13440	20640
468	3	17580	26340	1172	77	98	19140	26340
469	4	18480	27240	1175	53	33	20040	27240
470	1	18960	28560	1179	22	17	21360	28560
471	3	0	8700	1180	34	62	1500	8700
472	1	9780	19140	1183	41	77	11940	19140
473	1	2040	11160	1184	6	74	3960	11160
474	1	6540	16740	1185	76	7	9540	16740
475	1	17100	25380	1186	74	22	18180	25380
476	4	5700	15720	1187	99	47	8520	15720
477	3	14280	24240	1191	85	6	17040	24240
478	2	17280	26460	1194	51	8	19260	26460
479	2	2220	10740	1196	75	82	3540	10740
480	1	0	7380	1198	28	58	180	7380
481	1	15840	24180	1199	99	27	16980	24180
482	5	16560	26040	1200	93	65	18840	26040
483	3	5580	15720	1205	41	1	8520	15720
484	2	8280	18180	1208	18	26	10980	18180
485	1	0	7920	1210	18	63	720	7920
486	3	4860	15240	1211	27	4	8040	15240
487	4	12360	21900	1214	98	95	14700	21900
488	2	5220	12600	1218	55	7	5400	12600
489	5	12120	19920	1220	63	89	12720	19920
490	1	0	9240	1225	88	34	2040	9240
491	2	120	9240	1226	88	41	2040	9240
492	3	6540	16500	1228	2	22	9300	16500
493	1	8160	15660	1231	17	18	8460	15660
494	2	13500	24060	1232	65	8	16860	24060
495	4	17940	28500	1234	81	40	21300	28500
496	2	12060	21600	1238	10	54	14400	21600
497	2	2340	12300	1240	39	43	5100	12300
498	1	900	9540	1242	63	47	2340	9540
499	2	17100	24660	1243	1	51	17460	24660
500	1	15180	25080	1245	24	7	17880	25080
501	4	11460	19560	1246	95	51	12360	19560
502	1	7680	15840	1250	72	33	8640	15840
503	3	600	10260	1251	59	77	3060	10260
504	1	300	9000	1254	16	19	1800	9000
505	2	13260	23040	1255	99	95	15840	23040
506	5	2100	11640	1257	49	53	4440	11640
507	3	3660	12420	1262	5	20	5220	12420
508	1	9600	19680	1265	23	50	12480	19680
509	2	15360	22740	1266	69	26	15540	22740
510	1	600	10740	1268	16	19	3540	10740
511	1	11100	21180	1269	88	98	13980	21180
512	3	16440	27000	1270	97	24	19800	27000
513	2	15120	22980	1273	98	91	15780	22980
514	1	4980	13380	1275	65	36	6180	13380
515	1	5820	15060	1276	30	25	7860	15060
516	1	600	9060	1277	70	33	1860	9060
517	2	9840	17400	1278	27	97	10200	17400
518	8	3180	10920	1280	83	46	3720	10920
519	1	15060	23400	1288	11	45	16200	23400
520	1	0	9600	1289	34	11	2400	9600
521	6	1320	11460	1290	44	25	4260	11460
522	4	4740	13500	1296	82	24	6300	13500
523	5	13440	23760	1300	70	45	16560	23760
524	1	12240	21180	1305	27	59	13980	21180
525	4	10740	18360	1306	86	25	11160	18360
526	1	12120	20220	1310	45	43	13020	20220
527	3	10980	19980	1311	16	15	12780	19980
528	1	18900	26760	1314	36	48	19560	26760
529	3	4080	14400	1315	57	53	7200	14400
530	1	1680	10560	1318	85	0	3360	10560
531	1	1200	10380	1319	50	78	3180	10380
532	1	17400	24960	1320	12	66	17760	24960
533	2	9960	20160	1321	58	89	12960	20160
534	2	16440	24360	1323	16	3	17160	24360
535	1	11580	19140	1325	3	79	11940	19140
536	1	16920	26340	1326	96	46	19140	26340
537	1	4800	12300	1327	31	5	5100	12300
538	4	12120	22440	1328	36	21	15240	22440
539	5	600	8880	1332	84	44	1680	8880
540	2	8460	18240	1337	59	41	11040	18240
541	3	19080	28260	1339	13	0	21060	28260
542	5	16980	25680	1342	21	96	18480	25680
543	1	11640	19620	1347	41	91	12420	19620
544	1	6480	15480	1348	55	72	8280	15480
545	1	8280	15780	1349	1	98	8580	15780
546	7	0	8940	1350	37	22	1740	8940
547	4	18480	27480	1357	38	8	20280	27480
548	2	13380	21660	1361	83	31	14460	21660
549	1	19380	28200	1363	37	10	21000	28200
550	2	16440	26820	1364	55	79	19620	26820
551	7	10680	21360	1366	37	99	14160	21360
552	1	8160	17880	1373	67	56	10680	17880
553	3	5340	14580	1374	98	50	7380	14580
554	3	14340	24360	1377	90	35	17160	24360
555	1	19200	27240	1380	97	84	20040	27240
556	2	12420	20700	1381	41	55	13500	20700
557	1	12660	21960	1383	0	27	14760	21960
558	3	18360	27780	1384	43	10	20580	27780
559	2	7020	16620	1387	91	64	9420	16620
560	1	13800	22680	1389	57	9	15480	22680
561	7	4500	15300	1390	18	88	8100	15300
562	3	7980	15660	1397	62	99	8460	15660
563	2	2700	12420	1400	23	53	5220	12420
564	4	0	8460	1402	95	19	1260	8460
565	4	15600	24180	1406	15	29	16980	24180
566	1	7140	14760	1410	10	62	7560	14760
567	4	17520	27060	1411	67	66	19860	27060
568	1	2580	12180	1415	90	33	4980	12180
569	2	6420	17160	1416	83	66	9960	17160
570	1	14640	23700	1418	49	73	16500	23700
571	7	6180	14760	1419	17	73	7560	14760
572	2	9660	19260	1426	73	25	12060	19260
573	4	7380	17400	1428	1	72	10200	17400
574	3	19920	27480	1432	36	34	20280	27480
575	5	4560	14280	1435	48	18	7080	14280
576	1	16800	24180	1440	25	36	16980	24180
577	2	4200	12240	1441	0	74	5040	12240
578	2	18180	28620	1443	33	47	21420	28620
579	4	8760	16500	1445	86	92	9300	16500
580	2	11040	21480	1449	36	87	14280	21480
581	2	2640	12240	1451	46	8	5040	12240
582	1	1680	12420	1453	23	60	5220	12420
583	1	4320	11700	1454	2	80	4500	11700
584	2	0	7920	1455	86	41	720	7920
585	1	17280	26580	1457	29	50	19380	26580
586	3	16260	24540	1458	48	57	17340	24540
587	1	13200	23940	1461	2	60	16740	23940
588	1	1740	9120	1462	34	40	1920	9120
589	3	7800	17520	1463	70	93	10320	17520
590	4	11700	19800	1466	54	29	12600	19800
591	1	5760	13140	1470	45	72	5940	13140
592	2	9240	17460	1471	19	99	10260	17460
593	1	180	10560	1473	41	97	3360	10560
594	3	840	8700	1474	45	96	1500	8700
595	2	3660	14160	1477	64	44	6960	14160
596	5	0	7620	1479	74	57	420	7620
597	8	0	8580	1484	88	1	1380	8580
598	1	0	8280	1492	60	93	1080	8280
599	1	0	8040	1493	2	84	840	8040
600	1	18120	28260	1494	56	4	21060	28260
601	4	19260	27540	1495	82	90	20340	27540
602	2	8400	18480	1499	50	25	11280	18480
603	3	12600	21120	1501	63	35	13920	21120
604	2	15720	25080	1504	80	56	17880	25080
605	4	2520	10020	1506	69	37	2820	10020
