0	12	100	50	0	50	50	0	0
1	1	12300	25980	1	93	37	22380	25980
2	1	9180	21600	2	70	67	18000	21600
3	6	5940	18420	3	77	38	14820	18420
4	1	3660	15180	9	49	81	11580	15180
5	1	0	9420	10	96	43	5820	9420
6	6	0	8760	11	15	54	5160	8760
7	1	0	12360	17	41	5	8760	12360
8	2	13500	26220	18	78	88	22620	26220
9	2	6600	20580	20	39	84	16980	20580
10	2	6600	18660	22	92	83	15060	18660
11	4	6540	20700	24	73	45	17100	20700
12	1	1020	15060	28	67	47	11460	15060
13	6	5580	17580	29	48	28	13980	17580
14	1	13680	25980	35	66	72	22380	25980
15	5	9780	23760	36	85	26	20160	23760
16	4	12960	24720	41	2	16	21120	24720
17	2	15540	28020	45	92	32	24420	28020
18	2	10140	24120	47	89	91	20520	24120
19	1	2340	16560	49	97	1	12960	16560
20	3	8580	21840	50	83	25	18240	21840
21	1	10080	21180	53	93	94	17580	21180
22	3	7860	19560	54	56	85	15960	19560
23	1	5280	17640	57	64	34	14040	17640
24	1	16980	28560	58	39	27	24960	28560
25	1	2580	14100	59	65	58	10500	14100
26	1	0	11100	60	82	64	7500	11100
27	1	12540	26160	61	11	88	22560	26160
28	2	9720	21060	62	58	19	17460	21060
29	7	0	10500	64	50	93	6900	10500
30	1	0	13860	71	79	51	10260	13860
31	1	240	14160	72	81	86	10560	14160
32	1	960	13680	73	21	24	10080	13680
33	2	0	11160	74	78	20	7560	11160
34	1	1680	14160	76	53	99	10560	14160
35	1	0	10740	77	99	19	7140	10740
36	2	2700	16860	78	56	35	13260	16860
37	1	8820	19860	80	29	16	16260	19860
38	4	9900	23040	81	17	62	19440	23040
39	4	12720	24720	85	42	31	21120	24720
40	2	5100	16320	89	5	20	12720	16320
41	4	0	8580	91	19	68	4980	8580
42	1	0	12000	95	4	34	8400	12000
43	4	5580	18000	96	29	55	14400	18000
44	2	9120	21180	100	98	95	17580	21180
45	2	4740	16860	102	88	1	13260	16860
46	1	9720	20760	104	6	52	17160	20760
47	1	9300	23220	105	17	19	19620	23220
48	3	10680	24120	106	44	52	20520	24120
49	1	0	9480	109	8	59	5880	9480
50	2	16500	27900	110	18	55	24300	27900
51	2	3720	14700	112	16	13	11100	14700
52	1	0	8160	114	31	54	4560	8160
53	3	960	12720	115	99	51	9120	12720
54	9	12900	24240	118	95	14	20640	24240
55	4	0	13500	127	8	16	9900	13500
56	4	1500	14760	131	43	91	11160	14760
57	3	12360	23700	135	59	66	20100	23700
58	3	0	9780	138	25	14	6180	9780
59	1	2940	14820	141	87	86	11220	14820
60	1	5940	19500	142	87	3	15900	19500
61	7	7680	18660	143	8	41	15060	18660
62	2	0	8520	150	10	11	4920	8520
63	3	12780	24240	152	5	15	20640	24240
64	1	5400	19500	155	27	56	15900	19500
65	5	0	8940	156	42	95	5340	8940
66	2	4860	15960	161	64	38	12360	15960
67	3	15360	27540	163	37	45	23940	27540
68	7	480	12900	166	46	91	9300	12900
69	5	1860	15660	173	0	32	12060	15660
70	2	6000	17700	178	17	87	14100	17700
71	6	0	9540	180	52	48	5940	9540
72	1	2220	16380	186	99	27	12780	16380
73	1	7560	20640	187	46	95	17040	20640
74	4	1320	14460	188	42	42	10860	14460
75	1	6360	18000	192	99	63	14400	18000
76	1	2400	16200	193	1	33	12600	16200
77	1	10380	24300	194	60	89	20700	24300
78	4	6360	19920	195	83	82	16320	19920
79	1	7980	21660	199	9	3	18060	21660
80	2	9420	20760	200	6	57	17160	20760
81	1	0	7440	202	42	68	3840	7440
82	2	0	9300	203	2	42	5700	9300
83	2	0	11640	205	2	18	8040	11640
84	4	12600	24300	207	17	22	20700	24300
85	1	1200	15360	211	33	83	11760	15360
86	3	9840	23700	212	39	42	20100	23700
87	1	0	9060	215	15	29	5460	9060
88	1	15960	26880	216	97	83	23280	26880
89	2	0	9240	217	43	88	5640	9240
90	6	5520	17940	219	80	69	14340	17940
91	1	4200	17580	225	34	11	13980	17580
92	2	0	7620	226	96	44	4020	7620
93	8	13560	27900	228	94	14	24300	27900
94	4	14100	24900	236	42	33	21300	24900
95	1	4500	16140	240	48	54	12540	16140
96	4	3900	17580	241	91	41	13980	17580
97	2	10440	23160	245	72	7	19560	23160
98	2	0	8520	247	70	78	4920	8520
99	5	0	8400	249	5	76	4800	8400
100	3	0	8880	254	39	87	5280	8880
101	3	7260	20640	257	1	18	17040	20640
102	1	7380	20580	260	41	55	16980	20580
103	2	0	8280	261	91	98	4680	8280
104	3	5940	19320	263	38	77	15720	19320
105	1	0	12600	266	18	70	9000	12600
106	3	360	12600	267	89	64	9000	12600
107	1	8700	21960	270	11	93	18360	21960
108	1	13740	27060	271	7	58	23460	27060
109	1	4920	17280	272	66	77	13680	17280
110	1	11940	25860	273	35	51	22260	25860
111	1	300	12480	274	93	81	8880	12480
112	1	0	8880	275	76	60	5280	8880
113	5	1860	16020	276	2	30	12420	16020
114	1	10740	24360	281	35	72	20760	24360
115	1	5460	16920	282	94	1	13320	16920
116	5	0	11940	283	85	92	8340	11940
117	1	16560	27540	288	11	40	23940	27540
118	6	15780	28680	289	36	20	25080	28680
119	2	0	12060	295	29	38	8460	12060
120	1	4680	17640	297	2	95	14040	17640
121	1	0	10380	298	39	56	6780	10380
122	2	0	10680	299	51	11	7080	10680
123	1	10920	22980	301	5	12	19380	22980
124	3	0	12360	302	45	65	8760	12360
125	4	11100	25500	305	35	27	21900	25500
126	3	0	11820	309	36	34	8220	11820
127	12	15600	28020	312	68	34	24420	28020
128	1	10560	21540	324	28	33	17940	21540
129	1	12360	25440	325	2	48	21840	25440
130	1	0	10320	326	90	66	6720	10320
131	1	9420	23700	327	67	20	20100	23700
132	1	12900	25140	328	7	9	21540	25140
133	2	14400	27120	329	73	47	23520	27120
134	2	10140	21180	331	63	44	17580	21180
135	3	7380	19680	333	29	71	16080	19680
136	1	0	7800	336	48	87	4200	7800
137	1	1200	12060	337	81	50	8460	12060
138	2	6780	19620	338	74	9	16020	19620
139	2	14100	25500	340	41	15	21900	25500
140	3	6480	19080	342	2	20	15480	19080
141	2	0	9120	345	61	5	5520	9120
142	4	7020	20340	347	48	99	16740	20340
143	1	480	14100	351	50	6	10500	14100
144	3	8580	21420	352	96	43	17820	21420
145	2	13500	27300	355	49	62	23700	27300
146	3	0	10920	357	59	16	7320	10920
147	5	0	10800	360	80	96	7200	10800
148	10	13200	27000	365	34	74	23400	27000
149	2	1680	13620	375	99	22	10020	13620
150	1	0	7620	377	88	52	4020	7620
151	1	0	12060	378	46	60	8460	12060
152	5	9240	21300	379	12	70	17700	21300
153	3	7140	21420	384	20	50	17820	21420
154	1	6480	17880	387	95	74	14280	17880
155	3	0	12300	388	99	86	8700	12300
156	3	10560	23640	391	44	41	20040	23640
157	3	0	7620	394	11	42	4020	7620
158	7	15180	27000	397	3	77	23400	27000
159	6	1740	15360	404	71	31	11760	15360
160	3	7260	18660	410	3	38	15060	18660
161	1	16080	28380	413	19	63	24780	28380
162	3	0	8100	414	92	96	4500	8100
163	2	15000	28500	417	37	37	24900	28500
164	1	9660	23340	419	72	92	19740	23340
165	6	240	14400	420	7	44	10800	14400
166	1	0	9780	426	6	81	6180	9780
167	2	13260	24180	427	86	8	20580	24180
168	5	12240	24600	429	7	25	21000	24600
169	1	9120	23280	434	35	42	19680	23280
170	1	4620	17100	435	78	35	13500	17100
171	1	6000	16980	436	13	52	13380	16980
172	4	13980	28380	437	18	16	24780	28380
173	2	10020	21840	441	50	60	18240	21840
174	1	0	7260	443	60	15	3660	7260
175	3	13260	26700	444	14	82	23100	26700
176	2	8580	21660	447	54	33	18060	21660
177	1	0	9780	449	93	34	6180	9780
178	4	15420	26280	450	68	94	22680	26280
179	5	0	9360	454	98	89	5760	9360
180	3	10740	23280	459	8	30	19680	23280
181	3	0	11340	462	15	80	7740	11340
182	2	2520	15780	465	42	87	12180	15780
183	5	10020	23640	467	10	60	20040	23640
184	2	10200	24300	472	28	100	20700	24300
185	3	900	13080	474	9	3	9480	13080
186	2	2280	16080	477	17	39	12480	16080
187	3	10380	24060	479	69	79	20460	24060
188	2	3300	15780	482	50	95	12180	15780
189	1	13680	27960	484	51	71	24360	27960
190	3	14940	26580	485	6	76	22980	26580
191	3	3000	15120	488	16	75	11520	15120
192	1	0	10260	491	31	9	6660	10260
193	1	14040	27540	492	56	46	23940	27540
194	7	1860	13560	493	93	14	9960	13560
195	2	11280	22740	500	76	38	19140	22740
196	1	0	10380	502	4	23	6780	10380
197	1	2580	13740	503	46	86	10140	13740
198	1	10140	23640	504	46	41	20040	23640
199	2	0	11160	505	31	100	7560	11160
200	3	9060	21060	507	44	7	17460	21060
201	1	2460	16620	510	27	2	13020	16620
202	4	6240	19320	511	33	49	15720	19320
203	3	8700	20160	515	5	75	16560	20160
204	1	10800	21900	518	41	95	18300	21900
205	3	7740	20580	519	87	79	16980	20580
206	1	11520	23520	522	57	38	19920	23520
207	2	12840	26280	523	67	63	22680	26280
208	3	6060	17220	525	92	12	13620	17220
209	2	11460	22320	528	95	64	18720	22320
210	2	8700	20940	530	4	77	17340	20940
211	1	4320	16740	532	37	12	13140	16740
212	1	5520	17820	533	4	70	14220	17820
213	1	7560	21060	534	25	13	17460	21060
214	1	11460	25860	535	99	29	22260	25860
215	2	2040	14040	536	15	54	10440	14040
216	2	1560	12420	538	4	27	8820	12420
217	2	0	13080	540	79	96	9480	13080
218	2	0	8040	542	74	42	4440	8040
219	2	6660	20400	544	14	89	16800	20400
220	1	1740	13800	546	72	100	10200	13800
221	1	0	8580	547	35	77	4980	8580
222	2	14580	26820	548	57	95	23220	26820
223	1	1440	14340	550	9	42	10740	14340
224	2	3480	17400	551	76	53	13800	17400
225	2	120	13740	553	1	42	10140	13740
226	1	15780	27360	555	63	16	23760	27360
227	2	0	12240	556	100	80	8640	12240
228	2	8280	22620	558	26	38	19020	22620
229	3	4800	17760	560	81	98	14160	17760
230	5	5160	16560	563	7	52	12960	16560
231	1	8820	22980	568	83	87	19380	22980
232	1	5100	19020	569	35	2	15420	19020
233	2	2700	13860	570	55	36	10260	13860
234	3	0	8220	572	17	10	4620	8220
235	3	4140	18180	575	42	8	14580	18180
236	3	12120	23520	578	3	56	19920	23520
237	2	0	7500	581	75	50	3900	7500
238	1	8040	22080	583	77	58	18480	22080
239	4	13200	26580	584	40	50	22980	26580
240	7	14760	26580	588	99	9	22980	26580
241	2	8040	19500	595	66	23	15900	19500
242	4	9120	23400	597	62	84	19800	23400
243	3	8220	20580	601	36	52	16980	20580
244	10	8760	20880	604	68	56	17280	20880
245	1	4980	16080	614	45	71	12480	16080
246	2	9720	23640	615	7	28	20040	23640
247	1	0	7380	617	8	7	3780	7380
248	1	540	13080	618	42	43	9480	13080
249	2	0	10080	619	52	61	6480	10080
250	5	0	11940	621	70	63	8340	11940
251	5	1080	13080	626	87	62	9480	13080
252	7	7920	19260	631	70	80	15660	19260
253	1	16500	28320	638	91	73	24720	28320
254	8	13500	24840	639	17	50	21240	24840
255	1	14280	26820	647	8	63	23220	26820
256	5	0	10320	648	55	23	6720	10320
257	1	2880	17040	653	87	43	13440	17040
258	1	10800	23700	654	20	48	20100	23700
259	2	13560	25980	655	71	75	22380	25980
260	6	10680	22680	657	7	23	19080	22680
261	1	14760	27840	663	53	54	24240	27840
262	2	4140	17400	664	63	91	13800	17400
263	2	8340	19500	666	14	61	15900	19500
264	2	1560	12540	668	8	26	8940	12540
265	5	8760	21480	670	67	1	17880	21480
266	3	600	12540	675	63	26	8940	12540
267	2	240	13800	678	100	22	10200	13800
268	1	1620	14760	680	88	49	11160	14760
269	3	9240	20880	681	69	11	17280	20880
270	8	300	13380	684	5	13	9780	13380
271	1	0	11940	692	16	99	8340	11940
272	1	0	11520	693	15	4	7920	11520
273	3	4620	16380	694	65	27	12780	16380
274	3	10140	21120	697	84	88	17520	21120
275	1	3960	15360	700	83	42	11760	15360
276	6	17040	28260	701	97	99	24660	28260
277	3	0	7680	707	42	56	4080	7680
278	4	2760	15720	710	67	87	12120	15720
279	2	0	8340	714	81	37	4740	8340
280	4	14820	26940	716	95	92	23340	26940
281	1	4620	16620	720	1	78	13020	16620
282	2	11220	23820	721	61	37	20220	23820
283	1	4560	17400	723	87	97	13800	17400
284	1	12540	25020	724	52	8	21420	25020
285	4	11940	25020	725	99	22	21420	25020
286	1	13020	27360	729	98	4	23760	27360
287	1	14160	28380	730	19	15	24780	28380
288	1	14700	28380	731	31	25	24780	28380
289	3	8760	22980	732	1	93	19380	22980
290	3	4620	15660	735	31	4	12060	15660
291	4	6780	20220	738	3	82	16620	20220
292	3	6840	18180	742	70	14	14580	18180
293	1	0	9000	745	54	79	5400	9000
294	1	13500	26520	746	39	83	22920	26520
295	2	720	14220	747	42	62	10620	14220
296	1	8760	21060	749	41	48	17460	21060
297	2	0	10020	750	60	4	6420	10020
298	1	2520	15420	752	51	54	11820	15420
299	4	8520	22620	753	5	38	19020	22620
300	1	3300	15660	757	31	70	12060	15660
301	3	3000	13980	758	73	50	10380	13980
302	2	8760	22140	761	80	93	18540	22140
303	3	3480	17880	763	27	11	14280	17880
304	5	0	8820	766	31	27	5220	8820
