0	12	100	50	0	50	50	0	0
1	1	16680	26820	1	16	55	19620	26820
2	4	11760	19740	2	66	85	12540	19740
3	1	3960	11940	6	96	21	4740	11940
4	1	6300	15660	7	43	29	8460	15660
5	3	16740	26520	8	45	28	19320	26520
6	2	420	10080	11	81	89	2880	10080
7	5	19020	28080	13	88	4	20880	28080
8	3	7140	14400	18	19	36	7200	14400
9	1	300	10440	21	96	35	3240	10440
10	5	1500	8760	22	60	17	1560	8760
11	7	0	8100	27	15	71	900	8100
12	2	12840	21060	34	29	91	13860	21060
13	1	12180	20040	36	14	13	12840	20040
14	2	13320	22140	37	65	65	14940	22140
15	3	13080	21300	39	53	4	14100	21300
16	2	9240	17820	42	9	45	10620	17820
17	1	9720	18600	44	69	96	11400	18600
18	1	14460	23100	45	78	27	15900	23100
19	12	19380	26640	46	96	90	19440	26640
20	8	5700	14700	58	90	27	7500	14700
21	1	16920	27660	66	8	38	20460	27660
22	1	9300	19860	67	40	82	12660	19860
23	2	6060	15540	68	98	99	8340	15540
24	1	14760	22260	70	69	33	15060	22260
25	1	11220	20640	71	86	40	13440	20640
26	1	13020	20220	72	53	92	13020	20220
27	5	17400	24720	73	76	72	17520	24720
28	3	11100	19140	78	37	36	11940	19140
29	1	10320	18240	81	44	4	11040	18240
30	2	1140	11340	82	42	12	4140	11340
31	4	1740	12480	84	77	26	5280	12480
32	1	3480	11520	88	76	0	4320	11520
33	3	8700	18900	89	59	84	11700	18900
34	3	3120	11460	92	78	17	4260	11460
35	3	1800	11700	95	6	65	4500	11700
36	5	17760	25140	98	15	12	17940	25140
37	2	18000	25560	103	56	60	18360	25560
38	3	7620	14940	105	70	35	7740	14940
39	5	0	8220	108	17	10	1020	8220
40	1	7740	15660	113	47	23	8460	15660
41	1	4020	12780	114	75	21	5580	12780
42	6	300	10980	115	12	97	3780	10980
43	1	14520	23580	121	65	36	16380	23580
44	1	12480	22320	122	15	4	15120	22320
45	3	8040	17040	123	10	60	9840	17040
46	5	8760	19440	126	99	1	12240	19440
47	1	16620	26700	131	27	24	19500	26700
48	5	7980	17280	132	53	15	10080	17280
49	2	9900	18300	137	6	83	11100	18300
50	1	12720	20100	139	100	81	12900	20100
51	2	11820	22020	140	73	29	14820	22020
52	6	12060	19920	142	92	82	12720	19920
53	2	15120	22740	148	17	29	15540	22740
54	4	6960	16740	150	95	98	9540	16740
55	5	13500	22140	154	14	53	14940	22140
56	1	12120	20160	159	31	92	12960	20160
57	1	3960	11460	160	27	4	4260	11460
58	1	3720	14160	161	78	34	6960	14160
59	2	11160	19140	162	1	34	11940	19140
60	2	2160	11220	164	70	96	4020	11220
61	2	18420	28440	166	40	26	21240	28440
62	1	0	8700	168	20	9	1500	8700
63	1	12120	21060	169	93	53	13860	21060
64	3	0	8460	170	0	29	1260	8460
65	1	19920	28200	173	22	84	21000	28200
66	2	15660	24000	174	92	99	16800	24000
67	4	1200	8820	176	85	43	1620	8820
68	1	0	7620	180	62	40	420	7620
69	1	11340	21120	181	13	6	13920	21120
70	2	4860	15060	182	55	77	7860	15060
71	2	14940	25200	184	0	20	18000	25200
72	2	13980	22200	186	68	30	15000	22200
73	3	6360	14040	188	100	47	6840	14040
74	3	1080	9960	191	7	59	2760	9960
75	4	15540	23220	194	41	18	16020	23220
76	1	3360	13740	198	77	14	6540	13740
77	3	5340	13200	199	50	80	6000	13200
78	5	17280	25620	202	2	67	18420	25620
79	1	6900	17580	207	6	45	10380	17580
80	2	14820	25380	208	47	83	18180	25380
81	1	3360	12480	210	7	7	5280	12480
82	4	16380	25560	211	20	2	18360	25560
83	5	5760	14880	215	71	47	7680	14880
84	1	4800	13080	220	34	88	5880	13080
85	3	540	9660	221	56	81	2460	9660
86	1	13620	22440	224	6	30	15240	22440
87	1	0	7980	225	27	83	780	7980
88	2	15900	24840	226	67	29	17640	24840
89	1	8940	17820	228	40	33	10620	17820
90	1	1980	10140	229	72	80	2940	10140
91	2	17580	28260	230	84	14	21060	28260
92	4	20340	27720	232	75	64	20520	27720
93	2	17940	27540	236	46	24	20340	27540
94	2	15720	23820	238	59	61	16620	23820
95	5	13440	23460	240	38	10	16260	23460
96	4	2160	11400	245	86	21	4200	11400
97	1	6480	17220	249	55	2	10020	17220
98	1	1560	11700	250	62	76	4500	11700
99	3	420	7860	251	100	57	660	7860
100	1	3900	13020	254	78	35	5820	13020
101	1	0	9900	255	49	71	2700	9900
102	1	2640	11460	256	19	67	4260	11460
103	2	6600	15120	257	85	91	7920	15120
104	3	13320	23460	259	4	86	16260	23460
105	1	3960	14580	262	84	75	7380	14580
106	7	5520	13140	263	60	60	5940	13140
107	5	10020	19800	270	69	31	12600	19800
108	2	14040	24300	275	69	55	17100	24300
109	2	16440	23880	277	26	91	16680	23880
110	6	12660	22560	279	19	27	15360	22560
111	1	19680	26940	285	0	37	19740	26940
112	2	20040	28560	286	77	90	21360	28560
113	4	4680	13380	288	47	45	6180	13380
114	1	0	9420	292	15	59	2220	9420
115	7	11340	21900	293	81	70	14700	21900
116	5	0	8460	300	34	92	1260	8460
117	4	18840	28740	305	83	24	21540	28740
118	1	10200	17580	309	82	53	10380	17580
119	1	11640	21300	310	8	72	14100	21300
120	4	5820	13800	311	23	99	6600	13800
121	1	14880	24120	315	61	13	16920	24120
122	2	2580	11880	316	74	13	4680	11880
123	2	17280	25980	318	77	52	18780	25980
124	3	9660	19920	320	31	99	12720	19920
125	1	3840	14400	323	80	41	7200	14400
126	3	14100	21300	324	28	56	14100	21300
127	1	300	9840	327	46	93	2640	9840
128	1	13680	24360	328	44	42	17160	24360
129	1	1080	9540	329	57	40	2340	9540
130	7	15480	22800	330	89	42	15600	22800
131	3	1200	9960	337	65	60	2760	9960
132	2	5040	13260	340	5	72	6060	13260
133	1	0	7500	342	44	12	300	7500
134	2	7500	18060	343	96	5	10860	18060
135	4	600	10680	345	69	32	3480	10680
136	2	16320	25620	349	31	71	18420	25620
137	3	12960	20700	351	90	16	13500	20700
138	6	8280	15720	354	33	7	8520	15720
139	2	20280	28740	360	29	41	21540	28740
140	1	2220	12780	362	97	12	5580	12780
141	4	6780	15360	363	85	63	8160	15360
142	3	0	9540	367	46	93	2340	9540
143	1	4560	11820	370	69	22	4620	11820
144	4	14880	24360	371	79	29	17160	24360
145	2	2580	10200	375	50	20	3000	10200
146	1	0	7860	377	11	71	660	7860
147	1	3600	11880	378	43	77	4680	11880
148	1	3720	13500	379	60	92	6300	13500
149	2	17040	25980	380	4	39	18780	25980
150	2	14820	22380	382	80	94	15180	22380
151	1	19200	26460	384	81	55	19260	26460
152	1	14760	22140	385	0	6	14940	22140
153	1	7320	15300	386	80	82	8100	15300
154	1	2280	12900	387	73	63	5700	12900
155	1	9360	19320	388	85	39	12120	19320
156	3	13200	21240	389	69	13	14040	21240
157	1	4500	15300	392	11	71	8100	15300
158	1	3360	11880	393	48	34	4680	11880
159	1	6720	16980	394	2	48	9780	16980
160	4	6240	16620	395	37	8	9420	16620
161	1	14340	21840	399	81	46	14640	21840
162	6	18240	27600	400	24	42	20400	27600
163	9	5220	14700	406	47	53	7500	14700
164	1	480	10620	415	34	72	3420	10620
165	1	7380	17700	416	30	34	10500	17700
166	3	16560	25500	417	67	44	18300	25500
167	1	2160	12600	420	99	3	5400	12600
168	2	8940	17280	421	71	13	10080	17280
169	1	3060	11580	423	30	34	4380	11580
170	8	4380	14340	424	42	57	7140	14340
171	1	3000	13380	432	49	63	6180	13380
172	7	12240	22680	433	15	22	15480	22680
173	1	3540	12780	440	18	12	5580	12780
174	2	960	10200	441	27	29	3000	10200
175	7	9480	19140	443	21	71	11940	19140
176	1	0	8520	450	39	40	1320	8520
177	2	16560	27000	451	93	7	19800	27000
178	2	18540	26220	453	86	8	19020	26220
179	1	2520	10080	455	49	95	2880	10080
180	8	11220	20220	456	29	36	13020	20220
181	4	9840	18420	464	76	57	11220	18420
182	2	840	8460	468	8	30	1260	8460
183	3	17820	28020	470	17	15	20820	28020
184	1	2040	10740	473	46	4	3540	10740
185	2	2940	11520	474	32	26	4320	11520
186	5	8220	17940	476	8	14	10740	17940
187	4	16380	25200	481	61	13	18000	25200
188	2	16620	24420	485	68	65	17220	24420
189	1	6780	16620	487	58	56	9420	16620
190	1	7620	16980	488	90	82	9780	16980
191	3	300	10620	489	41	71	3420	10620
192	2	10680	20460	492	74	86	13260	20460
193	3	9360	18060	494	24	20	10860	18060
194	4	4920	13680	497	70	72	6480	13680
195	7	15180	25020	501	62	89	17820	25020
196	4	0	7800	508	9	9	600	7800
197	3	1740	12360	512	88	93	5160	12360
198	4	1440	9660	515	67	82	2460	9660
199	5	14220	23580	519	71	11	16380	23580
200	2	0	7380	524	98	92	180	7380
201	5	1560	9600	526	68	40	2400	9600
202	2	21000	28740	531	52	17	21540	28740
203	1	9960	17520	533	7	62	10320	17520
204	1	6840	16620	534	28	70	9420	16620
205	1	0	8400	535	71	6	1200	8400
206	2	10140	17640	536	59	49	10440	17640
207	1	6600	14340	538	17	5	7140	14340
208	1	120	10860	539	94	15	3660	10860
209	4	0	8340	540	100	30	1140	8340
210	6	17700	26700	544	66	91	19500	26700
211	2	12720	21180	550	39	1	13980	21180
212	1	16260	26100	552	8	21	18900	26100
213	2	17220	26400	553	4	58	19200	26400
214	1	18600	28260	555	25	85	21060	28260
215	2	9000	18180	556	37	86	10980	18180
216	3	12420	19680	558	60	97	12480	19680
217	2	600	10200	561	7	84	3000	10200
218	8	15480	24840	563	70	99	17640	24840
219	5	19980	27780	571	8	65	20580	27780
220	1	0	7260	576	58	67	60	7260
221	3	12900	22020	577	90	90	14820	22020
222	2	8700	18120	580	74	39	10920	18120
223	1	1680	10980	582	47	9	3780	10980
224	4	7800	16500	583	18	94	9300	16500
225	2	7260	17340	587	38	10	10140	17340
226	1	9600	18300	589	78	75	11100	18300
227	1	10080	18240	590	75	72	11040	18240
228	2	7440	18180	591	22	5	10980	18180
229	3	11700	19080	593	51	94	11880	19080
230	2	16980	26160	596	78	72	18960	26160
231	2	10860	21600	598	33	16	14400	21600
232	5	20400	28740	600	35	37	21540	28740
233	3	15240	25560	605	15	95	18360	25560
234	2	6960	17520	608	75	45	10320	17520
235	6	17760	27420	610	31	53	20220	27420
236	1	7140	17340	616	90	90	10140	17340
237	1	12420	19680	617	38	65	12480	19680
238	8	14640	22260	618	87	16	15060	22260
239	2	10740	21240	626	67	97	14040	21240
240	1	14760	24120	628	30	96	16920	24120
241	3	8940	16500	629	46	63	9300	16500
242	6	3300	13200	632	27	88	6000	13200
243	3	9120	17760	638	5	23	10560	17760
244	3	17580	25740	641	15	96	18540	25740
245	3	16140	26280	644	46	73	19080	26280
246	3	13920	22980	647	38	35	15780	22980
247	2	5100	13920	650	15	53	6720	13920
248	1	4860	13980	652	90	38	6780	13980
249	2	14700	22380	653	42	40	15180	22380
250	7	9180	16560	655	96	98	9360	16560
251	8	5940	15540	662	80	36	8340	15540
252	2	0	7500	670	20	78	300	7500
253	2	3780	12300	672	26	16	5100	12300
254	1	420	9060	674	70	94	1860	9060
255	1	19860	28560	675	55	59	21360	28560
256	4	5880	13380	676	80	96	6180	13380
257	1	3300	13980	680	23	17	6780	13980
258	4	18120	26880	681	50	47	19680	26880
259	3	7560	16260	685	3	53	9060	16260
260	3	4800	12300	688	15	34	5100	12300
261	2	19980	28320	691	98	93	21120	28320
262	1	8460	18480	693	33	15	11280	18480
263	8	9840	17520	694	82	27	10320	17520
264	1	17220	27360	702	57	27	20160	27360
265	8	12780	22980	703	34	12	15780	22980
266	2	11940	19560	711	77	48	12360	19560
267	2	2520	11400	713	0	1	4200	11400
268	4	5580	12960	715	8	69	5760	12960
269	1	5820	14700	719	61	57	7500	14700
270	1	12060	19860	720	7	43	12660	19860
271	4	11940	20280	721	29	66	13080	20280
272	8	0	8460	725	82	74	1260	8460
273	1	3420	12300	733	57	31	5100	12300
274	1	14460	23640	734	97	20	16440	23640
275	1	12960	22320	735	86	39	15120	22320
276	4	10860	18660	736	16	59	11460	18660
