0	24	100	100	0	50	50	0	0
1	1	14580	25800	1	100	90	18600	25800
2	1	4680	18180	2	61	99	10980	18180
3	1	6420	20040	3	44	60	12840	20040
4	2	14280	28080	4	30	97	20880	28080
5	9	11760	24060	6	26	20	16860	24060
6	4	9540	20460	15	37	5	13260	20460
7	1	5880	18480	19	41	65	11280	18480
8	2	0	9000	20	3	99	1800	9000
9	1	3840	18120	22	10	47	10920	18120
10	3	7200	19800	23	72	93	12600	19800
11	1	3360	15720	26	81	90	8520	15720
12	2	60	11220	27	28	21	4020	11220
13	3	15960	28740	29	65	83	21540	28740
14	1	0	8760	32	78	81	1560	8760
15	1	0	9060	33	48	65	1860	9060
16	7	15900	27900	34	69	7	20700	27900
17	6	2280	16380	41	51	57	9180	16380
18	1	7080	21120	47	34	46	13920	21120
19	3	0	7980	48	60	82	780	7980
20	2	7320	21120	51	18	79	13920	21120
21	1	0	10860	53	16	6	3660	10860
22	2	14100	26460	54	99	89	19260	26460
23	1	12960	26760	56	84	46	19560	26760
24	2	8940	21840	57	40	2	14640	21840
25	6	0	11040	59	85	88	3840	11040
26	3	0	7320	65	90	3	120	7320
27	1	14400	28440	68	15	41	21240	28440
28	2	11040	22260	69	79	63	15060	22260
29	4	16380	27300	71	28	97	20100	27300
30	1	6300	18540	75	16	63	11340	18540
31	2	10500	22740	76	18	2	15540	22740
32	1	4320	15480	78	30	67	8280	15480
33	9	13920	27720	79	74	5	20520	27720
34	3	9540	22740	88	80	23	15540	22740
35	1	2520	15420	91	31	11	8220	15420
36	1	0	9960	92	65	40	2760	9960
37	3	0	9480	93	5	97	2280	9480
38	4	0	10080	96	45	30	2880	10080
39	3	7620	19680	100	31	97	12480	19680
40	1	7140	18960	103	33	49	11760	18960
41	4	8100	19260	104	93	40	12060	19260
42	1	5100	18960	108	52	44	11760	18960
43	3	12480	24360	109	60	46	17160	24360
44	3	0	10920	112	13	27	3720	10920
45	3	8400	21780	115	18	43	14580	21780
46	3	13860	26700	118	16	79	19500	26700
47	1	5640	19200	121	21	33	12000	19200
48	1	15000	28320	122	34	21	21120	28320
49	1	13020	25440	123	38	51	18240	25440
50	2	0	8460	124	71	47	1260	8460
51	5	2100	15420	126	28	61	8220	15420
52	6	10920	22860	131	58	45	15660	22860
53	1	9180	20760	137	21	31	13560	20760
54	3	5460	18240	138	85	21	11040	18240
55	3	0	11400	141	24	11	4200	11400
56	3	10020	22440	144	22	44	15240	22440
57	8	0	9120	147	46	86	1920	9120
58	1	0	7560	155	35	12	360	7560
59	2	0	14340	156	56	6	7140	14340
60	1	13080	26400	158	47	82	19200	26400
61	5	9240	23580	159	59	74	16380	23580
62	4	60	13200	164	46	51	6000	13200
63	5	11760	24540	168	20	92	17340	24540
64	6	17940	28800	173	4	27	21600	28800
65	1	0	9720	179	1	43	2520	9720
66	1	7200	19020	180	89	89	11820	19020
67	2	16080	28500	181	63	22	21300	28500
68	2	6420	19680	183	48	61	12480	19680
69	1	0	7800	185	85	73	600	7800
70	2	2340	15840	186	45	10	8640	15840
71	1	1860	15300	188	48	62	8100	15300
72	1	5340	18840	189	14	93	11640	18840
73	2	16260	28440	190	50	37	21240	28440
74	4	5100	17100	192	32	53	9900	17100
75	3	7260	19620	196	85	3	12420	19620
76	1	0	12540	199	67	96	5340	12540
77	1	8880	20400	200	67	71	13200	20400
78	1	3540	14700	201	91	51	7500	14700
79	4	0	10560	202	19	91	3360	10560
80	3	10980	22140	206	29	42	14940	22140
81	2	2340	14100	209	13	56	6900	14100
82	4	10680	21960	211	36	73	14760	21960
83	1	8700	19740	215	86	63	12540	19740
84	4	8520	22800	216	55	60	15600	22800
85	1	6720	18480	220	6	19	11280	18480
86	3	1260	14760	221	68	96	7560	14760
87	3	11940	24600	224	28	0	17400	24600
88	1	15420	27300	227	80	7	20100	27300
89	1	11460	25020	228	100	32	17820	25020
90	2	0	7320	229	51	70	120	7320
91	2	14100	27960	231	70	94	20760	27960
92	2	10980	22380	233	24	43	15180	22380
93	1	12420	24540	235	46	40	17340	24540
94	3	13800	27180	236	49	6	19980	27180
95	7	9720	22980	239	64	21	15780	22980
96	4	0	8880	246	64	27	1680	8880
97	1	11340	24780	250	16	94	17580	24780
98	3	9120	21540	251	26	78	14340	21540
99	3	13860	27360	254	91	32	20160	27360
100	1	840	12480	257	60	18	5280	12480
101	1	540	13860	258	86	90	6660	13860
102	2	8640	20280	259	9	34	13080	20280
103	1	0	11220	261	28	56	4020	11220
104	1	12900	24780	262	57	99	17580	24780
105	2	13200	25320	263	82	37	18120	25320
106	3	11700	25080	265	15	15	17880	25080
107	1	0	7620	268	73	15	420	7620
108	1	0	7260	269	34	0	60	7260
109	3	14820	26940	270	93	20	19740	26940
110	3	16500	27900	273	36	96	20700	27900
111	1	6780	20280	276	40	48	13080	20280
112	5	7140	19860	277	28	47	12660	19860
113	5	5400	17520	282	41	86	10320	17520
114	1	15060	26580	287	92	34	19380	26580
115	2	0	9180	288	12	53	1980	9180
116	2	12480	26220	290	14	12	19020	26220
117	2	8160	20580	292	15	39	13380	20580
118	3	480	14520	294	43	29	7320	14520
119	1	12480	25620	297	55	36	18420	25620
120	1	9540	22440	298	49	83	15240	22440
121	1	2640	15180	299	73	50	7980	15180
122	1	0	10080	300	64	96	2880	10080
123	2	0	10500	301	97	81	3300	10500
124	1	0	7980	303	79	45	780	7980
125	2	17340	28680	304	94	75	21480	28680
126	1	1080	13440	306	83	54	6240	13440
127	3	0	9360	307	73	21	2160	9360
128	1	8940	23160	310	8	70	15960	23160
129	5	9960	23640	311	9	92	16440	23640
130	1	0	10800	316	81	25	3600	10800
131	4	2100	14100	317	21	30	6900	14100
132	3	15240	26460	321	31	23	19260	26460
133	5	15480	28260	324	77	42	21060	28260
134	2	10740	25020	329	58	41	17820	25020
135	5	9360	22260	331	54	26	15060	22260
136	3	3060	15480	336	24	81	8280	15480
137	2	3060	14280	339	40	91	7080	14280
138	8	7920	20220	341	53	73	13020	20220
139	1	9360	21720	349	88	84	14520	21720
140	2	8280	19680	350	6	62	12480	19680
141	3	9360	23520	352	28	98	16320	23520
142	3	14400	27120	355	35	67	19920	27120
143	5	4620	18000	358	30	63	10800	18000
144	1	4800	15720	363	55	66	8520	15720
145	1	12840	26460	364	32	1	19260	26460
146	3	11940	25260	365	56	86	18060	25260
147	1	0	9420	368	33	46	2220	9420
148	2	11400	23520	369	90	35	16320	23520
149	1	13740	26100	371	43	9	18900	26100
150	2	7920	19320	372	57	82	12120	19320
151	3	0	8760	374	14	90	1560	8760
152	3	4620	16680	377	16	14	9480	16680
153	3	10980	25320	380	40	14	18120	25320
154	1	4560	16860	383	51	60	9660	16860
155	1	15540	27420	384	30	95	20220	27420
156	2	7140	20940	385	29	35	13740	20940
157	1	8040	20160	387	61	10	12960	20160
158	3	8880	21540	388	55	72	14340	21540
159	1	12360	26400	391	19	77	19200	26400
160	4	14100	26100	392	86	10	18900	26100
161	2	0	11460	396	15	26	4260	11460
162	2	0	7560	398	94	9	360	7560
163	1	0	9300	400	4	58	2100	9300
164	1	6540	17760	401	39	35	10560	17760
165	1	0	7860	402	76	72	660	7860
166	1	11280	25620	403	61	18	18420	25620
167	5	0	8400	404	62	69	1200	8400
168	1	14520	28380	409	25	7	21180	28380
169	1	6240	17760	410	23	97	10560	17760
170	1	0	8760	411	46	24	1560	8760
171	2	15180	26160	412	48	63	18960	26160
172	1	11940	25380	414	26	54	18180	25380
173	1	8520	21900	415	52	60	14700	21900
174	2	0	9960	416	20	63	2760	9960
175	1	0	10320	418	87	44	3120	10320
176	3	600	14580	419	84	79	7380	14580
177	2	1560	14880	422	51	13	7680	14880
178	7	8400	19920	424	90	37	12720	19920
179	3	6900	19320	431	30	6	12120	19320
180	5	9180	22200	434	89	15	15000	22200
181	6	3660	17520	439	32	97	10320	17520
182	1	13080	26820	445	5	69	19620	26820
183	3	5340	18900	446	67	83	11700	18900
184	1	0	9300	449	17	90	2100	9300
185	1	11520	24900	450	27	49	17700	24900
186	2	11820	24960	451	39	83	17760	24960
187	2	600	14220	453	8	14	7020	14220
188	1	0	9660	455	41	11	2460	9660
189	1	4440	15720	456	51	26	8520	15720
190	5	5340	19080	457	24	85	11880	19080
191	1	5220	17520	462	23	23	10320	17520
192	1	11040	22380	463	96	53	15180	22380
193	3	8160	20940	464	24	33	13740	20940
194	2	0	7380	467	53	64	180	7380
195	2	15600	26580	469	45	5	19380	26580
196	5	0	9240	471	16	66	2040	9240
197	2	120	13500	476	53	73	6300	13500
198	1	14940	26700	478	40	6	19500	26700
199	1	12240	26640	479	37	29	19440	26640
200	4	15900	26880	480	23	94	19680	26880
201	2	4560	17340	484	82	5	10140	17340
202	3	11940	25740	486	47	11	18540	25740
203	2	0	11640	489	17	54	4440	11640
204	1	0	9900	491	85	100	2700	9900
205	2	3360	17340	492	98	12	10140	17340
206	1	0	9300	494	75	36	2100	9300
207	3	8820	21960	495	58	51	14760	21960
208	3	0	9720	498	38	14	2520	9720
209	1	13080	25620	501	10	85	18420	25620
210	4	7560	21000	502	8	42	13800	21000
211	1	9960	21120	506	29	50	13920	21120
212	5	12960	26940	507	64	87	19740	26940
213	3	5820	17940	512	77	21	10740	17940
214	2	3480	14580	515	32	54	7380	14580
215	1	12900	26220	517	21	85	19020	26220
216	1	0	9900	518	38	54	2700	9900
217	7	4320	17940	519	8	29	10740	17940
218	1	13740	27120	526	4	33	19920	27120
219	2	4620	17520	527	23	65	10320	17520
220	1	1320	13380	529	33	20	6180	13380
221	1	15300	28200	530	23	52	21000	28200
222	3	11280	25320	531	98	69	18120	25320
223	12	14280	28200	534	59	42	21000	28200
224	1	0	7740	546	87	51	540	7740
225	4	240	11340	547	73	98	4140	11340
226	3	12600	26940	551	97	73	19740	26940
227	1	0	9180	554	97	12	1980	9180
228	1	0	12420	555	41	75	5220	12420
229	1	2160	14400	556	27	88	7200	14400
230	3	5100	18900	557	64	91	11700	18900
231	1	8280	19620	560	11	5	12420	19620
232	1	0	9960	561	27	7	2760	9960
233	3	4860	16620	562	16	14	9420	16620
234	2	0	8400	565	58	29	1200	8400
235	1	16140	27360	567	13	9	20160	27360
236	1	14160	25800	568	26	72	18600	25800
237	3	0	7500	569	47	9	300	7500
238	4	0	13500	572	32	88	6300	13500
239	2	0	7320	576	39	91	120	7320
240	1	11580	25560	578	90	51	18360	25560
241	3	11880	25920	579	71	28	18720	25920
242	1	120	13380	582	76	11	6180	13380
243	3	2040	15420	583	9	41	8220	15420
244	2	16260	28500	586	21	36	21300	28500
245	1	9480	23820	588	21	50	16620	23820
246	1	0	8520	589	33	49	1320	8520
247	2	12540	25500	590	37	20	18300	25500
248	5	2640	13920	592	16	96	6720	13920
249	4	14940	27120	597	9	80	19920	27120
250	2	3480	17340	601	74	31	10140	17340
251	4	7560	19260	603	15	25	12060	19260
252	2	5280	18660	607	71	61	11460	18660
253	3	10800	22380	609	82	71	15180	22380
254	3	8220	22500	612	34	50	15300	22500
255	6	2400	14760	615	48	69	7560	14760
256	2	5280	18360	621	57	8	11160	18360
257	1	0	10380	623	50	60	3180	10380
258	5	14460	27660	624	17	66	20460	27660
259	1	0	10320	629	63	67	3120	10320
260	4	12000	23280	630	44	74	16080	23280
261	3	7500	20040	634	66	11	12840	20040
262	1	6840	19080	637	54	13	11880	19080
263	1	0	10200	638	71	41	3000	10200
264	3	0	10380	639	99	65	3180	10380
265	1	2280	13860	642	77	74	6660	13860
266	3	9960	22800	643	31	23	15600	22800
267	1	14040	26160	646	99	31	18960	26160
268	2	6360	17220	647	42	94	10020	17220
269	1	8400	19500	649	30	56	12300	19500
270	3	11220	24540	650	75	68	17340	24540
271	1	14220	27360	653	78	25	20160	27360
272	1	6900	19500	654	65	18	12300	19500
273	3	0	8820	655	48	5	1620	8820
274	1	0	7680	658	8	100	480	7680
275	5	900	13440	659	98	96	6240	13440
276	3	11520	25440	664	15	98	18240	25440
277	1	0	9480	667	60	2	2280	9480
278	1	14520	28680	668	55	19	21480	28680
279	3	2580	13440	669	25	57	6240	13440
280	2	2160	15720	672	35	60	8520	15720
281	1	0	7980	674	5	74	780	7980
282	2	0	12480	675	24	46	5280	12480
283	2	4080	16680	677	75	22	9480	16680
284	1	15720	28260	679	74	81	21060	28260
285	3	14400	25380	680	85	12	18180	25380
286	1	4620	18600	683	41	5	11400	18600
287	2	0	10200	684	62	86	3000	10200
288	3	3060	16740	686	55	80	9540	16740
289	1	6300	17160	689	92	4	9960	17160
290	4	5280	19380	690	51	27	12180	19380
291	8	0	9060	694	96	12	1860	9060
292	1	10260	23580	702	5	21	16380	23580
293	1	12840	23940	703	90	84	16740	23940
294	14	4200	17940	704	81	59	10740	17940
295	1	960	14100	718	51	34	6900	14100
296	1	0	8520	719	50	32	1320	8520
297	1	0	8220	720	64	84	1020	8220
298	1	3060	14040	721	66	89	6840	14040
299	4	0	8700	722	93	73	1500	8700
300	2	6600	18540	726	74	37	11340	18540
301	1	12480	26760	728	29	11	19560	26760
302	2	7080	19800	729	36	78	12600	19800
303	1	3420	15540	731	72	60	8340	15540
304	3	8220	21000	732	36	95	13800	21000
305	1	13440	26880	735	2	27	19680	26880
306	1	5220	17700	736	66	16	10500	17700
307	2	15480	28740	737	76	79	21540	28740
308	1	13440	27180	739	50	58	19980	27180
309	3	1260	14760	740	36	44	7560	14760
310	2	6660	19980	743	93	77	12780	19980
311	4	6480	17520	745	43	18	10320	17520
312	3	0	10380	749	33	36	3180	10380
313	1	10980	23940	752	21	36	16740	23940
314	6	6540	18900	753	82	97	11700	18900
315	3	2820	14700	759	44	34	7500	14700
316	6	10440	23340	762	9	79	16140	23340
317	1	0	8820	768	38	56	1620	8820
318	1	7140	20340	769	77	58	13140	20340
319	5	0	9840	770	23	28	2640	9840
320	1	4680	18060	775	80	70	10860	18060
321	1	0	9000	776	87	69	1800	9000
322	1	9360	22920	777	88	87	15720	22920
323	1	2880	17280	778	100	37	10080	17280
324	2	0	12480	779	53	28	5280	12480
325	1	0	12840	781	67	0	5640	12840
326	8	10680	21900	782	65	69	14700	21900
327	2	720	12540	790	35	31	5340	12540
328	1	5940	17700	792	41	27	10500	17700
329	7	4200	16860	793	28	93	9660	16860
330	1	15840	28320	800	16	69	21120	28320
331	1	15420	26400	801	60	37	19200	26400
332	3	9840	22200	802	16	26	15000	22200
333	1	11580	24120	805	75	77	16920	24120
334	1	5040	17280	806	98	69	10080	17280
335	2	1680	15840	807	69	55	8640	15840
336	1	4800	17580	809	26	11	10380	17580
337	5	3600	16980	810	47	56	9780	16980
338	3	0	11040	815	67	16	3840	11040
339	3	15120	28620	818	69	5	21420	28620
340	3	5220	17820	821	81	52	10620	17820
341	1	4440	15420	824	44	96	8220	15420
342	2	14580	25680	825	91	86	18480	25680
343	1	0	9480	827	1	75	2280	9480
344	1	4740	15540	828	96	65	8340	15540
345	1	1500	14880	829	32	42	7680	14880
346	4	8880	20160	830	25	55	12960	20160
347	1	2160	13320	834	13	89	6120	13320
348	4	8520	20700	835	94	2	13500	20700
349	2	0	9540	839	98	34	2340	9540
350	1	7380	19620	841	49	87	12420	19620
351	1	3060	16800	842	4	79	9600	16800
352	3	5820	17280	843	79	31	10080	17280
353	2	1200	13260	846	72	40	6060	13260
354	1	1320	12900	848	69	30	5700	12900
355	7	7920	19140	849	27	80	11940	19140
356	1	1020	14820	856	69	54	7620	14820
357	1	0	11520	857	17	4	4320	11520
358	3	7380	19080	858	77	31	11880	19080
359	3	14280	25680	861	57	28	18480	25680
360	1	13140	25260	864	84	15	18060	25260
361	2	0	12480	865	68	1	5280	12480
362	4	0	7920	867	83	60	720	7920
363	1	0	12840	871	16	76	5640	12840
364	1	0	10560	872	9	32	3360	10560
365	2	1620	15300	873	50	12	8100	15300
366	1	0	10560	875	95	41	3360	10560
367	3	14640	25560	876	64	19	18360	25560
368	2	11580	22920	879	10	45	15720	22920
369	3	4560	15420	881	45	4	8220	15420
370	2	3540	15660	884	74	8	8460	15660
371	1	0	8400	886	57	39	1200	8400
372	4	7800	19680	887	14	64	12480	19680
373	1	7500	20040	891	27	25	12840	20040
374	3	1440	12240	892	47	60	5040	12240
375	1	0	10260	895	59	48	3060	10260
376	3	12780	25440	896	59	41	18240	25440
377	1	1740	13020	899	64	15	5820	13020
378	2	0	10740	900	79	40	3540	10740
379	1	11160	24540	902	22	63	17340	24540
380	3	3840	16680	903	94	47	9480	16680
381	3	14340	25320	906	70	27	18120	25320
382	7	10860	25140	909	16	16	17940	25140
383	1	1020	12420	916	26	72	5220	12420
384	10	0	8040	917	53	69	840	8040
385	3	13920	25440	927	36	55	18240	25440
386	7	0	8220	930	81	86	1020	8220
387	2	10800	23640	937	83	33	16440	23640
388	1	8580	19440	939	82	11	12240	19440
389	5	0	7800	940	8	87	600	7800
390	1	6900	17700	945	38	84	10500	17700
391	2	9720	21060	946	4	71	13860	21060
392	6	13020	27240	948	39	13	20040	27240
393	2	0	8280	954	35	57	1080	8280
394	4	12060	25260	956	19	6	18060	25260
395	1	0	9420	960	26	92	2220	9420
396	4	180	11040	961	46	79	3840	11040
397	4	8160	21240	965	85	20	14040	21240
398	1	14940	27600	969	9	47	20400	27600
399	1	0	11640	970	5	12	4440	11640
400	3	13860	27360	971	10	26	20160	27360
401	2	0	8040	974	9	32	840	8040
402	2	6900	18240	976	2	49	11040	18240
403	1	9540	21420	978	68	96	14220	21420
404	1	6660	18420	979	3	31	11220	18420
405	1	14220	26940	980	80	49	19740	26940
406	8	5100	19140	981	5	63	11940	19140
407	3	12840	26640	989	27	10	19440	26640
408	2	4560	18300	992	9	3	11100	18300
409	2	10140	21000	994	91	30	13800	21000
410	1	2760	14160	996	21	21	6960	14160
411	4	1740	14160	997	63	84	6960	14160
412	1	5640	18300	1001	29	64	11100	18300
413	4	1200	13800	1002	13	64	6600	13800
414	3	0	11940	1006	86	23	4740	11940
415	2	4080	17280	1009	61	91	10080	17280
416	2	15720	28080	1011	49	38	20880	28080
417	2	12360	25140	1013	16	1	17940	25140
418	3	9780	22920	1015	64	39	15720	22920
419	2	14760	26640	1018	18	36	19440	26640
420	1	14220	25560	1020	73	59	18360	25560
421	3	10740	24060	1021	59	94	16860	24060
422	2	10680	22980	1024	17	15	15780	22980
423	2	0	10500	1026	8	56	3300	10500
424	2	2340	16080	1028	18	87	8880	16080
425	4	0	12300	1030	30	62	5100	12300
426	4	12360	24300	1034	24	1	17100	24300
427	1	0	9000	1038	7	38	1800	9000
428	1	0	11400	1039	70	40	4200	11400
429	2	0	11040	1040	62	58	3840	11040
430	5	11100	24780	1042	74	86	17580	24780
431	7	15360	28740	1047	90	41	21540	28740
432	1	9960	22020	1054	1	33	14820	22020
433	3	2160	15780	1055	2	54	8580	15780
434	2	720	12180	1058	14	47	4980	12180
435	2	10920	23940	1060	80	41	16740	23940
436	1	2100	13200	1062	53	37	6000	13200
437	2	0	9060	1063	47	36	1860	9060
438	6	13080	26100	1065	60	7	18900	26100
439	2	1920	13680	1071	64	80	6480	13680
440	2	11760	25440	1073	82	44	18240	25440
441	4	14520	26220	1075	40	11	19020	26220
442	4	6780	20940	1079	78	17	13740	20940
443	2	6060	19500	1083	76	30	12300	19500
444	2	9840	21360	1085	65	49	14160	21360
445	2	12120	24240	1087	31	28	17040	24240
446	2	14460	27540	1089	17	33	20340	27540
447	9	1380	15300	1091	32	70	8100	15300
448	2	12360	25020	1100	66	41	17820	25020
449	7	1020	14160	1102	100	14	6960	14160
450	1	8940	20040	1109	8	20	12840	20040
451	3	0	9720	1110	38	78	2520	9720
452	4	1860	15300	1113	71	7	8100	15300
453	1	12060	25680	1117	39	17	18480	25680
454	2	0	9480	1118	35	63	2280	9480
455	1	1920	13080	1120	55	30	5880	13080
456	1	14040	25380	1121	82	55	18180	25380
457	3	7200	20100	1122	1	63	12900	20100
458	5	0	10260	1125	52	91	3060	10260
459	1	240	12660	1130	25	16	5460	12660
460	2	11100	24240	1131	73	37	17040	24240
461	1	4560	18660	1133	11	30	11460	18660
462	3	15000	26880	1134	72	10	19680	26880
463	2	0	10680	1137	65	66	3480	10680
464	1	8220	20340	1139	6	95	13140	20340
465	1	660	14220	1140	36	31	7020	14220
466	2	1620	13380	1141	24	57	6180	13380
467	3	7500	20820	1143	21	90	13620	20820
468	2	6480	18360	1146	19	18	11160	18360
469	2	8760	21780	1148	20	5	14580	21780
470	1	5760	17880	1150	59	57	10680	17880
471	1	1980	13560	1151	79	31	6360	13560
472	2	0	11760	1152	65	5	4560	11760
473	1	14700	28500	1154	84	32	21300	28500
474	1	0	7740	1155	27	99	540	7740
475	6	0	7980	1156	51	28	780	7980
476	1	13020	26400	1162	20	51	19200	26400
477	1	10140	23700	1163	82	48	16500	23700
478	2	2760	14280	1164	16	21	7080	14280
479	3	6840	17820	1166	10	93	10620	17820
480	3	15240	26460	1169	52	32	19260	26460
481	3	0	8880	1172	25	82	1680	8880
482	1	0	7740	1175	52	12	540	7740
483	1	13140	24900	1176	95	100	17700	24900
484	4	2400	13440	1177	56	17	6240	13440
485	4	6420	18960	1181	67	99	11760	18960
486	2	0	7500	1185	64	17	300	7500
487	1	15300	26400	1187	79	89	19200	26400
488	7	4200	16500	1188	42	83	9300	16500
489	1	0	12480	1195	50	61	5280	12480
490	1	8940	22800	1196	3	70	15600	22800
491	1	5700	18600	1197	94	79	11400	18600
492	5	5760	19800	1198	96	43	12600	19800
493	1	2220	15120	1203	15	93	7920	15120
494	1	12180	24660	1204	37	20	17460	24660
495	3	9720	21720	1205	27	95	14520	21720
496	1	7740	18900	1208	99	91	11700	18900
497	1	4560	18420	1209	74	74	11220	18420
498	6	7320	20400	1210	99	88	13200	20400
499	1	4320	16320	1216	69	7	9120	16320
500	4	11100	23700	1217	6	59	16500	23700
501	1	0	10380	1221	45	24	3180	10380
502	8	7500	21720	1222	97	25	14520	21720
503	1	11640	24660	1230	33	84	17460	24660
504	2	7440	20160	1231	92	78	12960	20160
505	1	6540	17340	1233	50	19	10140	17340
506	7	8220	22020	1234	93	86	14820	22020
507	3	14100	25380	1241	31	57	18180	25380
508	2	540	12240	1244	60	67	5040	12240
509	1	840	12060	1246	72	6	4860	12060
510	1	0	11280	1247	42	15	4080	11280
511	1	14940	27360	1248	18	93	20160	27360
512	1	4980	16200	1249	7	16	9000	16200
513	1	6420	18600	1250	80	41	11400	18600
514	5	9000	22980	1251	85	46	15780	22980
515	1	0	10140	1256	93	91	2940	10140
516	1	0	11340	1257	58	99	4140	11340
517	3	6180	17100	1258	13	34	9900	17100
518	2	10560	23520	1261	22	16	16320	23520
519	2	10500	23580	1263	64	79	16380	23580
520	1	4560	17280	1265	59	87	10080	17280
521	3	2280	15480	1266	27	4	8280	15480
522	1	12660	23700	1269	29	82	16500	23700
523	4	0	9420	1270	82	29	2220	9420
524	1	4080	18000	1274	34	81	10800	18000
525	11	2580	15480	1275	5	53	8280	15480
526	1	0	9840	1286	51	66	2640	9840
527	4	2700	15420	1287	24	87	8220	15420
528	5	3600	16080	1291	3	51	8880	16080
529	1	0	12240	1296	29	46	5040	12240
530	2	14760	26700	1297	50	97	19500	26700
531	1	12240	24060	1299	54	8	16860	24060
532	1	0	12300	1300	68	96	5100	12300
533	1	0	11280	1301	16	11	4080	11280
534	1	0	9360	1302	19	76	2160	9360
535	5	9540	23580	1303	34	11	16380	23580
536	1	1620	15300	1308	51	5	8100	15300
537	2	3180	14700	1309	12	44	7500	14700
538	3	0	11400	1311	55	48	4200	11400
539	1	0	8040	1314	6	42	840	8040
540	1	6660	20640	1315	5	45	13440	20640
541	1	9240	20940	1316	57	31	13740	20940
542	1	6180	18960	1317	2	89	11760	18960
543	3	7440	21600	1318	28	54	14400	21600
544	1	6240	19860	1321	79	46	12660	19860
545	1	0	7740	1322	1	79	540	7740
546	1	10560	21540	1323	47	6	14340	21540
547	3	14280	27000	1324	84	92	19800	27000
548	5	360	12960	1327	57	12	5760	12960
549	4	12720	26400	1332	94	65	19200	26400
550	3	5460	18300	1336	81	47	11100	18300
551	4	13620	26880	1339	46	96	19680	26880
552	1	13140	25320	1343	44	34	18120	25320
553	2	12960	27000	1344	31	93	19800	27000
554	1	8640	21180	1346	33	24	13980	21180
555	5	11160	23640	1347	3	20	16440	23640
556	1	8760	23100	1352	27	24	15900	23100
557	2	5940	17700	1353	62	64	10500	17700
558	1	9060	22680	1355	48	51	15480	22680
559	1	12600	26880	1356	52	51	19680	26880
560	1	7500	21780	1357	93	53	14580	21780
561	1	5640	18300	1358	64	59	11100	18300
562	1	0	10440	1359	43	92	3240	10440
563	2	6840	18180	1360	53	57	10980	18180
564	5	6900	19140	1362	11	13	11940	19140
565	2	1860	13260	1367	76	35	6060	13260
566	1	1020	12360	1369	20	23	5160	12360
567	2	5340	16800	1370	43	31	9600	16800
568	3	13680	25320	1372	78	77	18120	25320
569	1	15120	27960	1375	96	34	20760	27960
570	8	16500	27720	1376	39	5	20520	27720
571	2	6960	20400	1384	15	63	13200	20400
572	3	13320	25380	1386	20	83	18180	25380
573	1	600	12720	1389	44	5	5520	12720
574	5	2940	14700	1390	56	71	7500	14700
575	2	11760	23700	1395	61	11	16500	23700
576	4	3900	17760	1397	67	28	10560	17760
577	1	14100	26640	1401	77	32	19440	26640
578	2	780	14280	1402	25	24	7080	14280
579	1	10500	24720	1404	73	93	17520	24720
580	3	10620	23520	1405	83	68	16320	23520
581	7	13320	26340	1408	80	85	19140	26340
582	1	5640	18780	1415	62	50	11580	18780
583	8	12000	24780	1416	9	88	17580	24780
584	2	10500	21720	1424	58	41	14520	21720
585	3	16920	28080	1426	13	77	20880	28080
586	6	0	8460	1429	66	38	1260	8460
587	1	6360	18540	1435	24	53	11340	18540
588	4	14400	27240	1436	68	94	20040	27240
589	1	720	13620	1440	18	33	6420	13620
590	2	0	7800	1441	10	23	600	7800
591	1	0	10080	1443	59	46	2880	10080
592	1	8340	21060	1444	91	27	13860	21060
593	2	10740	21900	1445	90	73	14700	21900
594	3	12420	25320	1447	93	28	18120	25320
595	8	0	8580	1450	95	69	1380	8580
596	3	16500	28380	1458	90	47	21180	28380
597	3	13320	27420	1461	18	12	20220	27420
